<?xml version="1.0" encoding="utf-8"?>
<COLLADA xmlns="http://www.collada.org/2005/11/COLLADASchema" version="1.4.1">
  <asset>
    <contributor>
      <author>MattO</author>
      <authoring_tool>OpenCOLLADA for 3ds Max;  Version: 1.3.0;  Revision: 839M;  Platform: x64;  Configuration: Release_Max2012</authoring_tool>
      <source_data>file:///C:/Dropbox/Prj/GGStout/Ender_SourceArt/Soldier_TP_Ender_Animation_Master.max</source_data>
    </contributor>
    <created>2011-10-10T11:02:55</created>
    <modified>2011-10-10T11:02:55</modified>
    <unit name="meter" meter="1"/>
    <up_axis>Z_UP</up_axis>
  </asset>
  <library_effects>
    <effect id="ShapeBounds">
      <profile_COMMON>
        <technique sid="common">
          <blinn>
            <emission>
              <color>0 0 0 1</color>
            </emission>
            <ambient>
              <color>0.1647059 1 0 1</color>
            </ambient>
            <diffuse>
              <color>0.1647059 1 0 1</color>
            </diffuse>
            <specular>
              <color>0.9 0.9 0.9 1</color>
            </specular>
            <shininess>
              <float>10</float>
            </shininess>
            <reflective>
              <color>0 0 0 1</color>
            </reflective>
            <transparent opaque="A_ONE">
              <color>1 1 1 1</color>
            </transparent>
            <transparency>
              <float>1</float>
            </transparency>
          </blinn>
        </technique>
      </profile_COMMON>
      <extra>
        <technique profile="OpenCOLLADA3dsMax">
          <extended_shader>
            <apply_reflection_dimming>0</apply_reflection_dimming>
            <dim_level>0</dim_level>
            <falloff_type>0</falloff_type>
            <index_of_refraction>1.5</index_of_refraction>
            <opacity_type>0</opacity_type>
            <reflection_level>3</reflection_level>
            <wire_size>1</wire_size>
            <wire_units>0</wire_units>
          </extended_shader>
          <shader>
            <ambient_diffuse_lock>1</ambient_diffuse_lock>
            <ambient_diffuse_texture_lock>1</ambient_diffuse_texture_lock>
            <diffuse_specular_lock>0</diffuse_specular_lock>
            <soften>0.1</soften>
            <use_self_illum_color>0</use_self_illum_color>
          </shader>
        </technique>
      </extra>
    </effect>
  </library_effects>
  <library_materials>
    <material id="ShapeBounds-material" name="ShapeBounds">
      <instance_effect url="#ShapeBounds"/>
    </material>
  </library_materials>
  <library_geometries>
    <geometry id="geom-Bounds" name="Bounds">
      <mesh>
        <source id="geom-Bounds-positions">
          <float_array id="geom-Bounds-positions-array" count="24">-0.425 -0.425 0 0.425 -0.425 0 -0.425 0.425 0 0.425 0.425 0 -0.425 -0.425 1.84 0.425 -0.425 1.84 -0.425 0.425 1.84 0.425 0.425 1.84</float_array>
          <technique_common>
            <accessor source="#geom-Bounds-positions-array" count="8" stride="3">
              <param name="X" type="float"/>
              <param name="Y" type="float"/>
              <param name="Z" type="float"/>
            </accessor>
          </technique_common>
        </source>
        <source id="geom-Bounds-normals">
          <float_array id="geom-Bounds-normals-array" count="72">0 0 -1 0 0 -1 0 0 -1 0 0 -1 0 0 1 0 0 1 0 0 1 0 0 1 0 -1 0 0 -1 0 0 -1 0 0 -1 0 1 0 0 1 0 0 1 0 0 1 0 0 0 1 0 0 1 0 0 1 0 0 1 0 -1 0 0 -1 0 0 -1 0 0 -1 0 0</float_array>
          <technique_common>
            <accessor source="#geom-Bounds-normals-array" count="24" stride="3">
              <param name="X" type="float"/>
              <param name="Y" type="float"/>
              <param name="Z" type="float"/>
            </accessor>
          </technique_common>
        </source>
        <source id="geom-Bounds-map1">
          <float_array id="geom-Bounds-map1-array" count="36">0 0 0 1 0 0 0 1 0 1 1 0 0 0 0 1 0 0 0 1 0 1 1 0 0 0 0 1 0 0 0 1 0 1 1 0</float_array>
          <technique_common>
            <accessor source="#geom-Bounds-map1-array" count="12" stride="3">
              <param name="S" type="float"/>
              <param name="T" type="float"/>
              <param name="P" type="float"/>
            </accessor>
          </technique_common>
        </source>
        <vertices id="geom-Bounds-vertices">
          <input semantic="POSITION" source="#geom-Bounds-positions"/>
        </vertices>
        <triangles material="ShapeBounds" count="12">
          <input semantic="VERTEX" source="#geom-Bounds-vertices" offset="0"/>
          <input semantic="NORMAL" source="#geom-Bounds-normals" offset="1"/>
          <input semantic="TEXCOORD" source="#geom-Bounds-map1" offset="2" set="0"/>
          <p>0 0 9 2 1 11 3 2 10 3 2 10 1 3 8 0 0 9 4 4 8 5 5 9 7 6 11 7 6 11 6 7 10 4 4 8 0 8 4 1 9 5 5 10 7 5 10 7 4 11 6 0 8 4 1 12 0 3 13 1 7 14 3 7 14 3 5 15 2 1 12 0 3 16 4 2 17 5 6 18 7 6 18 7 7 19 6 3 16 4 2 20 0 0 21 1 4 22 3 4 22 3 6 23 2 2 20 0</p>
        </triangles>
      </mesh>
      <extra>
        <technique profile="OpenCOLLADA3dsMax">
          <max_box>
            <generateuvs>1</generateuvs>
            <height>1.84</height>
            <heightsegments>1</heightsegments>
            <length>0.85</length>
            <lengthsegments>1</lengthsegments>
            <width>0.85</width>
            <widthsegments>1</widthsegments>
          </max_box>
        </technique>
      </extra>
    </geometry>
  </library_geometries>
  <library_lights>
    <light id="EnvironmentAmbientLight" name="EnvironmentAmbientLight">
      <technique_common>
        <ambient>
          <color>0 0 0</color>
        </ambient>
      </technique_common>
    </light>
  </library_lights>
  <library_visual_scenes>
    <visual_scene id="MaxScene">
      <node name="EnvironmentAmbientLight">
        <instance_light url="#EnvironmentAmbientLight"/>
      </node>
      <node id="node-Bip01" name="Bip01">
        <matrix sid="matrix">0.7792375 -0.6267175 0.003750266 -0.001545116 0.626718 0.7792453 0.001183461 0.0109278 -0.003664073 0.001428162 0.9999923 0.8026526 0 0 0 1</matrix>
        <node id="node-Bip01_Pelvis" name="Bip01_Pelvis">
          <matrix>-0.009626743 0.991236 0.1317526 0 -0.1217414 -0.1319404 0.9837534 0 0.9925151 -0.0065694 0.1219446 0 0 0 0 1</matrix>
          <node id="node-Bip01_Spine" name="Bip01_Spine">
            <matrix sid="matrix">0.9543822 -0.2849872 -0.0890903 0.1975225 0.2101389 0.8530463 -0.4776546 0.02500414 0.2121235 0.4371437 0.874019 0.02776816 0 0 0 1</matrix>
            <node id="node-Bip01_Spine1" name="Bip01_Spine1">
              <matrix sid="matrix">0.9965124 0.05406573 -0.0635605 0.1022243 -0.05553558 0.9982233 -0.02158951 -1.00836e-4 0.06228033 0.02504404 0.9977446 -2.52575e-6 0 0 0 1</matrix>
              <node id="node-Bip01_Spine2" name="Bip01_Spine2">
                <matrix sid="matrix">0.9777664 -0.171188 0.1211107 0.1268954 0.1757437 0.9840403 -0.02791214 -1.68547e-4 -0.1143996 0.04857603 0.9922466 -8.31112e-6 0 0 0 1</matrix>
                <node id="node-Bip01_Neck" name="Bip01_Neck">
                  <matrix sid="matrix">0.8154699 -0.4308034 -0.3865455 0.2151072 0.3746281 0.9019333 -0.2148724 -4.97401e-5 0.441206 0.03041113 0.8968905 -1.66893e-6 0 0 0 1</matrix>
                  <node id="node-Bip01_Head" name="Bip01_Head">
                    <matrix sid="matrix">0.9070899 0.4132928 0.07985426 0.07051826 -0.3881004 0.8945988 -0.2215192 -0.01395917 -0.16299 0.1699463 0.971881 0 0 0 0 1</matrix>
                    <node id="node-AltEye" name="AltEye">
                      <matrix sid="matrix">0.0304862 0.3971821 0.917234 0.06454682 0.03236801 0.9167867 -0.3980643 0.2214611 -0.9990112 0.04182416 0.01509321 0.04716257 0 0 0 1</matrix>
                    </node>
                  </node>
                  <node id="node-Bip01_L_Clavicle" name="Bip01_L_Clavicle">
                    <matrix sid="matrix">0.2187271 -0.1937395 0.9563594 0.00844872 0.4802902 -0.8317719 -0.2783466 -0.01209164 0.8493998 0.5202119 -0.08887985 0.07246038 0 0 0 1</matrix>
                    <node id="node-Bip01_L_UpperArm" name="Bip01_L_UpperArm">
                      <matrix sid="matrix">0.4866942 0.5539694 0.6754603 0.1824007 -0.8575155 0.1553912 0.4904296 0 0.1667223 -0.8179069 0.5506653 1.19209e-7 0 0 0 1</matrix>
                      <node id="node-Bip01_L_Forearm" name="Bip01_L_Forearm">
                        <matrix sid="matrix">0.8201941 0.5720855 -1.49012e-8 0.2843689 -0.5720856 0.8201941 0 0 7.45058e-8 0 1 0 0 0 0 1</matrix>
                        <node id="node-Bip01_L_Hand" name="Bip01_L_Hand">
                          <matrix sid="matrix">0.8481608 0.3730117 -0.3761456 0.2810681 -0.03463894 0.7475908 0.6632557 -5.96046e-8 0.5286051 -0.5495181 0.646998 -5.96046e-8 0 0 0 1</matrix>
                          <node id="node-Bip01_L_Finger0" name="Bip01_L_Finger0">
                            <matrix sid="matrix">0.6591593 0.3903028 0.642785 0.0211966 0.6535139 0.1255929 -0.746422 -0.004734218 -0.37206 0.9120799 -0.1722827 -0.02572191 0 0 0 1</matrix>
                            <node id="node-Bip01_L_Finger01" name="Bip01_L_Finger01">
                              <matrix sid="matrix">0.8583043 -0.5131411 7.45058e-9 0.04982853 0.5131412 0.8583043 2.98023e-8 0 -2.98023e-8 -1.49012e-8 1 1.19209e-7 0 0 0 1</matrix>
                              <node id="node-Bip01_L_Finger02" name="Bip01_L_Finger02">
                                <matrix sid="matrix">0.6525693 -0.7577289 -2.98023e-8 0.0520224 0.7577291 0.6525693 1.49012e-8 -2.98023e-8 0 7.45058e-9 0.9999999 0 0 0 0 1</matrix>
                              </node>
                            </node>
                          </node>
                          <node id="node-Bip01_L_Finger1" name="Bip01_L_Finger1">
                            <matrix sid="matrix">0.8743499 -0.4850003 -0.01693495 0.1199945 0.4823663 0.8723709 -0.07931918 -0.008367658 0.05324339 0.06118381 0.9967054 -0.0410139 0 0 0 1</matrix>
                            <node id="node-Bip01_L_Finger11" name="Bip01_L_Finger11">
                              <matrix sid="matrix">0.2787537 -0.9603626 9.31323e-9 0.0364418 0.9603626 0.2787537 2.98023e-8 1.19209e-7 -2.98023e-8 -1.49012e-8 1 5.96046e-8 0 0 0 1</matrix>
                              <node id="node-Bip01_L_Finger12" name="Bip01_L_Finger12">
                                <matrix sid="matrix">0.8119805 -0.583685 0 0.03117549 0.583685 0.8119804 -7.45058e-9 -1.19209e-7 0 1.49012e-8 1 0 0 0 0 1</matrix>
                              </node>
                            </node>
                          </node>
                          <node id="node-Bip01_L_Finger2" name="Bip01_L_Finger2">
                            <matrix sid="matrix">0.6472729 -0.735232 -0.2011753 0.1229537 0.7556679 0.6535554 0.04279056 -0.008802056 0.1000182 -0.1797189 0.9786201 -0.01328248 0 0 0 1</matrix>
                            <node id="node-Bip01_L_Finger21" name="Bip01_L_Finger21">
                              <matrix sid="matrix">0.6013957 -0.7989514 0 0.03895521 0.7989514 0.6013957 -2.98023e-8 0 5.96046e-8 3.72529e-8 0.9999999 0 0 0 0 1</matrix>
                              <node id="node-Bip01_L_Finger22" name="Bip01_L_Finger22">
                                <matrix sid="matrix">0.8644754 -0.5026752 2.98023e-8 0.03800541 0.5026752 0.8644754 -7.45058e-9 0 0 -1.49012e-8 1 0 0 0 0 1</matrix>
                              </node>
                            </node>
                          </node>
                          <node id="node-Bip01_L_Finger3" name="Bip01_L_Finger3">
                            <matrix sid="matrix">0.3854292 -0.8817466 -0.2719689 0.1211882 0.9217518 0.3815321 0.06932956 -0.001191199 0.04263371 -0.2774096 0.9598053 0.01196864 0 0 0 1</matrix>
                            <node id="node-Bip01_L_Finger31" name="Bip01_L_Finger31">
                              <matrix>0.9381478 -0.3462352 2.98023e-8 0.03155851 0.346235 0.9381478 -2.98023e-8 0 0 -2.98023e-8 1 5.96046e-8 0 0 0 1</matrix>
                              <node id="node-Bip01_L_Finger32" name="Bip01_L_Finger32">
                                <matrix sid="matrix">0.6529357 -0.7574133 -2.98023e-8 0.0336659 0.7574133 0.6529359 0 0 0 0 1 0 0 0 0 1</matrix>
                              </node>
                            </node>
                          </node>
                          <node id="node-Bip01_L_Finger4" name="Bip01_L_Finger4">
                            <matrix sid="matrix">0.7005675 -0.7005579 -0.1357336 0.1136796 0.7135146 0.6850147 0.1471444 0.005147398 -0.01010364 -0.1999326 0.9797575 0.03886572 0 0 0 1</matrix>
                            <node id="node-Bip01_L_Finger41" name="Bip01_L_Finger41">
                              <matrix sid="matrix">0.7966626 -0.6044242 -2.98023e-8 0.03661618 0.6044243 0.7966627 -2.98023e-8 0 2.98023e-8 5.96046e-8 1 -5.96046e-8 0 0 0 1</matrix>
                              <node id="node-Bip01_L_Finger42" name="Bip01_L_Finger42">
                                <matrix sid="matrix">0.8880923 -0.4596653 -2.98023e-8 0.01772627 0.4596653 0.8880922 -2.98023e-8 1.19209e-7 2.98023e-8 -1.49012e-8 1 0 0 0 0 1</matrix>
                              </node>
                            </node>
                          </node>
                        </node>
                      </node>
                    </node>
                  </node>
                  <node id="node-Bip01_R_Clavicle" name="Bip01_R_Clavicle">
                    <matrix sid="matrix">-0.4367577 -0.5517114 -0.710533 -0.0518617 0.5680685 -0.7815933 0.2577017 -0.0162484 -0.6975248 -0.2910783 0.6547769 -0.05013978 0 0 0 1</matrix>
                    <node id="node-Bip01_R_UpperArm" name="Bip01_R_UpperArm">
                      <matrix sid="matrix">0.6536192 0.579465 -0.4868287 0.1824006 -0.7208139 0.6726913 -0.1670742 2.98023e-8 0.2306718 0.4601158 0.8573704 0 0 0 0 1</matrix>
                      <node id="node-Bip01_R_Forearm" name="Bip01_R_Forearm">
                        <matrix sid="matrix">-0.2263136 0.9740545 -2.98023e-8 0.284369 -0.9740546 -0.2263136 -2.98023e-8 5.96046e-8 5.96046e-8 -2.98023e-8 1 5.96046e-8 0 0 0 1</matrix>
                        <node id="node-Bip01_R_Hand" name="Bip01_R_Hand">
                          <matrix sid="matrix">0.651283 0.3417339 0.6775312 0.2810682 0.7584223 -0.2636938 -0.5960381 -2.98023e-8 -0.02502573 0.9020442 -0.4309179 0 0 0 0 1</matrix>
                          <node id="node-Bip01_R_Finger0" name="Bip01_R_Finger0">
                            <matrix sid="matrix">0.5215105 0.2690131 -0.8097275 0.02119681 0.7250716 0.3605265 0.586764 -0.004734218 0.4497754 -0.8931139 -0.007035539 0.02572203 0 0 0 1</matrix>
                            <node id="node-Bip01_R_Finger01" name="Bip01_R_Finger01">
                              <matrix sid="matrix">0.6055625 -0.7636236 0.2239934 0.04982859 0.719188 0.6456372 0.2567511 -1.19209e-7 -0.3406797 0.005614493 0.9401626 5.96046e-8 0 0 0 1</matrix>
                              <node id="node-Bip01_R_Finger02" name="Bip01_R_Finger02">
                                <matrix>0.9505156 -0.3106764 -1.11759e-8 0.05202243 0.3106764 0.9505158 -2.98023e-8 1.19209e-7 1.49012e-8 0 1 0 0 0 0 1</matrix>
                              </node>
                            </node>
                          </node>
                          <node id="node-Bip01_R_Finger1" name="Bip01_R_Finger1">
                            <matrix>0.9820225 -0.1733428 -0.07472671 0.1199948 0.1795577 0.9799358 0.08651493 -0.008367509 0.05823065 -0.09837733 0.993444 0.04101419 0 0 0 1</matrix>
                            <node id="node-Bip01_R_Finger11" name="Bip01_R_Finger11">
                              <matrix>0.8240548 -0.5665104 1.49012e-8 0.03644174 0.5665103 0.8240548 0 0 -1.86265e-9 1.49012e-8 1 0 0 0 0 1</matrix>
                              <node id="node-Bip01_R_Finger12" name="Bip01_R_Finger12">
                                <matrix>0.8146397 -0.5796779 0.01831833 0.03117542 0.5799672 0.8142334 -0.02573049 1.19209e-7 7.45058e-9 0.03158512 0.999501 -1.19209e-7 0 0 0 1</matrix>
                              </node>
                            </node>
                          </node>
                          <node id="node-Bip01_R_Finger2" name="Bip01_R_Finger2">
                            <matrix>0.6754013 -0.7374504 -1.52119e-4 0.1229538 0.7368313 0.6748428 -0.04082684 -0.008802056 0.03021043 0.02746242 0.9991663 0.01328254 0 0 0 1</matrix>
                            <node id="node-Bip01_R_Finger21" name="Bip01_R_Finger21">
                              <matrix>0.5508358 -0.8338858 -0.03484872 0.03895515 0.832222 0.551937 -0.05265063 5.96046e-8 0.06313889 -7.45058e-9 0.9980047 0 0 0 0 1</matrix>
                              <node id="node-Bip01_R_Finger22" name="Bip01_R_Finger22">
                                <matrix>0.1984735 -0.9799246 0.01886612 0.03800544 0.9755272 0.199368 0.09272984 0 -0.09462959 -1.49012e-8 0.9955124 0 0 0 0 1</matrix>
                              </node>
                            </node>
                          </node>
                          <node id="node-Bip01_R_Finger3" name="Bip01_R_Finger3">
                            <matrix>0.7159052 -0.6949217 0.06755453 0.1211882 0.6883788 0.6863562 -0.234627 -0.001191169 0.1166809 0.2144738 0.9697353 -0.01196849 0 0 0 1</matrix>
                            <node id="node-Bip01_R_Finger31" name="Bip01_R_Finger31">
                              <matrix>0.4441953 -0.8949344 0.04222352 0.03155839 0.8909184 0.4461976 0.08468727 2.98023e-8 -0.09462957 2.02563e-8 0.9955125 1.19209e-7 0 0 0 1</matrix>
                              <node id="node-Bip01_R_Finger32" name="Bip01_R_Finger32">
                                <matrix>0.1993682 -0.9794359 -0.03095104 0.03366597 0.9799247 0.1992687 0.006297085 0 -7.45058e-9 -0.03158514 0.9995012 -1.19209e-7 0 0 0 1</matrix>
                              </node>
                            </node>
                          </node>
                          <node id="node-Bip01_R_Finger4" name="Bip01_R_Finger4">
                            <matrix>0.5925791 -0.7897949 -0.1583476 0.1136797 0.7783522 0.6120424 -0.1399001 0.005147398 0.2074078 -0.04034829 0.9774221 -0.03886569 0 0 0 1</matrix>
                            <node id="node-Bip01_R_Finger41" name="Bip01_R_Finger41">
                              <matrix>0.4202555 -0.9064696 0.04120627 0.03661621 0.9068531 0.4211509 0.0157878 1.19209e-7 -0.03166523 0.03073305 0.9990259 -1.19209e-7 0 0 0 1</matrix>
                              <node id="node-Bip01_R_Finger42" name="Bip01_R_Finger42">
                                <matrix>0.4024469 -0.9138245 -0.05441486 0.0177263 0.915423 0.4021217 0.01728319 -5.96046e-8 0.006087646 -0.05676816 0.9983687 1.19209e-7 0 0 0 1</matrix>
                              </node>
                            </node>
                          </node>
                          <node id="node-mount0" name="mount0">
                            <matrix>-6.23525e-7 0.9999999 5.23869e-9 0.109539 -0.9999999 -6.52266e-7 4.76837e-7 0.02518263 4.76837e-7 2.32831e-9 1 0.01321685 0 0 0 1</matrix>
                          </node>
                        </node>
                      </node>
                    </node>
                  </node>
                </node>
                <node id="node-Bip01_L_Pauldron_Upper" name="Bip01_L_Pauldron_Upper">
                  <matrix sid="matrix">0.9726582 0.1183441 0.199827 0.1769029 0.1843816 -0.9166574 -0.3546033 -0.03908366 0.1412075 0.3817521 -0.9134147 0.2290199 0 0 0 1</matrix>
                </node>
                <node id="node-Bip01_R_Pauldron_Lower" name="Bip01_R_Pauldron_Lower">
                  <matrix sid="matrix">-0.1156725 -0.9403759 -0.3198655 0.1729059 0.9097751 -0.2295503 0.3458564 -0.1133294 -0.3986598 -0.2509995 0.8820828 -0.2351094 0 0 0 1</matrix>
                </node>
                <node id="node-Bip01_L_Pauldron_Lower" name="Bip01_L_Pauldron_Lower">
                  <matrix sid="matrix">-0.209997 -0.7687201 0.6041285 0.1529202 0.4002343 -0.6313508 -0.6642358 -0.1054225 0.8920281 0.1023053 0.4402497 0.2344801 0 0 0 1</matrix>
                </node>
              </node>
            </node>
            <node id="node-Bip01_L_Thigh" name="Bip01_L_Thigh">
              <matrix sid="matrix">-0.5346454 0.8415883 0.07670671 -0.1726139 0.8008134 0.4755594 0.3640622 0.07855307 0.2699118 0.256072 -0.9282106 0.1166963 0 0 0 1</matrix>
              <node id="node-Bip01_L_Calf" name="Bip01_L_Calf">
                <matrix sid="matrix">0.3957123 0.9183744 -7.45058e-9 0.4629986 -0.9183743 0.3957123 1.11759e-8 5.96046e-8 -8.9407e-8 -8.84756e-8 1 -1.49012e-8 0 0 0 1</matrix>
                <node id="node-Bip01_L_Foot" name="Bip01_L_Foot">
                  <matrix sid="matrix">0.929751 -0.3595713 -0.0791956 0.3610502 0.3673062 0.9206999 0.1319022 4.47035e-8 0.02548709 -0.1517251 0.9880943 0 0 0 0 1</matrix>
                  <node id="node-Bip01_L_Toe0" name="Bip01_L_Toe0">
                    <matrix sid="matrix">7.13626e-7 -1 1.74996e-6 0.1486307 1 7.13859e-7 -1.00208e-7 0.1543275 1.00517e-7 1.74902e-6 1 -7.45058e-9 0 0 0 1</matrix>
                  </node>
                </node>
              </node>
            </node>
            <node id="node-Bip01_R_Thigh" name="Bip01_R_Thigh">
              <matrix sid="matrix">-0.8818419 0.3265572 0.34017 -0.2266994 0.282881 0.9435267 -0.1724406 -0.0329071 -0.3772713 -0.05583778 -0.924418 -0.1061547 0 0 0 1</matrix>
              <node id="node-Bip01_R_Calf" name="Bip01_R_Calf">
                <matrix sid="matrix">0.4420462 0.8969923 0 0.4629987 -0.8969923 0.4420462 -3.35276e-8 -3.72529e-9 7.45058e-8 -2.98023e-8 1 -2.98023e-8 0 0 0 1</matrix>
                <node id="node-Bip01_R_Foot" name="Bip01_R_Foot">
                  <matrix sid="matrix">0.644715 -0.7377993 0.1999876 0.3610502 0.7131823 0.6747211 0.190059 1.49012e-8 -0.2751612 0.02009372 0.9611882 -5.96046e-8 0 0 0 1</matrix>
                  <node id="node-Bip01_R_Toe0" name="Bip01_R_Toe0">
                    <matrix sid="matrix">-0.1805813 -0.9786911 0.09774493 0.1486307 0.9833314 -0.1817885 -0.003514536 0.1543275 0.02120845 0.09548099 0.9952053 2.98023e-8 0 0 0 1</matrix>
                  </node>
                </node>
              </node>
            </node>
          </node>
          <node id="node-Bip01_FannyPack" name="Bip01_FannyPack">
            <matrix sid="matrix">-0.9629919 -0.2062316 0.1735378 0.2299507 -0.2083319 0.9780385 0.00622708 -0.1378937 -0.1710108 -0.03015684 -0.9848077 0.01013963 0 0 0 1</matrix>
          </node>
        </node>
        <node id="node-Eye" name="Eye">
          <matrix sid="matrix">0.7792377 0.6267179 -0.00366411 0.05957021 -0.6267175 0.7792451 0.001428192 0.07021092 0.003750313 0.001183282 0.999992 0.7677459 0 0 0 1</matrix>
          <node id="node-cam" name="cam">
            <matrix>1 -6.03104e-8 3.55271e-15 4.84288e-8 6.03104e-8 1 -2.32831e-9 -0.104 -3.55271e-15 2.32832e-9 1 0.3005601 0 0 0 1</matrix>
          </node>
        </node>
      </node>
      <node id="node-Bounds" name="Bounds">
        <matrix>0.9999915 0.001706907 0.003750479 0 -0.001711356 0.9999978 0.001183292 0.1035326 -0.003748452 -0.0011897 0.9999923 -8.93474e-5 0 0 0 1</matrix>
        <instance_geometry url="#geom-Bounds">
          <bind_material>
            <technique_common>
              <instance_material symbol="ShapeBounds" target="#ShapeBounds-material"/>
            </technique_common>
          </bind_material>
        </instance_geometry>
      </node>
    </visual_scene>
  </library_visual_scenes>
  <library_animations>
    <animation>
      <source id="node-Bip01_matrix-input">
        <float_array id="node-Bip01_matrix-input-array" count="41">38.66667 38.7 38.73333 38.76667 38.8 38.83333 38.86666 38.9 38.93333 38.96667 39 39.03333 39.06667 39.1 39.13334 39.16667 39.2 39.23333 39.26667 39.3 39.33333 39.36666 39.4 39.43333 39.46667 39.5 39.53333 39.56667 39.6 39.63334 39.66667 39.7 39.73333 39.76667 39.8 39.83333 39.86666 39.9 39.93333 39.96667 40</float_array>
        <technique_common>
          <accessor source="#node-Bip01_matrix-input-array" count="41" stride="1">
            <param name="TIME" type="float"/>
          </accessor>
        </technique_common>
      </source>
      <source id="node-Bip01_matrix-output">
        <float_array id="node-Bip01_matrix-output-array" count="656">0.7792375 -0.6267175 0.003750264 -0.001545071 0.626718 0.7792453 0.00118345 0.01092779 -0.003664016 0.001428127 0.9999923 0.8026526 0 0 0 1 0.6825613 -0.7305624 0.01971435 0.001736938 0.7301119 0.6828382 0.02585864 0.1080017 -0.0323531 -0.00325638 0.9994712 0.8376476 0 0 0 1 0.5088537 -0.8600866 0.03631716 0.006830334 0.8575931 0.5101434 0.06548023 0.2547128 -0.07484567 -0.002174437 0.9971928 0.8913631 0 0 0 1 0.3077922 -0.9502238 0.04836153 0.01225584 0.9418722 0.3114942 0.12589 0.4127584 -0.1346881 0.00680238 0.9908647 0.9430632 0 0 0 1 0.1589148 -0.9857274 0.05556797 0.01653409 0.9635629 0.167115 0.2088524 0.5438359 -0.2151578 0.02035349 0.9763672 0.9720116 0 0 0 1 0.1021746 -0.9926801 0.06439447 0.01967716 0.9449021 0.1170873 0.305697 0.6384863 -0.3109991 0.02961194 0.9499488 0.9718739 0 0 0 1 0.09863007 -0.9919056 0.07997119 0.02233844 0.9017801 0.123071 0.414302 0.7168859 -0.4207906 0.03125381 0.9066193 0.9539775 0 0 0 1 0.1120399 -0.9882093 0.1043526 0.02400088 0.8272066 0.1509402 0.5412451 0.7851855 -0.5506145 0.02568006 0.8343645 0.9240793 0 0 0 1 0.1054178 -0.9857273 0.1312582 0.02414727 0.7069827 0.1671148 0.6872031 0.8495358 -0.69933 0.02035385 0.7145091 0.8879357 0 0 0 1 0.06127285 -0.9857273 0.1568033 0.0210725 0.4687455 0.1671148 0.8673813 0.9071126 -0.8812056 0.02035397 0.4722949 0.8375515 0 0 0 1 -6.77109e-5 -0.9857273 0.1683498 0.01560872 0.120509 0.1671149 0.9785449 0.9540259 -0.9927121 0.02035403 0.1187777 0.7726503 0 0 0 1 -0.04705238 -0.9857273 0.1616407 0.01104623 -0.1573962 0.1671148 0.9732929 0.9948183 -0.986414 0.02035415 -0.1630129 0.7105794 0 0 0 1 -0.07565784 -0.9857273 0.1503912 0.008151769 -0.3317382 0.1671148 0.9284515 1.033227 -0.9403327 0.02035409 -0.3396471 0.6538089 0 0 0 1 -0.09927332 -0.9857274 0.1359647 0.00554049 -0.4793593 0.1671146 0.8615611 1.069694 -0.871986 0.02035403 -0.4891076 0.5956534 0 0 0 1 -0.1154611 -0.9857273 0.1225166 0.003273963 -0.5831051 0.1671146 0.7950227 1.103831 -0.80415 0.02035409 -0.5940778 0.539713 0 0 0 1 -0.1231039 -0.9857274 0.1148344 0.001414239 -0.6330457 0.1671144 0.7558611 1.135239 -0.7642634 0.02035403 -0.644583 0.4896 0 0 0 1 -0.1210724 -0.9857273 0.1169745 2.28584e-5 -0.6196998 0.1671146 0.7668408 1.16353 -0.7754442 0.02035409 -0.631088 0.448914 0 0 0 1 -0.1058565 -0.9856155 0.1317441 -8.59083e-4 -0.5191448 0.1677773 0.8380571 1.186508 -0.8481057 0.02031952 -0.5294374 0.4184659 0 0 0 1 -0.07588839 -0.9853692 0.1526051 -0.001316547 -0.3280181 0.1691988 0.9293954 1.204342 -0.9416183 0.02047318 -0.3360592 0.3951606 0 0 0 1 -0.03433442 -0.9851357 0.1683118 -0.00147742 -0.07562315 0.1704891 0.9824534 1.220194 -0.9965452 0.02100372 -0.08035278 0.3767315 0 0 0 1 0.01063942 -0.9850602 0.1718813 -0.001469373 0.1856414 0.1708486 0.9676508 1.237222 -0.98256 0.02161306 0.1846856 0.3609181 0 0 0 1 0.04861557 -0.9852439 0.1641069 -0.00142014 0.3986817 0.1697865 0.9012355 1.258581 -0.9157999 0.0216124 0.401053 0.3454592 0 0 0 1 0.07137703 -0.9857273 0.1524697 -0.001457452 0.524364 0.1671149 0.8349341 1.287435 -0.8484973 0.0203545 0.5288081 0.3280897 0 0 0 1 0.07268881 -0.9867496 0.1450573 -0.001525223 0.5307741 0.1614079 0.8320015 1.331418 -0.8443905 0.01651543 0.5354736 0.309193 0 0 0 1 0.05750155 -0.9883125 0.1411808 -0.001494228 0.4403014 0.1520237 0.884886 1.38879 -0.8960068 0.01127976 0.4438971 0.2909467 0 0 0 1 0.03632158 -0.9900631 0.1358521 -0.001382768 0.3083681 0.1404117 0.9408473 1.448639 -0.9505735 0.007719397 0.310404 0.2737833 0 0 0 1 0.01947104 -0.9916096 0.1277942 -0.00120902 0.2037476 0.1290715 0.970478 1.500056 -0.9788299 0.00714147 0.2045512 0.2581351 0 0 0 1 0.007222056 -0.9930147 0.1177701 -8.66134e-4 0.1485472 0.1175317 0.9818962 1.535657 -0.9888791 0.01040303 0.1483583 0.2441875 0 0 0 1 -0.004390954 -0.994235 0.1071318 -4.01679e-4 0.1107639 0.1059901 0.9881787 1.562734 -0.993837 0.01620537 0.10966 0.2326768 0 0 0 1 -0.01227498 -0.9949693 0.09942662 -6.57936e-5 0.08594286 0.09801626 0.991467 1.592391 -0.9962245 0.02071511 0.08430731 0.2248644 0 0 0 1 -0.01448726 -0.9951624 0.09717082 1.46676e-5 0.07710695 0.09577971 0.9924116 1.635415 -0.9969176 0.02186977 0.07534629 0.2224026 0 0 0 1 -0.0133835 -0.9950667 0.09830129 -3.34218e-5 0.08152645 0.09689688 0.9919498 1.681022 -0.9965813 0.02128994 0.07982742 0.2236387 0 0 0 1 -0.01227498 -0.9949693 0.09942662 -7.94787e-5 0.08594286 0.09801626 0.991467 1.707951 -0.9962245 0.02071511 0.08430731 0.2248733 0 0 0 1 -0.01227498 -0.9949693 0.09942662 -8.08291e-5 0.08594286 0.09801626 0.991467 1.715995 -0.9962245 0.02071511 0.08430731 0.2248739 0 0 0 1 -0.01227498 -0.9949693 0.09942662 -8.1861e-5 0.08594286 0.09801626 0.991467 1.71977 -0.9962245 0.02071511 0.08430731 0.2248744 0 0 0 1 -0.01227486 -0.9949692 0.09942662 -8.25943e-5 0.0859428 0.09801638 0.9914669 1.720263 -0.9962245 0.02071505 0.08430731 0.2248746 0 0 0 1 -0.01227498 -0.9949693 0.09942662 -8.30486e-5 0.08594286 0.09801626 0.991467 1.718457 -0.9962245 0.02071511 0.08430731 0.2248746 0 0 0 1 -0.01227486 -0.9949692 0.09942662 -8.32438e-5 0.0859428 0.09801638 0.9914669 1.715338 -0.9962245 0.02071505 0.08430731 0.2248744 0 0 0 1 -0.01227498 -0.9949693 0.09942662 -8.31995e-5 0.08594286 0.09801626 0.991467 1.711891 -0.9962245 0.02071511 0.08430731 0.2248741 0 0 0 1 -0.01227498 -0.9949693 0.09942662 -8.29357e-5 0.08594286 0.09801626 0.991467 1.7091 -0.9962245 0.02071511 0.08430731 0.2248738 0 0 0 1 -0.01227498 -0.9949693 0.09942662 -8.24719e-5 0.08594286 0.09801626 0.991467 1.707951 -0.9962245 0.02071511 0.08430731 0.2248735 0 0 0 1</float_array>
        <technique_common>
          <accessor source="#node-Bip01_matrix-output-array" count="41" stride="16">
            <param name="TRANSFORM" type="float4x4"/>
          </accessor>
        </technique_common>
      </source>
      <source id="node-Bip01_matrix-interpolation">
        <Name_array id="node-Bip01_matrix-interpolation-array" count="41">LINEAR LINEAR LINEAR LINEAR LINEAR LINEAR LINEAR LINEAR LINEAR LINEAR LINEAR LINEAR LINEAR LINEAR LINEAR LINEAR LINEAR LINEAR LINEAR LINEAR LINEAR LINEAR LINEAR LINEAR LINEAR LINEAR LINEAR LINEAR LINEAR LINEAR LINEAR LINEAR LINEAR LINEAR LINEAR LINEAR LINEAR LINEAR LINEAR LINEAR LINEAR</Name_array>
        <technique_common>
          <accessor source="#node-Bip01_matrix-interpolation-array" count="41" stride="1">
            <param name="INTERPOLATION" type="name"/>
          </accessor>
        </technique_common>
      </source>
      <source id="node-Bip01_Spine_matrix-input">
        <float_array id="node-Bip01_Spine_matrix-input-array" count="41">38.66667 38.7 38.73333 38.76667 38.8 38.83333 38.86666 38.9 38.93333 38.96667 39 39.03333 39.06667 39.1 39.13334 39.16667 39.2 39.23333 39.26667 39.3 39.33333 39.36666 39.4 39.43333 39.46667 39.5 39.53333 39.56667 39.6 39.63334 39.66667 39.7 39.73333 39.76667 39.8 39.83333 39.86666 39.9 39.93333 39.96667 40</float_array>
        <technique_common>
          <accessor source="#node-Bip01_Spine_matrix-input-array" count="41" stride="1">
            <param name="TIME" type="float"/>
          </accessor>
        </technique_common>
      </source>
      <source id="node-Bip01_Spine_matrix-output">
        <float_array id="node-Bip01_Spine_matrix-output-array" count="656">0.9543823 -0.2849872 -0.08909028 0.1975224 0.2101388 0.8530463 -0.4776546 0.02500408 0.2121235 0.4371438 0.874019 0.02776813 0 0 0 1 0.9656227 -0.2406768 -0.09822273 0.1975188 0.1803798 0.8924579 -0.4134998 0.02500092 0.1871795 0.3815675 0.9051908 0.02777266 0 0 0 1 0.9795492 -0.1713281 -0.1054982 0.1975133 0.1311185 0.941265 -0.3111719 0.02499693 0.1526142 0.2909753 0.9444798 0.02778005 0 0 0 1 0.9890371 -0.1007737 -0.1079366 0.1975075 0.0768643 0.975445 -0.206395 0.02499413 0.1260854 0.1958359 0.9724972 0.0277878 0 0 0 1 0.9921966 -0.05381268 -0.1124733 0.1975036 0.03786039 0.9895069 -0.139438 0.024993 0.1187966 0.1340916 0.9838226 0.02779281 0 0 0 1 0.9904666 -0.04128026 -0.1314224 0.1975027 0.02392458 0.9910939 -0.1309984 0.02499288 0.1356595 0.1266053 0.9826331 0.02779346 0 0 0 1 0.9856352 -0.04971319 -0.1614065 0.1975033 0.02392077 0.9871542 -0.1579698 0.02499324 0.1671863 0.1518396 0.9741632 0.02779138 0 0 0 1 0.9794718 -0.06644862 -0.1903147 0.1975046 0.02857488 0.980342 -0.1952245 0.02499377 0.1995459 0.1857786 0.9621162 0.02778863 0 0 0 1 0.9752551 -0.07696735 -0.2072527 0.1975057 0.03076869 0.9755726 -0.2175121 0.02499419 0.2189314 0.2057529 0.9538002 0.02778702 0 0 0 1 0.9740113 -0.07653081 -0.2131785 0.1975055 0.0278933 0.9745522 -0.2224187 0.02499419 0.2247755 0.210692 0.9513595 0.02778661 0 0 0 1 0.9737313 -0.07212656 -0.2159751 0.1975052 0.02232176 0.9741736 -0.2246946 0.02499425 0.2266036 0.2139711 0.9501934 0.02778631 0 0 0 1 0.9740939 -0.06578499 -0.2163645 0.1975045 0.01582634 0.9742389 -0.2249625 0.02499431 0.2255899 0.2157104 0.9500414 0.02778619 0 0 0 1 0.9747852 -0.05955487 -0.2150514 0.1975042 0.01015782 0.9745713 -0.2238475 0.02499419 0.2229141 0.2160187 0.9506027 0.02778619 0 0 0 1 0.9755298 -0.05549716 -0.2127478 0.1975038 0.007063031 0.9750304 -0.2219588 0.02499425 0.2197537 0.2150248 0.9515632 0.02778625 0 0 0 1 0.9760752 -0.0556764 -0.2101843 0.1975036 0.008293688 0.9754902 -0.2198864 0.02499437 0.2172753 0.2128824 0.9526136 0.02778637 0 0 0 1 0.9761297 -0.06215214 -0.2081056 0.1975042 0.01560902 0.9757773 -0.2182081 0.02499413 0.2166269 0.2097511 0.9534555 0.02778667 0 0 0 1 0.9752551 -0.07696741 -0.2072529 0.1975055 0.03076857 0.9755725 -0.2175121 0.02499413 0.2189316 0.2057529 0.9538004 0.02778697 0 0 0 1 0.9721741 -0.1091627 -0.2072709 0.197508 0.06299203 0.9740192 -0.2175286 0.02499425 0.2256318 0.1984192 0.9537925 0.02778756 0 0 0 1 0.9651572 -0.1596708 -0.207309 0.1975123 0.1136421 0.9694073 -0.2175665 0.02499461 0.2357059 0.1864268 0.9537755 0.02778857 0 0 0 1 0.953601 -0.2182965 -0.2073445 0.1975172 0.1725963 0.9606548 -0.2176069 0.02499526 0.2466893 0.1717232 0.9537586 0.02778977 0 0 0 1 0.9388093 -0.2750273 -0.2073579 0.1975216 0.2298239 0.948588 -0.2176275 0.02499634 0.2565507 0.156655 0.953751 0.02779102 0 0 0 1 0.9243205 -0.3203828 -0.2073327 0.1975256 0.275719 0.936284 -0.2176042 0.02499735 0.263839 0.1439704 0.953762 0.02779209 0 0 0 1 0.9152455 -0.3455017 -0.2072537 0.1975275 0.3012187 0.9284156 -0.2175121 0.02499806 0.2675684 0.1366482 0.9538 0.02779269 0 0 0 1 0.9234412 -0.3231601 -0.2069386 0.1975258 0.2787199 0.9355018 -0.217144 0.02499741 0.2637638 0.1428418 0.9539521 0.02779215 0 0 0 1 0.9437217 -0.2584028 -0.2064403 0.1975202 0.2134549 0.9526328 -0.2166288 0.02499598 0.2526393 0.1603716 0.9541774 0.0277906 0 0 0 1 0.9594066 -0.192461 -0.2061505 0.1975148 0.1471166 0.9651572 -0.2163981 0.0249949 0.2406158 0.1772856 0.9542924 0.02778929 0 0 0 1 0.9696692 -0.1309349 -0.2063919 0.1975101 0.08519518 0.9725139 -0.2166986 0.02499437 0.2290924 0.1925424 0.954172 0.0277881 0 0 0 1 0.9759268 -0.06894761 -0.2069134 0.1975051 0.02288979 0.975856 -0.2172124 0.02499407 0.216894 0.2072472 0.9539421 0.02778691 0 0 0 1 0.9776644 -0.03490895 -0.2072531 0.1975021 -0.0112608 0.9759926 -0.2175126 0.02499407 0.2098706 0.2149881 0.9538001 0.02778625 0 0 0 1 0.9779271 -0.0260182 -0.2073203 0.1975013 -0.02016198 0.9758366 -0.2175692 0.02499407 0.2079715 0.2169468 0.9537725 0.02778607 0 0 0 1 0.9780549 -0.02021235 -0.2073645 0.197501 -0.02597266 0.9756911 -0.2176059 0.02499407 0.206722 0.2182163 0.9537545 0.02778601 0 0 0 1 0.9781101 -0.01705193 -0.2073886 0.1975007 -0.02913498 0.9755975 -0.2176257 0.02499413 0.2060388 0.2189042 0.9537448 0.02778595 0 0 0 1 0.9781247 -0.01609647 -0.2073959 0.1975007 -0.03009098 0.9755669 -0.2176317 0.02499407 0.2058318 0.2191117 0.9537418 0.02778595 0 0 0 1 0.9781123 -0.01690495 -0.2073898 0.1975007 -0.02928203 0.9755928 -0.2176266 0.02499407 0.206007 0.2189362 0.9537442 0.02778595 0 0 0 1 0.9780766 -0.01903647 -0.2073734 0.1975008 -0.02714931 0.9756574 -0.2176132 0.02499407 0.2064681 0.2184725 0.9537509 0.02778589 0 0 0 1 0.9780182 -0.02204978 -0.2073505 0.1975008 -0.02413386 0.9757409 -0.2175943 0.02499407 0.2071183 0.2178153 0.9537603 0.02778601 0 0 0 1 0.9779398 -0.02550387 -0.2073242 0.1975011 -0.02067685 0.9758251 -0.2175725 0.02499407 0.2078611 0.2170596 0.9537709 0.02778607 0 0 0 1 0.9778492 -0.0289576 -0.207298 0.1975015 -0.01721954 0.9758974 -0.2175505 0.02499401 0.2086013 0.2163012 0.9537817 0.02778607 0 0 0 1 0.9777601 -0.0319702 -0.2072752 0.1975018 -0.01420336 0.97595 -0.2175313 0.02499407 0.2092448 0.2156374 0.9537909 0.02778613 0 0 0 1 0.9776916 -0.03410089 -0.2072592 0.197502 -0.01206994 0.9759817 -0.2175176 0.02499407 0.2096987 0.2151668 0.9537975 0.02778613 0 0 0 1 0.9776643 -0.034909 -0.2072531 0.197502 -0.01126068 0.9759927 -0.2175124 0.02499401 0.2098706 0.2149879 0.9538001 0.02778619 0 0 0 1</float_array>
        <technique_common>
          <accessor source="#node-Bip01_Spine_matrix-output-array" count="41" stride="16">
            <param name="TRANSFORM" type="float4x4"/>
          </accessor>
        </technique_common>
      </source>
      <source id="node-Bip01_Spine_matrix-interpolation">
        <Name_array id="node-Bip01_Spine_matrix-interpolation-array" count="41">LINEAR LINEAR LINEAR LINEAR LINEAR LINEAR LINEAR LINEAR LINEAR LINEAR LINEAR LINEAR LINEAR LINEAR LINEAR LINEAR LINEAR LINEAR LINEAR LINEAR LINEAR LINEAR LINEAR LINEAR LINEAR LINEAR LINEAR LINEAR LINEAR LINEAR LINEAR LINEAR LINEAR LINEAR LINEAR LINEAR LINEAR LINEAR LINEAR LINEAR LINEAR</Name_array>
        <technique_common>
          <accessor source="#node-Bip01_Spine_matrix-interpolation-array" count="41" stride="1">
            <param name="INTERPOLATION" type="name"/>
          </accessor>
        </technique_common>
      </source>
      <source id="node-Bip01_Spine1_matrix-input">
        <float_array id="node-Bip01_Spine1_matrix-input-array" count="41">38.66667 38.7 38.73333 38.76667 38.8 38.83333 38.86666 38.9 38.93333 38.96667 39 39.03333 39.06667 39.1 39.13334 39.16667 39.2 39.23333 39.26667 39.3 39.33333 39.36666 39.4 39.43333 39.46667 39.5 39.53333 39.56667 39.6 39.63334 39.66667 39.7 39.73333 39.76667 39.8 39.83333 39.86666 39.9 39.93333 39.96667 40</float_array>
        <technique_common>
          <accessor source="#node-Bip01_Spine1_matrix-input-array" count="41" stride="1">
            <param name="TIME" type="float"/>
          </accessor>
        </technique_common>
      </source>
      <source id="node-Bip01_Spine1_matrix-output">
