<?xml version="1.0" encoding="utf-8"?>
<COLLADA xmlns="http://www.collada.org/2005/11/COLLADASchema" version="1.4.1">
  <asset>
    <contributor>
      <author>MattO</author>
      <authoring_tool>OpenCOLLADA for 3ds Max;  Version: 1.3.0;  Revision: 839M;  Platform: x64;  Configuration: Release_Max2012</authoring_tool>
      <source_data>file:///C:/Dropbox/Prj/GGStout/Ender_SourceArt/Soldier_TP_Ender_Animation_Master.max</source_data>
    </contributor>
    <created>2011-10-10T11:03:02</created>
    <modified>2011-10-10T11:03:02</modified>
    <unit name="meter" meter="1"/>
    <up_axis>Z_UP</up_axis>
  </asset>
  <library_effects>
    <effect id="ShapeBounds">
      <profile_COMMON>
        <technique sid="common">
          <blinn>
            <emission>
              <color>0 0 0 1</color>
            </emission>
            <ambient>
              <color>0.1647059 1 0 1</color>
            </ambient>
            <diffuse>
              <color>0.1647059 1 0 1</color>
            </diffuse>
            <specular>
              <color>0.9 0.9 0.9 1</color>
            </specular>
            <shininess>
              <float>10</float>
            </shininess>
            <reflective>
              <color>0 0 0 1</color>
            </reflective>
            <transparent opaque="A_ONE">
              <color>1 1 1 1</color>
            </transparent>
            <transparency>
              <float>1</float>
            </transparency>
          </blinn>
        </technique>
      </profile_COMMON>
      <extra>
        <technique profile="OpenCOLLADA3dsMax">
          <extended_shader>
            <apply_reflection_dimming>0</apply_reflection_dimming>
            <dim_level>0</dim_level>
            <falloff_type>0</falloff_type>
            <index_of_refraction>1.5</index_of_refraction>
            <opacity_type>0</opacity_type>
            <reflection_level>3</reflection_level>
            <wire_size>1</wire_size>
            <wire_units>0</wire_units>
          </extended_shader>
          <shader>
            <ambient_diffuse_lock>1</ambient_diffuse_lock>
            <ambient_diffuse_texture_lock>1</ambient_diffuse_texture_lock>
            <diffuse_specular_lock>0</diffuse_specular_lock>
            <soften>0.1</soften>
            <use_self_illum_color>0</use_self_illum_color>
          </shader>
        </technique>
      </extra>
    </effect>
  </library_effects>
  <library_materials>
    <material id="ShapeBounds-material" name="ShapeBounds">
      <instance_effect url="#ShapeBounds"/>
    </material>
  </library_materials>
  <library_geometries>
    <geometry id="geom-Bounds" name="Bounds">
      <mesh>
        <source id="geom-Bounds-positions">
          <float_array id="geom-Bounds-positions-array" count="24">-0.425 -0.425 0 0.425 -0.425 0 -0.425 0.425 0 0.425 0.425 0 -0.425 -0.425 1.84 0.425 -0.425 1.84 -0.425 0.425 1.84 0.425 0.425 1.84</float_array>
          <technique_common>
            <accessor source="#geom-Bounds-positions-array" count="8" stride="3">
              <param name="X" type="float"/>
              <param name="Y" type="float"/>
              <param name="Z" type="float"/>
            </accessor>
          </technique_common>
        </source>
        <source id="geom-Bounds-normals">
          <float_array id="geom-Bounds-normals-array" count="72">0 0 -1 0 0 -1 0 0 -1 0 0 -1 0 0 1 0 0 1 0 0 1 0 0 1 0 -1 0 0 -1 0 0 -1 0 0 -1 0 1 0 0 1 0 0 1 0 0 1 0 0 0 1 0 0 1 0 0 1 0 0 1 0 -1 0 0 -1 0 0 -1 0 0 -1 0 0</float_array>
          <technique_common>
            <accessor source="#geom-Bounds-normals-array" count="24" stride="3">
              <param name="X" type="float"/>
              <param name="Y" type="float"/>
              <param name="Z" type="float"/>
            </accessor>
          </technique_common>
        </source>
        <source id="geom-Bounds-map1">
          <float_array id="geom-Bounds-map1-array" count="36">0 0 0 1 0 0 0 1 0 1 1 0 0 0 0 1 0 0 0 1 0 1 1 0 0 0 0 1 0 0 0 1 0 1 1 0</float_array>
          <technique_common>
            <accessor source="#geom-Bounds-map1-array" count="12" stride="3">
              <param name="S" type="float"/>
              <param name="T" type="float"/>
              <param name="P" type="float"/>
            </accessor>
          </technique_common>
        </source>
        <vertices id="geom-Bounds-vertices">
          <input semantic="POSITION" source="#geom-Bounds-positions"/>
        </vertices>
        <triangles material="ShapeBounds" count="12">
          <input semantic="VERTEX" source="#geom-Bounds-vertices" offset="0"/>
          <input semantic="NORMAL" source="#geom-Bounds-normals" offset="1"/>
          <input semantic="TEXCOORD" source="#geom-Bounds-map1" offset="2" set="0"/>
          <p>0 0 9 2 1 11 3 2 10 3 2 10 1 3 8 0 0 9 4 4 8 5 5 9 7 6 11 7 6 11 6 7 10 4 4 8 0 8 4 1 9 5 5 10 7 5 10 7 4 11 6 0 8 4 1 12 0 3 13 1 7 14 3 7 14 3 5 15 2 1 12 0 3 16 4 2 17 5 6 18 7 6 18 7 7 19 6 3 16 4 2 20 0 0 21 1 4 22 3 4 22 3 6 23 2 2 20 0</p>
        </triangles>
      </mesh>
      <extra>
        <technique profile="OpenCOLLADA3dsMax">
          <max_box>
            <generateuvs>1</generateuvs>
            <height>1.84</height>
            <heightsegments>1</heightsegments>
            <length>0.85</length>
            <lengthsegments>1</lengthsegments>
            <width>0.85</width>
            <widthsegments>1</widthsegments>
          </max_box>
        </technique>
      </extra>
    </geometry>
  </library_geometries>
  <library_lights>
    <light id="EnvironmentAmbientLight" name="EnvironmentAmbientLight">
      <technique_common>
        <ambient>
          <color>0 0 0</color>
        </ambient>
      </technique_common>
    </light>
  </library_lights>
  <library_visual_scenes>
    <visual_scene id="MaxScene">
      <node name="EnvironmentAmbientLight">
        <instance_light url="#EnvironmentAmbientLight"/>
      </node>
      <node id="node-Bip01" name="Bip01">
        <matrix sid="matrix">0.7792375 -0.6267175 0.003750234 -8.10623e-5 0.626718 0.7792453 0.001183394 0.009366653 -0.003664005 0.001428194 0.9999923 0.8592638 0 0 0 1</matrix>
        <node id="node-Bip01_Pelvis" name="Bip01_Pelvis">
          <matrix sid="matrix">-0.009626728 0.991236 0.1317526 0 -0.1217413 -0.1319404 0.9837535 0 0.9925151 -0.0065694 0.1219445 0 0 0 0 1</matrix>
          <node id="node-Bip01_Spine" name="Bip01_Spine">
            <matrix sid="matrix">0.9543822 -0.2849871 -0.08909023 0.1975225 0.2101389 0.8530462 -0.4776545 0.02500414 0.2121235 0.4371437 0.8740189 0.02776812 0 0 0 1</matrix>
            <node id="node-Bip01_Spine1" name="Bip01_Spine1">
              <matrix>0.9965124 0.05406573 -0.06356053 0.1022243 -0.05553558 0.9982233 -0.02158957 -1.00836e-4 0.06228034 0.02504407 0.9977445 -2.52761e-6 0 0 0 1</matrix>
              <node id="node-Bip01_Spine2" name="Bip01_Spine2">
                <matrix>0.9777662 -0.1711879 0.1211107 0.1268954 0.1757437 0.98404 -0.02791213 -1.68547e-4 -0.1143996 0.04857606 0.9922464 -8.31485e-6 0 0 0 1</matrix>
                <node id="node-Bip01_Neck" name="Bip01_Neck">
                  <matrix>0.8154699 -0.4308033 -0.3865455 0.2151072 0.374628 0.9019333 -0.2148724 -4.96805e-5 0.441206 0.03041115 0.8968903 -1.66893e-6 0 0 0 1</matrix>
                  <node id="node-Bip01_Head" name="Bip01_Head">
                    <matrix>0.9070899 0.4132928 0.07985432 0.07051814 -0.3881006 0.8945988 -0.2215192 -0.01395917 -0.16299 0.1699463 0.9718809 -2.98023e-8 0 0 0 1</matrix>
                    <node id="node-AltEye" name="AltEye">
                      <matrix>0.03048621 0.397182 0.9172338 0.06454682 0.03236803 0.9167866 -0.3980641 0.2214611 -0.9990112 0.04182417 0.0150932 0.04716256 0 0 0 1</matrix>
                    </node>
                  </node>
                  <node id="node-Bip01_L_Clavicle" name="Bip01_L_Clavicle">
                    <matrix>0.2187271 -0.1937395 0.9563594 0.00844872 0.4802902 -0.8317719 -0.2783466 -0.01209164 0.8493997 0.520212 -0.08887984 0.07246038 0 0 0 1</matrix>
                    <node id="node-Bip01_L_UpperArm" name="Bip01_L_UpperArm">
                      <matrix>0.4866939 0.5539699 0.6754601 0.1824006 -0.8575153 0.1553906 0.4904298 5.96046e-8 0.1667231 -0.8179066 0.5506653 1.19209e-7 0 0 0 1</matrix>
                      <node id="node-Bip01_L_Forearm" name="Bip01_L_Forearm">
                        <matrix>0.8201934 0.5720861 -2.98023e-8 0.2843689 -0.5720861 0.8201936 0 0 -2.23517e-8 -8.9407e-8 1 0 0 0 0 1</matrix>
                        <node id="node-Bip01_L_Hand" name="Bip01_L_Hand">
                          <matrix>0.8481608 0.3730106 -0.3761467 0.281068 -0.03463736 0.7475911 0.6632553 -5.96046e-8 0.5286052 -0.5495184 0.6469976 -1.19209e-7 0 0 0 1</matrix>
                          <node id="node-Bip01_L_Finger0" name="Bip01_L_Finger0">
                            <matrix>0.6591594 0.390303 0.6427851 0.0211966 0.653514 0.125593 -0.7464221 -0.004734278 -0.3720601 0.91208 -0.1722827 -0.02572191 0 0 0 1</matrix>
                            <node id="node-Bip01_L_Finger01" name="Bip01_L_Finger01">
                              <matrix>0.8583041 -0.5131412 0 0.04982853 0.5131411 0.8583043 0 -2.98023e-8 -7.45058e-8 0 1 0 0 0 0 1</matrix>
                              <node id="node-Bip01_L_Finger02" name="Bip01_L_Finger02">
                                <matrix>0.6525694 -0.7577291 1.49012e-8 0.05202246 0.7577291 0.6525693 0 2.98023e-8 0 -1.49012e-8 1 -1.19209e-7 0 0 0 1</matrix>
                              </node>
                            </node>
                          </node>
                          <node id="node-Bip01_L_Finger1" name="Bip01_L_Finger1">
                            <matrix>0.87435 -0.4850004 -0.01693496 0.1199946 0.4823664 0.872371 -0.07931918 -0.008367658 0.05324339 0.06118384 0.9967055 -0.0410139 0 0 0 1</matrix>
                            <node id="node-Bip01_L_Finger11" name="Bip01_L_Finger11">
                              <matrix>0.2787537 -0.9603627 -3.72529e-9 0.03644174 0.9603627 0.2787537 0 1.19209e-7 -2.98023e-8 -2.23517e-8 1 5.96046e-8 0 0 0 1</matrix>
                              <node id="node-Bip01_L_Finger12" name="Bip01_L_Finger12">
                                <matrix>0.8119803 -0.5836849 0 0.03117537 0.5836849 0.8119803 7.45058e-9 1.19209e-7 2.98023e-8 -2.98023e-8 1 5.96046e-8 0 0 0 1</matrix>
                              </node>
                            </node>
                          </node>
                          <node id="node-Bip01_L_Finger2" name="Bip01_L_Finger2">
                            <matrix>0.6472731 -0.7352321 -0.2011753 0.1229538 0.755668 0.6535555 0.04279059 -0.008802056 0.1000182 -0.1797189 0.9786203 -0.01328242 0 0 0 1</matrix>
                            <node id="node-Bip01_L_Finger21" name="Bip01_L_Finger21">
                              <matrix>0.6013957 -0.7989512 1.49012e-8 0.03895521 0.7989513 0.6013957 -2.98023e-8 0 -5.96046e-8 1.49012e-8 1 -5.96046e-8 0 0 0 1</matrix>
                              <node id="node-Bip01_L_Finger22" name="Bip01_L_Finger22">
                                <matrix>0.8644754 -0.5026752 -2.98023e-8 0.03800541 0.5026752 0.8644754 -7.45058e-9 0 0 -2.98023e-8 1 0 0 0 0 1</matrix>
                              </node>
                            </node>
                          </node>
                          <node id="node-Bip01_L_Finger3" name="Bip01_L_Finger3">
                            <matrix>0.3854294 -0.8817468 -0.271969 0.121188 0.9217519 0.3815321 0.06932965 -0.001191258 0.04263365 -0.2774096 0.9598054 0.01196867 0 0 0 1</matrix>
                            <node id="node-Bip01_L_Finger31" name="Bip01_L_Finger31">
                              <matrix>0.9381478 -0.3462351 2.98023e-8 0.03155833 0.346235 0.9381477 -2.98023e-8 0 5.96046e-8 -4.47035e-8 0.9999999 0 0 0 0 1</matrix>
                              <node id="node-Bip01_L_Finger32" name="Bip01_L_Finger32">
                                <matrix>0.6529357 -0.7574132 2.98023e-8 0.0336659 0.7574133 0.6529357 1.49012e-8 0 -5.96046e-8 1.49012e-8 0.9999999 5.96046e-8 0 0 0 1</matrix>
                              </node>
                            </node>
                          </node>
                          <node id="node-Bip01_L_Finger4" name="Bip01_L_Finger4">
                            <matrix>0.7005675 -0.7005581 -0.1357337 0.1136796 0.7135147 0.6850149 0.1471445 0.005147338 -0.01010364 -0.1999326 0.9797576 0.03886575 0 0 0 1</matrix>
                            <node id="node-Bip01_L_Finger41" name="Bip01_L_Finger41">
                              <matrix>0.7966627 -0.6044244 -1.49012e-8 0.03661615 0.6044243 0.7966627 0 0 -2.98023e-8 0 1 -1.19209e-7 0 0 0 1</matrix>
                              <node id="node-Bip01_L_Finger42" name="Bip01_L_Finger42">
                                <matrix>0.8880922 -0.4596653 0 0.01772633 0.4596654 0.8880923 -5.96046e-8 0 2.98023e-8 -1.11759e-8 1 0 0 0 0 1</matrix>
                              </node>
                            </node>
                          </node>
                        </node>
                      </node>
                    </node>
                  </node>
                  <node id="node-Bip01_R_Clavicle" name="Bip01_R_Clavicle">
                    <matrix>-0.4367577 -0.5517114 -0.7105329 -0.05186176 0.5680685 -0.7815932 0.2577017 -0.01624835 -0.6975248 -0.2910782 0.6547769 -0.05013978 0 0 0 1</matrix>
                    <node id="node-Bip01_R_UpperArm" name="Bip01_R_UpperArm">
                      <matrix>0.6536192 0.5794651 -0.4868286 0.1824006 -0.7208139 0.6726913 -0.1670742 2.98023e-8 0.2306716 0.4601158 0.8573704 -2.38419e-7 0 0 0 1</matrix>
                      <node id="node-Bip01_R_Forearm" name="Bip01_R_Forearm">
                        <matrix>-0.2263137 0.9740543 -2.98023e-8 0.2843689 -0.9740545 -0.2263137 -4.47035e-8 5.96046e-8 5.96046e-8 2.98023e-8 0.9999999 0 0 0 0 1</matrix>
                        <node id="node-Bip01_R_Hand" name="Bip01_R_Hand">
                          <matrix>0.6512828 0.3417338 0.6775312 0.281068 0.7584221 -0.2636937 -0.5960381 0 -0.02502569 0.9020441 -0.4309178 0 0 0 0 1</matrix>
                          <node id="node-Bip01_R_Finger0" name="Bip01_R_Finger0">
                            <matrix>0.5215105 0.269013 -0.8097274 0.02119681 0.7250717 0.3605265 0.5867639 -0.004734218 0.4497754 -0.893114 -0.007035472 0.02572191 0 0 0 1</matrix>
                            <node id="node-Bip01_R_Finger01" name="Bip01_R_Finger01">
                              <matrix>0.6055626 -0.7636235 0.2239934 0.04982859 0.719188 0.6456372 0.2567511 -1.19209e-7 -0.3406796 0.0056145 0.9401627 0 0 0 0 1</matrix>
                              <node id="node-Bip01_R_Finger02" name="Bip01_R_Finger02">
                                <matrix>0.9505157 -0.3106764 1.86265e-8 0.05202243 0.3106765 0.9505157 -1.49012e-8 1.19209e-7 -2.98023e-8 5.21541e-8 0.9999999 0 0 0 0 1</matrix>
                              </node>
                            </node>
                          </node>
                          <node id="node-Bip01_R_Finger1" name="Bip01_R_Finger1">
                            <matrix>0.9820225 -0.1733427 -0.07472672 0.1199947 0.1795577 0.9799358 0.08651493 -0.008367538 0.05823065 -0.09837733 0.993444 0.04101419 0 0 0 1</matrix>
                            <node id="node-Bip01_R_Finger11" name="Bip01_R_Finger11">
                              <matrix>0.8240547 -0.5665103 1.11759e-8 0.03644162 0.5665102 0.8240547 0 0 -3.72529e-9 1.49012e-8 1 -1.19209e-7 0 0 0 1</matrix>
                              <node id="node-Bip01_R_Finger12" name="Bip01_R_Finger12">
                                <matrix>0.8146399 -0.5796779 0.01831831 0.0311754 0.5799673 0.8142335 -0.02573051 1.19209e-7 2.23517e-8 0.03158511 0.9995013 0 0 0 0 1</matrix>
                              </node>
                            </node>
                          </node>
                          <node id="node-Bip01_R_Finger2" name="Bip01_R_Finger2">
                            <matrix>0.6754014 -0.7374503 -1.52119e-4 0.1229537 0.7368312 0.6748428 -0.04082684 -0.008802027 0.03021043 0.02746242 0.9991663 0.01328242 0 0 0 1</matrix>
                            <node id="node-Bip01_R_Finger21" name="Bip01_R_Finger21">
                              <matrix>0.5508358 -0.8338858 -0.0348487 0.03895515 0.832222 0.551937 -0.05265062 0 0.06313889 -9.77889e-9 0.9980048 0 0 0 0 1</matrix>
                              <node id="node-Bip01_R_Finger22" name="Bip01_R_Finger22">
                                <matrix>0.1984734 -0.9799247 0.01886612 0.03800544 0.9755273 0.199368 0.09272986 -2.98023e-8 -0.09462957 2.23517e-8 0.9955125 1.19209e-7 0 0 0 1</matrix>
                              </node>
                            </node>
                          </node>
                          <node id="node-Bip01_R_Finger3" name="Bip01_R_Finger3">
                            <matrix>0.7159052 -0.6949215 0.06755452 0.1211881 0.6883786 0.6863562 -0.234627 -0.001191199 0.1166809 0.2144738 0.9697351 -0.01196861 0 0 0 1</matrix>
                            <node id="node-Bip01_R_Finger31" name="Bip01_R_Finger31">
                              <matrix>0.4441952 -0.8949345 0.04222352 0.03155845 0.8909186 0.4461976 0.08468726 1.19209e-7 -0.09462957 3.44589e-8 0.9955127 0 0 0 0 1</matrix>
                              <node id="node-Bip01_R_Finger32" name="Bip01_R_Finger32">
                                <matrix>0.1993681 -0.9794357 -0.03095102 0.0336659 0.9799247 0.1992686 0.006297082 2.98023e-8 0 -0.03158513 0.9995011 -2.38419e-7 0 0 0 1</matrix>
                              </node>
                            </node>
                          </node>
                          <node id="node-Bip01_R_Finger4" name="Bip01_R_Finger4">
                            <matrix>0.5925791 -0.789795 -0.1583476 0.1136798 0.7783523 0.6120424 -0.1399001 0.005147398 0.2074078 -0.0403483 0.977422 -0.0388658 0 0 0 1</matrix>
                            <node id="node-Bip01_R_Finger41" name="Bip01_R_Finger41">
                              <matrix>0.4202557 -0.9064696 0.04120623 0.03661621 0.906853 0.4211512 0.01578783 5.96046e-8 -0.03166524 0.03073302 0.9990261 -1.19209e-7 0 0 0 1</matrix>
                              <node id="node-Bip01_R_Finger42" name="Bip01_R_Finger42">
                                <matrix>0.402447 -0.9138247 -0.05441488 0.0177263 0.9154231 0.4021218 0.01728317 0 0.006087571 -0.05676816 0.9983688 1.19209e-7 0 0 0 1</matrix>
                              </node>
                            </node>
                          </node>
                          <node id="node-mount0" name="mount0">
                            <matrix>-6.19188e-7 1 5.2969e-9 0.109539 -0.9999999 -6.56662e-7 4.74975e-7 0.02518263 4.74975e-7 2.2701e-9 1 0.01321673 0 0 0 1</matrix>
                          </node>
                        </node>
                      </node>
                    </node>
                  </node>
                </node>
                <node id="node-Bip01_L_Pauldron_Upper" name="Bip01_L_Pauldron_Upper">
                  <matrix>0.9726582 0.118344 0.1998269 0.176903 0.1843815 -0.9166572 -0.3546033 -0.03908366 0.1412075 0.3817521 -0.9134145 0.2290199 0 0 0 1</matrix>
                </node>
                <node id="node-Bip01_R_Pauldron_Lower" name="Bip01_R_Pauldron_Lower">
                  <matrix sid="matrix">-0.1156725 -0.9403758 -0.3198654 0.172906 0.9097751 -0.2295502 0.3458563 -0.1133294 -0.3986597 -0.2509995 0.8820828 -0.2351094 0 0 0 1</matrix>
                </node>
                <node id="node-Bip01_L_Pauldron_Lower" name="Bip01_L_Pauldron_Lower">
                  <matrix>-0.209997 -0.76872 0.6041284 0.1529202 0.4002343 -0.6313506 -0.6642358 -0.1054225 0.892028 0.1023053 0.4402497 0.2344801 0 0 0 1</matrix>
                </node>
              </node>
            </node>
            <node id="node-Bip01_L_Thigh" name="Bip01_L_Thigh">
              <matrix sid="matrix">-0.9725795 0.1762249 0.1517688 -0.1726138 0.2187556 0.9147346 0.3397155 0.07855304 -0.07896188 0.3636006 -0.9282023 0.1166963 0 0 0 1</matrix>
              <node id="node-Bip01_L_Calf" name="Bip01_L_Calf">
                <matrix sid="matrix">0.7357371 0.6772673 3.72529e-9 0.4629988 -0.6772673 0.7357372 -1.61817e-8 0 2.6077e-8 -8.00937e-8 0.9999999 0 0 0 0 1</matrix>
                <node id="node-Bip01_L_Foot" name="Bip01_L_Foot">
                  <matrix sid="matrix">0.7067696 -0.7035488 -0.07413287 0.3610502 0.7054405 0.6930078 0.1486393 -1.49012e-8 -0.05320032 -0.1573501 0.986109 -7.45058e-9 0 0 0 1</matrix>
                  <node id="node-Bip01_L_Toe0" name="Bip01_L_Toe0">
                    <matrix sid="matrix">-1.16881e-7 -1 7.92556e-7 0.1486307 1 -1.16648e-7 -5.06843e-7 0.1543275 5.06701e-7 7.91624e-7 1 7.45058e-9 0 0 0 1</matrix>
                  </node>
                </node>
              </node>
            </node>
            <node id="node-Bip01_R_Thigh" name="Bip01_R_Thigh">
              <matrix sid="matrix">-0.3401665 0.9395326 0.03956094 -0.2266993 0.9356862 0.3339828 0.113784 -0.03290711 0.09369111 0.0757221 -0.9927177 -0.1061547 0 0 0 1</matrix>
              <node id="node-Bip01_R_Calf" name="Bip01_R_Calf">
                <matrix sid="matrix">-0.09656084 0.9953271 -1.21072e-8 0.4629987 -0.9953271 -0.09656084 -3.07336e-8 0 1.95578e-8 -2.79397e-9 1 -7.45058e-9 0 0 0 1</matrix>
                <node id="node-Bip01_R_Foot" name="Bip01_R_Foot">
                  <matrix sid="matrix">0.9795611 0.1840264 0.0812057 0.3610501 -0.195663 0.9653799 0.1725036 -4.47035e-8 -0.04664909 -0.1848668 0.9816557 2.23517e-8 0 0 0 1</matrix>
                  <node id="node-Bip01_R_Toe0" name="Bip01_R_Toe0">
                    <matrix sid="matrix">-0.3051539 -0.9472734 0.09774533 0.1486306 0.9517195 -0.3069487 -0.003514022 0.1543275 0.0333315 0.09195386 0.9952053 -7.45058e-9 0 0 0 1</matrix>
                  </node>
                </node>
              </node>
            </node>
          </node>
          <node id="node-Bip01_FannyPack" name="Bip01_FannyPack">
            <matrix sid="matrix">-0.9629918 -0.2062316 0.1735378 0.2299508 -0.2083318 0.9780384 0.006227053 -0.1378937 -0.1710108 -0.03015685 -0.9848076 0.01013963 0 0 0 1</matrix>
          </node>
        </node>
        <node id="node-Eye" name="Eye">
          <matrix sid="matrix">0.7792377 0.626718 -0.003663986 0.05961524 -0.6267175 0.7792451 0.001428294 0.07226415 0.003750281 0.001183304 0.9999919 0.7111314 0 0 0 1</matrix>
          <node id="node-cam" name="cam">
            <matrix>1 -6.03104e-8 0 4.84288e-8 6.03104e-8 1 -2.32832e-9 -0.104 0 2.32832e-9 1 0.30056 0 0 0 1</matrix>
          </node>
        </node>
      </node>
      <node id="node-Bounds" name="Bounds">
        <matrix>0.9999915 0.001706907 0.003750479 0 -0.001711356 0.9999978 0.001183292 0.1035326 -0.003748452 -0.0011897 0.9999923 -8.93474e-5 0 0 0 1</matrix>
        <instance_geometry url="#geom-Bounds">
          <bind_material>
            <technique_common>
              <instance_material symbol="ShapeBounds" target="#ShapeBounds-material"/>
            </technique_common>
          </bind_material>
        </instance_geometry>
      </node>
    </visual_scene>
  </library_visual_scenes>
  <library_animations>
    <animation>
      <source id="node-Bip01_matrix-input">
        <float_array id="node-Bip01_matrix-input-array" count="20">8 8.033334 8.066667 8.1 8.133333 8.166667 8.2 8.233334 8.266666 8.3 8.333333 8.366667 8.4 8.433333 8.466666 8.5 8.533334 8.566667 8.6 8.633333</float_array>
        <technique_common>
          <accessor source="#node-Bip01_matrix-input-array" count="20" stride="1">
            <param name="TIME" type="float"/>
          </accessor>
        </technique_common>
      </source>
      <source id="node-Bip01_matrix-output">
        <float_array id="node-Bip01_matrix-output-array" count="320">0.7792375 -0.6267175 0.003750205 -8.10623e-5 0.626718 0.7792453 0.00118339 0.009366631 -0.003663957 0.001428186 0.9999923 0.8592638 0 0 0 1 0.7792375 -0.6267175 0.003750205 -6.55012e-5 0.626718 0.7792453 0.00118339 0.009366631 -0.003663957 0.001428186 0.9999923 0.8491089 0 0 0 1 0.7792375 -0.6267175 0.003750205 -4.18179e-5 0.626718 0.7792453 0.00118339 0.009366631 -0.003663957 0.001428186 0.9999923 0.8360091 0 0 0 1 0.7792375 -0.6267175 0.003750205 -1.74911e-5 0.626718 0.7792453 0.00118339 0.009366631 -0.003663957 0.001428186 0.9999923 0.8250426 0 0 0 1 0.7792375 -0.6267175 0.003750205 0 0.626718 0.7792453 0.00118339 0.009366631 -0.003663957 0.001428186 0.9999923 0.8212879 0 0 0 1 0.7792375 -0.6267175 0.003750205 5.14681e-6 0.626718 0.7792453 0.00118339 0.009366631 -0.003663957 0.001428186 0.9999923 0.8336181 0 0 0 1 0.7792375 -0.6267175 0.003750205 2.57339e-6 0.626718 0.7792453 0.00118339 0.009366631 -0.003663957 0.001428186 0.9999923 0.8557599 0 0 0 1 0.7792375 -0.6267175 0.003750205 0 0.626718 0.7792453 0.00118339 0.009366631 -0.003663957 0.001428186 0.9999923 0.8700709 0 0 0 1 0.7792375 -0.6267175 0.003750205 0 0.626718 0.7792453 0.00118339 0.009366631 -0.003663957 0.001428186 0.9999923 0.867996 0 0 0 1 0.7792375 -0.6267175 0.003750205 0 0.626718 0.7792453 0.00118339 0.009366631 -0.003663957 0.001428186 0.9999923 0.8580906 0 0 0 1 0.7792375 -0.6267175 0.003750205 0 0.626718 0.7792453 0.00118339 0.009366631 -0.003663957 0.001428186 0.9999923 0.8483803 0 0 0 1 0.7792375 -0.6267175 0.003750205 0 0.626718 0.7792453 0.00118339 0.009366631 -0.003663957 0.001428186 0.9999923 0.8390628 0 0 0 1 0.7792375 -0.6267175 0.003750205 0 0.626718 0.7792453 0.00118339 0.009366631 -0.003663957 0.001428186 0.9999923 0.82994 0 0 0 1 0.7792375 -0.6267175 0.003750205 0 0.626718 0.7792453 0.00118339 0.009366631 -0.003663957 0.001428186 0.9999923 0.828444 0 0 0 1 0.7792375 -0.6267175 0.003750205 2.57339e-6 0.626718 0.7792453 0.00118339 0.009366631 -0.003663957 0.001428186 0.9999923 0.8422292 0 0 0 1 0.7792375 -0.6267175 0.003750205 5.14681e-6 0.626718 0.7792453 0.00118339 0.009366631 -0.003663957 0.001428186 0.9999923 0.8636415 0 0 0 1 0.7792375 -0.6267175 0.003750205 0 0.626718 0.7792453 0.00118339 0.009366631 -0.003663957 0.001428186 0.9999923 0.877148 0 0 0 1 0.7792375 -0.6267175 0.003750205 -1.74911e-5 0.626718 0.7792453 0.00118339 0.009366631 -0.003663957 0.001428186 0.9999923 0.8771594 0 0 0 1 0.7792375 -0.6267175 0.003750205 -4.18179e-5 0.626718 0.7792453 0.00118339 0.009366631 -0.003663957 0.001428186 0.9999923 0.8712961 0 0 0 1 0.7792375 -0.6267175 0.003750205 -6.55012e-5 0.626718 0.7792453 0.00118339 0.009366631 -0.003663957 0.001428186 0.9999923 0.8638418 0 0 0 1</float_array>
        <technique_common>
          <accessor source="#node-Bip01_matrix-output-array" count="20" stride="16">
            <param name="TRANSFORM" type="float4x4"/>
          </accessor>
        </technique_common>
      </source>
      <source id="node-Bip01_matrix-interpolation">
        <Name_array id="node-Bip01_matrix-interpolation-array" count="20">LINEAR LINEAR LINEAR LINEAR LINEAR LINEAR LINEAR LINEAR LINEAR LINEAR LINEAR LINEAR LINEAR LINEAR LINEAR LINEAR LINEAR LINEAR LINEAR LINEAR</Name_array>
        <technique_common>
          <accessor source="#node-Bip01_matrix-interpolation-array" count="20" stride="1">
            <param name="INTERPOLATION" type="name"/>
          </accessor>
        </technique_common>
      </source>
      <source id="node-Bip01_Pelvis_matrix-input">
        <float_array id="node-Bip01_Pelvis_matrix-input-array" count="20">8 8.033334 8.066667 8.1 8.133333 8.166667 8.2 8.233334 8.266666 8.3 8.333333 8.366667 8.4 8.433333 8.466666 8.5 8.533334 8.566667 8.6 8.633333</float_array>
        <technique_common>
          <accessor source="#node-Bip01_Pelvis_matrix-input-array" count="20" stride="1">
            <param name="TIME" type="float"/>
          </accessor>
        </technique_common>
      </source>
      <source id="node-Bip01_Pelvis_matrix-output">
        <float_array id="node-Bip01_Pelvis_matrix-output-array" count="320">-0.009626686 0.991236 0.1317526 0 -0.1217413 -0.1319403 0.9837535 0 0.9925152 -0.006569385 0.1219445 0 0 0 0 1 -0.01201665 0.9965293 0.08237147 0 -0.1241871 -0.08322697 0.9887623 0 0.992186 0.001652121 0.1247561 0 0 0 0 1 -0.01410371 0.9998396 0.01104861 0 -0.126014 -0.01273888 0.9919467 0 0.9919282 0.01259785 0.1261734 0 0 0 0 1 -0.008875668 0.9996628 -0.02440351 0 -0.1161357 0.02320885 0.9929622 0 0.9931937 0.01164728 0.1158905 0 0 0 0 1 0.0230081 0.9983714 0.05220222 0 -0.07360363 -0.05038261 0.9960141 0 0.997022 -0.02675867 0.07232451 0 0 0 0 1 0.05400121 0.9890418 0.1374058 0 -0.02888631 -0.1360018 0.9902874 0 0.9981229 -0.05744588 0.02122551 0 0 0 0 1 0.05499166 0.9863837 0.1549944 0 0.001637101 -0.1553182 0.9878632 0 0.9984854 -0.05407047 -0.01015603 0 0 0 0 1 0.04977875 0.9851274 0.1644572 0 0.03396224 -0.1662358 0.985501 0 0.9981826 -0.04347169 -0.04173213 0 0 0 0 1 0.04040366 0.9855288 0.1646226 0 0.06226158 -0.1669201 0.9840027 0 0.9972417 -0.02950763 -0.06810474 0 0 0 0 1 0.02889841 0.9876433 0.1540322 0 0.08057421 -0.1558967 0.9844816 0 0.9963296 -0.01603895 -0.08408379 0 0 0 0 1 0.0176382 0.991236 0.1309209 0 0.08289796 -0.1319403 0.9877853 0 0.9964018 -0.006569683 -0.08449864 0 0 0 0 1 0.003105103 0.9980776 0.06190037 0 0.0335415 -0.06196981 0.9975144 0 0.9994325 -0.001021146 -0.03366941 0 0 0 0 1 -0.006530046 0.9991314 -0.04115539 0 -0.05065912 0.04077291 0.9978835 0 0.9986946 0.008601069 0.05034881 0 0 0 0 1 -0.005906403 0.9940372 -0.1088818 0 -0.09394544 0.1078506 0.9897184 0 0.9955598 0.01607465 0.09274822 0 0 0 0 1 -2.52831e-6 0.9940912 -0.1085491 0 -0.04213351 0.1084527 0.9932084 0 0.999112 0.004576027 0.0418843 0 0 0 0 1 0.01072072 0.9972354 -0.07353061 0 0.05079954 0.07289677 0.9960449 0 0.9986513 -0.01441365 -0.04987758 0 0 0 0 1 0.01961016 0.9992695 -0.03280454 0 0.09777808 0.0307368 0.9947335 0 0.9950151 -0.02271443 -0.09710389 0 0 0 0 1 0.01921153 0.9997724 0.00928688 0 0.06537938 -0.01052492 0.9978049 0 0.9976754 -0.01856219 -0.06556671 0 0 0 0 1 0.01172941 0.998214 0.05857902 0 -0.002564966 -0.05855292 0.9982811 0 0.9999279 -0.01185953 0.001873552 0 0 0 0 1 -1.68778e-4 0.9946817 0.1029968 0 -0.075082 -0.1027187 0.9918729 0 0.9971772 -0.007565796 0.07470005 0 0 0 0 1</float_array>
        <technique_common>
          <accessor source="#node-Bip01_Pelvis_matrix-output-array" count="20" stride="16">
            <param name="TRANSFORM" type="float4x4"/>
          </accessor>
        </technique_common>
      </source>
      <source id="node-Bip01_Pelvis_matrix-interpolation">
        <Name_array id="node-Bip01_Pelvis_matrix-interpolation-array" count="20">LINEAR LINEAR LINEAR LINEAR LINEAR LINEAR LINEAR LINEAR LINEAR LINEAR LINEAR LINEAR LINEAR LINEAR LINEAR LINEAR LINEAR LINEAR LINEAR LINEAR</Name_array>
        <technique_common>
          <accessor source="#node-Bip01_Pelvis_matrix-interpolation-array" count="20" stride="1">
            <param name="INTERPOLATION" type="name"/>
          </accessor>
        </technique_common>
      </source>
      <source id="node-Bip01_Spine_matrix-input">
        <float_array id="node-Bip01_Spine_matrix-input-array" count="20">8 8.033334 8.066667 8.1 8.133333 8.166667 8.2 8.233334 8.266666 8.3 8.333333 8.366667 8.4 8.433333 8.466666 8.5 8.533334 8.566667 8.6 8.633333</float_array>
        <technique_common>
          <accessor source="#node-Bip01_Spine_matrix-input-array" count="20" stride="1">
            <param name="TIME" type="float"/>
          </accessor>
        </technique_common>
      </source>
      <source id="node-Bip01_Spine_matrix-output">
        <float_array id="node-Bip01_Spine_matrix-output-array" count="320">0.9543822 -0.2849871 -0.08909022 0.1975225 0.2101389 0.8530462 -0.4776545 0.02500408 0.2121234 0.4371437 0.8740189 0.02776807 0 0 0 1 0.9533613 -0.2879361 -0.09052646 0.1973935 0.2224847 0.8730644 -0.4338884 0.02678149 0.2039676 0.3935118 0.8964071 0.02701753 0 0 0 1 0.9525184 -0.2904096 -0.09149169 0.1972869 0.2384376 0.8983139 -0.3690249 0.02904844 0.1893566 0.329688 0.9249053 0.02540683 0 0 0 1 0.9555752 -0.2824921 -0.08411031 0.1976774 0.239802 0.9110379 -0.3354181 0.02885329 0.1713806 0.3003473 0.9383072 0.02241677 0 0 0 1 0.9692894 -0.2395293 -0.05571424 0.1992855 0.1974226 0.8929814 -0.4044859 0.02116811 0.1466379 0.3810645 0.9128456 0.01576876 0 0 0 1 0.9802923 -0.1959625 -0.02501749 0.200326 0.1599396 0.8615918 -0.4817457 0.01480805 0.115959 0.4682503 0.8759537 0.007848083 0 0 0 1 0.9828463 -0.1844006 0.003135502 0.2004236 0.1613651 0.8515872 -0.4987592 0.01541066 0.08930134 0.4907096 0.866735 0.002061724 0 0 0 1 0.9834618 -0.1776673 0.03517395 0.2002241 0.1706718 0.8441118 -0.508278 0.01748961 0.06061363 0.5058754 0.8604744 -0.003979027 0 0 0 1 0.9822516 -0.1759725 0.06492787 0.1997869 0.1842879 0.8409507 -0.5087631 0.02028286 0.03492718 0.5116988 0.8584547 -0.009229779 0 0 0 1 0.9799388 -0.1797312 0.08611935 0.1992992 0.1985698 0.8435813 -0.4989397 0.02302247 0.01702636 0.5060311 0.8623472 -0.01269495 0 0 0 1 0.977603 -0.1891306 0.09231555 0.1990147 0.2101386 0.8530464 -0.4776545 0.02500408 0.01158958 0.4863557 0.8736842 -0.01339113 0 0 0 1 0.9740515 -0.2203915 0.05149155 0.1992344 0.2216152 0.882582 -0.4146513 0.02628928 0.0459401 0.4153031 0.9085223 -0.005094826 0 0 0 1 0.9656937 -0.2586008 -0.02369701 0.1988341 0.2378588 0.9174587 -0.3188936 0.02823168 0.1042072 0.302317 0.9474942 0.008911788 0 0 0 1 0.9599856 -0.2725435 -0.06440258 0.1982271 0.2483085 0.93471 -0.2542839 0.02958375 0.1295011 0.2281172 0.9649829 0.01556318 0 0 0 1 0.9681335 -0.249783 -0.01806122 0.1990902 0.2371863 0.9376748 -0.253986 0.02729392 0.08037692 0.2416083 0.9670393 0.00543648 0 0 0 1 0.9761393 -0.2072307 0.0648663 0.1992802 0.2171446 0.9324663 -0.2887123 0.02359437 -6.55569e-4 0.2959088 0.955216 -0.01191914 0 0 0 1 0.9776666 -0.1817775 0.1054745 0.1987902 0.2068099 0.9214128 -0.3289803 0.02199548 -0.03738427 0.3434464 0.9384279 -0.02024877 0 0 0 1 0.9780633 -0.1941745 0.07542347 0.1993108 0.2082867 0.9063603 -0.3675974 0.02283746 0.003017246 0.3752433 0.9269216 -0.01284736 0 0 0 1 0.9741527 -0.2254113 0.01470708 0.1995629 0.2113355 0.8864576 -0.4117406 0.02413308 0.07977372 0.4042063 0.9111824 0.00189948 0 0 0 1 0.964082 -0.2610827 -0.04880654 0.1987012 0.2118455 0.8666936 -0.4516236 0.0248962 0.1602114 0.4250627 0.8908726 0.0175904 0 0 0 1</float_array>
        <technique_common>
          <accessor source="#node-Bip01_Spine_matrix-output-array" count="20" stride="16">
            <param name="TRANSFORM" type="float4x4"/>
          </accessor>
        </technique_common>
      </source>
      <source id="node-Bip01_Spine_matrix-interpolation">
        <Name_array id="node-Bip01_Spine_matrix-interpolation-array" count="20">LINEAR LINEAR LINEAR LINEAR LINEAR LINEAR LINEAR LINEAR LINEAR LINEAR LINEAR LINEAR LINEAR LINEAR LINEAR LINEAR LINEAR LINEAR LINEAR LINEAR</Name_array>
        <technique_common>
          <accessor source="#node-Bip01_Spine_matrix-interpolation-array" count="20" stride="1">
            <param name="INTERPOLATION" type="name"/>
          </accessor>
        </technique_common>
      </source>
      <source id="node-Bip01_R_Pauldron_Lower_matrix-input">
        <float_array id="node-Bip01_R_Pauldron_Lower_matrix-input-array" count="20">8 8.033334 8.066667 8.1 8.133333 8.166667 8.2 8.233334 8.266666 8.3 8.333333 8.366667 8.4 8.433333 8.466666 8.5 8.533334 8.566667 8.6 8.633333</float_array>
        <technique_common>
          <accessor source="#node-Bip01_R_Pauldron_Lower_matrix-input-array" count="20" stride="1">
            <param name="TIME" type="float"/>
          </accessor>
        </technique_common>
      </source>
      <source id="node-Bip01_R_Pauldron_Lower_matrix-output">
        <float_array id="node-Bip01_R_Pauldron_Lower_matrix-output-array" count="320">-0.1156725 -0.9403758 -0.3198654 0.172906 0.9097751 -0.2295502 0.3458563 -0.1133294 -0.3986597 -0.2509995 0.8820828 -0.2351094 0 0 0 1 -0.1156726 -0.9403759 -0.3198654 0.172906 0.9097751 -0.2295503 0.3458564 -0.1133293 -0.3986599 -0.2509995 0.8820828 -0.2351095 0 0 0 1 -0.1156725 -0.9403758 -0.3198654 0.172906 0.909775 -0.2295502 0.3458564 -0.1133294 -0.3986598 -0.2509995 0.8820828 -0.2351094 0 0 0 1 -0.1156724 -0.9403759 -0.3198654 0.1729059 0.9097751 -0.2295503 0.3458564 -0.1133294 -0.3986597 -0.2509995 0.8820827 -0.2351094 0 0 0 1 -0.1073562 -0.9403219 -0.3229091 0.172906 0.9008277 -0.2294285 0.368609 -0.1133294 -0.4206955 -0.2513129 0.8716982 -0.2351095 0 0 0 1 -0.09215825 -0.9403195 -0.3275769 0.172906 0.8826243 -0.2294343 0.4102863 -0.1133293 -0.4609573 -0.2513161 0.8510928 -0.2351094 0 0 0 1 -0.08413279 -0.9403759 -0.3295686 0.172906 0.8719801 -0.2295499 0.4323864 -0.1133294 -0.4822579 -0.2509994 0.8393014 -0.2351094 0 0 0 1 -0.08895516 -0.940337 -0.3284114 0.1729059 0.8784652 -0.2294712 0.4190971 -0.1133294 -0.4694533 -0.251217 0.8464656 -0.2351094 0 0 0 1 -0.09971344 -0.9403042 -0.3254017 0.1729059 0.891982 -0.2293956 0.3895464 -0.1133293 -0.4409375 -0.2514094 0.8616076 -0.2351094 0 0 0 1 -0.1106505 -0.940339 -0.3217449 0.172906 0.9044547 -0.229466 0.3595936 -0.1133293 -0.4119691 -0.2512143 0.8758842 -0.2351094 0 0 0 1 -0.1156724 -0.9403759 -0.3198654 0.1729059 0.9097751 -0.2295503 0.3458564 -0.1133294 -0.3986597 -0.2509995 0.8820827 -0.2351094 0 0 0 1 -0.1156725 -0.9403758 -0.3198654 0.1729059 0.9097751 -0.2295502 0.3458563 -0.1133293 -0.3986597 -0.2509995 0.8820828 -0.2351094 0 0 0 1 -0.1156725 -0.9403759 -0.3198654 0.172906 0.9097751 -0.2295502 0.3458564 -0.1133294 -0.3986598 -0.2509995 0.8820826 -0.2351094 0 0 0 1 -0.1156726 -0.9403759 -0.3198655 0.172906 0.9097751 -0.2295503 0.3458565 -0.1133294 -0.39866 -0.2509995 0.8820827 -0.2351095 0 0 0 1 -0.09971332 -0.9403042 -0.3254016 0.172906 0.891982 -0.2293955 0.3895465 -0.1133294 -0.4409375 -0.2514094 0.8616076 -0.2351094 0 0 0 1 -0.08413261 -0.9403759 -0.3295686 0.1729059 0.8719801 -0.2295497 0.4323864 -0.1133293 -0.482258 -0.2509995 0.8393014 -0.2351094 0 0 0 1 -0.0842328 -0.940375 -0.3295457 0.172906 0.8721176 -0.2295479 0.4321101 -0.1133294 -0.4819918 -0.2510048 0.8394529 -0.2351094 0 0 0 1 -0.08452439 -0.9403723 -0.3294792 0.172906 0.8725168 -0.2295425 0.4313063 -0.1133294 -0.4812178 -0.2510203 0.8398921 -0.2351094 0 0 0 1 -0.0849936 -0.9403678 -0.3293707 0.172906 0.8731579 -0.2295337 0.4300116 -0.1133294 -0.4799706 -0.2510444 0.8405981 -0.2351094 0 0 0 1 -0.08562731 -0.9403622 -0.3292228 0.172906 0.8740196 -0.2295223 0.4282637 -0.1133294 -0.4782868 -0.2510759 0.8415481 -0.2351095 0 0 0 1</float_array>
        <technique_common>
          <accessor source="#node-Bip01_R_Pauldron_Lower_matrix-output-array" count="20" stride="16">
            <param name="TRANSFORM" type="float4x4"/>
          </accessor>
        </technique_common>
      </source>
      <source id="node-Bip01_R_Pauldron_Lower_matrix-interpolation">
        <Name_array id="node-Bip01_R_Pauldron_Lower_matrix-interpolation-array" count="20">LINEAR LINEAR LINEAR LINEAR LINEAR LINEAR LINEAR LINEAR LINEAR LINEAR LINEAR LINEAR LINEAR LINEAR LINEAR LINEAR LINEAR LINEAR LINEAR LINEAR</Name_array>
        <technique_common>
          <accessor source="#node-Bip01_R_Pauldron_Lower_matrix-interpolation-array" count="20" stride="1">
            <param name="INTERPOLATION" type="name"/>
          </accessor>
        </technique_common>
      </source>
      <source id="node-Bip01_L_Thigh_matrix-input">
        <float_array id="node-Bip01_L_Thigh_matrix-input-array" count="20">8 8.033334 8.066667 8.1 8.133333 8.166667 8.2 8.233334 8.266666 8.3 8.333333 8.366667 8.4 8.433333 8.466666 8.5 8.533334 8.566667 8.6 8.633333</float_array>
        <technique_common>
          <accessor source="#node-Bip01_L_Thigh_matrix-input-array" count="20" stride="1">
            <param name="TIME" type="float"/>
          </accessor>
        </technique_common>
      </source>
