<?xml version="1.0" encoding="utf-8"?>
<COLLADA xmlns="http://www.collada.org/2005/11/COLLADASchema" version="1.4.1">
  <asset>
    <contributor>
      <author>MattO</author>
      <authoring_tool>OpenCOLLADA for 3ds Max;  Version: 1.3.0;  Revision: 839M;  Platform: x64;  Configuration: Release_Max2012</authoring_tool>
      <source_data>file:///C:/Dropbox/Prj/GGStout/Ender_SourceArt/Soldier_TP_Ender_Animation_Master.max</source_data>
    </contributor>
    <created>2011-10-10T11:02:59</created>
    <modified>2011-10-10T11:02:59</modified>
    <unit name="meter" meter="1"/>
    <up_axis>Z_UP</up_axis>
  </asset>
  <library_effects>
    <effect id="ShapeBounds">
      <profile_COMMON>
        <technique sid="common">
          <blinn>
            <emission>
              <color>0 0 0 1</color>
            </emission>
            <ambient>
              <color>0.1647059 1 0 1</color>
            </ambient>
            <diffuse>
              <color>0.1647059 1 0 1</color>
            </diffuse>
            <specular>
              <color>0.9 0.9 0.9 1</color>
            </specular>
            <shininess>
              <float>10</float>
            </shininess>
            <reflective>
              <color>0 0 0 1</color>
            </reflective>
            <transparent opaque="A_ONE">
              <color>1 1 1 1</color>
            </transparent>
            <transparency>
              <float>1</float>
            </transparency>
          </blinn>
        </technique>
      </profile_COMMON>
      <extra>
        <technique profile="OpenCOLLADA3dsMax">
          <extended_shader>
            <apply_reflection_dimming>0</apply_reflection_dimming>
            <dim_level>0</dim_level>
            <falloff_type>0</falloff_type>
            <index_of_refraction>1.5</index_of_refraction>
            <opacity_type>0</opacity_type>
            <reflection_level>3</reflection_level>
            <wire_size>1</wire_size>
            <wire_units>0</wire_units>
          </extended_shader>
          <shader>
            <ambient_diffuse_lock>1</ambient_diffuse_lock>
            <ambient_diffuse_texture_lock>1</ambient_diffuse_texture_lock>
            <diffuse_specular_lock>0</diffuse_specular_lock>
            <soften>0.1</soften>
            <use_self_illum_color>0</use_self_illum_color>
          </shader>
        </technique>
      </extra>
    </effect>
  </library_effects>
  <library_materials>
    <material id="ShapeBounds-material" name="ShapeBounds">
      <instance_effect url="#ShapeBounds"/>
    </material>
  </library_materials>
  <library_geometries>
    <geometry id="geom-Bounds" name="Bounds">
      <mesh>
        <source id="geom-Bounds-positions">
          <float_array id="geom-Bounds-positions-array" count="24">-0.425 -0.425 0 0.425 -0.425 0 -0.425 0.425 0 0.425 0.425 0 -0.425 -0.425 1.84 0.425 -0.425 1.84 -0.425 0.425 1.84 0.425 0.425 1.84</float_array>
          <technique_common>
            <accessor source="#geom-Bounds-positions-array" count="8" stride="3">
              <param name="X" type="float"/>
              <param name="Y" type="float"/>
              <param name="Z" type="float"/>
            </accessor>
          </technique_common>
        </source>
        <source id="geom-Bounds-normals">
          <float_array id="geom-Bounds-normals-array" count="72">0 0 -1 0 0 -1 0 0 -1 0 0 -1 0 0 1 0 0 1 0 0 1 0 0 1 0 -1 0 0 -1 0 0 -1 0 0 -1 0 1 0 0 1 0 0 1 0 0 1 0 0 0 1 0 0 1 0 0 1 0 0 1 0 -1 0 0 -1 0 0 -1 0 0 -1 0 0</float_array>
          <technique_common>
            <accessor source="#geom-Bounds-normals-array" count="24" stride="3">
              <param name="X" type="float"/>
              <param name="Y" type="float"/>
              <param name="Z" type="float"/>
            </accessor>
          </technique_common>
        </source>
        <source id="geom-Bounds-map1">
          <float_array id="geom-Bounds-map1-array" count="36">0 0 0 1 0 0 0 1 0 1 1 0 0 0 0 1 0 0 0 1 0 1 1 0 0 0 0 1 0 0 0 1 0 1 1 0</float_array>
          <technique_common>
            <accessor source="#geom-Bounds-map1-array" count="12" stride="3">
              <param name="S" type="float"/>
              <param name="T" type="float"/>
              <param name="P" type="float"/>
            </accessor>
          </technique_common>
        </source>
        <vertices id="geom-Bounds-vertices">
          <input semantic="POSITION" source="#geom-Bounds-positions"/>
        </vertices>
        <triangles material="ShapeBounds" count="12">
          <input semantic="VERTEX" source="#geom-Bounds-vertices" offset="0"/>
          <input semantic="NORMAL" source="#geom-Bounds-normals" offset="1"/>
          <input semantic="TEXCOORD" source="#geom-Bounds-map1" offset="2" set="0"/>
          <p>0 0 9 2 1 11 3 2 10 3 2 10 1 3 8 0 0 9 4 4 8 5 5 9 7 6 11 7 6 11 6 7 10 4 4 8 0 8 4 1 9 5 5 10 7 5 10 7 4 11 6 0 8 4 1 12 0 3 13 1 7 14 3 7 14 3 5 15 2 1 12 0 3 16 4 2 17 5 6 18 7 6 18 7 7 19 6 3 16 4 2 20 0 0 21 1 4 22 3 4 22 3 6 23 2 2 20 0</p>
        </triangles>
      </mesh>
      <extra>
        <technique profile="OpenCOLLADA3dsMax">
          <max_box>
            <generateuvs>1</generateuvs>
            <height>1.84</height>
            <heightsegments>1</heightsegments>
            <length>0.85</length>
            <lengthsegments>1</lengthsegments>
            <width>0.85</width>
            <widthsegments>1</widthsegments>
          </max_box>
        </technique>
      </extra>
    </geometry>
  </library_geometries>
  <library_lights>
    <light id="EnvironmentAmbientLight" name="EnvironmentAmbientLight">
      <technique_common>
        <ambient>
          <color>0 0 0</color>
        </ambient>
      </technique_common>
    </light>
  </library_lights>
  <library_visual_scenes>
    <visual_scene id="MaxScene">
      <node name="EnvironmentAmbientLight">
        <instance_light url="#EnvironmentAmbientLight"/>
      </node>
      <node id="node-Bip01" name="Bip01">
        <matrix sid="matrix">0.7792375 -0.6267175 0.003750234 -8.10623e-5 0.626718 0.7792453 0.001183394 0.009366653 -0.003664005 0.001428194 0.9999923 0.5661784 0 0 0 1</matrix>
        <node id="node-Bip01_Pelvis" name="Bip01_Pelvis">
          <matrix sid="matrix">-0.009626728 0.991236 0.1317526 0 -0.1217413 -0.1319404 0.9837535 0 0.9925151 -0.0065694 0.1219445 0 0 0 0 1</matrix>
          <node id="node-Bip01_Spine" name="Bip01_Spine">
            <matrix sid="matrix">0.9543822 -0.2849871 -0.08909023 0.1975225 0.2101389 0.8530462 -0.4776545 0.02500415 0.2121235 0.4371437 0.8740189 0.02776814 0 0 0 1</matrix>
            <node id="node-Bip01_Spine1" name="Bip01_Spine1">
              <matrix>0.9965124 0.05406573 -0.06356053 0.1022243 -0.05553558 0.9982233 -0.02158957 -1.00866e-4 0.06228034 0.02504407 0.9977445 -2.52761e-6 0 0 0 1</matrix>
              <node id="node-Bip01_Spine2" name="Bip01_Spine2">
                <matrix>0.9777662 -0.1711879 0.1211107 0.1268954 0.1757437 0.98404 -0.02791213 -1.68547e-4 -0.1143996 0.04857606 0.9922464 -8.31112e-6 0 0 0 1</matrix>
                <node id="node-Bip01_Neck" name="Bip01_Neck">
                  <matrix>0.8154699 -0.4308033 -0.3865455 0.2151071 0.374628 0.9019333 -0.2148724 -4.97103e-5 0.441206 0.03041115 0.8968903 -1.66893e-6 0 0 0 1</matrix>
                  <node id="node-Bip01_Head" name="Bip01_Head">
                    <matrix>0.9070899 0.4132928 0.07985432 0.0705182 -0.3881006 0.8945988 -0.2215192 -0.01395923 -0.16299 0.1699463 0.9718809 -2.98023e-8 0 0 0 1</matrix>
                    <node id="node-AltEye" name="AltEye">
                      <matrix>0.03048621 0.397182 0.9172338 0.06454706 0.03236803 0.9167866 -0.3980641 0.2214611 -0.9990112 0.04182417 0.0150932 0.04716256 0 0 0 1</matrix>
                    </node>
                  </node>
                  <node id="node-Bip01_L_Clavicle" name="Bip01_L_Clavicle">
                    <matrix>0.2187271 -0.1937395 0.9563594 0.00844872 0.4802902 -0.8317719 -0.2783466 -0.0120917 0.8493997 0.520212 -0.08887984 0.0724604 0 0 0 1</matrix>
                    <node id="node-Bip01_L_UpperArm" name="Bip01_L_UpperArm">
                      <matrix>0.4866937 0.5539697 0.6754603 0.1824006 -0.8575155 0.1553905 0.4904296 2.98023e-8 0.166723 -0.8179067 0.5506652 1.19209e-7 0 0 0 1</matrix>
                      <node id="node-Bip01_L_Forearm" name="Bip01_L_Forearm">
                        <matrix>0.8201932 0.5720867 1.49012e-8 0.284369 -0.5720868 0.8201934 0 5.96046e-8 7.45058e-8 -2.98023e-8 1 0 0 0 0 1</matrix>
                        <node id="node-Bip01_L_Hand" name="Bip01_L_Hand">
                          <matrix>0.8481607 0.3730101 -0.3761472 0.281068 -0.03463703 0.7475916 0.663255 -1.78814e-7 0.5286052 -0.5495182 0.646998 5.96046e-8 0 0 0 1</matrix>
                          <node id="node-Bip01_L_Finger0" name="Bip01_L_Finger0">
                            <matrix>0.6591593 0.3903028 0.6427851 0.02119672 0.6535139 0.125593 -0.7464221 -0.004734278 -0.37206 0.91208 -0.1722827 -0.02572191 0 0 0 1</matrix>
                            <node id="node-Bip01_L_Finger01" name="Bip01_L_Finger01">
                              <matrix>0.8583043 -0.5131413 -7.45058e-9 0.04982853 0.5131413 0.8583044 -2.98023e-8 2.98023e-8 1.49012e-8 2.98023e-8 1 0 0 0 0 1</matrix>
                              <node id="node-Bip01_L_Finger02" name="Bip01_L_Finger02">
                                <matrix>0.6525693 -0.7577289 -1.49012e-8 0.05202246 0.7577291 0.6525692 0 -2.98023e-8 -2.98023e-8 3.72529e-9 0.9999999 -1.19209e-7 0 0 0 1</matrix>
                              </node>
                            </node>
                          </node>
                          <node id="node-Bip01_L_Finger1" name="Bip01_L_Finger1">
                            <matrix>0.8743499 -0.4850004 -0.01693496 0.1199946 0.4823663 0.872371 -0.07931915 -0.008367658 0.05324339 0.06118387 0.9967054 -0.04101387 0 0 0 1</matrix>
                            <node id="node-Bip01_L_Finger11" name="Bip01_L_Finger11">
                              <matrix>0.2787537 -0.9603626 0 0.0364418 0.9603626 0.2787537 2.98023e-8 1.19209e-7 0 -7.45058e-9 1 5.96046e-8 0 0 0 1</matrix>
                              <node id="node-Bip01_L_Finger12" name="Bip01_L_Finger12">
                                <matrix>0.8119802 -0.5836849 0 0.03117537 0.583685 0.8119803 0 0 0 0 1 -2.98023e-8 0 0 0 1</matrix>
                              </node>
                            </node>
                          </node>
                          <node id="node-Bip01_L_Finger2" name="Bip01_L_Finger2">
                            <matrix>0.647273 -0.735232 -0.2011753 0.1229538 0.7556679 0.6535555 0.04279059 -0.008802116 0.1000182 -0.1797189 0.9786202 -0.01328245 0 0 0 1</matrix>
                            <node id="node-Bip01_L_Finger21" name="Bip01_L_Finger21">
                              <matrix>0.6013958 -0.7989514 1.49012e-8 0.0389553 0.7989515 0.6013958 0 0 -5.96046e-8 1.49012e-8 1 5.96046e-8 0 0 0 1</matrix>
                              <node id="node-Bip01_L_Finger22" name="Bip01_L_Finger22">
                                <matrix>0.8644754 -0.5026752 0 0.03800529 0.5026752 0.8644754 0 0 5.96046e-8 -1.49012e-8 1 -5.96046e-8 0 0 0 1</matrix>
                              </node>
                            </node>
                          </node>
                          <node id="node-Bip01_L_Finger3" name="Bip01_L_Finger3">
                            <matrix>0.3854292 -0.8817467 -0.271969 0.1211882 0.9217518 0.3815321 0.06932965 -0.001191258 0.0426337 -0.2774096 0.9598053 0.01196867 0 0 0 1</matrix>
                            <node id="node-Bip01_L_Finger31" name="Bip01_L_Finger31">
                              <matrix>0.9381478 -0.3462352 2.98023e-8 0.03155851 0.3462352 0.9381478 0 1.19209e-7 2.98023e-8 -4.47035e-8 1 5.96046e-8 0 0 0 1</matrix>
                              <node id="node-Bip01_L_Finger32" name="Bip01_L_Finger32">
                                <matrix>0.6529357 -0.7574133 0 0.03366598 0.7574134 0.6529358 -1.49012e-8 -1.19209e-7 -8.9407e-8 2.98023e-8 1 -5.96046e-8 0 0 0 1</matrix>
                              </node>
                            </node>
                          </node>
                          <node id="node-Bip01_L_Finger4" name="Bip01_L_Finger4">
                            <matrix>0.7005675 -0.700558 -0.1357337 0.1136796 0.7135146 0.6850148 0.1471445 0.005147457 -0.01010364 -0.1999326 0.9797575 0.03886572 0 0 0 1</matrix>
                            <node id="node-Bip01_L_Finger41" name="Bip01_L_Finger41">
                              <matrix>0.7966627 -0.6044243 -1.49012e-8 0.03661621 0.6044244 0.7966627 5.96046e-8 -1.19209e-7 0 2.98023e-8 1 -5.96046e-8 0 0 0 1</matrix>
                              <node id="node-Bip01_L_Finger42" name="Bip01_L_Finger42">
                                <matrix>0.8880922 -0.4596653 2.98023e-8 0.0177263 0.4596653 0.8880923 0 0 -2.98023e-8 -1.11759e-8 1 5.96046e-8 0 0 0 1</matrix>
                              </node>
                            </node>
                          </node>
                        </node>
                      </node>
                    </node>
                  </node>
                  <node id="node-Bip01_R_Clavicle" name="Bip01_R_Clavicle">
                    <matrix>-0.4367577 -0.5517114 -0.7105329 -0.05186164 0.5680685 -0.7815932 0.2577017 -0.0162484 -0.6975248 -0.2910782 0.6547769 -0.05013978 0 0 0 1</matrix>
                    <node id="node-Bip01_R_UpperArm" name="Bip01_R_UpperArm">
                      <matrix>0.6536192 0.5794651 -0.4868286 0.1824006 -0.7208139 0.6726913 -0.1670742 2.98023e-8 0.2306716 0.4601158 0.8573704 0 0 0 0 1</matrix>
                      <node id="node-Bip01_R_Forearm" name="Bip01_R_Forearm">
                        <matrix>-0.2263137 0.9740543 -2.98023e-8 0.2843688 -0.9740545 -0.2263137 -4.47035e-8 0 5.96046e-8 2.98023e-8 0.9999999 0 0 0 0 1</matrix>
                        <node id="node-Bip01_R_Hand" name="Bip01_R_Hand">
                          <matrix>0.6512828 0.3417338 0.6775312 0.281068 0.7584221 -0.2636937 -0.5960381 -5.96046e-8 -0.02502569 0.9020441 -0.4309178 -5.96046e-8 0 0 0 1</matrix>
                          <node id="node-Bip01_R_Finger0" name="Bip01_R_Finger0">
                            <matrix>0.5215105 0.2690131 -0.8097274 0.02119681 0.7250717 0.3605265 0.5867639 -0.004734248 0.4497754 -0.893114 -0.007035502 0.02572191 0 0 0 1</matrix>
                            <node id="node-Bip01_R_Finger01" name="Bip01_R_Finger01">
                              <matrix>0.6055624 -0.7636236 0.2239934 0.04982859 0.719188 0.6456373 0.2567512 -1.19209e-7 -0.3406797 0.005614528 0.9401628 0 0 0 0 1</matrix>
                              <node id="node-Bip01_R_Finger02" name="Bip01_R_Finger02">
                                <matrix>0.9505157 -0.3106765 -2.98023e-8 0.05202241 0.3106765 0.9505158 0 1.19209e-7 -2.23517e-8 -3.72529e-8 0.9999999 0 0 0 0 1</matrix>
                              </node>
                            </node>
                          </node>
                          <node id="node-Bip01_R_Finger1" name="Bip01_R_Finger1">
                            <matrix>0.9820225 -0.1733428 -0.0747267 0.1199947 0.1795577 0.9799358 0.08651493 -0.008367568 0.05823064 -0.09837732 0.993444 0.04101408 0 0 0 1</matrix>
                            <node id="node-Bip01_R_Finger11" name="Bip01_R_Finger11">
                              <matrix>0.8240547 -0.5665103 3.72529e-9 0.03644168 0.5665102 0.8240547 0 0 -3.72529e-9 0 1 -1.19209e-7 0 0 0 1</matrix>
                              <node id="node-Bip01_R_Finger12" name="Bip01_R_Finger12">
                                <matrix>0.8146399 -0.5796779 0.01831833 0.03117542 0.5799673 0.8142335 -0.02573052 1.19209e-7 1.49012e-8 0.03158512 0.9995013 -1.19209e-7 0 0 0 1</matrix>
                              </node>
                            </node>
                          </node>
                          <node id="node-Bip01_R_Finger2" name="Bip01_R_Finger2">
                            <matrix>0.6754014 -0.7374503 -1.52119e-4 0.1229537 0.7368312 0.6748428 -0.04082684 -0.008802027 0.03021043 0.02746242 0.9991663 0.01328242 0 0 0 1</matrix>
                            <node id="node-Bip01_R_Finger21" name="Bip01_R_Finger21">
                              <matrix>0.5508358 -0.8338858 -0.03484871 0.03895517 0.832222 0.5519369 -0.05265063 5.96046e-8 0.0631389 -7.91624e-9 0.9980048 0 0 0 0 1</matrix>
                              <node id="node-Bip01_R_Finger22" name="Bip01_R_Finger22">
                                <matrix>0.1984735 -0.9799247 0.01886613 0.03800541 0.9755274 0.1993681 0.09272985 -2.98023e-8 -0.09462957 7.45058e-9 0.9955125 1.19209e-7 0 0 0 1</matrix>
                              </node>
                            </node>
                          </node>
                          <node id="node-Bip01_R_Finger3" name="Bip01_R_Finger3">
                            <matrix>0.7159052 -0.6949216 0.06755452 0.1211881 0.6883786 0.6863562 -0.234627 -0.001191199 0.1166809 0.2144738 0.9697351 -0.01196873 0 0 0 1</matrix>
                            <node id="node-Bip01_R_Finger31" name="Bip01_R_Finger31">
                              <matrix>0.4441952 -0.8949345 0.0422235 0.03155842 0.8909186 0.4461976 0.08468726 5.96046e-8 -0.09462954 3.09665e-8 0.9955127 0 0 0 0 1</matrix>
                              <node id="node-Bip01_R_Finger32" name="Bip01_R_Finger32">
                                <matrix>0.1993681 -0.9794358 -0.03095102 0.0336659 0.9799247 0.1992687 0.006297082 8.9407e-8 -1.30385e-8 -0.03158511 0.9995012 -2.38419e-7 0 0 0 1</matrix>
                              </node>
                            </node>
                          </node>
                          <node id="node-Bip01_R_Finger4" name="Bip01_R_Finger4">
                            <matrix>0.5925791 -0.789795 -0.1583476 0.1136797 0.7783523 0.6120424 -0.1399001 0.005147368 0.2074078 -0.0403483 0.977422 -0.03886592 0 0 0 1</matrix>
                            <node id="node-Bip01_R_Finger41" name="Bip01_R_Finger41">
                              <matrix>0.4202556 -0.9064697 0.04120623 0.03661618 0.9068531 0.4211511 0.01578783 0 -0.03166522 0.03073305 0.9990261 -5.96046e-8 0 0 0 1</matrix>
                              <node id="node-Bip01_R_Finger42" name="Bip01_R_Finger42">
                                <matrix>0.4024469 -0.9138246 -0.05441486 0.01772636 0.915423 0.4021217 0.01728316 0 0.006087631 -0.05676817 0.9983688 2.38419e-7 0 0 0 1</matrix>
                              </node>
                            </node>
                          </node>
                          <node id="node-mount0" name="mount0">
                            <matrix>-6.19188e-7 1 5.2969e-9 0.1095391 -0.9999999 -6.56662e-7 4.74975e-7 0.0251826 4.74975e-7 2.2701e-9 1 0.01321661 0 0 0 1</matrix>
                          </node>
                        </node>
                      </node>
                    </node>
                  </node>
                </node>
                <node id="node-Bip01_L_Pauldron_Upper" name="Bip01_L_Pauldron_Upper">
                  <matrix>0.9726582 0.118344 0.1998269 0.176903 0.1843815 -0.9166572 -0.3546033 -0.03908369 0.1412075 0.3817521 -0.9134145 0.2290199 0 0 0 1</matrix>
                </node>
                <node id="node-Bip01_R_Pauldron_Lower" name="Bip01_R_Pauldron_Lower">
                  <matrix sid="matrix">-0.1156725 -0.9403758 -0.3198654 0.172906 0.9097751 -0.2295502 0.3458563 -0.1133294 -0.3986597 -0.2509995 0.8820828 -0.2351094 0 0 0 1</matrix>
                </node>
                <node id="node-Bip01_L_Pauldron_Lower" name="Bip01_L_Pauldron_Lower">
                  <matrix>-0.209997 -0.76872 0.6041284 0.1529202 0.4002343 -0.6313506 -0.6642358 -0.1054225 0.892028 0.1023053 0.4402497 0.2344801 0 0 0 1</matrix>
                </node>
              </node>
            </node>
            <node id="node-Bip01_L_Thigh" name="Bip01_L_Thigh">
              <matrix sid="matrix">-0.7110497 0.6960132 0.09986962 -0.1726139 0.6127477 0.54369 0.5735343 0.07855307 0.3448893 0.4690063 -0.8130711 0.1166963 0 0 0 1</matrix>
              <node id="node-Bip01_L_Calf" name="Bip01_L_Calf">
                <matrix sid="matrix">-0.6854242 0.7281438 0 0.4629987 -0.7281439 -0.6854243 0 -2.98023e-8 3.07336e-8 -3.35276e-8 1 0 0 0 0 1</matrix>
                <node id="node-Bip01_L_Foot" name="Bip01_L_Foot">
                  <matrix sid="matrix">0.6452034 -0.7581674 0.09431396 0.3610501 0.7632598 0.6451116 -0.03557578 0 -0.03387069 0.09493975 0.9949067 -1.49012e-8 0 0 0 1</matrix>
                  <node id="node-Bip01_L_Toe0" name="Bip01_L_Toe0">
                    <matrix sid="matrix">-0.5 -0.8660254 1.2028e-6 0.1486307 0.8660253 -0.5 3.01749e-7 0.1543275 3.4133e-7 1.19209e-6 1 0 0 0 0 1</matrix>
                  </node>
                </node>
              </node>
            </node>
            <node id="node-Bip01_R_Thigh" name="Bip01_R_Thigh">
              <matrix sid="matrix">-0.0362839 0.9897079 -0.1384262 -0.2266994 0.9964632 0.02532519 -0.08012255 -0.03290707 -0.07579217 -0.1408438 -0.9871265 -0.1061547 0 0 0 1</matrix>
              <node id="node-Bip01_R_Calf" name="Bip01_R_Calf">
                <matrix sid="matrix">-0.5837122 0.8119608 2.6077e-8 0.4629988 -0.8119606 -0.5837121 0 0 7.45058e-9 2.23517e-8 1 4.09782e-8 0 0 0 1</matrix>
                <node id="node-Bip01_R_Foot" name="Bip01_R_Foot">
                  <matrix sid="matrix">0.5641768 -0.8158505 0.1268562 0.3610501 0.8091509 0.5769008 0.1116269 -1.49012e-8 -0.1642543 0.03966859 0.98562 -2.98023e-8 0 0 0 1</matrix>
                  <node id="node-Bip01_R_Toe0" name="Bip01_R_Toe0">
                    <matrix sid="matrix">-0.3051539 -0.9472735 0.0977453 0.1486307 0.9517196 -0.3069488 -0.003513923 0.1543275 0.03333147 0.09195384 0.9952054 -3.35276e-8 0 0 0 1</matrix>
                  </node>
                </node>
              </node>
            </node>
          </node>
          <node id="node-Bip01_FannyPack" name="Bip01_FannyPack">
            <matrix sid="matrix">-0.9629918 -0.2062316 0.1735378 0.2299507 -0.2083318 0.9780384 0.006227053 -0.1378937 -0.1710108 -0.03015685 -0.9848076 0.01013963 0 0 0 1</matrix>
          </node>
        </node>
        <node id="node-Eye" name="Eye">
          <matrix sid="matrix">0.7792377 0.626718 -0.00366393 0.05858681 -0.6267177 0.7792451 0.001428364 0.072665 0.003750281 0.001183155 0.999992 0.472755 0 0 0 1</matrix>
          <node id="node-cam" name="cam">
            <matrix>1 -6.03104e-8 0 4.84288e-8 6.03104e-8 1 -2.32832e-9 -0.104 0 2.32831e-9 1 0.3005601 0 0 0 1</matrix>
          </node>
        </node>
      </node>
      <node id="node-Bounds" name="Bounds">
        <matrix>0.9999915 0.001706907 0.003750479 0 -0.001711356 0.9999978 0.001183292 0.1035326 -0.003748452 -0.0011897 0.9999923 -8.93474e-5 0 0 0 1</matrix>
        <instance_geometry url="#geom-Bounds">
          <bind_material>
            <technique_common>
              <instance_material symbol="ShapeBounds" target="#ShapeBounds-material"/>
            </technique_common>
          </bind_material>
        </instance_geometry>
      </node>
    </visual_scene>
  </library_visual_scenes>
  <library_animations>
    <animation>
      <source id="node-Bip01_matrix-input">
        <float_array id="node-Bip01_matrix-input-array" count="30">14.66667 14.7 14.73333 14.76667 14.8 14.83333 14.86667 14.9 14.93333 14.96667 15 15.03333 15.06667 15.1 15.13333 15.16667 15.2 15.23333 15.26667 15.3 15.33333 15.36667 15.4 15.43333 15.46667 15.5 15.53333 15.56667 15.6 15.63333</float_array>
        <technique_common>
          <accessor source="#node-Bip01_matrix-input-array" count="30" stride="1">
            <param name="TIME" type="float"/>
          </accessor>
        </technique_common>
      </source>
      <source id="node-Bip01_matrix-output">
        <float_array id="node-Bip01_matrix-output-array" count="480">0.7792375 -0.6267175 0.003750205 -8.10623e-5 0.626718 0.7792453 0.00118339 0.009366631 -0.003663957 0.001428186 0.9999923 0.5661784 0 0 0 1 0.7792375 -0.6267175 0.003750205 -7.33961e-5 0.626718 0.7792453 0.00118339 0.009366631 -0.003663957 0.001428186 0.9999923 0.5697593 0 0 0 1 0.7792375 -0.6267175 0.003750205 -6.34079e-5 0.626718 0.7792453 0.00118339 0.009366631 -0.003663957 0.001428186 0.9999923 0.5744404 0 0 0 1 0.7792375 -0.6267175 0.003750205 -5.19062e-5 0.626718 0.7792453 0.00118339 0.009366631 -0.003663957 0.001428186 0.9999923 0.5796849 0 0 0 1 0.7792375 -0.6267175 0.003750205 -3.96998e-5 0.626718 0.7792453 0.00118339 0.009366631 -0.003663957 0.001428186 0.9999923 0.5849562 0 0 0 1 0.7792375 -0.6267175 0.003750205 -2.75972e-5 0.626718 0.7792453 0.00118339 0.009366631 -0.003663957 0.001428186 0.9999923 0.589718 0 0 0 1 0.7792375 -0.6267175 0.003750205 -1.64073e-5 0.626718 0.7792453 0.00118339 0.009366631 -0.003663957 0.001428186 0.9999923 0.5934335 0 0 0 1 0.7792375 -0.6267175 0.003750205 -6.93869e-6 0.626718 0.7792453 0.00118339 0.009366631 -0.003663957 0.001428186 0.9999923 0.5955662 0 0 0 1 0.7792375 -0.6267175 0.003750205 0 0.626718 0.7792453 0.00118339 0.009366631 -0.003663957 0.001428186 0.9999923 0.5955798 0 0 0 1 0.7792375 -0.6267175 0.003750205 3.97039e-6 0.626718 0.7792453 0.00118339 0.009366631 -0.003663957 0.001428186 0.9999923 0.5920298 0 0 0 1 0.7792375 -0.6267175 0.003750205 5.51444e-6 0.626718 0.7792453 0.00118339 0.009366631 -0.003663957 0.001428186 0.9999923 0.5848466 0 0 0 1 0.7792375 -0.6267175 0.003750205 5.29388e-6 0.626718 0.7792453 0.00118339 0.009366631 -0.003663957 0.001428186 0.9999923 0.575555 0 0 0 1 0.7792375 -0.6267175 0.003750205 3.97038e-6 0.626718 0.7792453 0.00118339 0.009366631 -0.003663957 0.001428186 0.9999923 0.5656797 0 0 0 1 0.7792375 -0.6267175 0.003750205 2.20576e-6 0.626718 0.7792453 0.00118339 0.009366631 -0.003663957 0.001428186 0.9999923 0.5567461 0 0 0 1 0.7792375 -0.6267175 0.003750205 6.61729e-7 0.626718 0.7792453 0.00118339 0.009366631 -0.003663957 0.001428186 0.9999923 0.5502787 0 0 0 1 0.7792375 -0.6267175 0.003750205 0 0.626718 0.7792453 0.00118339 0.009366631 -0.003663957 0.001428186 0.9999923 0.5478026 0 0 0 1 0.7792375 -0.6267175 0.003750205 5.91079e-7 0.626718 0.7792453 0.00118339 0.009366631 -0.003663957 0.001428186 0.9999923 0.5497606 0 0 0 1 0.7792375 -0.6267175 0.003750205 2.02656e-6 0.626718 0.7792453 0.00118339 0.009366631 -0.003663957 0.001428186 0.9999923 0.5549044 0 0 0 1 0.7792375 -0.6267175 0.003750205 3.7998e-6 0.626718 0.7792453 0.00118339 0.009366631 -0.003663957 0.001428186 0.9999923 0.562222 0 0 0 1 0.7792375 -0.6267175 0.003750205 5.40415e-6 0.626718 0.7792453 0.00118339 0.009366631 -0.003663957 0.001428186 0.9999923 0.5707014 0 0 0 1 0.7792375 -0.6267175 0.003750205 6.33299e-6 0.626718 0.7792453 0.00118339 0.009366631 -0.003663957 0.001428186 0.9999923 0.5793305 0 0 0 1 0.7792375 -0.6267175 0.003750205 6.07967e-6 0.626718 0.7792453 0.00118339 0.009366631 -0.003663957 0.001428186 0.9999923 0.5870971 0 0 0 1 0.7792375 -0.6267175 0.003750205 4.13756e-6 0.626718 0.7792453 0.00118339 0.009366631 -0.003663957 0.001428186 0.9999923 0.5929893 0 0 0 1 0.7792375 -0.6267175 0.003750205 0 0.626718 0.7792453 0.00118339 0.009366631 -0.003663957 0.001428186 0.9999923 0.595995 0 0 0 1 0.7792375 -0.6267175 0.003750205 -7.63353e-6 0.626718 0.7792453 0.00118339 0.009366631 -0.003663957 0.001428186 0.9999923 0.5955476 0 0 0 1 0.7792375 -0.6267175 0.003750205 -1.88278e-5 0.626718 0.7792453 0.00118339 0.009366631 -0.003663957 0.001428186 0.9999923 0.592348 0 0 0 1 0.7792375 -0.6267175 0.003750205 -3.22357e-5 0.626718 0.7792453 0.00118339 0.009366631 -0.003663957 0.001428186 0.9999923 0.5872852 0 0 0 1 0.7792375 -0.6267175 0.003750205 -4.65106e-5 0.626718 0.7792453 0.00118339 0.009366631 -0.003663957 0.001428186 0.9999923 0.5812478 0 0 0 1 0.7792375 -0.6267175 0.003750205 -6.03045e-5 0.626718 0.7792453 0.00118339 0.009366631 -0.003663957 0.001428186 0.9999923 0.575125 0 0 0 1 0.7792375 -0.6267175 0.003750205 -7.22708e-5 0.626718 0.7792453 0.00118339 0.009366631 -0.003663957 0.001428186 0.9999923 0.5698056 0 0 0 1</float_array>
        <technique_common>
          <accessor source="#node-Bip01_matrix-output-array" count="30" stride="16">
            <param name="TRANSFORM" type="float4x4"/>
          </accessor>
        </technique_common>
      </source>
      <source id="node-Bip01_matrix-interpolation">
        <Name_array id="node-Bip01_matrix-interpolation-array" count="30">LINEAR LINEAR LINEAR LINEAR LINEAR LINEAR LINEAR LINEAR LINEAR LINEAR LINEAR LINEAR LINEAR LINEAR LINEAR LINEAR LINEAR LINEAR LINEAR LINEAR LINEAR LINEAR LINEAR LINEAR LINEAR LINEAR LINEAR LINEAR LINEAR LINEAR</Name_array>
        <technique_common>
          <accessor source="#node-Bip01_matrix-interpolation-array" count="30" stride="1">
            <param name="INTERPOLATION" type="name"/>
          </accessor>
        </technique_common>
      </source>
      <source id="node-Bip01_Pelvis_matrix-input">
        <float_array id="node-Bip01_Pelvis_matrix-input-array" count="30">14.66667 14.7 14.73333 14.76667 14.8 14.83333 14.86667 14.9 14.93333 14.96667 15 15.03333 15.06667 15.1 15.13333 15.16667 15.2 15.23333 15.26667 15.3 15.33333 15.36667 15.4 15.43333 15.46667 15.5 15.53333 15.56667 15.6 15.63333</float_array>
        <technique_common>
          <accessor source="#node-Bip01_Pelvis_matrix-input-array" count="30" stride="1">
            <param name="TIME" type="float"/>
          </accessor>
        </technique_common>
      </source>
      <source id="node-Bip01_Pelvis_matrix-output">
        <float_array id="node-Bip01_Pelvis_matrix-output-array" count="480">-0.009626686 0.991236 0.1317526 0 -0.1217413 -0.1319403 0.9837535 0 0.9925152 -0.006569385 0.1219445 0 0 0 0 1 -0.005043148 0.9930222 0.1178199 0 -0.1000073 -0.1177316 0.9879969 0 0.994974 -0.006800174 0.09990322 0 0 0 0 1 7.84784e-4 0.9949009 0.100854 0 -0.07005631 -0.1005516 0.9924624 0 0.9975426 -0.007844328 0.06962013 0 0 0 0 1 0.006914794 0.9966645 0.0813148 0 -0.03510582 -0.0810247 0.9960937 0 0.9993597 -0.009742379 0.03442841 0 0 0 0 1 0.01252168 0.9981347 0.05975389 0 0.001542627 -0.05977779 0.9982106 0 0.9999204 -0.01240706 -0.002288281 0 0 0 0 1 0.01694852 0.9991782 0.03682124 0 0.0365262 -0.03742063 0.9986318 0 0.9991889 -0.01558041 -0.03713041 0 0 0 0 1 0.01973897 0.9997175 0.01324313 0 0.06646388 -0.01452845 0.9976832 0 0.9975936 -0.01881307 -0.06673187 0 0 0 0 1 0.02064532 0.9997346 -0.01021748 0 0.08799332 0.008363068 0.996086 0 0.9959071 -0.02146357 -0.08779728 0 0 0 0 1 0.01961016 0.9992695 -0.03280454 0 0.09777808 0.0307368 0.9947335 0 0.9950151 -0.02271443 -0.09710389 0 0 0 0 1 0.01108306 0.9976862 -0.06707948 0 0.05003297 0.06644642 0.9965348 0 0.9986861 -0.01440083 -0.04918074 0 0 0 0 1 -5.87876e-5 0.9945744 -0.104029 0 -0.04261356 0.1039319 0.9936711 0 0.9990916 0.004491448 0.04237622 0 0 0 0 1 -0.005906403 0.9940372 -0.1088817 0 -0.09394544 0.1078504 0.9897184 0 0.9955598 0.01607465 0.09274828 0 0 0 0 1 -0.00708127 0.9980515 -0.06199318 0 -0.06828528 0.06136739 0.9957767 0 0.9976406 0.01128458 0.06771767 0 0 0 0 1 -0.002958118 0.9999099 0.01310086 0 -0.008664548 -0.01312613 0.9998765 0 0.999958 0.002844274 0.008702576 0 0 0 0 1 0.007420241 0.9961853 0.08694845 0 0.05236238 -0.08721876 0.9948121 0 0.9986006 -0.002828896 -0.05280983 0 0 0 0 1 0.0176382 0.991236 0.1309209 0 0.08289796 -0.1319403 0.9877853 0 0.9964018 -0.006569683 -0.08449864 0 0 0 0 1 0.02483409 0.9886882 0.1479161 0 0.08391433 -0.1495012 0.9851943 0 0.9961634 -0.01205414 -0.08667778 0 0 0 0 1 0.03235936 0.9867046 0.1592699 0 0.0777207 -0.161355 0.9838314 0 0.9964498 -0.01945757 -0.0819087 0 0 0 0 1 0.03957861 0.9854075 0.1655469 0 0.06579035 -0.1678871 0.9836086 0 0.9970481 -0.0280385 -0.07147502 0 0 0 0 1 0.04596573 0.9848389 0.1672709 0 0.04959398 -0.1694912 0.9842832 0 0.9977111 -0.03694766 -0.05663281 0 0 0 0 1 0.05105513 0.9849854 0.1649154 0 0.03059363 -0.1665958 0.9855506 0 0.9982271 -0.04527199 -0.03863984 0 0 0 0 1 0.05440175 0.9857941 0.1589038 0 0.01023626 -0.1596817 0.9871156 0 0.9984666 -0.05207425 -0.01877784 0 0 0 0 1 0.05554872 0.9871824 0.1496168 0 -0.01005423 -0.1492876 0.9887427 0 0.9984053 -0.05642771 0.00163263 0 0 0 0 1 0.05400121 0.9890418 0.1374058 0 -0.02888631 -0.1360018 0.9902874 0 0.9981229 -0.05744588 0.02122551 0 0 0 0 1 0.03721749 0.9952275 0.0902062 0 -0.0554946 -0.08807104 0.9945672 0 0.997765 -0.04202127 0.05195194 0 0 0 0 1 0.009401559 0.9998358 0.01550036 0 -0.09051686 -0.01458644 0.9957882 0 0.9958506 -0.01076501 0.09036487 0 0 0 0 1 -0.008875668 0.9996628 -0.02440351 0 -0.1161357 0.02320885 0.9929622 0 0.9931937 0.01164728 0.1158905 0 0 0 0 1 -0.01350551 0.9999012 -0.003911137 0 -0.1246815 0.002196967 0.9921945 0 0.9921049 0.01388776 0.1246395 0 0 0 0 1 -0.01334255 0.9989193 0.0445255 0 -0.1254631 -0.04585003 0.9910382 0 0.9920085 0.007636666 0.1259393 0 0 0 0 1 -0.01104664 0.9951739 0.0975039 0 -0.1230435 -0.09812158 0.9875386 0 0.9923398 -0.001088201 0.1235336 0 0 0 0 1</float_array>
        <technique_common>
          <accessor source="#node-Bip01_Pelvis_matrix-output-array" count="30" stride="16">
            <param name="TRANSFORM" type="float4x4"/>
          </accessor>
        </technique_common>
      </source>
      <source id="node-Bip01_Pelvis_matrix-interpolation">
        <Name_array id="node-Bip01_Pelvis_matrix-interpolation-array" count="30">LINEAR LINEAR LINEAR LINEAR LINEAR LINEAR LINEAR LINEAR LINEAR LINEAR LINEAR LINEAR LINEAR LINEAR LINEAR LINEAR LINEAR LINEAR LINEAR LINEAR LINEAR LINEAR LINEAR LINEAR LINEAR LINEAR LINEAR LINEAR LINEAR LINEAR</Name_array>
        <technique_common>
          <accessor source="#node-Bip01_Pelvis_matrix-interpolation-array" count="30" stride="1">
            <param name="INTERPOLATION" type="name"/>
          </accessor>
        </technique_common>
      </source>
      <source id="node-Bip01_Spine_matrix-input">
        <float_array id="node-Bip01_Spine_matrix-input-array" count="30">14.66667 14.7 14.73333 14.76667 14.8 14.83333 14.86667 14.9 14.93333 14.96667 15 15.03333 15.06667 15.1 15.13333 15.16667 15.2 15.23333 15.26667 15.3 15.33333 15.36667 15.4 15.43333 15.46667 15.5 15.53333 15.56667 15.6 15.63333</float_array>
        <technique_common>
          <accessor source="#node-Bip01_Spine_matrix-input-array" count="30" stride="1">
            <param name="TIME" type="float"/>
          </accessor>
        </technique_common>
      </source>
      <source id="node-Bip01_Spine_matrix-output">
        <float_array id="node-Bip01_Spine_matrix-output-array" count="480">0.9543822 -0.2849871 -0.08909022 0.1975225 0.2101389 0.8530462 -0.4776545 0.02500414 0.2121234 0.4371437 0.8740189 0.02776813 0 0 0 1 0.9592196 -0.2737585 -0.07038348 0.1981334 0.2112404 0.8597227 -0.4650313 0.02500516 0.1878166 0.4311994 0.8824918 0.02300608 0 0 0 1 0.964979 -0.2585348 -0.04444718 0.1987991 0.2117651 0.867721 -0.4496845 0.02484643 0.1548268 0.4245238 0.892081 0.01652127 0 0 0 1 0.9703998 -0.2410997 -0.01396685 0.1993229 0.2115857 0.8766419 -0.4321233 0.02451449 0.1164288 0.4163773 0.9017063 0.008990049 0 0 0 1 0.9745913 -0.2232452 0.01825904 0.1995824 0.2107061 0.8860831 -0.4128676 0.02402192 0.07599163 0.4062243 0.9106079 0.001101315 0 0 0 1 0.9771514 -0.2067422 0.04932475 0.1995531 0.2093074 0.8956485 -0.3924337 0.02341663 0.03695493 0.3937911 0.9184568 -0.006450176 0 0 0 1 0.9781734 -0.1932955 0.07624566 0.1993084 0.2077712 0.9049596 -0.3713211 0.02278614 0.00277543 0.3790581 0.9253686 -0.0129745 0 0 0 1 0.9781349 -0.1844956 0.09598755 0.1989958 0.206682 0.9136605 -0.3500102 0.02225774 -0.02312469 0.362196 0.9318152 -0.01779478 0 0 0 1 0.9776666 -0.1817775 0.1054745 0.1987902 0.2068099 0.9214128 -0.3289803 0.02199554 -0.03738427 0.3434463 0.9384279 -0.02024871 0 0 0 1 0.9762057 -0.2071807 0.06402176 0.1992968 0.2168417 0.9306 -0.2948958 0.0236091 0.001518011 0.3017616 0.9533824 -0.01160907 0 0 0 1 0.9680697 -0.2499982 -0.01848971 0.1990845 0.236921 0.9365402 -0.2583813 0.02728998 0.08191126 0.2457506 0.965866 0.005654454 0 0 0 1 0.9599855 -0.2725435 -0.06440258 0.1982271 0.2483084 0.9347099 -0.254284 0.02958381 0.1295012 0.2281174 0.9649829 0.01556318 0 0 0 1 0.9634028 -0.26506 -0.03997975 0.1986099 0.2415549 0.9231022 -0.2992216 0.02873718 0.1162171 0.2786136 0.9533457 0.01181977 0 0 0 1 0.970452 -0.2408722 0.01426285 0.1991794 0.2289507 0.9005349 -0.3696192 0.02710676 0.07618677 0.3619632 0.9290737 0.002053141 0 0 0 1 0.9754418 -0.2096583 0.06750416 0.1991826 0.2177937 0.8724005 -0.4375879 0.02587956 0.03285324 0.4415437 0.8966381 -0.008243918 0 0 0 1 0.977603 -0.1891306 0.09231555 0.1990147 0.2101386 0.8530464 -0.4776545 0.02500408 0.01158958 0.4863557 0.8736842 -0.01339113 0 0 0 1 0.979071 -0.1821978 0.09068721 0.1991581 0.2030934 0.8458432 -0.4932569 0.02384406 0.01316308 0.5013515 0.8651437 -0.0133742 0 0 0 1 0.9806568 -0.1776292 0.08222043 0.1994151 0.1946812 0.8416125 -0.5037733 0.02231651 0.02028709 0.5100356 0.8599141 -0.01212251 0 0 0 1 0.9821047 -0.1754316 0.06851339 0.1997264 0.1856253 0.8401547 -0.5095914 0.02057242 0.0318365 0.51319 0.8576844 -0.009876787 0 0 0 1 0.9831503 -0.1755055 0.05112206 0.2000284 0.1767351 0.8411697 -0.5110756 0.01878207 0.04669421 0.5114991 0.8580141 -0.006873548 0 0 0 1 0.9835767 -0.1777079 0.03157347 0.2002669 0.1688669 0.8442798 -0.5086018 0.01712709 0.06372576 0.5055807 0.8604227 -0.003350675 0 0 0 1 0.9832508 -0.1819021 0.01137489 0.2004041 0.1628884 0.8490468 -0.5025802 0.0157929 0.08176255 0.4960152 0.8644558 4.47501e-4 0 0 0 1 0.9821377 -0.1879946 -0.007981419 0.2004229 0.1596464 0.8549891 -0.4934643 0.01496195 0.09959262 0.4833757 0.8697295 0.00426805 0 0 0 1 0.9802923 -0.1959625 -0.02501749 0.200326 0.1599396 0.8615918 -0.4817457 0.01480805 0.115959 0.4682503 0.8759537 0.007848083 0 0 0 1 0.9744104 -0.2204539 -0.04386949 0.19981 0.1794368 0.8804489 -0.4388762 0.01804447 0.1353768 0.4197736 0.897476 0.01271796 0 0 0 1 0.963966 -0.2575367 -0.06666707 0.1986913 0.2156147 0.9031537 -0.371246 0.02439296 0.1558201 0.3434942 0.9261381 0.01838946 0 0 0 1 0.9555751 -0.2824921 -0.08411031 0.1976775 0.239802 0.9110378 -0.335418 0.02885329 0.1713806 0.3003472 0.9383071 0.02241677 0 0 0 1 0.9529123 -0.2894399 -0.09045761 0.1973378 0.2406724 0.9033268 -0.3550739 0.0293067 0.1844854 0.3165838 0.9304514 0.02470409 0 0 0 1 0.9528051 -0.2895449 -0.09124773 0.1973229 0.2312633 0.8869856 -0.399717 0.02803635 0.1966714 0.3597502 0.9120856 0.02624875 0 0 0 1 0.953805 -0.2866908 -0.08980226 0.1974499 0.2185494 0.8672352 -0.4473693 0.02619987 0.2061364 0.4070768 0.8898293 0.0271756 0 0 0 1</float_array>
        <technique_common>
          <accessor source="#node-Bip01_Spine_matrix-output-array" count="30" stride="16">
            <param name="TRANSFORM" type="float4x4"/>
          </accessor>
        </technique_common>
      </source>
      <source id="node-Bip01_Spine_matrix-interpolation">
        <Name_array id="node-Bip01_Spine_matrix-interpolation-array" count="30">LINEAR LINEAR LINEAR LINEAR LINEAR LINEAR LINEAR LINEAR LINEAR LINEAR LINEAR LINEAR LINEAR LINEAR LINEAR LINEAR LINEAR LINEAR LINEAR LINEAR LINEAR LINEAR LINEAR LINEAR LINEAR LINEAR LINEAR LINEAR LINEAR LINEAR</Name_array>
        <technique_common>
          <accessor source="#node-Bip01_Spine_matrix-interpolation-array" count="30" stride="1">
            <param name="INTERPOLATION" type="name"/>
          </accessor>
        </technique_common>
      </source>
      <source id="node-Bip01_R_Pauldron_Lower_matrix-input">
        <float_array id="node-Bip01_R_Pauldron_Lower_matrix-input-array" count="30">14.66667 14.7 14.73333 14.76667 14.8 14.83333 14.86667 14.9 14.93333 14.96667 15 15.03333 15.06667 15.1 15.13333 15.16667 15.2 15.23333 15.26667 15.3 15.33333 15.36667 15.4 15.43333 15.46667 15.5 15.53333 15.56667 15.6 15.63333</float_array>
        <technique_common>
