<?xml version="1.0" encoding="utf-8"?>
<COLLADA xmlns="http://www.collada.org/2005/11/COLLADASchema" version="1.4.1">
  <asset>
    <contributor>
      <author>MattO</author>
      <authoring_tool>OpenCOLLADA for 3ds Max;  Version: 1.3.0;  Revision: 839M;  Platform: x64;  Configuration: Release_Max2012</authoring_tool>
      <source_data>file:///C:/Dropbox/Prj/GGStout/Ender_SourceArt/Soldier_TP_Ender_Animation_Master.max</source_data>
    </contributor>
    <created>2011-10-10T11:02:52</created>
    <modified>2011-10-10T11:02:52</modified>
    <unit name="meter" meter="1"/>
    <up_axis>Z_UP</up_axis>
  </asset>
  <library_effects>
    <effect id="ShapeBounds">
      <profile_COMMON>
        <technique sid="common">
          <blinn>
            <emission>
              <color>0 0 0 1</color>
            </emission>
            <ambient>
              <color>0.1647059 1 0 1</color>
            </ambient>
            <diffuse>
              <color>0.1647059 1 0 1</color>
            </diffuse>
            <specular>
              <color>0.9 0.9 0.9 1</color>
            </specular>
            <shininess>
              <float>10</float>
            </shininess>
            <reflective>
              <color>0 0 0 1</color>
            </reflective>
            <transparent opaque="A_ONE">
              <color>1 1 1 1</color>
            </transparent>
            <transparency>
              <float>1</float>
            </transparency>
          </blinn>
        </technique>
      </profile_COMMON>
      <extra>
        <technique profile="OpenCOLLADA3dsMax">
          <extended_shader>
            <apply_reflection_dimming>0</apply_reflection_dimming>
            <dim_level>0</dim_level>
            <falloff_type>0</falloff_type>
            <index_of_refraction>1.5</index_of_refraction>
            <opacity_type>0</opacity_type>
            <reflection_level>3</reflection_level>
            <wire_size>1</wire_size>
            <wire_units>0</wire_units>
          </extended_shader>
          <shader>
            <ambient_diffuse_lock>1</ambient_diffuse_lock>
            <ambient_diffuse_texture_lock>1</ambient_diffuse_texture_lock>
            <diffuse_specular_lock>0</diffuse_specular_lock>
            <soften>0.1</soften>
            <use_self_illum_color>0</use_self_illum_color>
          </shader>
        </technique>
      </extra>
    </effect>
  </library_effects>
  <library_materials>
    <material id="ShapeBounds-material" name="ShapeBounds">
      <instance_effect url="#ShapeBounds"/>
    </material>
  </library_materials>
  <library_geometries>
    <geometry id="geom-Bounds" name="Bounds">
      <mesh>
        <source id="geom-Bounds-positions">
          <float_array id="geom-Bounds-positions-array" count="24">-0.425 -0.425 0 0.425 -0.425 0 -0.425 0.425 0 0.425 0.425 0 -0.425 -0.425 1.84 0.425 -0.425 1.84 -0.425 0.425 1.84 0.425 0.425 1.84</float_array>
          <technique_common>
            <accessor source="#geom-Bounds-positions-array" count="8" stride="3">
              <param name="X" type="float"/>
              <param name="Y" type="float"/>
              <param name="Z" type="float"/>
            </accessor>
          </technique_common>
        </source>
        <source id="geom-Bounds-normals">
          <float_array id="geom-Bounds-normals-array" count="72">0 0 -1 0 0 -1 0 0 -1 0 0 -1 0 0 1 0 0 1 0 0 1 0 0 1 0 -1 0 0 -1 0 0 -1 0 0 -1 0 1 0 0 1 0 0 1 0 0 1 0 0 0 1 0 0 1 0 0 1 0 0 1 0 -1 0 0 -1 0 0 -1 0 0 -1 0 0</float_array>
          <technique_common>
            <accessor source="#geom-Bounds-normals-array" count="24" stride="3">
              <param name="X" type="float"/>
              <param name="Y" type="float"/>
              <param name="Z" type="float"/>
            </accessor>
          </technique_common>
        </source>
        <source id="geom-Bounds-map1">
          <float_array id="geom-Bounds-map1-array" count="36">0 0 0 1 0 0 0 1 0 1 1 0 0 0 0 1 0 0 0 1 0 1 1 0 0 0 0 1 0 0 0 1 0 1 1 0</float_array>
          <technique_common>
            <accessor source="#geom-Bounds-map1-array" count="12" stride="3">
              <param name="S" type="float"/>
              <param name="T" type="float"/>
              <param name="P" type="float"/>
            </accessor>
          </technique_common>
        </source>
        <vertices id="geom-Bounds-vertices">
          <input semantic="POSITION" source="#geom-Bounds-positions"/>
        </vertices>
        <triangles material="ShapeBounds" count="12">
          <input semantic="VERTEX" source="#geom-Bounds-vertices" offset="0"/>
          <input semantic="NORMAL" source="#geom-Bounds-normals" offset="1"/>
          <input semantic="TEXCOORD" source="#geom-Bounds-map1" offset="2" set="0"/>
          <p>0 0 9 2 1 11 3 2 10 3 2 10 1 3 8 0 0 9 4 4 8 5 5 9 7 6 11 7 6 11 6 7 10 4 4 8 0 8 4 1 9 5 5 10 7 5 10 7 4 11 6 0 8 4 1 12 0 3 13 1 7 14 3 7 14 3 5 15 2 1 12 0 3 16 4 2 17 5 6 18 7 6 18 7 7 19 6 3 16 4 2 20 0 0 21 1 4 22 3 4 22 3 6 23 2 2 20 0</p>
        </triangles>
      </mesh>
      <extra>
        <technique profile="OpenCOLLADA3dsMax">
          <max_box>
            <generateuvs>1</generateuvs>
            <height>1.84</height>
            <heightsegments>1</heightsegments>
            <length>0.85</length>
            <lengthsegments>1</lengthsegments>
            <width>0.85</width>
            <widthsegments>1</widthsegments>
          </max_box>
        </technique>
      </extra>
    </geometry>
  </library_geometries>
  <library_lights>
    <light id="EnvironmentAmbientLight" name="EnvironmentAmbientLight">
      <technique_common>
        <ambient>
          <color>0 0 0</color>
        </ambient>
      </technique_common>
    </light>
  </library_lights>
  <library_visual_scenes>
    <visual_scene id="MaxScene">
      <node name="EnvironmentAmbientLight">
        <instance_light url="#EnvironmentAmbientLight"/>
      </node>
      <node id="node-Bip01" name="Bip01">
        <matrix sid="matrix">0.04897851 -0.5806388 -0.8126867 -0.009763561 0.9925079 0.1194799 -0.02554873 0.008205979 0.1119344 -0.8053466 0.5821405 0.7952222 0 0 0 1</matrix>
        <node id="node-Bip01_Pelvis" name="Bip01_Pelvis">
          <matrix sid="matrix">-0.02669418 0.997837 0.06007277 0 -0.1206839 -0.06287149 0.990698 0 0.9923319 0.01919606 0.1221012 0 0 0 0 1</matrix>
          <node id="node-Bip01_Spine" name="Bip01_Spine">
            <matrix sid="matrix">0.9858774 -0.0634831 0.1549707 0.1970137 0.1364505 0.8410003 -0.5235452 0.03031449 -0.09709406 0.5372972 0.8377855 0.02588344 0 0 0 1</matrix>
            <node id="node-Bip01_Spine1" name="Bip01_Spine1">
              <matrix sid="matrix">0.9639943 0.1250204 0.2347016 0.1022172 -0.2074659 0.9057003 0.3696818 -9.15229e-5 -0.1663517 -0.4050639 0.8990275 4.0859e-5 0 0 0 1</matrix>
              <node id="node-Bip01_Spine2" name="Bip01_Spine2">
                <matrix>0.9381541 -0.2995817 0.1735455 0.1269173 0.1590402 0.8181464 0.5525784 -1.40145e-4 -0.307528 -0.4908029 0.8151929 8.41618e-5 0 0 0 1</matrix>
                <node id="node-Bip01_Neck" name="Bip01_Neck">
                  <matrix>0.840708 -0.4308255 0.3280236 0.2151071 0.4136219 0.9019012 0.1244631 -4.97028e-5 -0.3494667 0.03104065 0.9364344 -1.69873e-6 0 0 0 1</matrix>
                  <node id="node-Bip01_Head" name="Bip01_Head">
                    <matrix sid="matrix">0.8957813 0.03491294 -0.4431216 0.07051802 -0.261122 0.8480876 -0.4610451 -0.01395917 0.3597094 0.5287045 0.7688177 -2.98023e-8 0 0 0 1</matrix>
                    <node id="node-AltEye" name="AltEye">
                      <matrix sid="matrix">-0.07016551 0.2370481 0.9689612 0.06454694 0.07787911 0.9696921 -0.2315874 0.2214611 -0.9944909 0.059212 -0.08650012 0.04716256 0 0 0 1</matrix>
                    </node>
                  </node>
                  <node id="node-Bip01_L_Clavicle" name="Bip01_L_Clavicle">
                    <matrix sid="matrix">-0.4193729 -0.3901516 0.8196998 -0.04690349 -0.006484494 -0.9016277 -0.4324642 -0.01204771 0.9077908 -0.1866791 0.3755883 0.055884 0 0 0 1</matrix>
                    <node id="node-Bip01_L_UpperArm" name="Bip01_L_UpperArm">
                      <matrix sid="matrix">0.982855 -0.08459224 0.1638295 0.1824007 0.1147633 0.9761118 -0.184486 2.98023e-8 -0.1443098 0.2001246 0.9690845 0 0 0 0 1</matrix>
                      <node id="node-Bip01_L_Forearm" name="Bip01_L_Forearm">
                        <matrix sid="matrix">0.7336029 0.6795785 0 0.2843689 -0.6795784 0.7336029 0 0 -8.9407e-8 6.70552e-8 1 -1.19209e-7 0 0 0 1</matrix>
                        <node id="node-Bip01_L_Hand" name="Bip01_L_Hand">
                          <matrix sid="matrix">0.8483725 0.4807516 0.2216801 0.281068 -0.4205179 0.3575833 0.8338459 5.96046e-8 0.3216036 -0.8006324 0.5055285 1.19209e-7 0 0 0 1</matrix>
                          <node id="node-Bip01_L_Finger0" name="Bip01_L_Finger0">
                            <matrix sid="matrix">0.6787977 0.5245168 0.5139217 0.02119678 0.437277 0.2735207 -0.8567235 -0.004734278 -0.5899342 0.8062682 -0.04369393 -0.02572191 0 0 0 1</matrix>
                            <node id="node-Bip01_L_Finger01" name="Bip01_L_Finger01">
                              <matrix>0.9975641 -0.06975637 0 0.04982853 0.06975641 0.9975641 1.67638e-8 0 8.9407e-8 2.21189e-8 1 5.96046e-8 0 0 0 1</matrix>
                              <node id="node-Bip01_L_Finger02" name="Bip01_L_Finger02">
                                <matrix sid="matrix">0.9862521 0.165249 0 0.05202234 -0.1652489 0.9862518 -1.30385e-8 5.96046e-8 -2.98023e-8 -4.47035e-8 1 -2.38419e-7 0 0 0 1</matrix>
                              </node>
                            </node>
                          </node>
                          <node id="node-Bip01_L_Finger1" name="Bip01_L_Finger1">
                            <matrix sid="matrix">0.900955 -0.1884572 0.3908501 0.1199947 0.1959121 0.9803939 0.02111889 -0.008367658 -0.3871671 0.05754507 0.9202121 -0.04101396 0 0 0 1</matrix>
                            <node id="node-Bip01_L_Finger11" name="Bip01_L_Finger11">
                              <matrix sid="matrix">0.9450801 -0.3268384 0 0.03644171 0.3268385 0.9450802 1.49012e-8 0 -4.47035e-8 -5.96046e-8 1 0 0 0 0 1</matrix>
                              <node id="node-Bip01_L_Finger12" name="Bip01_L_Finger12">
                                <matrix sid="matrix">0.9929129 -0.1188437 -1.49012e-8 0.03117552 0.1188437 0.9929129 0 0 -1.49012e-8 8.9407e-8 1 0 0 0 0 1</matrix>
                              </node>
                            </node>
                          </node>
                          <node id="node-Bip01_L_Finger2" name="Bip01_L_Finger2">
                            <matrix sid="matrix">0.9836147 -0.1308815 0.1239848 0.1229538 0.1248046 0.9906217 0.05560717 -0.008801937 -0.1301 -0.03922214 0.9907248 -0.01328254 0 0 0 1</matrix>
                            <node id="node-Bip01_L_Finger21" name="Bip01_L_Finger21">
                              <matrix sid="matrix">0.9937666 -0.1114799 7.45058e-9 0.03895527 0.1114799 0.9937666 0 -5.96046e-8 -3.35276e-8 0 0.9999999 0 0 0 0 1</matrix>
                              <node id="node-Bip01_L_Finger22" name="Bip01_L_Finger22">
                                <matrix sid="matrix">0.9917209 -0.1284119 -7.45058e-9 0.03800529 0.1284119 0.9917209 0 -5.96046e-8 1.49012e-8 0 0.9999999 0 0 0 0 1</matrix>
                              </node>
                            </node>
                          </node>
                          <node id="node-Bip01_L_Finger3" name="Bip01_L_Finger3">
                            <matrix sid="matrix">0.9923953 -0.08355363 -0.09038848 0.1211881 0.09595637 0.9850678 0.1429456 -0.001191378 0.07709517 -0.1505319 0.9855944 0.01196861 0 0 0 1</matrix>
                            <node id="node-Bip01_L_Finger31" name="Bip01_L_Finger31">
                              <matrix sid="matrix">0.9911381 -0.1328349 3.72529e-9 0.03155839 0.1328349 0.9911382 0 -1.19209e-7 -5.58794e-9 1.49012e-8 0.9999999 0 0 0 0 1</matrix>
                              <node id="node-Bip01_L_Finger32" name="Bip01_L_Finger32">
                                <matrix sid="matrix">0.9911954 -0.1324064 7.45058e-9 0.0336659 0.1324064 0.9911954 0 1.19209e-7 1.11759e-8 0 1 1.19209e-7 0 0 0 1</matrix>
                              </node>
                            </node>
                          </node>
                          <node id="node-Bip01_L_Finger4" name="Bip01_L_Finger4">
                            <matrix sid="matrix">0.9284372 -0.3108516 -0.20341 0.1136797 0.326497 0.9439974 0.04763134 0.005147398 0.1772122 -0.1106355 0.9779344 0.03886569 0 0 0 1</matrix>
                            <node id="node-Bip01_L_Finger41" name="Bip01_L_Finger41">
                              <matrix>0.9790111 -0.2038069 7.45058e-9 0.03661621 0.2038069 0.9790112 1.49012e-8 0 1.49012e-8 0 1 1.19209e-7 0 0 0 1</matrix>
                              <node id="node-Bip01_L_Finger42" name="Bip01_L_Finger42">
                                <matrix sid="matrix">0.9802643 -0.1976917 -7.45058e-9 0.01772633 0.1976916 0.9802643 0 0 -2.98023e-8 1.49012e-8 1 -1.19209e-7 0 0 0 1</matrix>
                              </node>
                            </node>
                          </node>
                        </node>
                      </node>
                    </node>
                  </node>
                  <node id="node-Bip01_R_Clavicle" name="Bip01_R_Clavicle">
                    <matrix>0.6210439 -0.1918166 -0.7599412 8.6689e-4 0.3462852 -0.8026726 0.4855957 -0.01629043 -0.7031295 -0.5647327 -0.4320716 -0.0721215 0 0 0 1</matrix>
                    <node id="node-Bip01_R_UpperArm" name="Bip01_R_UpperArm">
                      <matrix sid="matrix">0.4992715 0.6545817 -0.5676715 0.1824007 -0.6314004 0.7235339 0.2789849 0 0.5933478 0.2191388 0.7745427 -1.19209e-7 0 0 0 1</matrix>
                      <node id="node-Bip01_R_Forearm" name="Bip01_R_Forearm">
                        <matrix>0.522869 0.8524129 0 0.2843689 -0.8524131 0.5228689 1.11759e-8 -7.45058e-9 -1.49012e-8 0 0.9999998 1.19209e-7 0 0 0 1</matrix>
                        <node id="node-Bip01_R_Hand" name="Bip01_R_Hand">
                          <matrix>0.9461847 0.2386595 -0.2185777 0.281068 0.02376521 -0.7248157 -0.6885328 0 -0.3227534 0.6462847 -0.6914814 -1.19209e-7 0 0 0 1</matrix>
                          <node id="node-Bip01_R_Finger0" name="Bip01_R_Finger0">
                            <matrix>0.5215105 0.269013 -0.8097275 0.02119678 0.7250716 0.3605265 0.5867638 -0.004734248 0.4497752 -0.893114 -0.007035449 0.02572167 0 0 0 1</matrix>
                            <node id="node-Bip01_R_Finger01" name="Bip01_R_Finger01">
                              <matrix>0.6423532 -0.7636238 0.06527562 0.04982859 0.7605616 0.645637 0.06854744 -2.38419e-7 -0.09448887 0.005614474 0.9955101 0 0 0 0 1</matrix>
                              <node id="node-Bip01_R_Finger02" name="Bip01_R_Finger02">
                                <matrix>0.9505159 -0.3106765 -2.98023e-8 0.05202255 0.3106765 0.9505157 0 5.96046e-8 5.96046e-8 2.98023e-8 0.9999999 0 0 0 0 1</matrix>
                              </node>
                            </node>
                          </node>
                          <node id="node-Bip01_R_Finger1" name="Bip01_R_Finger1">
                            <matrix>0.9820226 -0.1733428 -0.07472672 0.1199947 0.1795577 0.9799358 0.08651489 -0.008367568 0.05823064 -0.09837732 0.993444 0.04101384 0 0 0 1</matrix>
                            <node id="node-Bip01_R_Finger11" name="Bip01_R_Finger11">
                              <matrix>0.8240548 -0.5665103 -1.30385e-8 0.03644168 0.5665103 0.8240547 -2.98023e-8 0 0 5.96046e-8 1 -5.96046e-8 0 0 0 1</matrix>
                              <node id="node-Bip01_R_Finger12" name="Bip01_R_Finger12">
                                <matrix>0.8146397 -0.5796779 0.01831833 0.03117543 0.5799672 0.8142333 -0.02573049 5.96046e-8 5.96046e-8 0.0315851 0.999501 -5.96046e-8 0 0 0 1</matrix>
                              </node>
                            </node>
                          </node>
                          <node id="node-Bip01_R_Finger2" name="Bip01_R_Finger2">
                            <matrix>0.6754013 -0.7374504 -1.52117e-4 0.1229538 0.7368313 0.6748428 -0.04082689 -0.008801997 0.03021042 0.02746239 0.9991663 0.0132823 0 0 0 1</matrix>
                            <node id="node-Bip01_R_Finger21" name="Bip01_R_Finger21">
                              <matrix>0.5508358 -0.8338857 -0.03484868 0.03895521 0.832222 0.551937 -0.05265059 5.96046e-8 0.06313893 -1.86265e-8 0.9980047 0 0 0 0 1</matrix>
                              <node id="node-Bip01_R_Finger22" name="Bip01_R_Finger22">
                                <matrix>0.1984734 -0.9799247 0.01886606 0.03800535 0.9755274 0.1993679 0.09272986 -2.98023e-8 -0.09462958 2.98023e-8 0.9955125 -1.19209e-7 0 0 0 1</matrix>
                              </node>
                            </node>
                          </node>
                          <node id="node-Bip01_R_Finger3" name="Bip01_R_Finger3">
                            <matrix>0.7159052 -0.6949216 0.06755492 0.1211881 0.6883786 0.6863561 -0.2346271 -0.001191258 0.1166807 0.2144742 0.9697352 -0.01196861 0 0 0 1</matrix>
                            <node id="node-Bip01_R_Finger31" name="Bip01_R_Finger31">
                              <matrix>0.4441953 -0.8949345 0.04222362 0.03155845 0.8909183 0.4461975 0.08468761 0 -0.09462991 -8.9407e-8 0.9955123 -1.19209e-7 0 0 0 1</matrix>
                              <node id="node-Bip01_R_Finger32" name="Bip01_R_Finger32">
                                <matrix>0.199368 -0.9794357 -0.03095101 0.03366598 0.9799247 0.1992685 0.006297082 2.98023e-8 -7.45058e-9 -0.03158513 0.999501 0 0 0 0 1</matrix>
                              </node>
                            </node>
                          </node>
                          <node id="node-Bip01_R_Finger4" name="Bip01_R_Finger4">
                            <matrix>0.592579 -0.789795 -0.1583476 0.1136797 0.7783521 0.6120424 -0.1399001 0.005147487 0.2074078 -0.04034826 0.9774221 -0.03886592 0 0 0 1</matrix>
                            <node id="node-Bip01_R_Finger41" name="Bip01_R_Finger41">
                              <matrix>0.4202556 -0.9064696 0.04120626 0.03661618 0.906853 0.4211511 0.01578778 0 -0.03166524 0.03073308 0.9990259 0 0 0 0 1</matrix>
                              <node id="node-Bip01_R_Finger42" name="Bip01_R_Finger42">
                                <matrix>0.402447 -0.9138247 -0.05441484 0.01772624 0.9154231 0.4021218 0.01728316 -8.9407e-8 0.006087586 -0.05676819 0.9983687 5.96046e-8 0 0 0 1</matrix>
                              </node>
                            </node>
                          </node>
                          <node id="node-mount0" name="mount0">
                            <matrix>-6.11879e-7 1 1.86265e-9 0.109539 -1 -6.48201e-7 4.76837e-7 0.02518257 5.06639e-7 -3.72529e-9 0.9999999 0.0132165 0 0 0 1</matrix>
                          </node>
                        </node>
                      </node>
                    </node>
                  </node>
                </node>
                <node id="node-Bip01_L_Pauldron_Upper" name="Bip01_L_Pauldron_Upper">
                  <matrix sid="matrix">0.9862573 0.1219392 -0.1114799 0.229504 0.129148 -0.989816 0.05988342 -0.03790644 -0.1030426 -0.07345784 -0.991961 0.2195491 0 0 0 1</matrix>
                </node>
                <node id="node-Bip01_R_Pauldron_Lower" name="Bip01_R_Pauldron_Lower">
                  <matrix>-0.1117322 -0.6005592 -0.7917354 0.2653016 0.8338364 -0.490071 0.2540625 -0.05056334 -0.5405858 -0.6317909 0.5555246 -0.2106077 0 0 0 1</matrix>
                </node>
                <node id="node-Bip01_L_Pauldron_Lower" name="Bip01_L_Pauldron_Lower">
                  <matrix sid="matrix">-0.08461784 0.0149652 0.9963011 0.2501211 -0.141221 -0.9899742 0.002876014 -0.0383912 0.9863554 -0.1404553 0.08588284 0.2357398 0 0 0 1</matrix>
                </node>
              </node>
            </node>
            <node id="node-Bip01_L_Thigh" name="Bip01_L_Thigh">
              <matrix sid="matrix">-0.8173713 0.5282371 0.2299337 -0.2082329 0.5730548 0.7865296 0.2301725 0.04160367 -0.05926403 0.319901 -0.9455957 0.07046103 0 0 0 1</matrix>
              <node id="node-Bip01_L_Calf" name="Bip01_L_Calf">
                <matrix sid="matrix">0.5125782 0.8586406 0 0.4629987 -0.8586404 0.5125782 -9.31323e-10 -1.49012e-8 -5.96046e-8 -8.9407e-8 1 -5.96046e-8 0 0 0 1</matrix>
                <node id="node-Bip01_L_Foot" name="Bip01_L_Foot">
                  <matrix sid="matrix">0.8204589 0.5686123 -0.05939242 0.3610501 -0.5564113 0.8180578 0.1455606 0 0.131354 -0.08637995 0.9875649 0 0 0 0 1</matrix>
                  <node id="node-Bip01_L_Toe0" name="Bip01_L_Toe0">
                    <matrix sid="matrix">4.99189e-7 -1 1.42306e-6 0.1486307 1 4.69387e-7 2.98023e-8 0.1543275 0 1.34856e-6 1 2.98023e-8 0 0 0 1</matrix>
                  </node>
                </node>
              </node>
            </node>
            <node id="node-Bip01_R_Thigh" name="Bip01_R_Thigh">
              <matrix sid="matrix">-0.8936595 0.2026573 0.4003779 -0.1834763 0.09221825 0.956111 -0.2781149 -0.09539282 -0.4391677 -0.2116179 -0.8731264 -0.1431513 0 0 0 1</matrix>
              <node id="node-Bip01_R_Calf" name="Bip01_R_Calf">
                <matrix sid="matrix">0.7977737 0.6029571 0 0.4629988 -0.6029568 0.7977737 -6.51926e-9 1.30385e-8 2.98023e-8 -2.98023e-8 1 5.96046e-8 0 0 0 1</matrix>
                <node id="node-Bip01_R_Foot" name="Bip01_R_Foot">
                  <matrix sid="matrix">0.7232032 0.6860575 0.07938531 0.3610501 -0.6893659 0.7240548 0.02277939 -1.49012e-8 -0.04185133 -0.07119963 0.9965836 -5.96046e-8 0 0 0 1</matrix>
                  <node id="node-Bip01_R_Toe0" name="Bip01_R_Toe0">
                    <matrix sid="matrix">-0.1805803 -0.9786913 0.09774531 0.1486307 0.9833316 -0.1817875 -0.003513992 0.1543275 0.02120796 0.09548151 0.9952054 0 0 0 0 1</matrix>
                  </node>
                </node>
              </node>
            </node>
          </node>
          <node id="node-Bip01_FannyPack" name="Bip01_FannyPack">
            <matrix>-0.9629918 -0.2062316 0.1735378 0.2299507 -0.2083318 0.9780384 0.006227002 -0.1378937 -0.1710109 -0.03015692 -0.9848075 0.01013958 0 0 0 1</matrix>
          </node>
        </node>
        <node id="node-Eye" name="Eye">
          <matrix sid="matrix">0.04897856 0.9925076 0.1119343 0.1823757 -0.5806389 0.11948 -0.8053464 -0.6206015 -0.8126867 -0.02554886 0.5821404 0.4377618 0 0 0 1</matrix>
          <node id="node-cam" name="cam">
            <matrix>1 -6.03104e-8 3.55271e-15 4.84288e-8 6.03104e-8 1 -2.32831e-9 -0.104 -3.55271e-15 2.32832e-9 1 0.3005601 0 0 0 1</matrix>
          </node>
        </node>
      </node>
      <node id="node-Bounds" name="Bounds">
        <matrix>0.9999915 0.001706907 0.003750479 0 -0.001711356 0.9999978 0.001183292 0.1035326 -0.003748452 -0.0011897 0.9999923 -8.93474e-5 0 0 0 1</matrix>
        <instance_geometry url="#geom-Bounds">
          <bind_material>
            <technique_common>
              <instance_material symbol="ShapeBounds" target="#ShapeBounds-material"/>
            </technique_common>
          </bind_material>
        </instance_geometry>
      </node>
    </visual_scene>
  </library_visual_scenes>
  <library_animations>
    <animation>
      <source id="node-Bip01_matrix-input">
        <float_array id="node-Bip01_matrix-input-array" count="60">51.33333 51.36666 51.4 51.43333 51.46667 51.5 51.53333 51.56667 51.6 51.63334 51.66667 51.7 51.73333 51.76667 51.8 51.83333 51.86666 51.9 51.93333 51.96667 52 52.03333 52.06667 52.1 52.13334 52.16667 52.2 52.23333 52.26667 52.3 52.33333 52.36666 52.4 52.43333 52.46667 52.5 52.53333 52.56667 52.6 52.63334 52.66667 52.7 52.73333 52.76667 52.8 52.83333 52.86666 52.9 52.93333 52.96667 53 53.03333 53.06667 53.1 53.13334 53.16667 53.2 53.23333 53.26667 53.3</float_array>
        <technique_common>
          <accessor source="#node-Bip01_matrix-input-array" count="60" stride="1">
            <param name="TIME" type="float"/>
          </accessor>
        </technique_common>
      </source>
      <source id="node-Bip01_matrix-output">
        <float_array id="node-Bip01_matrix-output-array" count="960">0.0489785 -0.5806388 -0.8126868 -0.009763538 0.9925079 0.1194798 -0.02554869 0.00820595 0.1119343 -0.8053466 0.5821405 0.7952222 0 0 0 1 0.0489785 -0.5806388 -0.8126868 -0.009763538 0.9925079 0.1194798 -0.02554869 0.00820595 0.1119343 -0.8053466 0.5821405 0.798161 0 0 0 1 0.0489785 -0.5806388 -0.8126868 -0.009763538 0.9925079 0.1194798 -0.02554869 0.00820595 0.1119343 -0.8053466 0.5821405 0.8013952 0 0 0 1 0.04897838 -0.5806388 -0.8126868 -0.009763538 0.9925079 0.1194798 -0.02554875 0.00820595 0.1119343 -0.8053467 0.5821405 0.8048983 0 0 0 1 0.04897838 -0.5806388 -0.8126868 -0.009763538 0.9925079 0.1194798 -0.02554875 0.00820595 0.1119343 -0.8053467 0.5821405 0.8086438 0 0 0 1 0.0489785 -0.5806388 -0.8126867 -0.009763538 0.9925079 0.1194798 -0.02554869 0.00820595 0.1119343 -0.8053466 0.5821405 0.812605 0 0 0 1 0.0489785 -0.5806388 -0.8126868 -0.009763538 0.9925079 0.1194798 -0.02554869 0.00820595 0.1119343 -0.8053466 0.5821405 0.8167555 0 0 0 1 0.0489785 -0.5806388 -0.8126868 -0.009763538 0.9925079 0.1194798 -0.02554869 0.00820595 0.1119343 -0.8053466 0.5821405 0.8210684 0 0 0 1 0.0489785 -0.5806388 -0.8126867 -0.009763538 0.9925079 0.1194798 -0.02554869 0.00820595 0.1119343 -0.8053466 0.5821405 0.8255197 0 0 0 1 0.0489785 -0.5806388 -0.8126868 -0.009763538 0.9925079 0.1194798 -0.02554869 0.00820595 0.1119343 -0.8053466 0.5821405 0.8300784 0 0 0 1 0.04897844 -0.5806388 -0.8126867 -0.009763538 0.9925079 0.1194798 -0.02554869 0.00820595 0.1119343 -0.8053466 0.5821405 0.8347198 0 0 0 1 0.04897838 -0.5806388 -0.8126868 -0.009763538 0.9925079 0.1194798 -0.02554875 0.00820595 0.1119343 -0.8053467 0.5821405 0.8394178 0 0 0 1 0.04897838 -0.5806388 -0.8126868 -0.009763538 0.9925079 0.1194798 -0.02554875 0.00820595 0.1119343 -0.8053467 0.5821405 0.8441455 0 0 0 1 0.0489785 -0.5806388 -0.8126867 -0.009763538 0.9925079 0.1194798 -0.02554869 0.00820595 0.1119343 -0.8053466 0.5821405 0.8488764 0 0 0 1 0.04897844 -0.5806388 -0.8126868 -0.009763538 0.9925079 0.1194798 -0.02554875 0.00820595 0.1119344 -0.8053467 0.5821405 0.853584 0 0 0 1 0.0489785 -0.5806388 -0.8126868 -0.009763538 0.9925079 0.1194798 -0.02554869 0.00820595 0.1119343 -0.8053466 0.5821405 0.8582417 0 0 0 1 0.0489785 -0.5806388 -0.8126868 -0.009763538 0.9925079 0.1194798 -0.02554869 0.00820595 0.1119343 -0.8053466 0.5821405 0.8628229 0 0 0 1 0.04897844 -0.5806388 -0.8126867 -0.009763538 0.9925079 0.1194798 -0.02554869 0.00820595 0.1119343 -0.8053466 0.5821405 0.8673011 0 0 0 1 0.04897844 -0.5806388 -0.8126867 -0.009763538 0.9925079 0.1194798 -0.02554869 0.00820595 0.1119343 -0.8053466 0.5821405 0.8716497 0 0 0 1 0.04897838 -0.5806388 -0.8126868 -0.009763538 0.9925079 0.1194798 -0.02554875 0.00820595 0.1119343 -0.8053467 0.5821405 0.8758422 0 0 0 1 0.04897844 -0.5806388 -0.8126867 -0.009763538 0.9925079 0.1194798 -0.02554869 0.00820595 0.1119343 -0.8053466 0.5821405 0.8798518 0 0 0 1 0.04897844 -0.5806388 -0.8126868 -0.009763538 0.9925079 0.1194798 -0.02554875 0.00820595 0.1119344 -0.8053467 0.5821405 0.8836523 0 0 0 1 0.0489785 -0.5806388 -0.8126868 -0.009763538 0.9925079 0.1194798 -0.02554869 0.00820595 0.1119343 -0.8053466 0.5821405 0.8872169 0 0 0 1 0.0489785 -0.5806388 -0.8126868 -0.009763538 0.9925079 0.1194798 -0.02554869 0.00820595 0.1119343 -0.8053466 0.5821405 0.8905192 0 0 0 1 0.04897862 -0.5806388 -0.8126867 -0.009763538 0.9925079 0.11948 -0.02554869 0.00820595 0.1119344 -0.8053466 0.5821405 0.8935337 0 0 0 1 0.04897844 -0.5806388 -0.8126867 -0.009763538 0.9925079 0.1194798 -0.02554869 0.00820595 0.1119343 -0.8053466 0.5821405 0.8962312 0 0 0 1 0.04897844 -0.5806388 -0.8126867 -0.009763538 0.9925079 0.1194798 -0.02554869 0.00820595 0.1119343 -0.8053466 0.5821405 0.8985866 0 0 0 1 0.04897838 -0.5806388 -0.8126868 -0.009763538 0.9925079 0.1194798 -0.02554875 0.00820595 0.1119343 -0.8053467 0.5821405 0.9005733 0 0 0 1 0.04897838 -0.5806388 -0.8126868 -0.009763538 0.9925079 0.1194798 -0.02554875 0.00820595 0.1119343 -0.8053467 0.5821405 0.9021647 0 0 0 1 0.0489785 -0.5806388 -0.8126868 -0.009763538 0.9925079 0.1194798 -0.02554869 0.00820595 0.1119343 -0.8053466 0.5821405 0.9033343 0 0 0 1 0.0489785 -0.5806388 -0.8126868 -0.009763538 0.9925079 0.1194798 -0.02554869 0.00820595 0.1119343 -0.8053466 0.5821405 0.9040556 0 0 0 1 0.0489785 -0.5806388 -0.8126868 -0.009763538 0.9925079 0.1194798 -0.02554869 0.00820595 0.1119343 -0.8053466 0.5821405 0.904302 0 0 0 1 0.04897838 -0.5806388 -0.8126868 -0.009763538 0.9925079 0.1194798 -0.02554875 0.00820595 0.1119343 -0.8053467 0.5821405 0.9040315 0 0 0 1 0.04897838 -0.5806388 -0.8126868 -0.009763538 0.9925079 0.1194798 -0.02554875 0.00820595 0.1119343 -0.8053467 0.5821405 0.9032403 0 0 0 1 0.04897844 -0.5806388 -0.8126867 -0.009763538 0.9925079 0.1194798 -0.02554869 0.00820595 0.1119343 -0.8053466 0.5821405 0.9019584 0 0 0 1 0.04897844 -0.5806388 -0.8126867 -0.009763538 0.9925079 0.1194798 -0.02554869 0.00820595 0.1119343 -0.8053466 0.5821405 0.9002169 0 0 0 1 0.04897862 -0.5806388 -0.8126867 -0.009763538 0.9925079 0.11948 -0.02554869 0.00820595 0.1119344 -0.8053466 0.5821405 0.8980445 0 0 0 1 0.0489785 -0.5806388 -0.8126868 -0.009763538 0.9925079 0.1194798 -0.02554869 0.00820595 0.1119343 -0.8053466 0.5821405 0.8954718 0 0 0 1 0.0489785 -0.5806388 -0.8126868 -0.009763538 0.9925079 0.1194798 -0.02554869 0.00820595 0.1119343 -0.8053466 0.5821405 0.8925291 0 0 0 1 0.04897844 -0.5806388 -0.8126868 -0.009763538 0.9925079 0.1194798 -0.02554875 0.00820595 0.1119344 -0.8053467 0.5821405 0.8892466 0 0 0 1 0.04897844 -0.5806388 -0.8126867 -0.009763538 0.9925079 0.1194798 -0.02554869 0.00820595 0.1119343 -0.8053466 0.5821405 0.8856545 0 0 0 1 0.04897838 -0.5806388 -0.8126868 -0.009763538 0.9925079 0.1194798 -0.02554875 0.00820595 0.1119343 -0.8053467 0.5821405 0.8817827 0 0 0 1 0.04897844 -0.5806388 -0.8126867 -0.009763538 0.9925079 0.1194798 -0.02554869 0.00820595 0.1119343 -0.8053466 0.5821405 0.8776635 0 0 0 1 0.04897844 -0.5806388 -0.8126867 -0.009763538 0.9925079 0.1194798 -0.02554869 0.00820595 0.1119343 -0.8053466 0.5821405 0.8733232 0 0 0 1 0.0489785 -0.5806388 -0.8126868 -0.009763538 0.9925079 0.1194798 -0.02554869 0.00820595 0.1119343 -0.8053466 0.5821405 0.8687939 0 0 0 1 0.0489785 -0.5806388 -0.8126868 -0.009763538 0.9925079 0.1194798 -0.02554869 0.00820595 0.1119343 -0.8053466 0.5821405 0.8641056 0 0 0 1 0.04897844 -0.5806388 -0.8126868 -0.009763538 0.9925079 0.1194798 -0.02554875 0.00820595 0.1119344 -0.8053467 0.5821405 0.8592886 0 0 0 1 0.0489785 -0.5806388 -0.8126867 -0.009763538 0.9925079 0.1194798 -0.02554869 0.00820595 0.1119343 -0.8053466 0.5821405 0.854373 0 0 0 1 0.04897838 -0.5806388 -0.8126868 -0.009763538 0.9925079 0.1194798 -0.02554875 0.00820595 0.1119343 -0.8053467 0.5821405 0.849389 0 0 0 1 0.04897838 -0.5806388 -0.8126868 -0.009763538 0.9925079 0.1194798 -0.02554875 0.00820595 0.1119343 -0.8053467 0.5821405 0.8443666 0 0 0 1 0.04897844 -0.5806388 -0.8126867 -0.009763538 0.9925079 0.1194798 -0.02554869 0.00820595 0.1119343 -0.8053466 0.5821405 0.8393384 0 0 0 1 0.0489785 -0.5806388 -0.8126868 -0.009763538 0.9925079 0.1194798 -0.02554869 0.00820595 0.1119343 -0.8053466 0.5821405 0.8343299 0 0 0 1 0.0489785 -0.5806388 -0.8126867 -0.009763538 0.9925079 0.1194798 -0.02554869 0.00820595 0.1119343 -0.8053466 0.5821405 0.8293736 0 0 0 1 0.0489785 -0.5806388 -0.8126868 -0.009763538 0.9925079 0.1194798 -0.02554869 0.00820595 0.1119343 -0.8053466 0.5821405 0.8244997 0 0 0 1 0.0489785 -0.5806388 -0.8126868 -0.009763538 0.9925079 0.1194798 -0.02554869 0.00820595 0.1119343 -0.8053466 0.5821405 0.8197383 0 0 0 1 0.0489785 -0.5806388 -0.8126867 -0.009763538 0.9925079 0.1194798 -0.02554869 0.00820595 0.1119343 -0.8053466 0.5821405 0.8151194 0 0 0 1 0.04897838 -0.5806388 -0.8126868 -0.009763538 0.9925079 0.1194798 -0.02554875 0.00820595 0.1119343 -0.8053467 0.5821405 0.8106735 0 0 0 1 0.04897838 -0.5806388 -0.8126868 -0.009763538 0.9925079 0.1194798 -0.02554875 0.00820595 0.1119343 -0.8053467 0.5821405 0.8064323 0 0 0 1 0.0489785 -0.5806388 -0.8126868 -0.009763538 0.9925079 0.1194798 -0.02554869 0.00820595 0.1119343 -0.8053466 0.5821405 0.8024222 0 0 0 1 0.0489785 -0.5806388 -0.8126868 -0.009763538 0.9925079 0.1194798 -0.02554869 0.00820595 0.1119343 -0.8053466 0.5821405 0.7986755 0 0 0 1</float_array>
        <technique_common>
          <accessor source="#node-Bip01_matrix-output-array" count="60" stride="16">
            <param name="TRANSFORM" type="float4x4"/>
          </accessor>
        </technique_common>
      </source>
      <source id="node-Bip01_matrix-interpolation">
        <Name_array id="node-Bip01_matrix-interpolation-array" count="60">LINEAR LINEAR LINEAR LINEAR LINEAR LINEAR LINEAR LINEAR LINEAR LINEAR LINEAR LINEAR LINEAR LINEAR LINEAR LINEAR LINEAR LINEAR LINEAR LINEAR LINEAR LINEAR LINEAR LINEAR LINEAR LINEAR LINEAR LINEAR LINEAR LINEAR LINEAR LINEAR LINEAR LINEAR LINEAR LINEAR LINEAR LINEAR LINEAR LINEAR LINEAR LINEAR LINEAR LINEAR LINEAR LINEAR LINEAR LINEAR LINEAR LINEAR LINEAR LINEAR LINEAR LINEAR LINEAR LINEAR LINEAR LINEAR LINEAR LINEAR</Name_array>
        <technique_common>
          <accessor source="#node-Bip01_matrix-interpolation-array" count="60" stride="1">
            <param name="INTERPOLATION" type="name"/>
          </accessor>
        </technique_common>
      </source>
      <source id="node-Bip01_Pelvis_matrix-input">
        <float_array id="node-Bip01_Pelvis_matrix-input-array" count="60">51.33333 51.36666 51.4 51.43333 51.46667 51.5 51.53333 51.56667 51.6 51.63334 51.66667 51.7 51.73333 51.76667 51.8 51.83333 51.86666 51.9 51.93333 51.96667 52 52.03333 52.06667 52.1 52.13334 52.16667 52.2 52.23333 52.26667 52.3 52.33333 52.36666 52.4 52.43333 52.46667 52.5 52.53333 52.56667 52.6 52.63334 52.66667 52.7 52.73333 52.76667 52.8 52.83333 52.86666 52.9 52.93333 52.96667 53 53.03333 53.06667 53.1 53.13334 53.16667 53.2 53.23333 53.26667 53.3</float_array>
        <technique_common>
          <accessor source="#node-Bip01_Pelvis_matrix-input-array" count="60" stride="1">
            <param name="TIME" type="float"/>
          </accessor>
        </technique_common>
      </source>
      <source id="node-Bip01_Pelvis_matrix-output">
