<?xml version="1.0" encoding="utf-8"?>
<COLLADA xmlns="http://www.collada.org/2005/11/COLLADASchema" version="1.4.1">
  <asset>
    <contributor>
      <author>MattO</author>
      <authoring_tool>OpenCOLLADA for 3ds Max;  Version: 1.3.0;  Revision: 839M;  Platform: x64;  Configuration: Release_Max2012</authoring_tool>
      <source_data>file:///C:/Dropbox/Prj/GGStout/Ender_SourceArt/Soldier_TP_Ender_Animation_Master.max</source_data>
    </contributor>
    <created>2011-10-10T11:03:03</created>
    <modified>2011-10-10T11:03:03</modified>
    <unit name="meter" meter="1"/>
    <up_axis>Z_UP</up_axis>
  </asset>
  <library_effects>
    <effect id="ShapeBounds">
      <profile_COMMON>
        <technique sid="common">
          <blinn>
            <emission>
              <color>0 0 0 1</color>
            </emission>
            <ambient>
              <color>0.1647059 1 0 1</color>
            </ambient>
            <diffuse>
              <color>0.1647059 1 0 1</color>
            </diffuse>
            <specular>
              <color>0.9 0.9 0.9 1</color>
            </specular>
            <shininess>
              <float>10</float>
            </shininess>
            <reflective>
              <color>0 0 0 1</color>
            </reflective>
            <transparent opaque="A_ONE">
              <color>1 1 1 1</color>
            </transparent>
            <transparency>
              <float>1</float>
            </transparency>
          </blinn>
        </technique>
      </profile_COMMON>
      <extra>
        <technique profile="OpenCOLLADA3dsMax">
          <extended_shader>
            <apply_reflection_dimming>0</apply_reflection_dimming>
            <dim_level>0</dim_level>
            <falloff_type>0</falloff_type>
            <index_of_refraction>1.5</index_of_refraction>
            <opacity_type>0</opacity_type>
            <reflection_level>3</reflection_level>
            <wire_size>1</wire_size>
            <wire_units>0</wire_units>
          </extended_shader>
          <shader>
            <ambient_diffuse_lock>1</ambient_diffuse_lock>
            <ambient_diffuse_texture_lock>1</ambient_diffuse_texture_lock>
            <diffuse_specular_lock>0</diffuse_specular_lock>
            <soften>0.1</soften>
            <use_self_illum_color>0</use_self_illum_color>
          </shader>
        </technique>
      </extra>
    </effect>
  </library_effects>
  <library_materials>
    <material id="ShapeBounds-material" name="ShapeBounds">
      <instance_effect url="#ShapeBounds"/>
    </material>
  </library_materials>
  <library_geometries>
    <geometry id="geom-Bounds" name="Bounds">
      <mesh>
        <source id="geom-Bounds-positions">
          <float_array id="geom-Bounds-positions-array" count="24">-0.425 -0.425 0 0.425 -0.425 0 -0.425 0.425 0 0.425 0.425 0 -0.425 -0.425 1.84 0.425 -0.425 1.84 -0.425 0.425 1.84 0.425 0.425 1.84</float_array>
          <technique_common>
            <accessor source="#geom-Bounds-positions-array" count="8" stride="3">
              <param name="X" type="float"/>
              <param name="Y" type="float"/>
              <param name="Z" type="float"/>
            </accessor>
          </technique_common>
        </source>
        <source id="geom-Bounds-normals">
          <float_array id="geom-Bounds-normals-array" count="72">0 0 -1 0 0 -1 0 0 -1 0 0 -1 0 0 1 0 0 1 0 0 1 0 0 1 0 -1 0 0 -1 0 0 -1 0 0 -1 0 1 0 0 1 0 0 1 0 0 1 0 0 0 1 0 0 1 0 0 1 0 0 1 0 -1 0 0 -1 0 0 -1 0 0 -1 0 0</float_array>
          <technique_common>
            <accessor source="#geom-Bounds-normals-array" count="24" stride="3">
              <param name="X" type="float"/>
              <param name="Y" type="float"/>
              <param name="Z" type="float"/>
            </accessor>
          </technique_common>
        </source>
        <source id="geom-Bounds-map1">
          <float_array id="geom-Bounds-map1-array" count="36">0 0 0 1 0 0 0 1 0 1 1 0 0 0 0 1 0 0 0 1 0 1 1 0 0 0 0 1 0 0 0 1 0 1 1 0</float_array>
          <technique_common>
            <accessor source="#geom-Bounds-map1-array" count="12" stride="3">
              <param name="S" type="float"/>
              <param name="T" type="float"/>
              <param name="P" type="float"/>
            </accessor>
          </technique_common>
        </source>
        <vertices id="geom-Bounds-vertices">
          <input semantic="POSITION" source="#geom-Bounds-positions"/>
        </vertices>
        <triangles material="ShapeBounds" count="12">
          <input semantic="VERTEX" source="#geom-Bounds-vertices" offset="0"/>
          <input semantic="NORMAL" source="#geom-Bounds-normals" offset="1"/>
          <input semantic="TEXCOORD" source="#geom-Bounds-map1" offset="2" set="0"/>
          <p>0 0 9 2 1 11 3 2 10 3 2 10 1 3 8 0 0 9 4 4 8 5 5 9 7 6 11 7 6 11 6 7 10 4 4 8 0 8 4 1 9 5 5 10 7 5 10 7 4 11 6 0 8 4 1 12 0 3 13 1 7 14 3 7 14 3 5 15 2 1 12 0 3 16 4 2 17 5 6 18 7 6 18 7 7 19 6 3 16 4 2 20 0 0 21 1 4 22 3 4 22 3 6 23 2 2 20 0</p>
        </triangles>
      </mesh>
      <extra>
        <technique profile="OpenCOLLADA3dsMax">
          <max_box>
            <generateuvs>1</generateuvs>
            <height>1.84</height>
            <heightsegments>1</heightsegments>
            <length>0.85</length>
            <lengthsegments>1</lengthsegments>
            <width>0.85</width>
            <widthsegments>1</widthsegments>
          </max_box>
        </technique>
      </extra>
    </geometry>
  </library_geometries>
  <library_lights>
    <light id="EnvironmentAmbientLight" name="EnvironmentAmbientLight">
      <technique_common>
        <ambient>
          <color>0 0 0</color>
        </ambient>
      </technique_common>
    </light>
  </library_lights>
  <library_visual_scenes>
    <visual_scene id="MaxScene">
      <node name="EnvironmentAmbientLight">
        <instance_light url="#EnvironmentAmbientLight"/>
      </node>
      <node id="node-Bip01" name="Bip01">
        <matrix sid="matrix">0.7792376 -0.6267173 0.003750267 -0.005676784 0.6267178 0.7792454 0.001183462 0.01396836 -0.003664074 0.001428161 0.9999923 0.7992491 0 0 0 1</matrix>
        <node id="node-Bip01_Pelvis" name="Bip01_Pelvis">
          <matrix sid="matrix">-0.009626727 0.991236 0.1317526 0 -0.1217413 -0.1319404 0.9837534 0 0.9925151 -0.006569401 0.1219445 0 0 0 0 1</matrix>
          <node id="node-Bip01_Spine" name="Bip01_Spine">
            <matrix sid="matrix">0.9543822 -0.2849871 -0.08909023 0.1975226 0.2101389 0.8530462 -0.4776545 0.02500414 0.2121235 0.4371438 0.8740191 0.02776814 0 0 0 1</matrix>
            <node id="node-Bip01_Spine1" name="Bip01_Spine1">
              <matrix sid="matrix">0.9965124 0.05406575 -0.0635605 0.1022243 -0.05553561 0.9982232 -0.02158951 -1.00836e-4 0.06228031 0.0250441 0.9977446 -2.52761e-6 0 0 0 1</matrix>
              <node id="node-Bip01_Spine2" name="Bip01_Spine2">
                <matrix sid="matrix">0.9777662 -0.1711879 0.1211107 0.1268952 0.1757437 0.9840403 -0.02791211 -1.68502e-4 -0.1143996 0.04857597 0.9922464 -8.29995e-6 0 0 0 1</matrix>
                <node id="node-Bip01_Neck" name="Bip01_Neck">
                  <matrix sid="matrix">0.81547 -0.4308034 -0.3865454 0.2151072 0.3746281 0.9019333 -0.2148724 -4.97401e-5 0.441206 0.03041114 0.8968904 -1.66893e-6 0 0 0 1</matrix>
                  <node id="node-Bip01_Head" name="Bip01_Head">
                    <matrix sid="matrix">0.9070899 0.4132927 0.07985421 0.07051814 -0.3881004 0.8945988 -0.2215193 -0.01395917 -0.16299 0.1699463 0.9718808 0 0 0 0 1</matrix>
                    <node id="node-AltEye" name="AltEye">
                      <matrix sid="matrix">0.03048624 0.3971821 0.9172338 0.06454682 0.03236818 0.9167866 -0.3980642 0.2214611 -0.9990112 0.04182434 0.0150932 0.04716256 0 0 0 1</matrix>
                    </node>
                  </node>
                  <node id="node-Bip01_L_Clavicle" name="Bip01_L_Clavicle">
                    <matrix sid="matrix">0.218727 -0.1937395 0.9563593 0.008448601 0.4802901 -0.8317719 -0.2783467 -0.01209164 0.8493997 0.5202119 -0.08887986 0.07246038 0 0 0 1</matrix>
                    <node id="node-Bip01_L_UpperArm" name="Bip01_L_UpperArm">
                      <matrix sid="matrix">0.4866942 0.5539693 0.6754602 0.1824006 -0.8575154 0.1553921 0.4904291 5.96046e-8 0.1667215 -0.8179066 0.5506657 0 0 0 0 1</matrix>
                      <node id="node-Bip01_L_Forearm" name="Bip01_L_Forearm">
                        <matrix sid="matrix">0.8201936 0.5720861 2.98023e-8 0.284369 -0.5720861 0.8201936 0 1.19209e-7 2.23517e-8 -2.98023e-8 1 -5.96046e-8 0 0 0 1</matrix>
                        <node id="node-Bip01_L_Hand" name="Bip01_L_Hand">
                          <matrix sid="matrix">0.8481605 0.3730121 -0.3761463 0.281068 -0.03463879 0.7475909 0.6632558 0 0.5286059 -0.549518 0.6469978 5.96046e-8 0 0 0 1</matrix>
                          <node id="node-Bip01_L_Finger0" name="Bip01_L_Finger0">
                            <matrix sid="matrix">0.6591593 0.3903029 0.6427851 0.02119684 0.6535139 0.1255929 -0.746422 -0.004734278 -0.37206 0.91208 -0.1722827 -0.02572191 0 0 0 1</matrix>
                            <node id="node-Bip01_L_Finger01" name="Bip01_L_Finger01">
                              <matrix sid="matrix">0.8583043 -0.5131412 0 0.04982859 0.5131411 0.8583043 2.98023e-8 2.98023e-8 -4.47035e-8 2.98023e-8 1 0 0 0 0 1</matrix>
                              <node id="node-Bip01_L_Finger02" name="Bip01_L_Finger02">
                                <matrix sid="matrix">0.6525694 -0.7577291 2.98023e-8 0.0520224 0.7577291 0.6525694 1.49012e-8 2.98023e-8 -2.98023e-8 -1.11759e-8 1 0 0 0 0 1</matrix>
                              </node>
                            </node>
                          </node>
                          <node id="node-Bip01_L_Finger1" name="Bip01_L_Finger1">
                            <matrix sid="matrix">0.8743499 -0.4850003 -0.01693495 0.1199948 0.4823663 0.872371 -0.07931912 -0.008367658 0.0532434 0.06118384 0.9967053 -0.0410139 0 0 0 1</matrix>
                            <node id="node-Bip01_L_Finger11" name="Bip01_L_Finger11">
                              <matrix sid="matrix">0.2787537 -0.9603626 -3.72529e-9 0.03644174 0.9603626 0.2787537 -2.98023e-8 1.19209e-7 0 -1.49012e-8 1 0 0 0 0 1</matrix>
                              <node id="node-Bip01_L_Finger12" name="Bip01_L_Finger12">
                                <matrix sid="matrix">0.8119802 -0.5836849 5.96046e-8 0.03117549 0.583685 0.8119803 -7.45058e-9 0 0 1.49012e-8 1 -5.96046e-8 0 0 0 1</matrix>
                              </node>
                            </node>
                          </node>
                          <node id="node-Bip01_L_Finger2" name="Bip01_L_Finger2">
                            <matrix sid="matrix">0.647273 -0.735232 -0.2011753 0.1229539 0.7556679 0.6535555 0.04279065 -0.008801937 0.1000182 -0.1797189 0.9786201 -0.01328242 0 0 0 1</matrix>
                            <node id="node-Bip01_L_Finger21" name="Bip01_L_Finger21">
                              <matrix sid="matrix">0.6013957 -0.7989513 0 0.03895521 0.7989513 0.6013957 2.98023e-8 1.19209e-7 2.98023e-8 -7.45058e-9 1 0 0 0 0 1</matrix>
                              <node id="node-Bip01_L_Finger22" name="Bip01_L_Finger22">
                                <matrix sid="matrix">0.8644754 -0.5026752 2.98023e-8 0.03800529 0.5026752 0.8644755 0 0 0 0 1 -5.96046e-8 0 0 0 1</matrix>
                              </node>
                            </node>
                          </node>
                          <node id="node-Bip01_L_Finger3" name="Bip01_L_Finger3">
                            <matrix sid="matrix">0.3854293 -0.8817468 -0.271969 0.1211882 0.9217518 0.3815321 0.06932962 -0.001191258 0.0426337 -0.2774096 0.9598053 0.01196864 0 0 0 1</matrix>
                            <node id="node-Bip01_L_Finger31" name="Bip01_L_Finger31">
                              <matrix sid="matrix">0.9381479 -0.3462352 -2.98023e-8 0.03155851 0.3462351 0.9381477 -2.98023e-8 1.19209e-7 0 -4.47035e-8 1 -5.96046e-8 0 0 0 1</matrix>
                              <node id="node-Bip01_L_Finger32" name="Bip01_L_Finger32">
                                <matrix sid="matrix">0.6529357 -0.7574133 -2.98023e-8 0.03366601 0.7574133 0.6529357 0 1.19209e-7 -5.96046e-8 2.98023e-8 1 0 0 0 0 1</matrix>
                              </node>
                            </node>
                          </node>
                          <node id="node-Bip01_L_Finger4" name="Bip01_L_Finger4">
                            <matrix sid="matrix">0.7005675 -0.700558 -0.1357336 0.1136799 0.7135146 0.6850148 0.1471445 0.005147338 -0.01010364 -0.1999325 0.9797575 0.03886569 0 0 0 1</matrix>
                            <node id="node-Bip01_L_Finger41" name="Bip01_L_Finger41">
                              <matrix sid="matrix">0.7966627 -0.6044244 0 0.03661618 0.6044244 0.7966627 0 0 0 -2.98023e-8 1 5.96046e-8 0 0 0 1</matrix>
                              <node id="node-Bip01_L_Finger42" name="Bip01_L_Finger42">
                                <matrix sid="matrix">0.8880923 -0.4596653 -2.98023e-8 0.0177263 0.4596654 0.8880923 2.98023e-8 -1.19209e-7 0 7.45058e-9 1 -5.96046e-8 0 0 0 1</matrix>
                              </node>
                            </node>
                          </node>
                        </node>
                      </node>
                    </node>
                  </node>
                  <node id="node-Bip01_R_Clavicle" name="Bip01_R_Clavicle">
                    <matrix sid="matrix">-0.4367577 -0.5517113 -0.710533 -0.0518617 0.5680685 -0.7815931 0.2577017 -0.01624829 -0.6975248 -0.2910782 0.6547769 -0.05013978 0 0 0 1</matrix>
                    <node id="node-Bip01_R_UpperArm" name="Bip01_R_UpperArm">
                      <matrix sid="matrix">0.6536188 0.5794653 -0.4868289 0.1824006 -0.7208144 0.6726908 -0.1670744 0 0.2306715 0.4601164 0.8573703 0 0 0 0 1</matrix>
                      <node id="node-Bip01_R_Forearm" name="Bip01_R_Forearm">
                        <matrix sid="matrix">-0.2263136 0.9740543 0 0.284369 -0.9740543 -0.2263137 -4.47035e-8 5.96046e-8 8.9407e-8 -8.9407e-8 0.9999999 0 0 0 0 1</matrix>
                        <node id="node-Bip01_R_Hand" name="Bip01_R_Hand">
                          <matrix sid="matrix">0.6512826 0.3417338 0.6775316 0.281068 0.7584227 -0.2636936 -0.5960377 -2.98023e-8 -0.02502549 0.9020442 -0.4309177 -5.96046e-8 0 0 0 1</matrix>
                          <node id="node-Bip01_R_Finger0" name="Bip01_R_Finger0">
                            <matrix>0.5215105 0.2690131 -0.8097274 0.02119681 0.7250716 0.3605265 0.5867639 -0.004734278 0.4497753 -0.893114 -0.007035483 0.02572191 0 0 0 1</matrix>
                            <node id="node-Bip01_R_Finger01" name="Bip01_R_Finger01">
                              <matrix>0.6055625 -0.7636237 0.2239935 0.04982853 0.7191881 0.6456374 0.2567512 0 -0.3406797 0.005614519 0.9401628 1.19209e-7 0 0 0 1</matrix>
                              <node id="node-Bip01_R_Finger02" name="Bip01_R_Finger02">
                                <matrix>0.9505159 -0.3106765 7.45058e-9 0.05202246 0.3106764 0.9505158 0 0 -5.96046e-8 -2.23517e-8 1 0 0 0 0 1</matrix>
                              </node>
                            </node>
                          </node>
                          <node id="node-Bip01_R_Finger1" name="Bip01_R_Finger1">
                            <matrix>0.9820224 -0.1733427 -0.07472672 0.1199946 0.1795577 0.9799358 0.08651491 -0.008367538 0.05823065 -0.09837732 0.993444 0.04101396 0 0 0 1</matrix>
                            <node id="node-Bip01_R_Finger11" name="Bip01_R_Finger11">
                              <matrix>0.8240547 -0.5665103 1.11759e-8 0.03644168 0.5665103 0.8240547 0 -5.96046e-8 -5.58794e-9 2.98023e-8 1 0 0 0 0 1</matrix>
                              <node id="node-Bip01_R_Finger12" name="Bip01_R_Finger12">
                                <matrix>0.8146397 -0.5796779 0.01831833 0.03117548 0.5799672 0.8142332 -0.02573051 5.96046e-8 7.45058e-9 0.0315851 0.9995012 -1.19209e-7 0 0 0 1</matrix>
                              </node>
                            </node>
                          </node>
                          <node id="node-Bip01_R_Finger2" name="Bip01_R_Finger2">
                            <matrix>0.6754014 -0.7374503 -1.52119e-4 0.1229538 0.7368313 0.6748429 -0.04082685 -0.008802027 0.03021043 0.02746242 0.9991663 0.01328242 0 0 0 1</matrix>
                            <node id="node-Bip01_R_Finger21" name="Bip01_R_Finger21">
                              <matrix>0.5508358 -0.8338858 -0.0348487 0.03895518 0.832222 0.551937 -0.05265062 -5.96046e-8 0.0631389 -8.84756e-9 0.9980047 1.19209e-7 0 0 0 1</matrix>
                              <node id="node-Bip01_R_Finger22" name="Bip01_R_Finger22">
                                <matrix>0.1984735 -0.9799247 0.01886611 0.03800538 0.9755273 0.1993681 0.09272986 -5.96046e-8 -0.09462956 0 0.9955125 0 0 0 0 1</matrix>
                              </node>
                            </node>
                          </node>
                          <node id="node-Bip01_R_Finger3" name="Bip01_R_Finger3">
                            <matrix>0.7159052 -0.6949217 0.06755452 0.1211882 0.6883787 0.6863562 -0.234627 -0.001191288 0.1166809 0.2144738 0.9697353 -0.01196861 0 0 0 1</matrix>
                            <node id="node-Bip01_R_Finger31" name="Bip01_R_Finger31">
                              <matrix>0.4441952 -0.8949345 0.04222351 0.03155845 0.8909186 0.4461975 0.08468724 8.9407e-8 -0.09462959 3.9814e-8 0.9955125 0 0 0 0 1</matrix>
                              <node id="node-Bip01_R_Finger32" name="Bip01_R_Finger32">
                                <matrix>0.1993682 -0.9794358 -0.03095102 0.03366594 0.9799247 0.1992687 0.006297083 5.96046e-8 -7.45058e-9 -0.03158514 0.9995012 -1.19209e-7 0 0 0 1</matrix>
                              </node>
                            </node>
                          </node>
                          <node id="node-Bip01_R_Finger4" name="Bip01_R_Finger4">
                            <matrix>0.592579 -0.7897949 -0.1583476 0.1136797 0.7783521 0.6120424 -0.1399001 0.005147398 0.2074078 -0.04034829 0.977422 -0.03886592 0 0 0 1</matrix>
                            <node id="node-Bip01_R_Finger41" name="Bip01_R_Finger41">
                              <matrix>0.4202556 -0.9064697 0.04120624 0.03661618 0.906853 0.4211512 0.01578783 5.96046e-8 -0.03166522 0.03073306 0.999026 0 0 0 0 1</matrix>
                              <node id="node-Bip01_R_Finger42" name="Bip01_R_Finger42">
                                <matrix>0.4024469 -0.9138248 -0.0544149 0.0177263 0.9154231 0.4021217 0.01728314 0 0.006087616 -0.05676818 0.9983689 0 0 0 0 1</matrix>
                              </node>
                            </node>
                          </node>
                          <node id="node-mount0" name="mount0">
                            <matrix>-6.27794e-7 0.9999999 1.45519e-9 0.109539 -0.9999999 -6.50356e-7 4.76837e-7 0.02518257 4.787e-7 2.38651e-9 1 0.01321661 0 0 0 1</matrix>
                          </node>
                        </node>
                      </node>
                    </node>
                  </node>
                </node>
                <node id="node-Bip01_L_Pauldron_Upper" name="Bip01_L_Pauldron_Upper">
                  <matrix sid="matrix">0.9726582 0.1183441 0.1998269 0.1769031 0.1843817 -0.9166573 -0.3546032 -0.03908369 0.1412075 0.3817522 -0.9134145 0.2290199 0 0 0 1</matrix>
                </node>
                <node id="node-Bip01_R_Pauldron_Lower" name="Bip01_R_Pauldron_Lower">
                  <matrix sid="matrix">-0.1156726 -0.9403759 -0.3198654 0.1729062 0.9097751 -0.2295502 0.3458562 -0.1133294 -0.3986599 -0.2509995 0.8820827 -0.2351094 0 0 0 1</matrix>
                </node>
                <node id="node-Bip01_L_Pauldron_Lower" name="Bip01_L_Pauldron_Lower">
                  <matrix sid="matrix">-0.2099968 -0.7687201 0.6041284 0.1529204 0.4002343 -0.6313506 -0.6642358 -0.1054225 0.892028 0.1023054 0.4402496 0.2344801 0 0 0 1</matrix>
                </node>
              </node>
            </node>
            <node id="node-Bip01_L_Thigh" name="Bip01_L_Thigh">
              <matrix sid="matrix">-0.5294569 0.8443332 0.082323 -0.1726139 0.8055103 0.4699127 0.3610196 0.07855307 0.2661362 0.2574562 -0.9289176 0.1166963 0 0 0 1</matrix>
              <node id="node-Bip01_L_Calf" name="Bip01_L_Calf">
                <matrix sid="matrix">0.3788985 0.9254383 -1.30385e-8 0.4629988 -0.9254381 0.3788986 -5.58794e-9 0 1.28523e-7 1.30385e-8 1 7.45058e-9 0 0 0 1</matrix>
                <node id="node-Bip01_L_Foot" name="Bip01_L_Foot">
                  <matrix sid="matrix">0.925157 -0.3719214 -0.07588892 0.3610501 0.3790928 0.9154797 0.1348533 0 0.01931989 -0.1535295 0.9879553 7.45058e-9 0 0 0 1</matrix>
                  <node id="node-Bip01_L_Toe0" name="Bip01_L_Toe0">
                    <matrix sid="matrix">4.76837e-7 -1 1.39046e-6 0.1486307 1 4.7707e-7 2.30575e-8 0.1543275 -2.30466e-8 1.38953e-6 1 3.72529e-9 0 0 0 1</matrix>
                  </node>
                </node>
              </node>
            </node>
            <node id="node-Bip01_R_Thigh" name="Bip01_R_Thigh">
              <matrix sid="matrix">-0.8787183 0.3265825 0.3481353 -0.2266994 0.2830688 0.9437604 -0.1708467 -0.03290708 -0.3843517 -0.0515799 -0.9217447 -0.1061547 0 0 0 1</matrix>
              <node id="node-Bip01_R_Calf" name="Bip01_R_Calf">
                <matrix sid="matrix">0.4368513 0.899534 -2.98023e-8 0.4629988 -0.8995338 0.4368512 -2.23517e-8 -7.45058e-9 1.04308e-7 5.96046e-8 1 0 0 0 0 1</matrix>
                <node id="node-Bip01_R_Foot" name="Bip01_R_Foot">
                  <matrix sid="matrix">0.6397877 -0.7404876 0.2057904 0.3610501 0.7144704 0.6717172 0.1957759 1.49012e-8 -0.2832025 0.02177627 0.958813 0 0 0 0 1</matrix>
                  <node id="node-Bip01_R_Toe0" name="Bip01_R_Toe0">
                    <matrix sid="matrix">-0.1805802 -0.9786913 0.09774529 0.1486307 0.9833316 -0.1817873 -0.003513819 0.1543275 0.02120782 0.09548151 0.9952052 2.98023e-8 0 0 0 1</matrix>
                  </node>
                </node>
              </node>
            </node>
          </node>
          <node id="node-Bip01_FannyPack" name="Bip01_FannyPack">
            <matrix sid="matrix">-0.9629918 -0.2062317 0.1735378 0.2299507 -0.2083319 0.9780385 0.006227079 -0.1378937 -0.1710108 -0.03015682 -0.9848076 0.01013964 0 0 0 1</matrix>
          </node>
        </node>
        <node id="node-Eye" name="Eye">
          <matrix sid="matrix">0.7792379 0.6267178 -0.003664055 0.06087169 -0.6267173 0.7792453 0.001428261 0.06525705 0.003750314 0.001183372 0.9999919 0.771161 0 0 0 1</matrix>
          <node id="node-cam" name="cam">
            <matrix>1 -6.03104e-8 0 4.84288e-8 6.03104e-8 1 -2.32832e-9 -0.104 0 2.32832e-9 1 0.30056 0 0 0 1</matrix>
          </node>
        </node>
      </node>
      <node id="node-Bounds" name="Bounds">
        <matrix>0.9999915 0.001706907 0.003750479 0 -0.001711356 0.9999978 0.001183292 0.1035326 -0.003748452 -0.0011897 0.9999923 -8.93474e-5 0 0 0 1</matrix>
        <instance_geometry url="#geom-Bounds">
          <bind_material>
            <technique_common>
              <instance_material symbol="ShapeBounds" target="#ShapeBounds-material"/>
            </technique_common>
          </bind_material>
        </instance_geometry>
      </node>
    </visual_scene>
  </library_visual_scenes>
  <library_animations>
    <animation>
      <source id="node-Bip01_matrix-input">
        <float_array id="node-Bip01_matrix-input-array" count="60">1.666667 1.7 1.733333 1.766667 1.8 1.833333 1.866667 1.9 1.933333 1.966667 2 2.033333 2.066667 2.1 2.133333 2.166667 2.2 2.233333 2.266667 2.3 2.333333 2.366667 2.4 2.433333 2.466667 2.5 2.533333 2.566667 2.6 2.633333 2.666667 2.7 2.733333 2.766667 2.8 2.833333 2.866667 2.9 2.933333 2.966667 3 3.033333 3.066667 3.1 3.133333 3.166667 3.2 3.233333 3.266667 3.3 3.333333 3.366667 3.4 3.433333 3.466667 3.5 3.533333 3.566667 3.6 3.633333</float_array>
        <technique_common>
          <accessor source="#node-Bip01_matrix-input-array" count="60" stride="1">
            <param name="TIME" type="float"/>
          </accessor>
        </technique_common>
      </source>
      <source id="node-Bip01_matrix-output">
        <float_array id="node-Bip01_matrix-output-array" count="960">0.7792376 -0.6267173 0.003750264 -0.005676746 0.6267178 0.7792454 0.00118345 0.01396834 -0.003664016 0.001428127 0.9999923 0.7992491 0 0 0 1 0.7792376 -0.6267173 0.003750264 -0.005658388 0.6267178 0.7792454 0.00118345 0.01397007 -0.003664016 0.001428127 0.9999923 0.7994365 0 0 0 1 0.7792376 -0.6267173 0.003750264 -0.005604922 0.6267178 0.7792454 0.00118345 0.01397508 -0.003664016 0.001428127 0.9999923 0.7996352 0 0 0 1 0.7792376 -0.6267173 0.003750264 -0.005518913 0.6267178 0.7792454 0.00118345 0.01398313 -0.003664016 0.001428127 0.9999923 0.7998442 0 0 0 1 0.7792376 -0.6267173 0.003750264 -0.005402803 0.6267178 0.7792454 0.00118345 0.01399403 -0.003664016 0.001428127 0.9999923 0.8000621 0 0 0 1 0.7792376 -0.6267173 0.003750264 -0.005259156 0.6267178 0.7792454 0.00118345 0.0140075 -0.003664016 0.001428127 0.9999923 0.8002876 0 0 0 1 0.7792376 -0.6267173 0.003750264 -0.005090475 0.6267178 0.7792454 0.00118345 0.0140233 -0.003664016 0.001428127 0.9999923 0.8005196 0 0 0 1 0.7792376 -0.6267173 0.003750264 -0.004899203 0.6267178 0.7792454 0.00118345 0.01404124 -0.003664016 0.001428127 0.9999923 0.8007568 0 0 0 1 0.7792376 -0.6267173 0.003750264 -0.004687905 0.6267178 0.7792454 0.00118345 0.01406103 -0.003664016 0.001428127 0.9999923 0.800998 0 0 0 1 0.7792376 -0.6267173 0.003750264 -0.004459023 0.6267178 0.7792454 0.00118345 0.01408249 -0.003664016 0.001428127 0.9999923 0.8012418 0 0 0 1 0.7792376 -0.6267173 0.003750264 -0.00421518 0.6267178 0.7792454 0.00118345 0.01410537 -0.003664016 0.001428127 0.9999923 0.8014871 0 0 0 1 0.7792376 -0.6267173 0.003750264 -0.003958761 0.6267178 0.7792454 0.00118345 0.0141294 -0.003664016 0.001428127 0.9999923 0.8017325 0 0 0 1 0.7792376 -0.6267173 0.003750264 -0.003692328 0.6267178 0.7792454 0.00118345 0.01415437 -0.003664016 0.001428127 0.9999923 0.801977 0 0 0 1 0.7792376 -0.6267173 0.003750264 -0.003418385 0.6267178 0.7792454 0.00118345 0.01418006 -0.003664016 0.001428127 0.9999923 0.802219 0 0 0 1 0.7792376 -0.6267173 0.003750264 -0.003139436 0.6267178 0.7792454 0.00118345 0.01420617 -0.003664016 0.001428127 0.9999923 0.8024577 0 0 0 1 0.7792376 -0.6267173 0.003750264 -0.002857983 0.6267178 0.7792454 0.00118345 0.01423257 -0.003664016 0.001428127 0.9999923 0.8026915 0 0 0 1 0.7792376 -0.6267173 0.003750264 -0.002576529 0.6267178 0.7792454 0.00118345 0.01425898 -0.003664016 0.001428127 0.9999923 0.8029192 0 0 0 1 0.7792376 -0.6267173 0.003750264 -0.00229758 0.6267178 0.7792454 0.00118345 0.01428508 -0.003664016 0.001428127 0.9999923 0.8031397 0 0 0 1 0.7792376 -0.6267173 0.003750264 -0.002023637 0.6267178 0.7792454 0.00118345 0.01431077 -0.003664016 0.001428127 0.9999923 0.8033515 0 0 0 1 0.7792376 -0.6267173 0.003750264 -0.001757204 0.6267178 0.7792454 0.00118345 0.01433575 -0.003664016 0.001428127 0.9999923 0.8035537 0 0 0 1 0.7792376 -0.6267173 0.003750264 -0.001500785 0.6267178 0.7792454 0.00118345 0.01435983 -0.003664016 0.001428127 0.9999923 0.8037449 0 0 0 1 0.7792376 -0.6267173 0.003750264 -0.001256942 0.6267178 0.7792454 0.00118345 0.01438266 -0.003664016 0.001428127 0.9999923 0.8039237 0 0 0 1 0.7792376 -0.6267173 0.003750264 -0.00102806 0.6267178 0.7792454 0.00118345 0.01440411 -0.003664016 0.001428127 0.9999923 0.804089 0 0 0 1 0.7792376 -0.6267173 0.003750264 -8.1681e-4 0.6267178 0.7792454 0.00118345 0.0144239 -0.003664016 0.001428127 0.9999923 0.8042395 0 0 0 1 0.7792376 -0.6267173 0.003750264 -6.25549e-4 0.6267178 0.7792454 0.00118345 0.01444184 -0.003664016 0.001428127 0.9999923 0.804374 0 0 0 1 0.7792376 -0.6267173 0.003750264 -4.5684e-4 0.6267178 0.7792454 0.00118345 0.0144577 -0.003664016 0.001428127 0.9999923 0.8044912 0 0 0 1 0.7792376 -0.6267173 0.003750264 -3.13188e-4 0.6267178 0.7792454 0.00118345 0.01447111 -0.003664016 0.001428127 0.9999923 0.8045899 0 0 0 1 0.7792376 -0.6267173 0.003750264 -1.97097e-4 0.6267178 0.7792454 0.00118345 0.01448202 -0.003664016 0.001428127 0.9999923 0.8046689 0 0 0 1 0.7792376 -0.6267173 0.003750264 -1.11072e-4 0.6267178 0.7792454 0.00118345 0.01449006 -0.003664016 0.001428127 0.9999923 0.8047269 0 0 0 1 0.7792376 -0.6267173 0.003750264 -5.762e-5 0.6267178 0.7792454 0.00118345 0.01449507 -0.003664016 0.001428127 0.9999923 0.8047626 0 0 0 1 0.7792376 -0.6267173 0.003750264 -3.92459e-5 0.6267178 0.7792454 0.00118345 0.0144968 -0.003664016 0.001428127 0.9999923 0.8047747 0 0 0 1 0.7792376 -0.6267173 0.003750264 -5.76206e-5 0.6267178 0.7792454 0.00118345 0.01449507 -0.003664016 0.001428127 0.9999923 0.8047573 0 0 0 1 0.7792376 -0.6267173 0.003750264 -1.11072e-4 0.6267178 0.7792454 0.00118345 0.01449006 -0.003664016 0.001428127 0.9999923 0.8047066 0 0 0 1 0.7792376 -0.6267173 0.003750264 -1.97098e-4 0.6267178 0.7792454 0.00118345 0.01448202 -0.003664016 0.001428127 0.9999923 0.8046249 0 0 0 1 0.7792376 -0.6267173 0.003750264 -3.13188e-4 0.6267178 0.7792454 0.00118345 0.01447111 -0.003664016 0.001428127 0.9999923 0.8045146 0 0 0 1 0.7792376 -0.6267173 0.003750264 -4.56843e-4 0.6267178 0.7792454 0.00118345 0.0144577 -0.003664016 0.001428127 0.9999923 0.804378 0 0 0 1 0.7792376 -0.6267173 0.003750264 -6.25549e-4 0.6267178 0.7792454 0.00118345 0.01444184 -0.003664016 0.001428127 0.9999923 0.8042175 0 0 0 1 0.7792376 -0.6267173 0.003750264 -8.1681e-4 0.6267178 0.7792454 0.00118345 0.0144239 -0.003664016 0.001428127 0.9999923 0.8040353 0 0 0 1 0.7792376 -0.6267173 0.003750264 -0.00102806 0.6267178 0.7792454 0.00118345 0.01440411 -0.003664016 0.001428127 0.9999923 0.8038339 0 0 0 1 0.7792376 -0.6267173 0.003750264 -0.001256942 0.6267178 0.7792454 0.00118345 0.01438266 -0.003664016 0.001428127 0.9999923 0.8036155 0 0 0 1 0.7792376 -0.6267173 0.003750264 -0.001500785 0.6267178 0.7792454 0.00118345 0.01435983 -0.003664016 0.001428127 0.9999923 0.8033825 0 0 0 1 0.7792376 -0.6267173 0.003750264 -0.001757204 0.6267178 0.7792454 0.00118345 0.01433575 -0.003664016 0.001428127 0.9999923 0.8031372 0 0 0 1 0.7792376 -0.6267173 0.003750264 -0.002023637 0.6267178 0.7792454 0.00118345 0.01431077 -0.003664016 0.001428127 0.9999923 0.802882 0 0 0 1 0.7792376 -0.6267173 0.003750264 -0.00229758 0.6267178 0.7792454 0.00118345 0.01428508 -0.003664016 0.001428127 0.9999923 0.8026192 0 0 0 1 0.7792376 -0.6267173 0.003750264 -0.002576529 0.6267178 0.7792454 0.00118345 0.01425898 -0.003664016 0.001428127 0.9999923 0.8023511 0 0 0 1 0.7792376 -0.6267173 0.003750264 -0.002857983 0.6267178 0.7792454 0.00118345 0.01423257 -0.003664016 0.001428127 0.9999923 0.80208 0 0 0 1 0.7792376 -0.6267173 0.003750264 -0.003139436 0.6267178 0.7792454 0.00118345 0.01420617 -0.003664016 0.001428127 0.9999923 0.8018084 0 0 0 1 0.7792376 -0.6267173 0.003750264 -0.003418385 0.6267178 0.7792454 0.00118345 0.01418006 -0.003664016 0.001428127 0.9999923 0.8015385 0 0 0 1 0.7792376 -0.6267173 0.003750264 -0.003692328 0.6267178 0.7792454 0.00118345 0.01415437 -0.003664016 0.001428127 0.9999923 0.8012726 0 0 0 1 0.7792376 -0.6267173 0.003750264 -0.003958761 0.6267178 0.7792454 0.00118345 0.0141294 -0.003664016 0.001428127 0.9999923 0.8010131 0 0 0 1 0.7792376 -0.6267173 0.003750264 -0.00421518 0.6267178 0.7792454 0.00118345 0.01410537 -0.003664016 0.001428127 0.9999923 0.8007624 0 0 0 1 0.7792376 -0.6267173 0.003750264 -0.004459023 0.6267178 0.7792454 0.00118345 0.01408249 -0.003664016 0.001428127 0.9999923 0.8005228 0 0 0 1 0.7792376 -0.6267173 0.003750264 -0.004687905 0.6267178 0.7792454 0.00118345 0.01406103 -0.003664016 0.001428127 0.9999923 0.8002966 0 0 0 1 0.7792376 -0.6267173 0.003750264 -0.004899203 0.6267178 0.7792454 0.00118345 0.01404124 -0.003664016 0.001428127 0.9999923 0.800086 0 0 0 1 0.7792376 -0.6267173 0.003750264 -0.005090475 0.6267178 0.7792454 0.00118345 0.0140233 -0.003664016 0.001428127 0.9999923 0.7998936 0 0 0 1 0.7792376 -0.6267173 0.003750264 -0.005259156 0.6267178 0.7792454 0.00118345 0.0140075 -0.003664016 0.001428127 0.9999923 0.7997215 0 0 0 1 0.7792376 -0.6267173 0.003750264 -0.005402803 0.6267178 0.7792454 0.00118345 0.01399403 -0.003664016 0.001428127 0.9999923 0.7995722 0 0 0 1 0.7792376 -0.6267173 0.003750264 -0.005518913 0.6267178 0.7792454 0.00118345 0.01398313 -0.003664016 0.001428127 0.9999923 0.799448 0 0 0 1 0.7792376 -0.6267173 0.003750264 -0.005604922 0.6267178 0.7792454 0.00118345 0.01397508 -0.003664016 0.001428127 0.9999923 0.7993512 0 0 0 1 0.7792376 -0.6267173 0.003750264 -0.005658388 0.6267178 0.7792454 0.00118345 0.01397007 -0.003664016 0.001428127 0.9999923 0.7992842 0 0 0 1</float_array>
        <technique_common>
          <accessor source="#node-Bip01_matrix-output-array" count="60" stride="16">
            <param name="TRANSFORM" type="float4x4"/>
          </accessor>
        </technique_common>
      </source>
      <source id="node-Bip01_matrix-interpolation">
        <Name_array id="node-Bip01_matrix-interpolation-array" count="60">LINEAR LINEAR LINEAR LINEAR LINEAR LINEAR LINEAR LINEAR LINEAR LINEAR LINEAR LINEAR LINEAR LINEAR LINEAR LINEAR LINEAR LINEAR LINEAR LINEAR LINEAR LINEAR LINEAR LINEAR LINEAR LINEAR LINEAR LINEAR LINEAR LINEAR LINEAR LINEAR LINEAR LINEAR LINEAR LINEAR LINEAR LINEAR LINEAR LINEAR LINEAR LINEAR LINEAR LINEAR LINEAR LINEAR LINEAR LINEAR LINEAR LINEAR LINEAR LINEAR LINEAR LINEAR LINEAR LINEAR LINEAR LINEAR LINEAR LINEAR</Name_array>
        <technique_common>
          <accessor source="#node-Bip01_matrix-interpolation-array" count="60" stride="1">
            <param name="INTERPOLATION" type="name"/>
          </accessor>
        </technique_common>
      </source>
      <source id="node-Bip01_Pelvis_matrix-input">
        <float_array id="node-Bip01_Pelvis_matrix-input-array" count="60">1.666667 1.7 1.733333 1.766667 1.8 1.833333 1.866667 1.9 1.933333 1.966667 2 2.033333 2.066667 2.1 2.133333 2.166667 2.2 2.233333 2.266667 2.3 2.333333 2.366667 2.4 2.433333 2.466667 2.5 2.533333 2.566667 2.6 2.633333 2.666667 2.7 2.733333 2.766667 2.8 2.833333 2.866667 2.9 2.933333 2.966667 3 3.033333 3.066667 3.1 3.133333 3.166667 3.2 3.233333 3.266667 3.3 3.333333 3.366667 3.4 3.433333 3.466667 3.5 3.533333 3.566667 3.6 3.633333</float_array>
        <technique_common>
          <accessor source="#node-Bip01_Pelvis_matrix-input-array" count="60" stride="1">
            <param name="TIME" type="float"/>
          </accessor>
        </technique_common>
      </source>
      <source id="node-Bip01_Pelvis_matrix-output">
