<?xml version="1.0" encoding="utf-8"?>
<COLLADA xmlns="http://www.collada.org/2005/11/COLLADASchema" version="1.4.1">
  <asset>
    <contributor>
      <author>MattO</author>
      <authoring_tool>OpenCOLLADA for 3ds Max;  Version: 1.3.0;  Revision: 839M;  Platform: x64;  Configuration: Release_Max2012</authoring_tool>
      <source_data>file:///C:/Dropbox/Prj/GGStout/Ender_SourceArt/Soldier_TP_Ender_Animation_Master.max</source_data>
    </contributor>
    <created>2011-10-10T11:02:56</created>
    <modified>2011-10-10T11:02:56</modified>
    <unit name="meter" meter="1"/>
    <up_axis>Z_UP</up_axis>
  </asset>
  <library_effects>
    <effect id="ShapeBounds">
      <profile_COMMON>
        <technique sid="common">
          <blinn>
            <emission>
              <color>0 0 0 1</color>
            </emission>
            <ambient>
              <color>0.1647059 1 0 1</color>
            </ambient>
            <diffuse>
              <color>0.1647059 1 0 1</color>
            </diffuse>
            <specular>
              <color>0.9 0.9 0.9 1</color>
            </specular>
            <shininess>
              <float>10</float>
            </shininess>
            <reflective>
              <color>0 0 0 1</color>
            </reflective>
            <transparent opaque="A_ONE">
              <color>1 1 1 1</color>
            </transparent>
            <transparency>
              <float>1</float>
            </transparency>
          </blinn>
        </technique>
      </profile_COMMON>
      <extra>
        <technique profile="OpenCOLLADA3dsMax">
          <extended_shader>
            <apply_reflection_dimming>0</apply_reflection_dimming>
            <dim_level>0</dim_level>
            <falloff_type>0</falloff_type>
            <index_of_refraction>1.5</index_of_refraction>
            <opacity_type>0</opacity_type>
            <reflection_level>3</reflection_level>
            <wire_size>1</wire_size>
            <wire_units>0</wire_units>
          </extended_shader>
          <shader>
            <ambient_diffuse_lock>1</ambient_diffuse_lock>
            <ambient_diffuse_texture_lock>1</ambient_diffuse_texture_lock>
            <diffuse_specular_lock>0</diffuse_specular_lock>
            <soften>0.1</soften>
            <use_self_illum_color>0</use_self_illum_color>
          </shader>
        </technique>
      </extra>
    </effect>
  </library_effects>
  <library_materials>
    <material id="ShapeBounds-material" name="ShapeBounds">
      <instance_effect url="#ShapeBounds"/>
    </material>
  </library_materials>
  <library_geometries>
    <geometry id="geom-Bounds" name="Bounds">
      <mesh>
        <source id="geom-Bounds-positions">
          <float_array id="geom-Bounds-positions-array" count="24">-0.425 -0.425 0 0.425 -0.425 0 -0.425 0.425 0 0.425 0.425 0 -0.425 -0.425 1.84 0.425 -0.425 1.84 -0.425 0.425 1.84 0.425 0.425 1.84</float_array>
          <technique_common>
            <accessor source="#geom-Bounds-positions-array" count="8" stride="3">
              <param name="X" type="float"/>
              <param name="Y" type="float"/>
              <param name="Z" type="float"/>
            </accessor>
          </technique_common>
        </source>
        <source id="geom-Bounds-normals">
          <float_array id="geom-Bounds-normals-array" count="72">0 0 -1 0 0 -1 0 0 -1 0 0 -1 0 0 1 0 0 1 0 0 1 0 0 1 0 -1 0 0 -1 0 0 -1 0 0 -1 0 1 0 0 1 0 0 1 0 0 1 0 0 0 1 0 0 1 0 0 1 0 0 1 0 -1 0 0 -1 0 0 -1 0 0 -1 0 0</float_array>
          <technique_common>
            <accessor source="#geom-Bounds-normals-array" count="24" stride="3">
              <param name="X" type="float"/>
              <param name="Y" type="float"/>
              <param name="Z" type="float"/>
            </accessor>
          </technique_common>
        </source>
        <source id="geom-Bounds-map1">
          <float_array id="geom-Bounds-map1-array" count="36">0 0 0 1 0 0 0 1 0 1 1 0 0 0 0 1 0 0 0 1 0 1 1 0 0 0 0 1 0 0 0 1 0 1 1 0</float_array>
          <technique_common>
            <accessor source="#geom-Bounds-map1-array" count="12" stride="3">
              <param name="S" type="float"/>
              <param name="T" type="float"/>
              <param name="P" type="float"/>
            </accessor>
          </technique_common>
        </source>
        <vertices id="geom-Bounds-vertices">
          <input semantic="POSITION" source="#geom-Bounds-positions"/>
        </vertices>
        <triangles material="ShapeBounds" count="12">
          <input semantic="VERTEX" source="#geom-Bounds-vertices" offset="0"/>
          <input semantic="NORMAL" source="#geom-Bounds-normals" offset="1"/>
          <input semantic="TEXCOORD" source="#geom-Bounds-map1" offset="2" set="0"/>
          <p>0 0 9 2 1 11 3 2 10 3 2 10 1 3 8 0 0 9 4 4 8 5 5 9 7 6 11 7 6 11 6 7 10 4 4 8 0 8 4 1 9 5 5 10 7 5 10 7 4 11 6 0 8 4 1 12 0 3 13 1 7 14 3 7 14 3 5 15 2 1 12 0 3 16 4 2 17 5 6 18 7 6 18 7 7 19 6 3 16 4 2 20 0 0 21 1 4 22 3 4 22 3 6 23 2 2 20 0</p>
        </triangles>
      </mesh>
      <extra>
        <technique profile="OpenCOLLADA3dsMax">
          <max_box>
            <generateuvs>1</generateuvs>
            <height>1.84</height>
            <heightsegments>1</heightsegments>
            <length>0.85</length>
            <lengthsegments>1</lengthsegments>
            <width>0.85</width>
            <widthsegments>1</widthsegments>
          </max_box>
        </technique>
      </extra>
    </geometry>
  </library_geometries>
  <library_lights>
    <light id="EnvironmentAmbientLight" name="EnvironmentAmbientLight">
      <technique_common>
        <ambient>
          <color>0 0 0</color>
        </ambient>
      </technique_common>
    </light>
  </library_lights>
  <library_visual_scenes>
    <visual_scene id="MaxScene">
      <node name="EnvironmentAmbientLight">
        <instance_light url="#EnvironmentAmbientLight"/>
      </node>
      <node id="node-Bip01" name="Bip01">
        <matrix sid="matrix">0.7792376 -0.6267173 0.003750267 -8.10623e-5 0.6267178 0.7792454 0.001183462 0.009366653 -0.003664074 0.001428161 0.9999923 0.8041388 0 0 0 1</matrix>
        <node id="node-Bip01_Pelvis" name="Bip01_Pelvis">
          <matrix sid="matrix">-0.009626742 0.991236 0.1317526 0 -0.1217414 -0.1319404 0.9837534 0 0.9925151 -0.006569401 0.1219446 0 0 0 0 1</matrix>
          <node id="node-Bip01_Spine" name="Bip01_Spine">
            <matrix sid="matrix">0.9543822 -0.2849872 -0.0890903 0.1975225 0.2101389 0.8530462 -0.4776545 0.02500415 0.2121235 0.4371437 0.8740191 0.02776815 0 0 0 1</matrix>
            <node id="node-Bip01_Spine1" name="Bip01_Spine1">
              <matrix sid="matrix">0.9965124 0.05406575 -0.0635605 0.1022244 -0.05553561 0.9982232 -0.02158951 -1.00821e-4 0.06228031 0.0250441 0.9977446 -2.52388e-6 0 0 0 1</matrix>
              <node id="node-Bip01_Spine2" name="Bip01_Spine2">
                <matrix sid="matrix">0.9777662 -0.1711879 0.1211107 0.1268953 0.1757437 0.9840403 -0.02791211 -1.68532e-4 -0.1143996 0.04857597 0.9922464 -8.31485e-6 0 0 0 1</matrix>
                <node id="node-Bip01_Neck" name="Bip01_Neck">
                  <matrix sid="matrix">0.81547 -0.4308034 -0.3865454 0.2151071 0.3746281 0.9019333 -0.2148724 -4.97103e-5 0.441206 0.03041114 0.8968904 -1.66148e-6 0 0 0 1</matrix>
                  <node id="node-Bip01_Head" name="Bip01_Head">
                    <matrix sid="matrix">0.9070899 0.4132927 0.07985421 0.07051814 -0.3881004 0.8945988 -0.2215193 -0.01395929 -0.16299 0.1699463 0.9718808 -2.98023e-8 0 0 0 1</matrix>
                    <node id="node-AltEye" name="AltEye">
                      <matrix sid="matrix">0.03048624 0.3971821 0.9172338 0.06454694 0.03236818 0.9167866 -0.3980642 0.2214611 -0.9990112 0.04182434 0.0150932 0.04716256 0 0 0 1</matrix>
                    </node>
                  </node>
                  <node id="node-Bip01_L_Clavicle" name="Bip01_L_Clavicle">
                    <matrix sid="matrix">0.218727 -0.1937395 0.9563593 0.00844872 0.4802901 -0.8317719 -0.2783467 -0.01209176 0.8493997 0.5202119 -0.08887986 0.07246038 0 0 0 1</matrix>
                    <node id="node-Bip01_L_UpperArm" name="Bip01_L_UpperArm">
                      <matrix sid="matrix">0.4866943 0.5539688 0.6754605 0.1824006 -0.8575153 0.155392 0.4904292 2.98023e-8 0.1667214 -0.8179071 0.5506652 0 0 0 0 1</matrix>
                      <node id="node-Bip01_L_Forearm" name="Bip01_L_Forearm">
                        <matrix sid="matrix">0.8201936 0.572086 0 0.2843689 -0.5720861 0.8201935 0 1.19209e-7 3.72529e-8 -5.96046e-8 0.9999999 0 0 0 0 1</matrix>
                        <node id="node-Bip01_L_Hand" name="Bip01_L_Hand">
                          <matrix sid="matrix">0.8481605 0.373012 -0.3761459 0.2810681 -0.03463909 0.747591 0.6632556 0 0.5286056 -0.5495178 0.646998 -5.96046e-8 0 0 0 1</matrix>
                          <node id="node-Bip01_L_Finger0" name="Bip01_L_Finger0">
                            <matrix sid="matrix">0.6591592 0.3903028 0.642785 0.02119684 0.6535139 0.125593 -0.7464219 -0.004734397 -0.37206 0.9120799 -0.1722827 -0.02572185 0 0 0 1</matrix>
                            <node id="node-Bip01_L_Finger01" name="Bip01_L_Finger01">
                              <matrix sid="matrix">0.8583042 -0.5131412 0 0.04982865 0.5131412 0.8583043 0 0 -5.96046e-8 0 1 1.19209e-7 0 0 0 1</matrix>
                              <node id="node-Bip01_L_Finger02" name="Bip01_L_Finger02">
                                <matrix sid="matrix">0.6525694 -0.7577292 -1.49012e-8 0.0520224 0.7577291 0.6525692 -1.49012e-8 0 2.98023e-8 -4.09782e-8 1 0 0 0 0 1</matrix>
                              </node>
                            </node>
                          </node>
                          <node id="node-Bip01_L_Finger1" name="Bip01_L_Finger1">
                            <matrix sid="matrix">0.8743498 -0.4850003 -0.01693493 0.1199946 0.4823663 0.8723708 -0.07931918 -0.008367658 0.05324339 0.06118381 0.9967052 -0.04101384 0 0 0 1</matrix>
                            <node id="node-Bip01_L_Finger11" name="Bip01_L_Finger11">
                              <matrix sid="matrix">0.2787537 -0.9603626 -5.58794e-9 0.03644168 0.9603626 0.2787537 0 1.19209e-7 0 -2.23517e-8 1 0 0 0 0 1</matrix>
                              <node id="node-Bip01_L_Finger12" name="Bip01_L_Finger12">
                                <matrix sid="matrix">0.8119802 -0.5836849 0 0.03117537 0.5836849 0.8119802 -7.45058e-9 0 -2.98023e-8 -1.49012e-8 1 -5.96046e-8 0 0 0 1</matrix>
                              </node>
                            </node>
                          </node>
                          <node id="node-Bip01_L_Finger2" name="Bip01_L_Finger2">
                            <matrix sid="matrix">0.647273 -0.735232 -0.2011753 0.1229539 0.7556679 0.6535555 0.04279062 -0.008802056 0.1000182 -0.1797189 0.9786201 -0.01328242 0 0 0 1</matrix>
                            <node id="node-Bip01_L_Finger21" name="Bip01_L_Finger21">
                              <matrix sid="matrix">0.6013958 -0.7989514 1.49012e-8 0.03895527 0.7989514 0.6013958 0 1.19209e-7 8.9407e-8 1.49012e-8 1 1.19209e-7 0 0 0 1</matrix>
                              <node id="node-Bip01_L_Finger22" name="Bip01_L_Finger22">
                                <matrix sid="matrix">0.8644754 -0.5026752 2.98023e-8 0.03800529 0.5026752 0.8644755 -7.45058e-9 0 -2.98023e-8 4.47035e-8 1 0 0 0 0 1</matrix>
                              </node>
                            </node>
                          </node>
                          <node id="node-Bip01_L_Finger3" name="Bip01_L_Finger3">
                            <matrix sid="matrix">0.3854293 -0.8817466 -0.271969 0.1211882 0.9217517 0.3815321 0.06932962 -0.001191378 0.04263376 -0.2774095 0.9598052 0.01196867 0 0 0 1</matrix>
                            <node id="node-Bip01_L_Finger31" name="Bip01_L_Finger31">
                              <matrix>0.9381479 -0.3462352 -2.98023e-8 0.03155851 0.3462352 0.9381479 -2.98023e-8 1.19209e-7 2.98023e-8 -1.49012e-8 1 5.96046e-8 0 0 0 1</matrix>
                              <node id="node-Bip01_L_Finger32" name="Bip01_L_Finger32">
                                <matrix sid="matrix">0.6529357 -0.7574134 0 0.0336659 0.7574133 0.6529359 -1.49012e-8 0 -5.96046e-8 1.49012e-8 1 0 0 0 0 1</matrix>
                              </node>
                            </node>
                          </node>
                          <node id="node-Bip01_L_Finger4" name="Bip01_L_Finger4">
                            <matrix sid="matrix">0.7005675 -0.7005579 -0.1357337 0.1136798 0.7135146 0.6850148 0.1471445 0.005147338 -0.01010361 -0.1999326 0.9797574 0.03886577 0 0 0 1</matrix>
                            <node id="node-Bip01_L_Finger41" name="Bip01_L_Finger41">
                              <matrix sid="matrix">0.7966626 -0.6044244 0 0.03661627 0.6044243 0.7966626 2.98023e-8 0 0 2.98023e-8 0.9999999 -5.96046e-8 0 0 0 1</matrix>
                              <node id="node-Bip01_L_Finger42" name="Bip01_L_Finger42">
                                <matrix sid="matrix">0.8880923 -0.4596653 5.96046e-8 0.01772627 0.4596653 0.8880922 2.98023e-8 0 -5.96046e-8 0 0.9999999 0 0 0 0 1</matrix>
                              </node>
                            </node>
                          </node>
                        </node>
                      </node>
                    </node>
                  </node>
                  <node id="node-Bip01_R_Clavicle" name="Bip01_R_Clavicle">
                    <matrix sid="matrix">-0.4367577 -0.5517113 -0.710533 -0.0518617 0.5680685 -0.7815931 0.2577017 -0.0162484 -0.6975248 -0.2910782 0.6547769 -0.05013978 0 0 0 1</matrix>
                    <node id="node-Bip01_R_UpperArm" name="Bip01_R_UpperArm">
                      <matrix sid="matrix">0.6536189 0.5794653 -0.4868288 0.1824006 -0.7208142 0.6726912 -0.1670742 2.98023e-8 0.2306718 0.460116 0.8573704 0 0 0 0 1</matrix>
                      <node id="node-Bip01_R_Forearm" name="Bip01_R_Forearm">
                        <matrix sid="matrix">-0.2263137 0.9740545 2.98023e-8 0.284369 -0.9740545 -0.2263136 -1.49012e-8 0 2.98023e-8 -8.9407e-8 1 0 0 0 0 1</matrix>
                        <node id="node-Bip01_R_Hand" name="Bip01_R_Hand">
                          <matrix sid="matrix">0.6512828 0.3417338 0.6775312 0.2810682 0.7584223 -0.2636936 -0.5960379 -2.98023e-8 -0.02502571 0.9020442 -0.4309177 0 0 0 0 1</matrix>
                          <node id="node-Bip01_R_Finger0" name="Bip01_R_Finger0">
                            <matrix>0.5215105 0.269013 -0.8097275 0.02119675 0.7250715 0.3605265 0.5867639 -0.004734248 0.4497753 -0.893114 -0.007035489 0.02572191 0 0 0 1</matrix>
                            <node id="node-Bip01_R_Finger01" name="Bip01_R_Finger01">
                              <matrix sid="matrix">0.6055625 -0.7636237 0.2239935 0.04982859 0.719188 0.6456372 0.2567511 0 -0.3406796 0.005614491 0.9401627 5.96046e-8 0 0 0 1</matrix>
                              <node id="node-Bip01_R_Finger02" name="Bip01_R_Finger02">
                                <matrix>0.9505157 -0.3106765 -5.58794e-8 0.05202237 0.3106765 0.9505157 -1.49012e-8 1.19209e-7 4.47035e-8 7.45058e-9 1 0 0 0 0 1</matrix>
                              </node>
                            </node>
                          </node>
                          <node id="node-Bip01_R_Finger1" name="Bip01_R_Finger1">
                            <matrix>0.9820225 -0.1733427 -0.0747267 0.1199947 0.1795577 0.9799358 0.0865149 -0.008367509 0.05823065 -0.09837733 0.993444 0.04101408 0 0 0 1</matrix>
                            <node id="node-Bip01_R_Finger11" name="Bip01_R_Finger11">
                              <matrix>0.8240547 -0.5665103 0 0.03644162 0.5665103 0.8240547 0 0 -1.11759e-8 0 1 -1.19209e-7 0 0 0 1</matrix>
                              <node id="node-Bip01_R_Finger12" name="Bip01_R_Finger12">
                                <matrix>0.8146397 -0.5796778 0.01831833 0.03117543 0.5799673 0.8142333 -0.02573049 0 2.23517e-8 0.0315851 0.9995011 0 0 0 0 1</matrix>
                              </node>
                            </node>
                          </node>
                          <node id="node-Bip01_R_Finger2" name="Bip01_R_Finger2">
                            <matrix>0.6754014 -0.7374502 -1.52119e-4 0.1229537 0.7368313 0.6748429 -0.04082684 -0.008802056 0.03021043 0.02746242 0.9991663 0.01328242 0 0 0 1</matrix>
                            <node id="node-Bip01_R_Finger21" name="Bip01_R_Finger21">
                              <matrix>0.5508357 -0.8338858 -0.03484871 0.0389552 0.832222 0.551937 -0.05265062 0 0.06313889 -6.98492e-9 0.9980047 1.19209e-7 0 0 0 1</matrix>
                              <node id="node-Bip01_R_Finger22" name="Bip01_R_Finger22">
                                <matrix>0.1984735 -0.9799246 0.01886612 0.03800538 0.9755272 0.1993681 0.09272984 0 -0.09462957 -7.45058e-9 0.9955124 -1.19209e-7 0 0 0 1</matrix>
                              </node>
                            </node>
                          </node>
                          <node id="node-Bip01_R_Finger3" name="Bip01_R_Finger3">
                            <matrix>0.7159052 -0.6949216 0.06755452 0.1211881 0.6883787 0.6863562 -0.234627 -0.001191229 0.1166809 0.2144738 0.9697353 -0.01196873 0 0 0 1</matrix>
                            <node id="node-Bip01_R_Finger31" name="Bip01_R_Finger31">
                              <matrix>0.4441953 -0.8949345 0.0422235 0.03155842 0.8909186 0.4461977 0.08468724 5.96046e-8 -0.09462957 3.46918e-8 0.9955125 1.19209e-7 0 0 0 1</matrix>
                              <node id="node-Bip01_R_Finger32" name="Bip01_R_Finger32">
                                <matrix>0.1993682 -0.9794358 -0.03095101 0.03366601 0.9799247 0.1992687 0.006297076 0 -7.45058e-9 -0.03158514 0.9995011 -1.19209e-7 0 0 0 1</matrix>
                              </node>
                            </node>
                          </node>
                          <node id="node-Bip01_R_Finger4" name="Bip01_R_Finger4">
                            <matrix>0.5925789 -0.7897949 -0.1583476 0.1136797 0.7783522 0.6120422 -0.1399001 0.005147398 0.2074079 -0.0403483 0.977422 -0.03886592 0 0 0 1</matrix>
                            <node id="node-Bip01_R_Finger41" name="Bip01_R_Finger41">
                              <matrix>0.4202555 -0.9064697 0.04120624 0.03661618 0.9068532 0.421151 0.01578781 5.96046e-8 -0.03166524 0.03073305 0.9990261 0 0 0 0 1</matrix>
                              <node id="node-Bip01_R_Finger42" name="Bip01_R_Finger42">
                                <matrix>0.402447 -0.9138247 -0.05441484 0.01772636 0.9154231 0.4021218 0.01728317 5.96046e-8 0.006087586 -0.05676816 0.9983689 2.38419e-7 0 0 0 1</matrix>
                              </node>
                            </node>
                          </node>
                          <node id="node-mount0" name="mount0">
                            <matrix>-6.34001e-7 0.9999999 5.00586e-9 0.1095391 -0.9999999 -6.50971e-7 4.76837e-7 0.0251826 4.787e-7 2.44472e-9 1 0.01321661 0 0 0 1</matrix>
                          </node>
                        </node>
                      </node>
                    </node>
                  </node>
                </node>
                <node id="node-Bip01_L_Pauldron_Upper" name="Bip01_L_Pauldron_Upper">
                  <matrix sid="matrix">0.9726582 0.1183441 0.1998269 0.1769029 0.1843817 -0.9166573 -0.3546032 -0.03908366 0.1412075 0.3817522 -0.9134145 0.2290199 0 0 0 1</matrix>
                </node>
                <node id="node-Bip01_R_Pauldron_Lower" name="Bip01_R_Pauldron_Lower">
                  <matrix sid="matrix">-0.1156726 -0.9403759 -0.3198654 0.172906 0.9097751 -0.2295502 0.3458562 -0.1133294 -0.3986599 -0.2509995 0.8820827 -0.2351094 0 0 0 1</matrix>
                </node>
                <node id="node-Bip01_L_Pauldron_Lower" name="Bip01_L_Pauldron_Lower">
                  <matrix sid="matrix">-0.2099968 -0.7687201 0.6041284 0.1529202 0.4002343 -0.6313506 -0.6642358 -0.1054225 0.892028 0.1023054 0.4402496 0.2344801 0 0 0 1</matrix>
                </node>
              </node>
            </node>
            <node id="node-Bip01_L_Thigh" name="Bip01_L_Thigh">
              <matrix sid="matrix">-0.5366982 0.840465 0.07465793 -0.1726137 0.7989877 0.477774 0.3651722 0.07855307 0.2712448 0.2556381 -0.9279416 0.1166963 0 0 0 1</matrix>
              <node id="node-Bip01_L_Calf" name="Bip01_L_Calf">
                <matrix sid="matrix">0.4034052 0.9150215 -7.45058e-9 0.4629987 -0.9150214 0.4034052 1.67638e-8 -5.96046e-8 -7.45058e-9 -6.51926e-9 1 -7.45058e-9 0 0 0 1</matrix>
                <node id="node-Bip01_L_Foot" name="Bip01_L_Foot">
                  <matrix sid="matrix">0.9319382 -0.3536322 -0.08022045 0.3610502 0.3615546 0.9231059 0.1309715 7.45058e-8 0.02773622 -0.1510614 0.9881352 1.49012e-8 0 0 0 1</matrix>
                  <node id="node-Bip01_L_Toe0" name="Bip01_L_Toe0">
                    <matrix sid="matrix">-1.09663e-7 -1 1.61584e-6 0.1486307 1 -1.0943e-7 3.82021e-7 0.1543275 -3.81457e-7 1.61491e-6 1 3.72529e-9 0 0 0 1</matrix>
                  </node>
                </node>
              </node>
            </node>
            <node id="node-Bip01_R_Thigh" name="Bip01_R_Thigh">
              <matrix sid="matrix">-0.8828992 0.3271218 0.3368684 -0.2266993 0.2834363 0.943241 -0.173091 -0.0329071 -0.3743699 -0.05734128 -0.9255048 -0.1061547 0 0 0 1</matrix>
              <node id="node-Bip01_R_Calf" name="Bip01_R_Calf">
                <matrix sid="matrix">0.4439654 0.8960441 0 0.4629988 -0.896044 0.4439653 -1.86265e-8 -1.86265e-8 2.98023e-8 -5.96046e-8 1 -2.98023e-8 0 0 0 1</matrix>
                <node id="node-Bip01_R_Foot" name="Bip01_R_Foot">
                  <matrix sid="matrix">0.6470292 -0.7364014 0.1976517 0.36105 0.7123637 0.6762666 0.1876202 -1.49012e-8 -0.271829 0.01940419 0.9621499 2.98023e-8 0 0 0 1</matrix>
                  <node id="node-Bip01_R_Toe0" name="Bip01_R_Toe0">
                    <matrix sid="matrix">-0.1805812 -0.9786912 0.09774508 0.1486307 0.9833314 -0.1817884 -0.003513831 0.1543275 0.02120788 0.09548128 0.9952053 2.98023e-8 0 0 0 1</matrix>
                  </node>
                </node>
              </node>
            </node>
          </node>
          <node id="node-Bip01_FannyPack" name="Bip01_FannyPack">
            <matrix>-0.9629919 -0.2062317 0.1735378 0.2299508 -0.2083318 0.9780385 0.00622708 -0.1378937 -0.1710108 -0.03015684 -0.9848076 0.01013964 0 0 0 1</matrix>
          </node>
        </node>
        <node id="node-Eye" name="Eye">
          <matrix sid="matrix">0.7792379 0.6267177 -0.003664111 0.05941319 -0.6267173 0.7792452 0.001428192 0.07234287 0.003750314 0.001183283 0.999992 0.7662561 0 0 0 1</matrix>
          <node id="node-cam" name="cam">
            <matrix>1 -6.03104e-8 3.55271e-15 4.84288e-8 6.03104e-8 1 -2.32831e-9 -0.104 -3.55271e-15 2.32832e-9 1 0.3005601 0 0 0 1</matrix>
          </node>
        </node>
      </node>
      <node id="node-Bounds" name="Bounds">
        <matrix>0.9999915 0.001706907 0.003750479 0 -0.001711356 0.9999978 0.001183292 0.1035326 -0.003748452 -0.0011897 0.9999923 -8.93474e-5 0 0 0 1</matrix>
        <instance_geometry url="#geom-Bounds">
          <bind_material>
            <technique_common>
              <instance_material symbol="ShapeBounds" target="#ShapeBounds-material"/>
            </technique_common>
          </bind_material>
        </instance_geometry>
      </node>
    </visual_scene>
  </library_visual_scenes>
  <library_animations>
    <animation>
      <source id="node-Bip01_matrix-input">
        <float_array id="node-Bip01_matrix-input-array" count="41">36.33333 36.36666 36.4 36.43333 36.46667 36.5 36.53333 36.56667 36.6 36.63334 36.66667 36.7 36.73333 36.76667 36.8 36.83333 36.86666 36.9 36.93333 36.96667 37 37.03333 37.06667 37.1 37.13334 37.16667 37.2 37.23333 37.26667 37.3 37.33333 37.36666 37.4 37.43333 37.46667 37.5 37.53333 37.56667 37.6 37.63334 37.66667</float_array>
        <technique_common>
          <accessor source="#node-Bip01_matrix-input-array" count="41" stride="1">
            <param name="TIME" type="float"/>
          </accessor>
        </technique_common>
      </source>
      <source id="node-Bip01_matrix-output">
        <float_array id="node-Bip01_matrix-output-array" count="656">0.7792376 -0.6267173 0.003750264 -8.10623e-5 0.6267178 0.7792454 0.00118345 0.009366631 -0.003664016 0.001428127 0.9999923 0.8041388 0 0 0 1 0.731109 -0.6816654 0.02849358 -2.85672e-4 0.6802973 0.7252032 -0.1061882 0.002961874 0.05172115 0.09701925 0.9939377 0.8313094 0 0 0 1 0.6503986 -0.7558274 0.07554185 -5.58347e-4 0.7423221 0.6113726 -0.2741923 -0.008203923 0.1610578 0.2344107 0.9587033 0.8697507 0 0 0 1 0.5636242 -0.8191857 0.1061253 -5.71173e-4 0.7583962 0.462271 -0.4595004 -0.02491492 0.3273575 0.3394706 0.8818145 0.8852937 0 0 0 1 0.4588415 -0.8824197 0.1039226 2.61647e-5 0.6911666 0.2809777 -0.6658378 -0.04969424 0.5583485 0.3773418 0.7388234 0.8580632 0 0 0 1 0.3358068 -0.9359835 0.1056821 8.83338e-4 0.5205868 0.09091752 -0.8489543 -0.0800178 0.7849989 0.3401013 0.5177914 0.8079347 0 0 0 1 0.2494555 -0.9625535 0.1061254 0.001277387 0.3161079 -0.02264809 -0.9484528 -0.1091002 0.9153402 0.2701439 0.2986212 0.7603561 0 0 0 1 0.2057141 -0.9746921 0.08750432 0.001055419 0.1309719 -0.06119096 -0.9894958 -0.1356055 0.9698083 0.2150138 0.1150695 0.723104 0 0 0 1 0.1692439 -0.9838549 0.05818998 6.14923e-4 -0.05594873 -0.06853735 -0.9960785 -0.1623557 0.9839848 0.1653246 -0.06664502 0.6867851 0 0 0 1 0.1348093 -0.9905955 0.02338874 5.86581e-5 -0.2313069 -0.05441296 -0.9713581 -0.1887943 0.9634955 0.1255382 -0.236467 0.6511057 0 0 0 1 0.09976053 -0.9949591 -0.01021182 -5.1066e-4 -0.3850485 -0.02913975 -0.9224362 -0.2143682 0.9174888 0.09595471 -0.3860145 0.6157668 0 0 0 1 0.06410288 -0.9973189 -0.03529566 -9.90326e-4 -0.5109213 -0.002416849 -0.859624 -0.2385245 0.857234 0.07313764 -0.5097063 0.5804692 0 0 0 1 0.02990388 -0.9985546 -0.04466003 -0.001277565 -0.6064448 0.01739186 -0.7949354 -0.2607067 0.7945631 0.05085551 -0.6050482 0.5449191 0 0 0 1 0.005852699 -0.9992397 -0.03854304 -0.001151442 -0.6663556 0.02484214 -0.74522 -0.2790474 0.745611 0.03004485 -0.6657035 0.5093291 0 0 0 1 -0.005247592 -0.9996385 -0.02636891 -7.02261e-4 -0.6903283 0.02269917 -0.7231401 -0.2934795 0.7234773 0.01440846 -0.690198 0.4739285 0 0 0 1 -0.01009702 -0.999859 -0.0134136 -2.93981e-4 -0.6825709 0.0166946 -0.7306287 -0.306152 0.7307497 0.001778602 -0.6826433 0.4384402 0 0 0 1 -0.01558434 -0.9998706 -0.003965854 -2.90681e-4 -0.6433578 0.01306378 -0.7654541 -0.3192137 0.7654069 -0.009377658 -0.6434782 0.4025873 0 0 0 1 -0.021806 -0.9997615 -0.001341938 -0.001264512 -0.5136939 0.01235568 -0.8578846 -0.3339411 0.8576964 -0.01801753 -0.5138409 0.3631948 0 0 0 1 -0.02494311 -0.999683 -0.003391385 -0.002742588 -0.3002073 0.01072633 -0.9538136 -0.3480868 0.9535477 -0.02277302 -0.3003798 0.3233191 0 0 0 1 -0.02665579 -0.9996301 -0.005399525 -0.003521323 -0.141829 0.00912857 -0.9898491 -0.3585155 0.9895322 -0.02561932 -0.1420198 0.2920269 0 0 0 1 -0.02871108 -0.9995711 -0.005758941 -0.003353834 -0.07930111 0.008020877 -0.9968184 -0.3655526 0.9964371 -0.02816313 -0.07949733 0.2686233 0 0 0 1 -0.03057825 -0.9995148 -0.005923092 -0.002882063 -0.04119414 0.007180988 -0.9991254 -0.3716337 0.9986832 -0.03030747 -0.04139375 0.2467647 0 0 0 1 -0.03223705 -0.9994627 -0.005921185 -0.002235412 -0.0210213 0.006600916 -0.9997573 -0.376785 0.9992592 -0.03210461 -0.02122282 0.2270532 0 0 0 1 -0.03365337 -0.9994166 -0.005815565 -0.001543462 -0.01208066 0.006225228 -0.9999076 -0.3810342 0.9993605 -0.03358006 -0.01228308 0.2100877 0 0 0 1 -0.03478801 -0.9993786 -0.005695939 -9.35634e-4 -0.007627546 0.005964636 -0.9999532 -0.3844084 0.9993657 -0.03474277 -0.007830381 0.1964676 0 0 0 1 -0.03559923 -0.9993501 -0.005672633 -5.41466e-4 -9.11266e-4 0.005708694 -0.9999833 -0.3869343 0.9993658 -0.0355935 -0.001113891 0.1867942 0 0 0 1 -0.03608632 -0.9993323 -0.005723953 -3.39014e-4 0.00682038 0.005481362 -0.9999617 -0.3885911 0.9993254 -0.03612387 0.006618022 0.1810595 0 0 0 1 -0.03631472 -0.999324 -0.005749523 -2.0971e-4 0.0104494 0.005373239 -0.9999311 -0.3894581 0.9992859 -0.03637218 0.01024711 0.1783853 0 0 0 1 -0.03634452 -0.9993228 -0.005752801 -1.38067e-4 0.01092272 0.005358934 -0.9999261 -0.389714 0.9992797 -0.0364046 0.01072043 0.1780646 0 0 0 1 -0.03623509 -0.9993267 -0.005740582 -1.08597e-4 0.009187161 0.005411028 -0.9999431 -0.389537 0.999301 -0.03628575 0.008984982 0.1793904 0 0 0 1 -0.0360465 -0.9993338 -0.005719661 -1.05814e-4 0.006189286 0.005500078 -0.9999657 -0.3891056 0.999331 -0.03608065 0.005986809 0.1816557 0 0 0 1 -0.03583776 -0.9993415 -0.005697369 -1.14231e-4 0.002875685 0.005597829 -0.9999803 -0.3885983 0.9993535 -0.03585344 0.002673149 0.1841536 0 0 0 1 -0.03566884 -0.9993476 -0.005679786 -1.18361e-4 1.93268e-4 0.005676388 -0.9999839 -0.3881933 0.9993637 -0.03566926 -9.41753e-6 0.186177 0 0 0 1 -0.03559923 -0.9993501 -0.005672633 -1.02716e-4 -9.11266e-4 0.005708694 -0.9999833 -0.3880692 0.9993658 -0.0355935 -0.001113891 0.1870191 0 0 0 1 -0.03559923 -0.9993501 -0.005672633 -7.91872e-5 -9.11266e-4 0.005708694 -0.9999833 -0.3881248 0.9993658 -0.0355935 -0.001113891 0.1870311 0 0 0 1 -0.03559923 -0.99935 -0.005672574 -6.78402e-5 -9.11236e-4 0.005708754 -0.9999833 -0.3881466 0.9993657 -0.03559356 -0.001113891 0.1870369 0 0 0 1 -0.03559923 -0.9993501 -0.005672633 -6.54523e-5 -9.11266e-4 0.005708694 -0.9999833 -0.3881436 0.9993658 -0.0355935 -0.001113891 0.1870381 0 0 0 1 -0.03559923 -0.9993501 -0.005672633 -6.88023e-5 -9.11266e-4 0.005708694 -0.9999833 -0.3881253 0.9993658 -0.0355935 -0.001113891 0.1870363 0 0 0 1 -0.03559923 -0.99935 -0.005672574 -7.46687e-5 -9.11236e-4 0.005708754 -0.9999833 -0.3881007 0.9993657 -0.03559356 -0.001113891 0.1870333 0 0 0 1 -0.03559923 -0.9993501 -0.005672633 -7.98291e-5 -9.11266e-4 0.005708694 -0.9999833 -0.3880792 0.9993658 -0.0355935 -0.001113891 0.1870307 0 0 0 1 -0.03559923 -0.9993501 -0.005672633 -8.10623e-5 -9.11266e-4 0.005708694 -0.9999833 -0.3880701 0.9993658 -0.0355935 -0.001113891 0.18703 0 0 0 1</float_array>
        <technique_common>
          <accessor source="#node-Bip01_matrix-output-array" count="41" stride="16">
            <param name="TRANSFORM" type="float4x4"/>
          </accessor>
        </technique_common>
      </source>
      <source id="node-Bip01_matrix-interpolation">
        <Name_array id="node-Bip01_matrix-interpolation-array" count="41">LINEAR LINEAR LINEAR LINEAR LINEAR LINEAR LINEAR LINEAR LINEAR LINEAR LINEAR LINEAR LINEAR LINEAR LINEAR LINEAR LINEAR LINEAR LINEAR LINEAR LINEAR LINEAR LINEAR LINEAR LINEAR LINEAR LINEAR LINEAR LINEAR LINEAR LINEAR LINEAR LINEAR LINEAR LINEAR LINEAR LINEAR LINEAR LINEAR LINEAR LINEAR</Name_array>
        <technique_common>
          <accessor source="#node-Bip01_matrix-interpolation-array" count="41" stride="1">
            <param name="INTERPOLATION" type="name"/>
          </accessor>
        </technique_common>
      </source>
      <source id="node-Bip01_Pelvis_matrix-input">
        <float_array id="node-Bip01_Pelvis_matrix-input-array" count="41">36.33333 36.36666 36.4 36.43333 36.46667 36.5 36.53333 36.56667 36.6 36.63334 36.66667 36.7 36.73333 36.76667 36.8 36.83333 36.86666 36.9 36.93333 36.96667 37 37.03333 37.06667 37.1 37.13334 37.16667 37.2 37.23333 37.26667 37.3 37.33333 37.36666 37.4 37.43333 37.46667 37.5 37.53333 37.56667 37.6 37.63334 37.66667</float_array>
        <technique_common>
          <accessor source="#node-Bip01_Pelvis_matrix-input-array" count="41" stride="1">
            <param name="TIME" type="float"/>
          </accessor>
        </technique_common>
      </source>
      <source id="node-Bip01_Pelvis_matrix-output">
        <float_array id="node-Bip01_Pelvis_matrix-output-array" count="656">-0.009626686 0.991236 0.1317526 0 -0.1217414 -0.1319403 0.9837534 0 0.9925152 -0.006569385 0.1219446 0 0 0 0 1 -0.009626686 0.991804 0.1274055 0 -0.1217414 -0.1276262 0.9843224 0 0.9925153 -0.006034731 0.1219722 0 0 0 0 1 -0.009626686 0.9924447 0.1223145 0 -0.1217414 -0.1225735 0.9849644 0 0.9925152 -0.005408763 0.1220016 0 0 0 0 1 -0.009626626 0.9931314 0.1166075 0 -0.1217414 -0.1169095 0.9856526 0 0.9925151 -0.004707396 0.1220307 0 0 0 0 1 -0.009626567 0.993839 0.1104136 0 -0.1217414 -0.1107623 0.9863624 0 0.9925151 -0.003946602 0.1220576 0 0 0 0 1 -0.009626507 0.9945452 0.1038613 0 -0.1217414 -0.1042591 0.987071 0 0.9925152 -0.003141999 0.122081 0 0 0 0 1 -0.009626507 0.9952298 0.09708195 0 -0.1217414 -0.09753072 0.9877586 0 0.9925152 -0.002310156 0.1220996 0 0 0 0 1 -0.009626507 0.9958768 0.09020477 0 -0.1217414 -0.09070521 0.9884087 0 0.9925152 -0.001466691 0.1221126 0 0 0 0 1 -0.009626448 0.996473 0.08336037 0 -0.1217414 -0.08391201 0.9890085 0 0.9925151 -6.27719e-4 0.1221198 0 0 0 0 1 -0.009626448 0.9970093 0.07667946 0 -0.1217414 -0.07728111 0.9895488 0 0.9925152 1.9078e-4 0.1221213 0 0 0 0 1 -0.009626388 0.99748 0.070293 0 -0.1217414 -0.0709424 0.9900233 0 0.9925152 9.72807e-4 0.1221175 0 0 0 0 1 -0.009626448 0.9978821 0.0643323 0 -0.1217414 -0.06502628 0.9904295 0 0.9925152 0.001702368 0.1221095 0 0 0 0 1 -0.009626328 0.9982159 0.05892866 0 -0.1217414 -0.05966293 0.9907671 0 0.9925152 0.002363383 0.1220985 0 0 0 0 1 -0.009626388 0.998483 0.05421268 0 -0.1217414 -0.05498218 0.9910378 0 0.9925152 0.002940118 0.122086 0 0 0 0 1 -0.009626269 0.9986869 0.05031704 0 -0.1217414 -0.05111557 0.9912447 0 0.9925152 0.003416299 0.1220736 0 0 0 0 1 -0.009626269 0.9988309 0.04737228 0 -0.1217414 -0.04819267 0.9913912 0 0.9925152 0.003776252 0.1220631 0 0 0 0 1 -0.009626328 0.9989175 0.04550939 0 -0.1217414 -0.04634368 0.9914793 0 0.9925152 0.004003822 0.1220558 0 0 0 0 1 -0.009626269 0.9989469 0.04485934 0 -0.1217414 -0.04569846 0.9915093 0 0.9925151 0.004083395 0.1220531 0 0 0 0 1 -0.009626269 0.9989435 0.04493772 0 -0.1217414 -0.0457763 0.9915058 0 0.9925152 0.004073739 0.1220535 0 0 0 0 1 -0.009626269 0.998933 0.04516935 0 -0.1217414 -0.0460062 0.9914951 0 0.9925152 0.004045426 0.1220544 0 0 0 0 1 -0.009626269 0.9989159 0.04554921 0 -0.1217414 -0.0463832 0.9914775 0 0.9925153 0.003998994 0.122056 0 0 0 0 1 -0.009626269 0.9988918 0.046072 0 -0.1217414 -0.04690217 0.9914531 0 0.9925152 0.003935158 0.122058 0 0 0 0 1 -0.009626269 0.998861 0.04673236 0 -0.1217414 -0.04755759 0.9914218 0 0.9925151 0.003854453 0.1220605 0 0 0 0 1 -0.009626269 0.9988237 0.04752552 0 -0.1217414 -0.04834485 0.9913836 0 0.9925152 0.003757536 0.1220636 0 0 0 0 1 -0.009626328 0.9987794 0.04844611 0 -0.1217414 -0.04925858 0.9913388 0 0.9925152 0.003645002 0.122067 0 0 0 0 1 -0.009626328 0.9987283 0.04948854 0 -0.1217414 -0.0502932 0.9912868 0 0.9925152 0.003517627 0.1220707 0 0 0 0 1 -0.009626328 0.9986702 0.05064827 0 -0.1217414 -0.05144435 0.9912278 0 0.9925152 0.003375887 0.1220748 0 0 0 0 1 -0.009626328 0.9986048 0.05191987 0 -0.1217414 -0.05270642 0.9911614 0 0.9925151 0.003220438 0.122079 0 0 0 0 1 -0.009626328 0.9985321 0.05329757 0 -0.1217414 -0.05407387 0.9910877 0 0.992515 0.003051996 0.1220833 0 0 0 0 1 -0.009626328 0.9984521 0.05477714 0 -0.1217414 -0.0555424 0.9910066 0 0.9925151 0.002871096 0.1220877 0 0 0 0 1 -0.009626328 0.9983645 0.05635297 0 -0.1217414 -0.05710649 0.9909176 0 0.9925151 0.002678394 0.122092 0 0 0 0 1 -0.009626328 0.998269 0.05801922 0 -0.1217414 -0.05876028 0.990821 0 0.9925151 0.002474665 0.1220963 0 0 0 0 1 -0.009626328 0.9981656 0.05977183 0 -0.1217414 -0.06049984 0.9907163 0 0.9925151 0.002260267 0.1221005 0 0 0 0 1 -0.009626388 0.9980542 0.06160509 0 -0.1217414 -0.06231939 0.9906036 0 0.9925152 0.002036035 0.1221045 0 0 0 0 1 -0.009626388 0.9979346 0.06351304 0 -0.1217414 -0.06421309 0.9904826 0 0.9925152 0.001802563 0.1221081 0 0 0 0 1 -0.009626388 0.9978067 0.06549185 0 -0.1217414 -0.06617712 0.9903533 0 0.9925152 0.001560449 0.1221114 0 0 0 0 1 -0.009626388 0.9976705 0.06753569 0 -0.1217414 -0.06820571 0.9902157 0 0.9925152 0.001310288 0.1221144 0 0 0 0 1 -0.009626388 0.9975258 0.06963849 0 -0.1217414 -0.07029283 0.9900698 0 0.9925152 0.001052916 0.1221169 0 0 0 0 1 -0.009626388 0.9973729 0.07179665 0 -0.1217414 -0.07243484 0.9899153 0 0.9925152 7.88736e-4 0.1221188 0 0 0 0 1 -0.009626448 0.9972115 0.07400423 0 -0.1217414 -0.0746259 0.9897525 0 0.9925152 5.18429e-4 0.1221203 0 0 0 0 1 -0.009626448 0.9970419 0.07625514 0 -0.1217414 -0.07685995 0.9895815 0 0.9925152 2.42765e-4 0.1221212 0 0 0 0 1</float_array>
        <technique_common>
          <accessor source="#node-Bip01_Pelvis_matrix-output-array" count="41" stride="16">
            <param name="TRANSFORM" type="float4x4"/>
          </accessor>
        </technique_common>
      </source>
      <source id="node-Bip01_Pelvis_matrix-interpolation">
        <Name_array id="node-Bip01_Pelvis_matrix-interpolation-array" count="41">LINEAR LINEAR LINEAR LINEAR LINEAR LINEAR LINEAR LINEAR LINEAR LINEAR LINEAR LINEAR LINEAR LINEAR LINEAR LINEAR LINEAR LINEAR LINEAR LINEAR LINEAR LINEAR LINEAR LINEAR LINEAR LINEAR LINEAR LINEAR LINEAR LINEAR LINEAR LINEAR LINEAR LINEAR LINEAR LINEAR LINEAR LINEAR LINEAR LINEAR LINEAR</Name_array>
        <technique_common>
          <accessor source="#node-Bip01_Pelvis_matrix-interpolation-array" count="41" stride="1">
            <param name="INTERPOLATION" type="name"/>
          </accessor>
        </technique_common>
      </source>
      <source id="node-Bip01_Spine_matrix-input">
        <float_array id="node-Bip01_Spine_matrix-input-array" count="41">36.33333 36.36666 36.4 36.43333 36.46667 36.5 36.53333 36.56667 36.6 36.63334 36.66667 36.7 36.73333 36.76667 36.8 36.83333 36.86666 36.9 36.93333 36.96667 37 37.03333 37.06667 37.1 37.13334 37.16667 37.2 37.23333 37.26667 37.3 37.33333 37.36666 37.4 37.43333 37.46667 37.5 37.53333 37.56667 37.6 37.63334 37.66667</float_array>
        <technique_common>
          <accessor source="#node-Bip01_Spine_matrix-input-array" count="41" stride="1">
            <param name="TIME" type="float"/>
          </accessor>
        </technique_common>
      </source>
      <source id="node-Bip01_Spine_matrix-output">
