<?xml version="1.0" encoding="utf-8"?>
<COLLADA xmlns="http://www.collada.org/2005/11/COLLADASchema" version="1.4.1">
  <asset>
    <contributor>
      <author>MattO</author>
      <authoring_tool>OpenCOLLADA for 3ds Max;  Version: 1.3.0;  Revision: 839M;  Platform: x64;  Configuration: Release_Max2012</authoring_tool>
      <source_data>file:///C:/Dropbox/Prj/GGStout/Ender_SourceArt/Soldier_TP_Ender_Animation_Master.max</source_data>
    </contributor>
    <created>2011-10-10T11:02:54</created>
    <modified>2011-10-10T11:02:54</modified>
    <unit name="meter" meter="1"/>
    <up_axis>Z_UP</up_axis>
  </asset>
  <library_effects>
    <effect id="ShapeBounds">
      <profile_COMMON>
        <technique sid="common">
          <blinn>
            <emission>
              <color>0 0 0 1</color>
            </emission>
            <ambient>
              <color>0.1647059 1 0 1</color>
            </ambient>
            <diffuse>
              <color>0.1647059 1 0 1</color>
            </diffuse>
            <specular>
              <color>0.9 0.9 0.9 1</color>
            </specular>
            <shininess>
              <float>10</float>
            </shininess>
            <reflective>
              <color>0 0 0 1</color>
            </reflective>
            <transparent opaque="A_ONE">
              <color>1 1 1 1</color>
            </transparent>
            <transparency>
              <float>1</float>
            </transparency>
          </blinn>
        </technique>
      </profile_COMMON>
      <extra>
        <technique profile="OpenCOLLADA3dsMax">
          <extended_shader>
            <apply_reflection_dimming>0</apply_reflection_dimming>
            <dim_level>0</dim_level>
            <falloff_type>0</falloff_type>
            <index_of_refraction>1.5</index_of_refraction>
            <opacity_type>0</opacity_type>
            <reflection_level>3</reflection_level>
            <wire_size>1</wire_size>
            <wire_units>0</wire_units>
          </extended_shader>
          <shader>
            <ambient_diffuse_lock>1</ambient_diffuse_lock>
            <ambient_diffuse_texture_lock>1</ambient_diffuse_texture_lock>
            <diffuse_specular_lock>0</diffuse_specular_lock>
            <soften>0.1</soften>
            <use_self_illum_color>0</use_self_illum_color>
          </shader>
        </technique>
      </extra>
    </effect>
  </library_effects>
  <library_materials>
    <material id="ShapeBounds-material" name="ShapeBounds">
      <instance_effect url="#ShapeBounds"/>
    </material>
  </library_materials>
  <library_geometries>
    <geometry id="geom-Bounds" name="Bounds">
      <mesh>
        <source id="geom-Bounds-positions">
          <float_array id="geom-Bounds-positions-array" count="24">-0.425 -0.425 0 0.425 -0.425 0 -0.425 0.425 0 0.425 0.425 0 -0.425 -0.425 1.84 0.425 -0.425 1.84 -0.425 0.425 1.84 0.425 0.425 1.84</float_array>
          <technique_common>
            <accessor source="#geom-Bounds-positions-array" count="8" stride="3">
              <param name="X" type="float"/>
              <param name="Y" type="float"/>
              <param name="Z" type="float"/>
            </accessor>
          </technique_common>
        </source>
        <source id="geom-Bounds-normals">
          <float_array id="geom-Bounds-normals-array" count="72">0 0 -1 0 0 -1 0 0 -1 0 0 -1 0 0 1 0 0 1 0 0 1 0 0 1 0 -1 0 0 -1 0 0 -1 0 0 -1 0 1 0 0 1 0 0 1 0 0 1 0 0 0 1 0 0 1 0 0 1 0 0 1 0 -1 0 0 -1 0 0 -1 0 0 -1 0 0</float_array>
          <technique_common>
            <accessor source="#geom-Bounds-normals-array" count="24" stride="3">
              <param name="X" type="float"/>
              <param name="Y" type="float"/>
              <param name="Z" type="float"/>
            </accessor>
          </technique_common>
        </source>
        <source id="geom-Bounds-map1">
          <float_array id="geom-Bounds-map1-array" count="36">0 0 0 1 0 0 0 1 0 1 1 0 0 0 0 1 0 0 0 1 0 1 1 0 0 0 0 1 0 0 0 1 0 1 1 0</float_array>
          <technique_common>
            <accessor source="#geom-Bounds-map1-array" count="12" stride="3">
              <param name="S" type="float"/>
              <param name="T" type="float"/>
              <param name="P" type="float"/>
            </accessor>
          </technique_common>
        </source>
        <vertices id="geom-Bounds-vertices">
          <input semantic="POSITION" source="#geom-Bounds-positions"/>
        </vertices>
        <triangles material="ShapeBounds" count="12">
          <input semantic="VERTEX" source="#geom-Bounds-vertices" offset="0"/>
          <input semantic="NORMAL" source="#geom-Bounds-normals" offset="1"/>
          <input semantic="TEXCOORD" source="#geom-Bounds-map1" offset="2" set="0"/>
          <p>0 0 9 2 1 11 3 2 10 3 2 10 1 3 8 0 0 9 4 4 8 5 5 9 7 6 11 7 6 11 6 7 10 4 4 8 0 8 4 1 9 5 5 10 7 5 10 7 4 11 6 0 8 4 1 12 0 3 13 1 7 14 3 7 14 3 5 15 2 1 12 0 3 16 4 2 17 5 6 18 7 6 18 7 7 19 6 3 16 4 2 20 0 0 21 1 4 22 3 4 22 3 6 23 2 2 20 0</p>
        </triangles>
      </mesh>
      <extra>
        <technique profile="OpenCOLLADA3dsMax">
          <max_box>
            <generateuvs>1</generateuvs>
            <height>1.84</height>
            <heightsegments>1</heightsegments>
            <length>0.85</length>
            <lengthsegments>1</lengthsegments>
            <width>0.85</width>
            <widthsegments>1</widthsegments>
          </max_box>
        </technique>
      </extra>
    </geometry>
  </library_geometries>
  <library_lights>
    <light id="EnvironmentAmbientLight" name="EnvironmentAmbientLight">
      <technique_common>
        <ambient>
          <color>0 0 0</color>
        </ambient>
      </technique_common>
    </light>
  </library_lights>
  <library_visual_scenes>
    <visual_scene id="MaxScene">
      <node name="EnvironmentAmbientLight">
        <instance_light url="#EnvironmentAmbientLight"/>
      </node>
      <node id="node-Bip01" name="Bip01">
        <matrix sid="matrix">0.7792375 -0.6267175 0.003750234 -0.001545116 0.626718 0.7792453 0.001183394 0.0109278 -0.003664005 0.001428194 0.9999923 0.8028913 0 0 0 1</matrix>
        <node id="node-Bip01_Pelvis" name="Bip01_Pelvis">
          <matrix sid="matrix">-0.009626728 0.991236 0.1317526 0 -0.1217413 -0.1319404 0.9837535 0 0.9925151 -0.0065694 0.1219445 0 0 0 0 1</matrix>
          <node id="node-Bip01_Spine" name="Bip01_Spine">
            <matrix sid="matrix">0.9543822 -0.2849871 -0.08909023 0.1975225 0.2101389 0.8530462 -0.4776545 0.02500414 0.2121235 0.4371437 0.8740189 0.02776812 0 0 0 1</matrix>
            <node id="node-Bip01_Spine1" name="Bip01_Spine1">
              <matrix>0.9965124 0.05406573 -0.06356053 0.1022243 -0.05553558 0.9982233 -0.02158957 -1.00851e-4 0.06228034 0.02504407 0.9977445 -2.52761e-6 0 0 0 1</matrix>
              <node id="node-Bip01_Spine2" name="Bip01_Spine2">
                <matrix>0.9777662 -0.1711879 0.1211107 0.1268954 0.1757437 0.98404 -0.02791213 -1.68547e-4 -0.1143996 0.04857606 0.9922464 -8.30367e-6 0 0 0 1</matrix>
                <node id="node-Bip01_Neck" name="Bip01_Neck">
                  <matrix>0.8154699 -0.4308033 -0.3865455 0.2151071 0.374628 0.9019333 -0.2148724 -4.97103e-5 0.441206 0.03041115 0.8968903 -1.68383e-6 0 0 0 1</matrix>
                  <node id="node-Bip01_Head" name="Bip01_Head">
                    <matrix>0.9070899 0.4132928 0.07985432 0.07051814 -0.3881006 0.8945988 -0.2215192 -0.01395917 -0.16299 0.1699463 0.9718809 0 0 0 0 1</matrix>
                    <node id="node-AltEye" name="AltEye">
                      <matrix>0.03048621 0.397182 0.9172338 0.06454706 0.03236803 0.9167866 -0.3980641 0.2214611 -0.9990112 0.04182417 0.0150932 0.04716256 0 0 0 1</matrix>
                    </node>
                  </node>
                  <node id="node-Bip01_L_Clavicle" name="Bip01_L_Clavicle">
                    <matrix>0.2187271 -0.1937395 0.9563594 0.00844872 0.4802902 -0.8317719 -0.2783466 -0.0120917 0.8493997 0.520212 -0.08887984 0.07246041 0 0 0 1</matrix>
                    <node id="node-Bip01_L_UpperArm" name="Bip01_L_UpperArm">
                      <matrix>0.4866937 0.5539697 0.6754603 0.1824006 -0.8575155 0.1553908 0.4904296 -5.96046e-8 0.1667228 -0.8179068 0.5506653 1.19209e-7 0 0 0 1</matrix>
                      <node id="node-Bip01_L_Forearm" name="Bip01_L_Forearm">
                        <matrix>0.8201935 0.5720862 -1.49012e-8 0.2843689 -0.5720862 0.8201935 0 1.19209e-7 7.45058e-8 2.98023e-8 1 -5.96046e-8 0 0 0 1</matrix>
                        <node id="node-Bip01_L_Hand" name="Bip01_L_Hand">
                          <matrix>0.8481607 0.3730107 -0.3761466 0.281068 -0.03463745 0.747591 0.6632555 -5.96046e-8 0.5286052 -0.5495185 0.6469977 0 0 0 0 1</matrix>
                          <node id="node-Bip01_L_Finger0" name="Bip01_L_Finger0">
                            <matrix>0.6591592 0.3903028 0.642785 0.02119672 0.6535138 0.125593 -0.7464219 -0.004734218 -0.3720599 0.9120798 -0.1722827 -0.02572185 0 0 0 1</matrix>
                            <node id="node-Bip01_L_Finger01" name="Bip01_L_Finger01">
                              <matrix>0.8583041 -0.5131412 -1.49012e-8 0.04982859 0.5131412 0.8583043 2.98023e-8 0 -1.49012e-8 0 0.9999999 0 0 0 0 1</matrix>
                              <node id="node-Bip01_L_Finger02" name="Bip01_L_Finger02">
                                <matrix>0.6525693 -0.7577291 0 0.05202237 0.757729 0.6525692 -1.49012e-8 -2.98023e-8 -2.98023e-8 -1.86265e-8 1 1.19209e-7 0 0 0 1</matrix>
                              </node>
                            </node>
                          </node>
                          <node id="node-Bip01_L_Finger1" name="Bip01_L_Finger1">
                            <matrix>0.8743498 -0.4850003 -0.01693493 0.1199946 0.4823663 0.8723708 -0.07931912 -0.008367598 0.05324339 0.06118381 0.9967053 -0.04101384 0 0 0 1</matrix>
                            <node id="node-Bip01_L_Finger11" name="Bip01_L_Finger11">
                              <matrix>0.2787537 -0.9603626 1.86265e-9 0.03644168 0.9603626 0.2787537 -2.98023e-8 0 5.96046e-8 0 1 0 0 0 0 1</matrix>
                              <node id="node-Bip01_L_Finger12" name="Bip01_L_Finger12">
                                <matrix>0.8119802 -0.5836849 -2.98023e-8 0.03117537 0.5836849 0.8119802 1.49012e-8 -1.19209e-7 -2.98023e-8 2.98023e-8 1 0 0 0 0 1</matrix>
                              </node>
                            </node>
                          </node>
                          <node id="node-Bip01_L_Finger2" name="Bip01_L_Finger2">
                            <matrix>0.6472729 -0.735232 -0.2011753 0.1229538 0.7556679 0.6535554 0.04279056 -0.008801997 0.1000182 -0.1797189 0.9786201 -0.01328242 0 0 0 1</matrix>
                            <node id="node-Bip01_L_Finger21" name="Bip01_L_Finger21">
                              <matrix>0.6013957 -0.7989513 0 0.03895515 0.7989513 0.6013957 0 -1.19209e-7 -2.98023e-8 -7.45058e-9 1 0 0 0 0 1</matrix>
                              <node id="node-Bip01_L_Finger22" name="Bip01_L_Finger22">
                                <matrix>0.8644754 -0.5026752 -2.98023e-8 0.03800541 0.5026752 0.8644754 7.45058e-9 0 8.9407e-8 -2.98023e-8 1 0 0 0 0 1</matrix>
                              </node>
                            </node>
                          </node>
                          <node id="node-Bip01_L_Finger3" name="Bip01_L_Finger3">
                            <matrix>0.3854292 -0.8817466 -0.271969 0.1211882 0.9217517 0.381532 0.06932965 -0.001191199 0.04263371 -0.2774096 0.9598051 0.01196873 0 0 0 1</matrix>
                            <node id="node-Bip01_L_Finger31" name="Bip01_L_Finger31">
                              <matrix>0.9381479 -0.346235 2.98023e-8 0.03155851 0.3462352 0.9381478 0 -1.19209e-7 5.96046e-8 1.49012e-8 1 5.96046e-8 0 0 0 1</matrix>
                              <node id="node-Bip01_L_Finger32" name="Bip01_L_Finger32">
                                <matrix>0.6529357 -0.7574133 0 0.03366607 0.7574133 0.6529359 0 0 -8.9407e-8 1.49012e-8 1 5.96046e-8 0 0 0 1</matrix>
                              </node>
                            </node>
                          </node>
                          <node id="node-Bip01_L_Finger4" name="Bip01_L_Finger4">
                            <matrix>0.7005673 -0.7005579 -0.1357337 0.1136798 0.7135146 0.6850148 0.1471444 0.005147338 -0.01010367 -0.1999326 0.9797574 0.03886575 0 0 0 1</matrix>
                            <node id="node-Bip01_L_Finger41" name="Bip01_L_Finger41">
                              <matrix>0.7966627 -0.6044245 1.49012e-8 0.03661615 0.6044243 0.7966627 0 -1.19209e-7 2.98023e-8 0 1 0 0 0 0 1</matrix>
                              <node id="node-Bip01_L_Finger42" name="Bip01_L_Finger42">
                                <matrix>0.8880922 -0.4596653 0 0.01772633 0.4596653 0.8880922 2.98023e-8 -1.19209e-7 2.98023e-8 2.6077e-8 0.9999999 0 0 0 0 1</matrix>
                              </node>
                            </node>
                          </node>
                        </node>
                      </node>
                    </node>
                  </node>
                  <node id="node-Bip01_R_Clavicle" name="Bip01_R_Clavicle">
                    <matrix>-0.4367577 -0.5517114 -0.7105329 -0.0518617 0.5680685 -0.7815932 0.2577017 -0.01624835 -0.6975248 -0.2910782 0.6547769 -0.05013976 0 0 0 1</matrix>
                    <node id="node-Bip01_R_UpperArm" name="Bip01_R_UpperArm">
                      <matrix>0.6536192 0.5794651 -0.4868286 0.1824006 -0.7208139 0.6726913 -0.1670742 2.98023e-8 0.2306716 0.4601158 0.8573704 -1.19209e-7 0 0 0 1</matrix>
                      <node id="node-Bip01_R_Forearm" name="Bip01_R_Forearm">
                        <matrix>-0.2263136 0.9740543 -2.98023e-8 0.2843689 -0.9740545 -0.2263136 -4.47035e-8 -5.96046e-8 0 2.98023e-8 0.9999999 -5.96046e-8 0 0 0 1</matrix>
                        <node id="node-Bip01_R_Hand" name="Bip01_R_Hand">
                          <matrix>0.651283 0.3417339 0.6775313 0.281068 0.7584224 -0.2636938 -0.5960382 2.98023e-8 -0.02502568 0.9020442 -0.4309178 0 0 0 0 1</matrix>
                          <node id="node-Bip01_R_Finger0" name="Bip01_R_Finger0">
                            <matrix>0.5215106 0.269013 -0.8097274 0.02119678 0.7250716 0.3605265 0.586764 -0.004734248 0.4497753 -0.893114 -0.007035467 0.02572191 0 0 0 1</matrix>
                            <node id="node-Bip01_R_Finger01" name="Bip01_R_Finger01">
                              <matrix>0.6055624 -0.7636236 0.2239934 0.04982853 0.719188 0.6456373 0.2567511 0 -0.3406796 0.005614465 0.9401627 1.19209e-7 0 0 0 1</matrix>
                              <node id="node-Bip01_R_Finger02" name="Bip01_R_Finger02">
                                <matrix>0.9505157 -0.3106764 -3.72529e-9 0.0520224 0.3106765 0.9505156 1.49012e-8 0 7.45058e-8 7.45058e-9 0.9999999 5.96046e-8 0 0 0 1</matrix>
                              </node>
                            </node>
                          </node>
                          <node id="node-Bip01_R_Finger1" name="Bip01_R_Finger1">
                            <matrix>0.9820224 -0.1733427 -0.07472671 0.1199947 0.1795577 0.9799358 0.08651493 -0.008367509 0.05823063 -0.09837733 0.993444 0.04101396 0 0 0 1</matrix>
                            <node id="node-Bip01_R_Finger11" name="Bip01_R_Finger11">
                              <matrix>0.8240547 -0.5665104 3.72529e-9 0.03644168 0.5665103 0.8240547 -7.45058e-9 0 -1.86265e-8 0 1 -1.19209e-7 0 0 0 1</matrix>
                              <node id="node-Bip01_R_Finger12" name="Bip01_R_Finger12">
                                <matrix>0.8146398 -0.5796778 0.01831832 0.03117543 0.5799671 0.8142334 -0.02573051 1.19209e-7 2.23517e-8 0.03158511 0.999501 0 0 0 0 1</matrix>
                              </node>
                            </node>
                          </node>
                          <node id="node-Bip01_R_Finger2" name="Bip01_R_Finger2">
                            <matrix>0.6754012 -0.7374504 -1.5212e-4 0.1229537 0.7368313 0.6748428 -0.04082684 -0.008802056 0.03021043 0.02746242 0.9991663 0.01328242 0 0 0 1</matrix>
                            <node id="node-Bip01_R_Finger21" name="Bip01_R_Finger21">
                              <matrix>0.550836 -0.8338858 -0.03484872 0.03895517 0.8322219 0.5519371 -0.05265063 5.96046e-8 0.06313889 -6.51926e-9 0.9980048 -1.19209e-7 0 0 0 1</matrix>
                              <node id="node-Bip01_R_Finger22" name="Bip01_R_Finger22">
                                <matrix>0.1984735 -0.9799246 0.01886613 0.03800544 0.9755273 0.199368 0.09272984 0 -0.09462956 0 0.9955124 0 0 0 0 1</matrix>
                              </node>
                            </node>
                          </node>
                          <node id="node-Bip01_R_Finger3" name="Bip01_R_Finger3">
                            <matrix>0.7159052 -0.6949216 0.06755452 0.1211881 0.6883786 0.6863562 -0.234627 -0.001191199 0.1166809 0.2144738 0.9697352 -0.01196861 0 0 0 1</matrix>
                            <node id="node-Bip01_R_Finger31" name="Bip01_R_Finger31">
                              <matrix>0.4441952 -0.8949345 0.0422235 0.03155842 0.8909184 0.4461975 0.08468726 8.9407e-8 -0.09462956 1.02445e-8 0.9955125 1.19209e-7 0 0 0 1</matrix>
                              <node id="node-Bip01_R_Finger32" name="Bip01_R_Finger32">
                                <matrix>0.1993682 -0.9794359 -0.03095101 0.0336659 0.9799247 0.1992687 0.006297085 8.9407e-8 -5.58794e-9 -0.03158511 0.9995012 -2.38419e-7 0 0 0 1</matrix>
                              </node>
                            </node>
                          </node>
                          <node id="node-Bip01_R_Finger4" name="Bip01_R_Finger4">
                            <matrix>0.5925789 -0.789795 -0.1583476 0.1136797 0.7783523 0.6120424 -0.1399001 0.005147368 0.2074078 -0.0403483 0.9774221 -0.0388658 0 0 0 1</matrix>
                            <node id="node-Bip01_R_Finger41" name="Bip01_R_Finger41">
                              <matrix>0.4202556 -0.9064696 0.04120624 0.03661618 0.906853 0.421151 0.01578779 5.96046e-8 -0.03166525 0.03073302 0.999026 -1.19209e-7 0 0 0 1</matrix>
                              <node id="node-Bip01_R_Finger42" name="Bip01_R_Finger42">
                                <matrix>0.402447 -0.9138246 -0.05441486 0.0177263 0.915423 0.4021217 0.01728316 5.96046e-8 0.006087616 -0.05676815 0.9983688 1.19209e-7 0 0 0 1</matrix>
                              </node>
                            </node>
                          </node>
                          <node id="node-mount0" name="mount0">
                            <matrix>-6.31649e-7 0.9999999 1.5134e-9 0.109539 -0.9999999 -6.58578e-7 4.74975e-7 0.0251826 4.787e-7 2.2701e-9 1 0.01321661 0 0 0 1</matrix>
                          </node>
                        </node>
                      </node>
                    </node>
                  </node>
                </node>
                <node id="node-Bip01_L_Pauldron_Upper" name="Bip01_L_Pauldron_Upper">
                  <matrix>0.9726582 0.118344 0.1998269 0.176903 0.1843815 -0.9166572 -0.3546033 -0.03908372 0.1412075 0.3817521 -0.9134145 0.2290199 0 0 0 1</matrix>
                </node>
                <node id="node-Bip01_R_Pauldron_Lower" name="Bip01_R_Pauldron_Lower">
                  <matrix>-0.1156725 -0.9403758 -0.3198654 0.172906 0.9097751 -0.2295502 0.3458563 -0.1133294 -0.3986597 -0.2509995 0.8820828 -0.2351094 0 0 0 1</matrix>
                </node>
                <node id="node-Bip01_L_Pauldron_Lower" name="Bip01_L_Pauldron_Lower">
                  <matrix>-0.209997 -0.76872 0.6041284 0.1529204 0.4002343 -0.6313506 -0.6642358 -0.1054226 0.892028 0.1023053 0.4402497 0.2344801 0 0 0 1</matrix>
                </node>
              </node>
            </node>
            <node id="node-Bip01_L_Thigh" name="Bip01_L_Thigh">
              <matrix sid="matrix">-0.6394678 0.7638409 0.08733777 -0.1726139 0.7354632 0.5746673 0.3589585 0.07855305 0.223997 0.2937762 -0.9292583 0.1166963 0 0 0 1</matrix>
              <node id="node-Bip01_L_Calf" name="Bip01_L_Calf">
                <matrix sid="matrix">0.5057078 0.8627049 0 0.4629987 -0.8627048 0.5057077 -8.3819e-9 5.96046e-8 -6.51926e-8 -4.37722e-8 1 -1.49012e-8 0 0 0 1</matrix>
                <node id="node-Bip01_L_Foot" name="Bip01_L_Foot">
                  <matrix sid="matrix">0.8176445 0.5713649 -0.07071264 0.3610502 -0.55927 0.8174167 0.1380123 1.49012e-8 0.1366569 -0.07329746 0.987903 -7.45058e-9 0 0 0 1</matrix>
                  <node id="node-Bip01_L_Toe0" name="Bip01_L_Toe0">
                    <matrix sid="matrix">4.47035e-7 -1 1.38907e-6 0.1486306 1 4.47035e-7 2.18861e-8 0.1543275 -2.23517e-8 1.38953e-6 1 3.72529e-9 0 0 0 1</matrix>
                  </node>
                </node>
              </node>
            </node>
            <node id="node-Bip01_R_Thigh" name="Bip01_R_Thigh">
              <matrix sid="matrix">-0.9054959 0.4017922 0.1365291 -0.2266994 0.3756244 0.9085923 -0.1826642 -0.0329071 -0.1974424 -0.114118 -0.9736497 -0.1061547 0 0 0 1</matrix>
              <node id="node-Bip01_R_Calf" name="Bip01_R_Calf">
                <matrix sid="matrix">0.7778251 0.6284809 0 0.4629989 -0.6284809 0.7778252 -3.35276e-8 -1.49012e-8 1.49012e-8 1.49012e-8 1 1.49012e-8 0 0 0 1</matrix>
                <node id="node-Bip01_R_Foot" name="Bip01_R_Foot">
                  <matrix sid="matrix">0.7377272 0.671809 0.0665703 0.3610502 -0.6741319 0.7383561 0.01939687 3.72529e-8 -0.03612158 -0.05918675 0.9975932 0 0 0 0 1</matrix>
                  <node id="node-Bip01_R_Toe0" name="Bip01_R_Toe0">
                    <matrix sid="matrix">-0.1805803 -0.9786913 0.09774528 0.1486307 0.9833316 -0.1817874 -0.003513992 0.1543275 0.02120797 0.09548151 0.9952053 -1.49012e-8 0 0 0 1</matrix>
                  </node>
                </node>
              </node>
            </node>
          </node>
          <node id="node-Bip01_FannyPack" name="Bip01_FannyPack">
            <matrix>-0.9629918 -0.2062316 0.1735378 0.2299507 -0.2083318 0.9780384 0.006227053 -0.1378937 -0.1710108 -0.03015685 -0.9848076 0.01013963 0 0 0 1</matrix>
          </node>
        </node>
        <node id="node-Eye" name="Eye">
          <matrix sid="matrix">0.7792377 0.6267179 -0.003664042 0.05957114 -0.6267175 0.7792451 0.001428224 0.0702106 0.003750281 0.001183214 0.999992 0.7675071 0 0 0 1</matrix>
          <node id="node-cam" name="cam">
            <matrix>1 -6.03104e-8 3.55271e-15 4.84288e-8 6.03104e-8 1 -2.32831e-9 -0.104 -3.55271e-15 2.32832e-9 1 0.3005601 0 0 0 1</matrix>
          </node>
        </node>
      </node>
      <node id="node-Bounds" name="Bounds">
        <matrix>0.9999915 0.001706907 0.003750479 0 -0.001711356 0.9999978 0.001183292 0.1035326 -0.003748452 -0.0011897 0.9999923 -8.93474e-5 0 0 0 1</matrix>
        <instance_geometry url="#geom-Bounds">
          <bind_material>
            <technique_common>
              <instance_material symbol="ShapeBounds" target="#ShapeBounds-material"/>
            </technique_common>
          </bind_material>
        </instance_geometry>
      </node>
    </visual_scene>
  </library_visual_scenes>
  <library_animations>
    <animation>
      <source id="node-Bip01_matrix-input">
        <float_array id="node-Bip01_matrix-input-array" count="60">42.33333 42.36666 42.4 42.43333 42.46667 42.5 42.53333 42.56667 42.6 42.63334 42.66667 42.7 42.73333 42.76667 42.8 42.83333 42.86666 42.9 42.93333 42.96667 43 43.03333 43.06667 43.1 43.13334 43.16667 43.2 43.23333 43.26667 43.3 43.33333 43.36666 43.4 43.43333 43.46667 43.5 43.53333 43.56667 43.6 43.63334 43.66667 43.7 43.73333 43.76667 43.8 43.83333 43.86666 43.9 43.93333 43.96667 44 44.03333 44.06667 44.1 44.13334 44.16667 44.2 44.23333 44.26667 44.3</float_array>
        <technique_common>
          <accessor source="#node-Bip01_matrix-input-array" count="60" stride="1">
            <param name="TIME" type="float"/>
          </accessor>
        </technique_common>
      </source>
      <source id="node-Bip01_matrix-output">
        <float_array id="node-Bip01_matrix-output-array" count="960">0.7792375 -0.6267175 0.003750205 -0.001545071 0.626718 0.7792453 0.00118339 0.01092779 -0.003663957 0.001428186 0.9999923 0.8028913 0 0 0 1 0.7792375 -0.6267175 0.003750205 -0.001544535 0.626718 0.7792453 0.00118339 0.01092016 -0.003663957 0.001428186 0.9999923 0.8058152 0 0 0 1 0.7792375 -0.6267175 0.003750205 -0.001542329 0.626718 0.7792453 0.00118339 0.01091128 -0.003663957 0.001428186 0.9999923 0.8089874 0 0 0 1 0.7792375 -0.6267176 0.003750205 -0.001538515 0.6267181 0.7792452 0.00118339 0.01090115 -0.003663957 0.001428186 0.9999923 0.8123846 0 0 0 1 0.7792375 -0.6267176 0.003750205 -0.00153315 0.6267181 0.7792452 0.00118339 0.01088976 -0.003663957 0.001428186 0.9999923 0.8159837 0 0 0 1 0.7792375 -0.6267175 0.003750205 -0.001526176 0.626718 0.7792453 0.00118339 0.01087713 -0.003663957 0.001428186 0.9999923 0.8197612 0 0 0 1 0.7792375 -0.6267176 0.003750205 -0.001517772 0.6267181 0.7792452 0.00118339 0.01086336 -0.003663957 0.001428186 0.9999923 0.8236938 0 0 0 1 0.7792375 -0.6267175 0.003750205 -0.001507878 0.626718 0.7792453 0.00118339 0.01084852 -0.003663957 0.001428186 0.9999923 0.8277584 0 0 0 1 0.7792375 -0.6267175 0.003750205 -0.001496672 0.626718 0.7792453 0.00118339 0.01083254 -0.003663957 0.001428186 0.9999923 0.8319335 0 0 0 1 0.7792375 -0.6267175 0.003750205 -0.001484036 0.626718 0.7792453 0.00118339 0.0108155 -0.003663957 0.001428186 0.9999923 0.836192 0 0 0 1 0.7792375 -0.6267175 0.003750205 -0.001470088 0.626718 0.7792453 0.00118339 0.01079744 -0.003663957 0.001428186 0.9999923 0.8405125 0 0 0 1 0.7792375 -0.6267176 0.003750205 -0.001454889 0.6267181 0.7792452 0.00118339 0.01077836 -0.003663957 0.001428186 0.9999923 0.8448716 0 0 0 1 0.7792375 -0.6267176 0.003750205 -0.001438498 0.6267181 0.7792452 0.00118339 0.01075839 -0.003663957 0.001428186 0.9999923 0.8492462 0 0 0 1 0.7792375 -0.6267175 0.003750205 -0.001420855 0.626718 0.7792453 0.00118339 0.01073747 -0.003663957 0.001428186 0.9999923 0.853613 0 0 0 1 0.7792375 -0.6267175 0.003750205 -0.001402139 0.626718 0.7792453 0.00118339 0.01071566 -0.003663957 0.001428186 0.9999923 0.8579486 0 0 0 1 0.7792375 -0.6267175 0.003750205 -0.001382291 0.626718 0.7792453 0.00118339 0.01069301 -0.003663957 0.001428186 0.9999923 0.8622297 0 0 0 1 0.7792375 -0.6267175 0.003750205 -0.001361429 0.626718 0.7792453 0.00118339 0.01066952 -0.003663957 0.001428186 0.9999923 0.8664331 0 0 0 1 0.7792375 -0.6267175 0.003750205 -0.001339554 0.626718 0.7792453 0.00118339 0.01064527 -0.003663957 0.001428186 0.9999923 0.8705354 0 0 0 1 0.7792375 -0.6267176 0.003750205 -0.001316726 0.6267181 0.7792452 0.00118339 0.01062029 -0.003663957 0.001428186 0.9999923 0.8745135 0 0 0 1 0.7792375 -0.6267175 0.003750205 -0.001293003 0.626718 0.7792453 0.00118339 0.0105946 -0.003663957 0.001428186 0.9999923 0.8783438 0 0 0 1 0.7792375 -0.6267175 0.003750205 -0.001268386 0.626718 0.7792453 0.00118339 0.01056826 -0.003663957 0.001428186 0.9999923 0.8820034 0 0 0 1 0.7792375 -0.6267175 0.003750205 -0.001242935 0.626718 0.7792453 0.00118339 0.01054126 -0.003663957 0.001428186 0.9999923 0.8854687 0 0 0 1 0.7792375 -0.6267175 0.003750205 -0.001216769 0.626718 0.7792453 0.00118339 0.01051366 -0.003663957 0.001428186 0.9999923 0.8887165 0 0 0 1 0.7792375 -0.6267175 0.003750205 -0.001189827 0.626718 0.7792453 0.00118339 0.01048552 -0.003663957 0.001428186 0.9999923 0.8917235 0 0 0 1 0.7792375 -0.6267175 0.003750205 -0.001162171 0.626718 0.7792453 0.00118339 0.0104568 -0.003663957 0.001428186 0.9999923 0.8944677 0 0 0 1 0.7792375 -0.6267175 0.003750205 -0.001133859 0.626718 0.7792453 0.00118339 0.01042759 -0.003663957 0.001428186 0.9999923 0.8969231 0 0 0 1 0.7792375 -0.6267175 0.003750205 -0.00110501 0.626718 0.7792453 0.00118339 0.01039797 -0.003663957 0.001428186 0.9999923 0.8990679 0 0 0 1 0.7792375 -0.6267175 0.003750205 -0.001075565 0.626718 0.7792453 0.00118339 0.01036787 -0.003663957 0.001428186 0.9999923 0.9008788 0 0 0 1 0.7792375 -0.6267175 0.003750205 -0.001045644 0.626718 0.7792453 0.00118339 0.01033741 -0.003663957 0.001428186 0.9999923 0.9023324 0 0 0 1 0.7792375 -0.6267175 0.003750205 -0.001015186 0.626718 0.7792453 0.00118339 0.01030659 -0.003663957 0.001428186 0.9999923 0.9034054 0 0 0 1 0.7792375 -0.6267175 0.003750205 -9.84361e-4 0.626718 0.7792453 0.00118339 0.01027542 -0.003663957 0.001428186 0.9999923 0.9040747 0 0 0 1 0.7792375 -0.6267175 0.003750205 -9.53137e-4 0.626718 0.7792453 0.00118339 0.01024401 -0.003663957 0.001428186 0.9999923 0.9043168 0 0 0 1 0.7792375 -0.6267175 0.003750205 -9.21549e-4 0.626718 0.7792453 0.00118339 0.0102123 -0.003663957 0.001428186 0.9999923 0.904085 0 0 0 1 0.7792375 -0.6267175 0.003750205 -8.89697e-4 0.626718 0.7792453 0.00118339 0.01018041 -0.003663957 0.001428186 0.9999923 0.9033675 0 0 0 1 0.7792375 -0.6267175 0.003750205 -8.57597e-4 0.626718 0.7792453 0.00118339 0.01014834 -0.003663957 0.001428186 0.9999923 0.9021921 0 0 0 1 0.7792375 -0.6267175 0.003750205 -8.25294e-4 0.626718 0.7792453 0.00118339 0.01011615 -0.003663957 0.001428186 0.9999923 0.9005884 0 0 0 1 0.7792375 -0.6267175 0.003750205 -7.92803e-4 0.626718 0.7792453 0.00118339 0.01008379 -0.003663957 0.001428186 0.9999923 0.8985834 0 0 0 1 0.7792375 -0.6267175 0.003750205 -7.60227e-4 0.626718 0.7792453 0.00118339 0.01005142 -0.003663957 0.001428186 0.9999923 0.896206 0 0 0 1 0.7792375 -0.6267175 0.003750205 -7.2758e-4 0.626718 0.7792453 0.00118339 0.01001894 -0.003663957 0.001428186 0.9999923 0.8934848 0 0 0 1 0.7792375 -0.6267175 0.003750205 -6.94907e-4 0.626718 0.7792453 0.00118339 0.009986519 -0.003663957 0.001428186 0.9999923 0.890448 0 0 0 1 0.7792375 -0.6267175 0.003750205 -6.62223e-4 0.626718 0.7792453 0.00118339 0.009954094 -0.003663957 0.001428186 0.9999923 0.8871241 0 0 0 1 0.7792375 -0.6267175 0.003750205 -6.29631e-4 0.626718 0.7792453 0.00118339 0.009921729 -0.003663957 0.001428186 0.9999923 0.8835417 0 0 0 1 0.7792375 -0.6267176 0.003750205 -5.97145e-4 0.6267181 0.7792452 0.00118339 0.009889543 -0.003663957 0.001428186 0.9999923 0.8797307 0 0 0 1 0.7792375 -0.6267175 0.003750205 -5.64811e-4 0.626718 0.7792453 0.00118339 0.009857416 -0.003663957 0.001428186 0.9999923 0.8757163 0 0 0 1 0.7792375 -0.6267175 0.003750205 -5.32643e-4 0.626718 0.7792453 0.00118339 0.009825468 -0.003663957 0.001428186 0.9999923 0.8715285 0 0 0 1 0.7792375 -0.6267175 0.003750205 -5.00745e-4 0.626718 0.7792453 0.00118339 0.009793758 -0.003663957 0.001428186 0.9999923 0.8671957 0 0 0 1 0.7792375 -0.6267175 0.003750205 -4.6913e-4 0.626718 0.7792453 0.00118339 0.009762287 -0.003663957 0.001428186 0.9999923 0.8627465 0 0 0 1 0.7792375 -0.6267175 0.003750205 -4.37815e-4 0.626718 0.7792453 0.00118339 0.009731054 -0.003663957 0.001428186 0.9999923 0.858209 0 0 0 1 0.7792375 -0.6267176 0.003750205 -4.06902e-4 0.6267181 0.7792452 0.00118339 0.009700119 -0.003663957 0.001428186 0.9999923 0.853612 0 0 0 1 0.7792375 -0.6267176 0.003750205 -3.76405e-4 0.6267181 0.7792452 0.00118339 0.009669601 -0.003663957 0.001428186 0.9999923 0.8489835 0 0 0 1 0.7792375 -0.6267175 0.003750205 -3.4637e-4 0.626718 0.7792453 0.00118339 0.009639441 -0.003663957 0.001428186 0.9999923 0.8443544 0 0 0 1 0.7792375 -0.6267175 0.003750205 -3.16813e-4 0.626718 0.7792453 0.00118339 0.009609699 -0.003663957 0.001428186 0.9999923 0.8397486 0 0 0 1 0.7792375 -0.6267175 0.003750205 -2.87833e-4 0.626718 0.7792453 0.00118339 0.009580373 -0.003663957 0.001428186 0.9999923 0.8351969 0 0 0 1 0.7792375 -0.6267175 0.003750205 -2.59448e-4 0.626718 0.7792453 0.00118339 0.009551584 -0.003663957 0.001428186 0.9999923 0.8307276 0 0 0 1 0.7792375 -0.6267176 0.003750205 -2.31701e-4 0.6267181 0.7792452 0.00118339 0.009523332 -0.003663957 0.001428186 0.9999923 0.8263692 0 0 0 1 0.7792375 -0.6267175 0.003750205 -2.04612e-4 0.626718 0.7792453 0.00118339 0.009495615 -0.003663957 0.001428186 0.9999923 0.82215 0 0 0 1 0.7792375 -0.6267176 0.003750205 -1.78275e-4 0.6267181 0.7792452 0.00118339 0.009468495 -0.003663957 0.001428186 0.9999923 0.8180984 0 0 0 1 0.7792375 -0.6267176 0.003750205 -1.52709e-4 0.6267181 0.7792452 0.00118339 0.009441971 -0.003663957 0.001428186 0.9999923 0.8142446 0 0 0 1 0.7792375 -0.6267175 0.003750205 -1.27959e-4 0.626718 0.7792453 0.00118339 0.009416162 -0.003663957 0.001428186 0.9999923 0.8106136 0 0 0 1 0.7792375 -0.6267175 0.003750205 -1.04048e-4 0.626718 0.7792453 0.00118339 0.009391009 -0.003663957 0.001428186 0.9999923 0.8072355 0 0 0 1</float_array>
        <technique_common>
          <accessor source="#node-Bip01_matrix-output-array" count="60" stride="16">
            <param name="TRANSFORM" type="float4x4"/>
          </accessor>
        </technique_common>
      </source>
      <source id="node-Bip01_matrix-interpolation">
        <Name_array id="node-Bip01_matrix-interpolation-array" count="60">LINEAR LINEAR LINEAR LINEAR LINEAR LINEAR LINEAR LINEAR LINEAR LINEAR LINEAR LINEAR LINEAR LINEAR LINEAR LINEAR LINEAR LINEAR LINEAR LINEAR LINEAR LINEAR LINEAR LINEAR LINEAR LINEAR LINEAR LINEAR LINEAR LINEAR LINEAR LINEAR LINEAR LINEAR LINEAR LINEAR LINEAR LINEAR LINEAR LINEAR LINEAR LINEAR LINEAR LINEAR LINEAR LINEAR LINEAR LINEAR LINEAR LINEAR LINEAR LINEAR LINEAR LINEAR LINEAR LINEAR LINEAR LINEAR LINEAR LINEAR</Name_array>
        <technique_common>
          <accessor source="#node-Bip01_matrix-interpolation-array" count="60" stride="1">
            <param name="INTERPOLATION" type="name"/>
          </accessor>
        </technique_common>
      </source>
      <source id="node-Bip01_Pelvis_matrix-input">
        <float_array id="node-Bip01_Pelvis_matrix-input-array" count="60">42.33333 42.36666 42.4 42.43333 42.46667 42.5 42.53333 42.56667 42.6 42.63334 42.66667 42.7 42.73333 42.76667 42.8 42.83333 42.86666 42.9 42.93333 42.96667 43 43.03333 43.06667 43.1 43.13334 43.16667 43.2 43.23333 43.26667 43.3 43.33333 43.36666 43.4 43.43333 43.46667 43.5 43.53333 43.56667 43.6 43.63334 43.66667 43.7 43.73333 43.76667 43.8 43.83333 43.86666 43.9 43.93333 43.96667 44 44.03333 44.06667 44.1 44.13334 44.16667 44.2 44.23333 44.26667 44.3</float_array>
        <technique_common>
          <accessor source="#node-Bip01_Pelvis_matrix-input-array" count="60" stride="1">
            <param name="TIME" type="float"/>
          </accessor>
        </technique_common>
      </source>
      <source id="node-Bip01_Pelvis_matrix-output">
