<?xml version="1.0" encoding="utf-8"?>
<COLLADA xmlns="http://www.collada.org/2005/11/COLLADASchema" version="1.4.1">
  <asset>
    <contributor>
      <author>MattO</author>
      <authoring_tool>OpenCOLLADA for 3ds Max;  Version: 1.3.0;  Revision: 839M;  Platform: x64;  Configuration: Release_Max2012</authoring_tool>
      <source_data>file:///C:/Dropbox/Prj/GGStout/Ender_SourceArt/Soldier_TP_Ender_Animation_Master.max</source_data>
    </contributor>
    <created>2011-10-10T11:03:02</created>
    <modified>2011-10-10T11:03:02</modified>
    <unit name="meter" meter="1"/>
    <up_axis>Z_UP</up_axis>
  </asset>
  <library_effects>
    <effect id="ShapeBounds">
      <profile_COMMON>
        <technique sid="common">
          <blinn>
            <emission>
              <color>0 0 0 1</color>
            </emission>
            <ambient>
              <color>0.1647059 1 0 1</color>
            </ambient>
            <diffuse>
              <color>0.1647059 1 0 1</color>
            </diffuse>
            <specular>
              <color>0.9 0.9 0.9 1</color>
            </specular>
            <shininess>
              <float>10</float>
            </shininess>
            <reflective>
              <color>0 0 0 1</color>
            </reflective>
            <transparent opaque="A_ONE">
              <color>1 1 1 1</color>
            </transparent>
            <transparency>
              <float>1</float>
            </transparency>
          </blinn>
        </technique>
      </profile_COMMON>
      <extra>
        <technique profile="OpenCOLLADA3dsMax">
          <extended_shader>
            <apply_reflection_dimming>0</apply_reflection_dimming>
            <dim_level>0</dim_level>
            <falloff_type>0</falloff_type>
            <index_of_refraction>1.5</index_of_refraction>
            <opacity_type>0</opacity_type>
            <reflection_level>3</reflection_level>
            <wire_size>1</wire_size>
            <wire_units>0</wire_units>
          </extended_shader>
          <shader>
            <ambient_diffuse_lock>1</ambient_diffuse_lock>
            <ambient_diffuse_texture_lock>1</ambient_diffuse_texture_lock>
            <diffuse_specular_lock>0</diffuse_specular_lock>
            <soften>0.1</soften>
            <use_self_illum_color>0</use_self_illum_color>
          </shader>
        </technique>
      </extra>
    </effect>
  </library_effects>
  <library_materials>
    <material id="ShapeBounds-material" name="ShapeBounds">
      <instance_effect url="#ShapeBounds"/>
    </material>
  </library_materials>
  <library_geometries>
    <geometry id="geom-Bounds" name="Bounds">
      <mesh>
        <source id="geom-Bounds-positions">
          <float_array id="geom-Bounds-positions-array" count="24">-0.425 -0.425 0 0.425 -0.425 0 -0.425 0.425 0 0.425 0.425 0 -0.425 -0.425 1.84 0.425 -0.425 1.84 -0.425 0.425 1.84 0.425 0.425 1.84</float_array>
          <technique_common>
            <accessor source="#geom-Bounds-positions-array" count="8" stride="3">
              <param name="X" type="float"/>
              <param name="Y" type="float"/>
              <param name="Z" type="float"/>
            </accessor>
          </technique_common>
        </source>
        <source id="geom-Bounds-normals">
          <float_array id="geom-Bounds-normals-array" count="72">0 0 -1 0 0 -1 0 0 -1 0 0 -1 0 0 1 0 0 1 0 0 1 0 0 1 0 -1 0 0 -1 0 0 -1 0 0 -1 0 1 0 0 1 0 0 1 0 0 1 0 0 0 1 0 0 1 0 0 1 0 0 1 0 -1 0 0 -1 0 0 -1 0 0 -1 0 0</float_array>
          <technique_common>
            <accessor source="#geom-Bounds-normals-array" count="24" stride="3">
              <param name="X" type="float"/>
              <param name="Y" type="float"/>
              <param name="Z" type="float"/>
            </accessor>
          </technique_common>
        </source>
        <source id="geom-Bounds-map1">
          <float_array id="geom-Bounds-map1-array" count="36">0 0 0 1 0 0 0 1 0 1 1 0 0 0 0 1 0 0 0 1 0 1 1 0 0 0 0 1 0 0 0 1 0 1 1 0</float_array>
          <technique_common>
            <accessor source="#geom-Bounds-map1-array" count="12" stride="3">
              <param name="S" type="float"/>
              <param name="T" type="float"/>
              <param name="P" type="float"/>
            </accessor>
          </technique_common>
        </source>
        <vertices id="geom-Bounds-vertices">
          <input semantic="POSITION" source="#geom-Bounds-positions"/>
        </vertices>
        <triangles material="ShapeBounds" count="12">
          <input semantic="VERTEX" source="#geom-Bounds-vertices" offset="0"/>
          <input semantic="NORMAL" source="#geom-Bounds-normals" offset="1"/>
          <input semantic="TEXCOORD" source="#geom-Bounds-map1" offset="2" set="0"/>
          <p>0 0 9 2 1 11 3 2 10 3 2 10 1 3 8 0 0 9 4 4 8 5 5 9 7 6 11 7 6 11 6 7 10 4 4 8 0 8 4 1 9 5 5 10 7 5 10 7 4 11 6 0 8 4 1 12 0 3 13 1 7 14 3 7 14 3 5 15 2 1 12 0 3 16 4 2 17 5 6 18 7 6 18 7 7 19 6 3 16 4 2 20 0 0 21 1 4 22 3 4 22 3 6 23 2 2 20 0</p>
        </triangles>
      </mesh>
      <extra>
        <technique profile="OpenCOLLADA3dsMax">
          <max_box>
            <generateuvs>1</generateuvs>
            <height>1.84</height>
            <heightsegments>1</heightsegments>
            <length>0.85</length>
            <lengthsegments>1</lengthsegments>
            <width>0.85</width>
            <widthsegments>1</widthsegments>
          </max_box>
        </technique>
      </extra>
    </geometry>
  </library_geometries>
  <library_lights>
    <light id="EnvironmentAmbientLight" name="EnvironmentAmbientLight">
      <technique_common>
        <ambient>
          <color>0 0 0</color>
        </ambient>
      </technique_common>
    </light>
  </library_lights>
  <library_visual_scenes>
    <visual_scene id="MaxScene">
      <node name="EnvironmentAmbientLight">
        <instance_light url="#EnvironmentAmbientLight"/>
      </node>
      <node id="node-Bip01" name="Bip01">
        <matrix sid="matrix">0.7792375 -0.6267175 0.003750234 -8.10623e-5 0.626718 0.7792453 0.001183394 0.009366653 -0.003664005 0.001428194 0.9999923 0.8622898 0 0 0 1</matrix>
        <node id="node-Bip01_Pelvis" name="Bip01_Pelvis">
          <matrix sid="matrix">-0.01362201 0.9946367 -0.1025299 0 -0.08326687 0.1010549 0.9913902 0 0.996434 0.02204208 0.0814437 0 0 0 0 1</matrix>
          <node id="node-Bip01_Spine" name="Bip01_Spine">
            <matrix sid="matrix">0.959775 -0.2759779 -0.05165551 0.1981962 0.2538032 0.9314564 -0.2607162 0.03078901 0.1200667 0.2371185 0.9640325 0.01347914 0 0 0 1</matrix>
            <node id="node-Bip01_Spine1" name="Bip01_Spine1">
              <matrix>0.9965124 0.05406573 -0.06356053 0.1022243 -0.05553558 0.9982233 -0.02158957 -1.00836e-4 0.06228034 0.02504407 0.9977445 -2.52947e-6 0 0 0 1</matrix>
              <node id="node-Bip01_Spine2" name="Bip01_Spine2">
                <matrix>0.9777662 -0.1711879 0.1211107 0.1268954 0.1757437 0.98404 -0.02791213 -1.68547e-4 -0.1143996 0.04857606 0.9922464 -8.31485e-6 0 0 0 1</matrix>
                <node id="node-Bip01_Neck" name="Bip01_Neck">
                  <matrix>0.8154699 -0.4308033 -0.3865455 0.2151072 0.374628 0.9019333 -0.2148724 -4.96805e-5 0.441206 0.03041115 0.8968903 -1.68383e-6 0 0 0 1</matrix>
                  <node id="node-Bip01_Head" name="Bip01_Head">
                    <matrix>0.9070899 0.4132928 0.07985432 0.07051826 -0.3881006 0.8945988 -0.2215192 -0.01395917 -0.16299 0.1699463 0.9718809 -2.98023e-8 0 0 0 1</matrix>
                    <node id="node-AltEye" name="AltEye">
                      <matrix>0.03048621 0.397182 0.9172338 0.06454694 0.03236803 0.9167866 -0.3980641 0.2214611 -0.9990112 0.04182417 0.0150932 0.04716256 0 0 0 1</matrix>
                    </node>
                  </node>
                  <node id="node-Bip01_L_Clavicle" name="Bip01_L_Clavicle">
                    <matrix>0.2187271 -0.1937395 0.9563594 0.00844872 0.4802902 -0.8317719 -0.2783466 -0.01209164 0.8493997 0.520212 -0.08887984 0.07246038 0 0 0 1</matrix>
                    <node id="node-Bip01_L_UpperArm" name="Bip01_L_UpperArm">
                      <matrix>0.4866936 0.5539703 0.67546 0.1824006 -0.8575156 0.155391 0.4904293 5.96046e-8 0.1667229 -0.8179063 0.5506659 1.19209e-7 0 0 0 1</matrix>
                      <node id="node-Bip01_L_Forearm" name="Bip01_L_Forearm">
                        <matrix>0.8201935 0.572086 0 0.2843689 -0.572086 0.8201935 0 1.19209e-7 3.72529e-8 -2.98023e-8 0.9999999 0 0 0 0 1</matrix>
                        <node id="node-Bip01_L_Hand" name="Bip01_L_Hand">
                          <matrix>0.8481606 0.3730109 -0.3761471 0.281068 -0.03463751 0.7475912 0.6632555 -5.96046e-8 0.5286058 -0.5495183 0.6469976 5.96046e-8 0 0 0 1</matrix>
                          <node id="node-Bip01_L_Finger0" name="Bip01_L_Finger0">
                            <matrix>0.6591591 0.3903028 0.642785 0.02119672 0.6535138 0.1255929 -0.746422 -0.004734278 -0.37206 0.9120799 -0.1722827 -0.02572191 0 0 0 1</matrix>
                            <node id="node-Bip01_L_Finger01" name="Bip01_L_Finger01">
                              <matrix>0.8583043 -0.5131412 1.49012e-8 0.04982853 0.5131412 0.8583042 -2.98023e-8 -2.98023e-8 -4.47035e-8 -4.47035e-8 1 0 0 0 0 1</matrix>
                              <node id="node-Bip01_L_Finger02" name="Bip01_L_Finger02">
                                <matrix>0.6525694 -0.7577291 -1.49012e-8 0.05202234 0.7577291 0.6525693 0 0 2.98023e-8 -2.6077e-8 1 0 0 0 0 1</matrix>
                              </node>
                            </node>
                          </node>
                          <node id="node-Bip01_L_Finger1" name="Bip01_L_Finger1">
                            <matrix>0.8743498 -0.4850003 -0.01693496 0.1199946 0.4823663 0.8723708 -0.07931912 -0.008367658 0.05324339 0.06118384 0.9967052 -0.04101384 0 0 0 1</matrix>
                            <node id="node-Bip01_L_Finger11" name="Bip01_L_Finger11">
                              <matrix>0.2787537 -0.9603626 -9.31323e-9 0.03644186 0.9603626 0.2787537 0 0 -2.98023e-8 -1.49012e-8 1 0 0 0 0 1</matrix>
                              <node id="node-Bip01_L_Finger12" name="Bip01_L_Finger12">
                                <matrix>0.8119802 -0.5836849 0 0.03117537 0.5836849 0.8119803 0 0 -2.98023e-8 2.98023e-8 1 0 0 0 0 1</matrix>
                              </node>
                            </node>
                          </node>
                          <node id="node-Bip01_L_Finger2" name="Bip01_L_Finger2">
                            <matrix>0.6472729 -0.735232 -0.2011753 0.1229539 0.7556679 0.6535555 0.04279062 -0.008802056 0.1000182 -0.1797189 0.9786201 -0.01328242 0 0 0 1</matrix>
                            <node id="node-Bip01_L_Finger21" name="Bip01_L_Finger21">
                              <matrix>0.6013958 -0.7989513 -1.49012e-8 0.03895527 0.7989513 0.6013957 0 1.19209e-7 5.96046e-8 -7.45058e-9 1 5.96046e-8 0 0 0 1</matrix>
                              <node id="node-Bip01_L_Finger22" name="Bip01_L_Finger22">
                                <matrix>0.8644753 -0.5026752 -2.98023e-8 0.03800529 0.5026752 0.8644753 7.45058e-9 1.19209e-7 5.96046e-8 0 1 -5.96046e-8 0 0 0 1</matrix>
                              </node>
                            </node>
                          </node>
                          <node id="node-Bip01_L_Finger3" name="Bip01_L_Finger3">
                            <matrix>0.3854292 -0.8817465 -0.271969 0.1211882 0.9217517 0.381532 0.06932965 -0.001191258 0.04263371 -0.2774095 0.9598051 0.01196873 0 0 0 1</matrix>
                            <node id="node-Bip01_L_Finger31" name="Bip01_L_Finger31">
                              <matrix>0.9381478 -0.3462351 -2.98023e-8 0.03155851 0.346235 0.9381477 0 1.19209e-7 -2.98023e-8 -5.96046e-8 0.9999999 0 0 0 0 1</matrix>
                              <node id="node-Bip01_L_Finger32" name="Bip01_L_Finger32">
                                <matrix>0.6529358 -0.7574133 2.98023e-8 0.03366601 0.7574133 0.6529359 0 0 -5.96046e-8 4.47035e-8 0.9999999 5.96046e-8 0 0 0 1</matrix>
                              </node>
                            </node>
                          </node>
                          <node id="node-Bip01_L_Finger4" name="Bip01_L_Finger4">
                            <matrix>0.7005674 -0.7005579 -0.1357336 0.1136796 0.7135146 0.6850147 0.1471444 0.005147398 -0.01010365 -0.1999326 0.9797574 0.03886575 0 0 0 1</matrix>
                            <node id="node-Bip01_L_Finger41" name="Bip01_L_Finger41">
                              <matrix>0.7966627 -0.6044244 -1.49012e-8 0.03661621 0.6044243 0.7966627 2.98023e-8 0 -2.98023e-8 -2.98023e-8 1 0 0 0 0 1</matrix>
                              <node id="node-Bip01_L_Finger42" name="Bip01_L_Finger42">
                                <matrix>0.8880922 -0.4596654 0 0.0177263 0.4596653 0.8880922 -2.98023e-8 0 0 -1.11759e-8 1 0 0 0 0 1</matrix>
                              </node>
                            </node>
                          </node>
                        </node>
                      </node>
                    </node>
                  </node>
                  <node id="node-Bip01_R_Clavicle" name="Bip01_R_Clavicle">
                    <matrix>-0.4367577 -0.5517114 -0.7105329 -0.05186164 0.5680685 -0.7815932 0.2577017 -0.01624846 -0.6975248 -0.2910782 0.6547769 -0.05013978 0 0 0 1</matrix>
                    <node id="node-Bip01_R_UpperArm" name="Bip01_R_UpperArm">
                      <matrix>0.6536192 0.5794651 -0.4868286 0.1824006 -0.7208139 0.6726913 -0.1670742 2.98023e-8 0.2306716 0.4601158 0.8573704 0 0 0 0 1</matrix>
                      <node id="node-Bip01_R_Forearm" name="Bip01_R_Forearm">
                        <matrix>-0.2263137 0.9740543 -2.98023e-8 0.2843689 -0.9740545 -0.2263137 -4.47035e-8 0 5.96046e-8 2.98023e-8 0.9999999 0 0 0 0 1</matrix>
                        <node id="node-Bip01_R_Hand" name="Bip01_R_Hand">
                          <matrix>0.6512828 0.3417338 0.6775312 0.2810681 0.7584221 -0.2636937 -0.5960381 0 -0.02502569 0.9020441 -0.4309178 0 0 0 0 1</matrix>
                          <node id="node-Bip01_R_Finger0" name="Bip01_R_Finger0">
                            <matrix>0.5215105 0.269013 -0.8097274 0.02119681 0.7250717 0.3605265 0.5867639 -0.004734218 0.4497754 -0.893114 -0.007035472 0.02572191 0 0 0 1</matrix>
                            <node id="node-Bip01_R_Finger01" name="Bip01_R_Finger01">
                              <matrix>0.6055626 -0.7636235 0.2239934 0.04982859 0.719188 0.6456372 0.2567511 -1.19209e-7 -0.3406796 0.005614527 0.9401627 0 0 0 0 1</matrix>
                              <node id="node-Bip01_R_Finger02" name="Bip01_R_Finger02">
                                <matrix>0.9505157 -0.3106764 1.86265e-8 0.05202243 0.3106765 0.9505157 -1.49012e-8 1.19209e-7 -2.98023e-8 5.21541e-8 0.9999999 0 0 0 0 1</matrix>
                              </node>
                            </node>
                          </node>
                          <node id="node-Bip01_R_Finger1" name="Bip01_R_Finger1">
                            <matrix>0.9820225 -0.1733428 -0.0747267 0.1199947 0.1795577 0.9799358 0.08651493 -0.008367538 0.05823064 -0.09837732 0.993444 0.04101408 0 0 0 1</matrix>
                            <node id="node-Bip01_R_Finger11" name="Bip01_R_Finger11">
                              <matrix>0.8240547 -0.5665103 3.72529e-9 0.03644162 0.5665102 0.8240547 0 5.96046e-8 -3.72529e-9 0 1 -1.19209e-7 0 0 0 1</matrix>
                              <node id="node-Bip01_R_Finger12" name="Bip01_R_Finger12">
                                <matrix>0.8146399 -0.5796779 0.01831833 0.03117542 0.5799673 0.8142335 -0.02573052 1.19209e-7 1.49012e-8 0.03158512 0.9995013 -1.19209e-7 0 0 0 1</matrix>
                              </node>
                            </node>
                          </node>
                          <node id="node-Bip01_R_Finger2" name="Bip01_R_Finger2">
                            <matrix>0.6754014 -0.7374503 -1.52119e-4 0.1229537 0.7368312 0.6748428 -0.04082684 -0.008801997 0.03021043 0.02746242 0.9991663 0.01328242 0 0 0 1</matrix>
                            <node id="node-Bip01_R_Finger21" name="Bip01_R_Finger21">
                              <matrix>0.5508358 -0.8338858 -0.0348487 0.03895515 0.832222 0.551937 -0.05265062 5.96046e-8 0.06313889 -9.77889e-9 0.9980048 0 0 0 0 1</matrix>
                              <node id="node-Bip01_R_Finger22" name="Bip01_R_Finger22">
                                <matrix>0.1984734 -0.9799247 0.01886612 0.03800541 0.9755273 0.199368 0.09272986 -2.98023e-8 -0.09462959 7.45058e-9 0.9955125 1.19209e-7 0 0 0 1</matrix>
                              </node>
                            </node>
                          </node>
                          <node id="node-Bip01_R_Finger3" name="Bip01_R_Finger3">
                            <matrix>0.7159052 -0.6949215 0.06755452 0.1211881 0.6883786 0.6863562 -0.234627 -0.001191199 0.1166809 0.2144738 0.9697351 -0.01196873 0 0 0 1</matrix>
                            <node id="node-Bip01_R_Finger31" name="Bip01_R_Finger31">
                              <matrix>0.4441952 -0.8949346 0.04222351 0.03155842 0.8909186 0.4461976 0.08468725 1.19209e-7 -0.09462959 4.19095e-8 0.9955126 1.19209e-7 0 0 0 1</matrix>
                              <node id="node-Bip01_R_Finger32" name="Bip01_R_Finger32">
                                <matrix>0.1993682 -0.9794358 -0.03095102 0.0336659 0.9799247 0.1992687 0.006297085 0 -1.11759e-8 -0.03158511 0.9995012 -2.38419e-7 0 0 0 1</matrix>
                              </node>
                            </node>
                          </node>
                          <node id="node-Bip01_R_Finger4" name="Bip01_R_Finger4">
                            <matrix>0.592579 -0.789795 -0.1583476 0.1136797 0.7783523 0.6120423 -0.1399001 0.005147398 0.2074078 -0.04034832 0.977422 -0.0388658 0 0 0 1</matrix>
                            <node id="node-Bip01_R_Finger41" name="Bip01_R_Finger41">
                              <matrix>0.4202556 -0.9064696 0.04120621 0.03661618 0.906853 0.421151 0.01578782 0 -0.03166524 0.03073305 0.9990259 -1.19209e-7 0 0 0 1</matrix>
                              <node id="node-Bip01_R_Finger42" name="Bip01_R_Finger42">
                                <matrix>0.402447 -0.9138246 -0.05441487 0.01772636 0.9154232 0.4021218 0.01728314 0 0.006087586 -0.05676816 0.9983689 1.19209e-7 0 0 0 1</matrix>
                              </node>
                            </node>
                          </node>
                          <node id="node-mount0" name="mount0">
                            <matrix>-6.19188e-7 1 5.2969e-9 0.1095391 -0.9999999 -6.56662e-7 4.74975e-7 0.02518263 4.74975e-7 2.2701e-9 1 0.01321661 0 0 0 1</matrix>
                          </node>
                        </node>
                      </node>
                    </node>
                  </node>
                </node>
                <node id="node-Bip01_L_Pauldron_Upper" name="Bip01_L_Pauldron_Upper">
                  <matrix>0.9726582 0.118344 0.1998269 0.176903 0.1843815 -0.9166572 -0.3546033 -0.03908372 0.1412075 0.3817521 -0.9134145 0.2290199 0 0 0 1</matrix>
                </node>
                <node id="node-Bip01_R_Pauldron_Lower" name="Bip01_R_Pauldron_Lower">
                  <matrix sid="matrix">-0.1156725 -0.9403758 -0.3198654 0.1729062 0.9097751 -0.2295502 0.3458563 -0.1133294 -0.3986597 -0.2509995 0.8820828 -0.2351094 0 0 0 1</matrix>
                </node>
                <node id="node-Bip01_L_Pauldron_Lower" name="Bip01_L_Pauldron_Lower">
                  <matrix>-0.209997 -0.76872 0.6041284 0.1529202 0.4002343 -0.6313506 -0.6642358 -0.1054225 0.892028 0.1023053 0.4402497 0.2344801 0 0 0 1</matrix>
                </node>
              </node>
            </node>
            <node id="node-Bip01_L_Thigh" name="Bip01_L_Thigh">
              <matrix sid="matrix">-0.7241673 0.6807527 0.1102612 -0.1843498 0.6714585 0.6595651 0.3378127 0.05305256 0.1572425 0.3186688 -0.9347327 0.1281718 0 0 0 1</matrix>
              <node id="node-Bip01_L_Calf" name="Bip01_L_Calf">
                <matrix sid="matrix">0.5160281 0.8565717 1.07102e-8 0.4629988 -0.8565716 0.516028 2.51457e-8 -5.96046e-8 2.56114e-8 7.12462e-8 1 7.45058e-9 0 0 0 1</matrix>
                <node id="node-Bip01_L_Foot" name="Bip01_L_Foot">
                  <matrix sid="matrix">0.880439 -0.4690656 -0.06931442 0.36105 0.4739744 0.866561 0.156269 3.72529e-8 -0.01323526 -0.1704386 0.9852793 -1.49012e-8 0 0 0 1</matrix>
                  <node id="node-Bip01_L_Toe0" name="Bip01_L_Toe0">
                    <matrix sid="matrix">4.75673e-7 -1 1.38953e-6 0.1486307 1 4.76139e-7 2.21444e-8 0.1543275 -2.21044e-8 1.38953e-6 1 7.45058e-9 0 0 0 1</matrix>
                  </node>
                </node>
              </node>
            </node>
            <node id="node-Bip01_R_Thigh" name="Bip01_R_Thigh">
              <matrix sid="matrix">-0.3219483 0.7294831 0.603493 -0.2149633 0.8562729 0.4963015 -0.1431137 -0.007406637 -0.4039134 0.4706794 -0.7844201 -0.1176303 0 0 0 1</matrix>
              <node id="node-Bip01_R_Calf" name="Bip01_R_Calf">
                <matrix sid="matrix">-0.004213631 0.9999912 -2.98023e-8 0.4629987 -0.9999912 -0.004213661 0 0 5.96046e-8 -2.98023e-8 1 -5.96046e-8 0 0 0 1</matrix>
                <node id="node-Bip01_R_Foot" name="Bip01_R_Foot">
                  <matrix sid="matrix">0.9574754 -0.01522911 -0.2881134 0.3610501 0.06356592 0.9852028 0.1591705 1.49012e-8 0.281426 -0.1707158 0.944275 0 0 0 0 1</matrix>
                  <node id="node-Bip01_R_Toe0" name="Bip01_R_Toe0">
                    <matrix sid="matrix">-0.3051539 -0.9472735 0.09774536 0.1486306 0.9517195 -0.3069488 -0.003513992 0.1543275 0.03333148 0.09195384 0.9952053 0 0 0 0 1</matrix>
                  </node>
                </node>
              </node>
            </node>
          </node>
          <node id="node-Bip01_FannyPack" name="Bip01_FannyPack">
            <matrix sid="matrix">-0.9629917 -0.2062316 0.1735378 0.2299506 -0.2083318 0.9780383 0.006227001 -0.1378937 -0.1710108 -0.03015696 -0.9848074 0.01013963 0 0 0 1</matrix>
          </node>
        </node>
        <node id="node-Eye" name="Eye">
          <matrix sid="matrix">0.7792377 0.626718 -0.00366393 0.05962632 -0.6267175 0.7792451 0.001428364 0.07225982 0.00375028 0.001183155 0.999992 0.7081054 0 0 0 1</matrix>
          <node id="node-cam" name="cam">
            <matrix>1 -6.03104e-8 0 4.84288e-8 6.03104e-8 1 -2.32832e-9 -0.104 0 2.32831e-9 1 0.3005601 0 0 0 1</matrix>
          </node>
        </node>
      </node>
      <node id="node-Bounds" name="Bounds">
        <matrix>0.9999915 0.001706907 0.003750479 0 -0.001711356 0.9999978 0.001183292 0.1035326 -0.003748452 -0.0011897 0.9999923 -8.93474e-5 0 0 0 1</matrix>
        <instance_geometry url="#geom-Bounds">
          <bind_material>
            <technique_common>
              <instance_material symbol="ShapeBounds" target="#ShapeBounds-material"/>
            </technique_common>
          </bind_material>
        </instance_geometry>
      </node>
    </visual_scene>
  </library_visual_scenes>
  <library_animations>
    <animation>
      <source id="node-Bip01_matrix-input">
        <float_array id="node-Bip01_matrix-input-array" count="20">6.333333 6.366667 6.4 6.433333 6.466667 6.5 6.533333 6.566667 6.6 6.633333 6.666667 6.7 6.733333 6.766667 6.8 6.833333 6.866667 6.9 6.933333 6.966667</float_array>
        <technique_common>
          <accessor source="#node-Bip01_matrix-input-array" count="20" stride="1">
            <param name="TIME" type="float"/>
          </accessor>
        </technique_common>
      </source>
      <source id="node-Bip01_matrix-output">
        <float_array id="node-Bip01_matrix-output-array" count="320">0.7792375 -0.6267175 0.003750205 -8.10623e-5 0.626718 0.7792453 0.00118339 0.009366631 -0.003663957 0.001428186 0.9999923 0.8622898 0 0 0 1 0.7792375 -0.6267176 0.003750205 -6.6098e-5 0.6267181 0.7792452 0.00118339 0.009366631 -0.003663957 0.001428186 0.9999923 0.8688684 0 0 0 1 0.7792375 -0.6267176 0.003750205 -4.34468e-5 0.6267181 0.7792452 0.00118339 0.009366631 -0.003663957 0.001428186 0.9999923 0.8788263 0 0 0 1 0.7792375 -0.6267175 0.003750205 -2.57152e-5 0.626718 0.7792453 0.00118339 0.009366631 -0.003663957 0.001428186 0.9999923 0.8866215 0 0 0 1 0.7792375 -0.6267175 0.003750205 -2.40193e-5 0.626718 0.7792453 0.00118339 0.009366631 -0.003663957 0.001428186 0.9999923 0.8897014 0 0 0 1 0.7792375 -0.6267175 0.003750205 -2.57152e-5 0.626718 0.7792453 0.00118339 0.009366631 -0.003663957 0.001428186 0.9999923 0.8866215 0 0 0 1 0.7792375 -0.6267175 0.003750205 -1.99752e-5 0.626718 0.7792453 0.00118339 0.009366631 -0.003663957 0.001428186 0.9999923 0.8754506 0 0 0 1 0.7792375 -0.6267175 0.003750205 -1.25514e-5 0.626718 0.7792453 0.00118339 0.009366631 -0.003663957 0.001428186 0.9999923 0.8605591 0 0 0 1 0.7792375 -0.6267175 0.003750205 -5.28079e-6 0.626718 0.7792453 0.00118339 0.009366631 -0.003663957 0.001428186 0.9999923 0.847519 0 0 0 1 0.7792375 -0.6267175 0.003750205 0 0.626718 0.7792453 0.00118339 0.009366631 -0.003663957 0.001428186 0.9999923 0.8419026 0 0 0 1 0.7792375 -0.6267176 0.003750205 1.63271e-6 0.6267181 0.7792452 0.00118339 0.009366631 -0.003663957 0.001428186 0.9999923 0.8517455 0 0 0 1 0.7792375 -0.6267176 0.003750205 8.16357e-7 0.6267181 0.7792452 0.00118339 0.009366631 -0.003663957 0.001428186 0.9999923 0.8714837 0 0 0 1 0.7792375 -0.6267175 0.003750205 0 0.626718 0.7792453 0.00118339 0.009366631 -0.003663957 0.001428186 0.9999923 0.88629 0 0 0 1 0.7792375 -0.6267176 0.003750205 0 0.6267181 0.7792452 0.00118339 0.009366631 -0.003663957 0.001428186 0.9999923 0.8912096 0 0 0 1 0.7792375 -0.6267176 0.003750205 0 0.6267181 0.7792452 0.00118339 0.009366631 -0.003663957 0.001428186 0.9999923 0.891197 0 0 0 1 0.7792375 -0.6267175 0.003750205 0 0.626718 0.7792453 0.00118339 0.009366631 -0.003663957 0.001428186 0.9999923 0.88629 0 0 0 1 0.7792375 -0.6267176 0.003750205 3.60278e-6 0.6267181 0.7792452 0.00118339 0.009366631 -0.003663957 0.001428186 0.9999923 0.8726822 0 0 0 1 0.7792375 -0.6267176 0.003750205 7.20554e-6 0.6267181 0.7792452 0.00118339 0.009366631 -0.003663957 0.001428186 0.9999923 0.85418 0 0 0 1 0.7792375 -0.6267175 0.003750205 0 0.626718 0.7792453 0.00118339 0.009366631 -0.003663957 0.001428186 0.9999923 0.8422389 0 0 0 1 0.7792375 -0.6267175 0.003750205 -4.16892e-5 0.626718 0.7792453 0.00118339 0.009366631 -0.003663957 0.001428186 0.9999923 0.8502405 0 0 0 1</float_array>
        <technique_common>
          <accessor source="#node-Bip01_matrix-output-array" count="20" stride="16">
            <param name="TRANSFORM" type="float4x4"/>
          </accessor>
        </technique_common>
      </source>
      <source id="node-Bip01_matrix-interpolation">
        <Name_array id="node-Bip01_matrix-interpolation-array" count="20">LINEAR LINEAR LINEAR LINEAR LINEAR LINEAR LINEAR LINEAR LINEAR LINEAR LINEAR LINEAR LINEAR LINEAR LINEAR LINEAR LINEAR LINEAR LINEAR LINEAR</Name_array>
        <technique_common>
          <accessor source="#node-Bip01_matrix-interpolation-array" count="20" stride="1">
            <param name="INTERPOLATION" type="name"/>
          </accessor>
        </technique_common>
      </source>
      <source id="node-Bip01_Pelvis_matrix-input">
        <float_array id="node-Bip01_Pelvis_matrix-input-array" count="20">6.333333 6.366667 6.4 6.433333 6.466667 6.5 6.533333 6.566667 6.6 6.633333 6.666667 6.7 6.733333 6.766667 6.8 6.833333 6.866667 6.9 6.933333 6.966667</float_array>
        <technique_common>
          <accessor source="#node-Bip01_Pelvis_matrix-input-array" count="20" stride="1">
            <param name="TIME" type="float"/>
          </accessor>
        </technique_common>
      </source>
      <source id="node-Bip01_Pelvis_matrix-output">
        <float_array id="node-Bip01_Pelvis_matrix-output-array" count="320">-0.01362198 0.9946367 -0.1025299 0 -0.08326685 0.1010549 0.9913902 0 0.996434 0.02204203 0.08144366 0 0 0 0 1 -2.46371e-4 0.9946012 -0.1037704 0 -0.09144562 0.1033132 0.9904363 0 0.9958099 0.009733319 0.09092646 0 0 0 0 1 0.01855075 0.9944969 -0.1031098 0 -0.1053181 0.1044976 0.9889329 0 0.9942654 -0.007486045 0.1066771 0 0 0 0 1 0.04005366 0.9938876 -0.1028754 0 -0.1201483 0.1070016 0.9869727 0 0.9919475 -0.02717161 0.1236997 0 0 0 0 1 0.06161063 0.9924926 -0.105654 0 -0.1311446 0.1129871 0.9849036 0 0.9894469 -0.04682457 0.1371213 0 0 0 0 1 0.08058416 0.9901723 -0.1143027 0 -0.1334829 0.1243631 0.9832173 0 0.9877695 -0.06397426 0.1421928 0 0 0 0 1 0.09415888 0.9867918 -0.1318184 0 -0.1223493 0.1428728 0.9821497 0 0.9880105 -0.07635027 0.134186 0 0 0 0 1 0.09287494 0.9796248 -0.1780719 0 -0.06018471 0.1840413 0.9810742 0 0.9938572 -0.08039999 0.07605129 0 0 0 0 1 0.07423204 0.9661471 -0.2470818 0 0.03568488 0.2450333 0.9688578 0 0.9966022 -0.08073735 -0.0162875 0 0 0 0 1 0.05554223 0.9504534 -0.3058652 0 0.08792752 0.3004918 0.9497228 0 0.9945772 -0.07964366 -0.06688094 0 0 0 0 1 0.05029052 0.9329103 -0.3565797 0 0.06809085 0.352998 0.9331431 0 0.9964106 -0.07120811 -0.04577016 0 0 0 0 1 0.05277794 0.9115066 -0.407885 0 0.01545953 0.4076594 0.9130032 0 0.9984864 -0.05449217 0.007423877 0 0 0 0 1 0.05875474 0.8946825 -0.4428219 0 -0.04249936 0.4454278 0.8943087 0 0.9973673 -0.0337252 0.06419444 0 0 0 0 1 0.05960202 0.8928356 -0.4464216 0 -0.07885563 0.4500304 0.8895249 0 0.9951026 -0.01781463 0.09722781 0 0 0 0 1 0.05250388 0.9063238 -0.4193094 0 -0.09184098 0.4224913 0.9017018 0 0.9943884 -0.00883305 0.1054201 0 0 0 0 1 0.04197555 0.9259993 -0.3751845 0 -0.09819722 0.3775209 0.9207797 0 0.9942813 -0.001808166 0.1067772 0 0 0 0 1 0.02944886 0.9472004 -0.3192863 0 -0.09915286 0.3206177 0.9420047 0 0.9946362 0.003917157 0.1033595 0 0 0 0 1 0.01643043 0.9661615 -0.2574139 0 -0.09618097 0.257782 0.9614041 0 0.9952281 0.008961975 0.09716182 0 0 0 0 1 0.004265844 0.98059 -0.1960232 0 -0.09108895 0.1955911 0.9764461 0 0.9958336 0.01369011 0.0901553 0 0 0 0 1 -0.005999386 0.9898437 -0.1420337 0 -0.08600252 0.1409993 0.9862671 0 0.9962767 0.01813226 0.08428311 0 0 0 0 1</float_array>
        <technique_common>
          <accessor source="#node-Bip01_Pelvis_matrix-output-array" count="20" stride="16">
            <param name="TRANSFORM" type="float4x4"/>
          </accessor>
        </technique_common>
      </source>
      <source id="node-Bip01_Pelvis_matrix-interpolation">
        <Name_array id="node-Bip01_Pelvis_matrix-interpolation-array" count="20">LINEAR LINEAR LINEAR LINEAR LINEAR LINEAR LINEAR LINEAR LINEAR LINEAR LINEAR LINEAR LINEAR LINEAR LINEAR LINEAR LINEAR LINEAR LINEAR LINEAR</Name_array>
        <technique_common>
          <accessor source="#node-Bip01_Pelvis_matrix-interpolation-array" count="20" stride="1">
            <param name="INTERPOLATION" type="name"/>
          </accessor>
        </technique_common>
      </source>
      <source id="node-Bip01_Spine_matrix-input">
        <float_array id="node-Bip01_Spine_matrix-input-array" count="20">6.333333 6.366667 6.4 6.433333 6.466667 6.5 6.533333 6.566667 6.6 6.633333 6.666667 6.7 6.733333 6.766667 6.8 6.833333 6.866667 6.9 6.933333 6.966667</float_array>
        <technique_common>
          <accessor source="#node-Bip01_Spine_matrix-input-array" count="20" stride="1">
            <param name="TIME" type="float"/>
          </accessor>
        </technique_common>
      </source>
      <source id="node-Bip01_Spine_matrix-output">
        <float_array id="node-Bip01_Spine_matrix-output-array" count="320">0.959775 -0.2759779 -0.05165547 0.1981962 0.2538031 0.9314565 -0.2607161 0.03078895 0.1200667 0.2371184 0.9640325 0.01347911 0 0 0 1 0.9616758 -0.2665944 -0.06408643 0.1984271 0.2419807 0.9351141 -0.2588571 0.02833527 0.128938 0.2334287 0.9637874 0.01533579 0 0 0 1 0.9635445 -0.2540885 -0.08379107 0.1986187 0.2253011 0.9394859 -0.2580807 0.02490121 0.1442958 0.2297939 0.962483 0.01849192 0 0 0 1 0.9652141 -0.2392866 -0.1053735 0.1987279 0.206196 0.9444447 -0.255944 0.02096229 0.1607635 0.2253132 0.9609313 0.02189028 0 0 0 1 0.9669666 -0.2230427 -0.1233996 0.1988021 0.1871696 0.9499105 -0.2502753 0.01700896 0.1730406 0.2189113 0.9602785 0.02449101 0 0 0 1 0.9694932 -0.2062835 -0.1324007 0.1989715 0.1707147 0.9558478 -0.2391895 0.01352965 0.1758958 0.2092898 0.9619035 0.02527213 0 0 0 1 0.9735308 -0.1901216 -0.1268526 0.1993795 0.1591199 0.9622144 -0.2209625 0.01097333 0.1640692 0.1949291 0.9669975 0.02321177 0 0 0 1 0.9829466 -0.1707662 -0.06822693 0.2005086 0.1562235 0.971173 -0.1800484 0.009974956 0.09700632 0.1663193 0.9812889 0.01039981 0 0 0 1 0.9875901 -0.1545367 0.02800774 0.2005581 0.1567856 0.9805232 -0.1182904 0.009548246 -0.009182035 0.1212136 0.9925841 -0.009831428 0 0 0 1 0.9847619 -0.1525926 0.08342367 0.199657 0.1578766 0.9855806 -0.06087642 0.009348034 -0.0729314 0.07311946 0.994653 -0.02147263 0 0 0 1 0.9840666 -0.1647675 0.06681871 0.1998836 0.1654909 0.9861965 -0.005401492 0.01056182 -0.06500637 0.01637339 0.9977505 -0.01861155 0 0 0 1 0.9832398 -0.1815382 0.01683264 0.2003648 0.1804144 0.9821267 0.05364197 0.01332306 -0.02626991 -0.04970616 0.9984183 -0.009372949 0 0 0 1 0.9797557 -0.1962729 -0.03944307 0.2003021 0.1992201 0.9753037 0.09536194 0.01701354 0.01975202 -0.1012893 0.9946609 0.001012682 0 0 0 1 0.9753928 -0.2077769 -0.07373952 0.1998744 0.2145596 0.9715101 0.1006582 0.02013486 0.0507242 -0.114003 0.9921845 0.007499694 0 0 0 1 0.9722463 -0.2186125 -0.08334177 0.199544 0.2245664 0.9719187 0.07031542 0.02228337 0.06562966 -0.08707958 0.9940373 0.009851396 0 0 0 1 0.9693399 -0.2303636 -0.08551537 0.1992434 0.2329476 0.972253 0.02144348 0.02420669 0.07820278 -0.04070663 0.9961062 0.01129245 0 0 0 1 0.9667786 -0.2421315 -0.08192229 0.1989815 0.2396396 0.9700725 -0.03914302 0.02591192 0.0889483 0.01821064 0.9958697 0.01209443 0 0 0 1 0.9645904 -0.2530177 -0.07448136 0.198754 0.2447776 0.9639332 -0.1044821 0.02742224 0.09823089 0.08255106 0.9917338 0.01250112 0 0 0 1 0.9627464 -0.2623867 -0.06536585 0.1985516 0.2486205 0.9539898 -0.1676057 0.02874916 0.1063358 0.1451105 0.9836848 0.01273399 0 0 0 1 0.9611757 -0.269999 -0.05693781 0.1983672 0.2515026 0.9421017 -0.2217906 0.02988153 0.1135244 0.1988598 0.9734305 0.01299655 0 0 0 1</float_array>
        <technique_common>
          <accessor source="#node-Bip01_Spine_matrix-output-array" count="20" stride="16">
            <param name="TRANSFORM" type="float4x4"/>
          </accessor>
        </technique_common>
      </source>
      <source id="node-Bip01_Spine_matrix-interpolation">
        <Name_array id="node-Bip01_Spine_matrix-interpolation-array" count="20">LINEAR LINEAR LINEAR LINEAR LINEAR LINEAR LINEAR LINEAR LINEAR LINEAR LINEAR LINEAR LINEAR LINEAR LINEAR LINEAR LINEAR LINEAR LINEAR LINEAR</Name_array>
        <technique_common>
          <accessor source="#node-Bip01_Spine_matrix-interpolation-array" count="20" stride="1">
            <param name="INTERPOLATION" type="name"/>
          </accessor>
        </technique_common>
      </source>
      <source id="node-Bip01_R_Pauldron_Lower_matrix-input">
        <float_array id="node-Bip01_R_Pauldron_Lower_matrix-input-array" count="20">6.333333 6.366667 6.4 6.433333 6.466667 6.5 6.533333 6.566667 6.6 6.633333 6.666667 6.7 6.733333 6.766667 6.8 6.833333 6.866667 6.9 6.933333 6.966667</float_array>
        <technique_common>
          <accessor source="#node-Bip01_R_Pauldron_Lower_matrix-input-array" count="20" stride="1">
            <param name="TIME" type="float"/>
          </accessor>
        </technique_common>
      </source>
      <source id="node-Bip01_R_Pauldron_Lower_matrix-output">
        <float_array id="node-Bip01_R_Pauldron_Lower_matrix-output-array" count="320">-0.1156725 -0.9403758 -0.3198654 0.1729061 0.9097751 -0.2295502 0.3458563 -0.1133294 -0.3986597 -0.2509995 0.8820828 -0.2351094 0 0 0 1 -0.1156725 -0.9403759 -0.3198654 0.172906 0.9097751 -0.2295502 0.3458564 -0.1133293 -0.3986598 -0.2509995 0.8820827 -0.2351094 0 0 0 1 -0.1156725 -0.9403759 -0.3198654 0.172906 0.9097751 -0.2295502 0.3458563 -0.1133294 -0.3986598 -0.2509994 0.8820827 -0.2351094 0 0 0 1 -0.1156725 -0.9403758 -0.3198654 0.1729059 0.9097751 -0.2295502 0.3458564 -0.1133294 -0.3986597 -0.2509995 0.8820827 -0.2351094 0 0 0 1 -0.1156728 -0.9403759 -0.3198655 0.172906 0.9097751 -0.2295504 0.3458564 -0.1133294 -0.39866 -0.2509994 0.8820827 -0.2351094 0 0 0 1 -0.1073563 -0.9403219 -0.3229091 0.1729059 0.9008277 -0.2294287 0.368609 -0.1133294 -0.4206954 -0.2513129 0.8716982 -0.2351094 0 0 0 1 -0.09215825 -0.9403195 -0.3275769 0.1729059 0.8826243 -0.2294343 0.4102863 -0.1133293 -0.4609573 -0.2513161 0.8510928 -0.2351094 0 0 0 1 -0.08413273 -0.9403761 -0.3295686 0.172906 0.8719802 -0.2295498 0.4323866 -0.1133293 -0.482258 -0.2509994 0.8393015 -0.2351094 0 0 0 1 -0.09215831 -0.9403195 -0.327577 0.172906 0.8826242 -0.2294344 0.4102863 -0.1133293 -0.4609573 -0.2513161 0.8510926 -0.2351094 0 0 0 1 -0.1073562 -0.9403219 -0.3229091 0.172906 0.9008277 -0.2294285 0.368609 -0.1133294 -0.4206955 -0.2513129 0.8716982 -0.2351095 0 0 0 1 -0.1156725 -0.9403759 -0.3198655 0.172906 0.9097751 -0.2295502 0.3458564 -0.1133294 -0.3986598 -0.2509995 0.8820827 -0.2351094 0 0 0 1 -0.1156725 -0.9403759 -0.3198654 0.1729059 0.9097751 -0.2295502 0.3458564 -0.1133293 -0.3986598 -0.2509995 0.8820827 -0.2351094 0 0 0 1 -0.1156728 -0.9403759 -0.3198655 0.1729059 0.9097751 -0.2295504 0.3458564 -0.1133294 -0.39866 -0.2509994 0.8820827 -0.2351095 0 0 0 1 -0.1156725 -0.9403759 -0.3198655 0.172906 0.9097751 -0.2295503 0.3458564 -0.1133293 -0.3986598 -0.2509996 0.8820827 -0.2351094 0 0 0 1 -0.09971338 -0.9403041 -0.3254017 0.1729059 0.891982 -0.2293956 0.3895464 -0.1133293 -0.4409376 -0.2514095 0.8616078 -0.2351094 0 0 0 1 -0.08413261 -0.9403759 -0.3295686 0.172906 0.8719801 -0.2295497 0.4323864 -0.1133294 -0.482258 -0.2509995 0.8393014 -0.2351094 0 0 0 1 -0.09215831 -0.9403196 -0.327577 0.172906 0.8826243 -0.2294344 0.4102864 -0.1133293 -0.4609575 -0.2513161 0.8510928 -0.2351095 0 0 0 1 -0.1073562 -0.9403219 -0.3229091 0.1729059 0.9008277 -0.2294285 0.3686091 -0.1133294 -0.4206953 -0.251313 0.8716981 -0.2351094 0 0 0 1 -0.1156724 -0.9403759 -0.3198654 0.172906 0.9097751 -0.2295503 0.3458564 -0.1133294 -0.3986597 -0.2509995 0.8820827 -0.2351094 0 0 0 1 -0.1156726 -0.9403759 -0.3198655 0.1729059 0.9097751 -0.2295503 0.3458565 -0.1133294 -0.39866 -0.2509995 0.8820827 -0.2351095 0 0 0 1</float_array>
        <technique_common>
          <accessor source="#node-Bip01_R_Pauldron_Lower_matrix-output-array" count="20" stride="16">
            <param name="TRANSFORM" type="float4x4"/>
          </accessor>
        </technique_common>
      </source>
      <source id="node-Bip01_R_Pauldron_Lower_matrix-interpolation">
        <Name_array id="node-Bip01_R_Pauldron_Lower_matrix-interpolation-array" count="20">LINEAR LINEAR LINEAR LINEAR LINEAR LINEAR LINEAR LINEAR LINEAR LINEAR LINEAR LINEAR LINEAR LINEAR LINEAR LINEAR LINEAR LINEAR LINEAR LINEAR</Name_array>
        <technique_common>
          <accessor source="#node-Bip01_R_Pauldron_Lower_matrix-interpolation-array" count="20" stride="1">
            <param name="INTERPOLATION" type="name"/>
          </accessor>
        </technique_common>
      </source>
      <source id="node-Bip01_L_Thigh_matrix-input">
        <float_array id="node-Bip01_L_Thigh_matrix-input-array" count="20">6.333333 6.366667 6.4 6.433333 6.466667 6.5 6.533333 6.566667 6.6 6.633333 6.666667 6.7 6.733333 6.766667 6.8 6.833333 6.866667 6.9 6.933333 6.966667</float_array>
        <technique_common>
          <accessor source="#node-Bip01_L_Thigh_matrix-input-array" count="20" stride="1">
            <param name="TIME" type="float"/>
          </accessor>
        </technique_common>
      </source>
