<?xml version="1.0" encoding="utf-8"?>
<COLLADA xmlns="http://www.collada.org/2005/11/COLLADASchema" version="1.4.1">
  <asset>
    <contributor>
      <author>MattO</author>
      <authoring_tool>OpenCOLLADA for 3ds Max;  Version: 1.3.0;  Revision: 839M;  Platform: x64;  Configuration: Release_Max2012</authoring_tool>
      <source_data>file:///C:/Dropbox/Prj/GGStout/Ender_SourceArt/Soldier_TP_Ender_Animation_Master.max</source_data>
    </contributor>
    <created>2011-10-10T11:03:00</created>
    <modified>2011-10-10T11:03:00</modified>
    <unit name="meter" meter="1"/>
    <up_axis>Z_UP</up_axis>
  </asset>
  <library_effects>
    <effect id="ShapeBounds">
      <profile_COMMON>
        <technique sid="common">
          <blinn>
            <emission>
              <color>0 0 0 1</color>
            </emission>
            <ambient>
              <color>0.1647059 1 0 1</color>
            </ambient>
            <diffuse>
              <color>0.1647059 1 0 1</color>
            </diffuse>
            <specular>
              <color>0.9 0.9 0.9 1</color>
            </specular>
            <shininess>
              <float>10</float>
            </shininess>
            <reflective>
              <color>0 0 0 1</color>
            </reflective>
            <transparent opaque="A_ONE">
              <color>1 1 1 1</color>
            </transparent>
            <transparency>
              <float>1</float>
            </transparency>
          </blinn>
        </technique>
      </profile_COMMON>
      <extra>
        <technique profile="OpenCOLLADA3dsMax">
          <extended_shader>
            <apply_reflection_dimming>0</apply_reflection_dimming>
            <dim_level>0</dim_level>
            <falloff_type>0</falloff_type>
            <index_of_refraction>1.5</index_of_refraction>
            <opacity_type>0</opacity_type>
            <reflection_level>3</reflection_level>
            <wire_size>1</wire_size>
            <wire_units>0</wire_units>
          </extended_shader>
          <shader>
            <ambient_diffuse_lock>1</ambient_diffuse_lock>
            <ambient_diffuse_texture_lock>1</ambient_diffuse_texture_lock>
            <diffuse_specular_lock>0</diffuse_specular_lock>
            <soften>0.1</soften>
            <use_self_illum_color>0</use_self_illum_color>
          </shader>
        </technique>
      </extra>
    </effect>
  </library_effects>
  <library_materials>
    <material id="ShapeBounds-material" name="ShapeBounds">
      <instance_effect url="#ShapeBounds"/>
    </material>
  </library_materials>
  <library_geometries>
    <geometry id="geom-Bounds" name="Bounds">
      <mesh>
        <source id="geom-Bounds-positions">
          <float_array id="geom-Bounds-positions-array" count="24">-0.425 -0.425 0 0.425 -0.425 0 -0.425 0.425 0 0.425 0.425 0 -0.425 -0.425 1.84 0.425 -0.425 1.84 -0.425 0.425 1.84 0.425 0.425 1.84</float_array>
          <technique_common>
            <accessor source="#geom-Bounds-positions-array" count="8" stride="3">
              <param name="X" type="float"/>
              <param name="Y" type="float"/>
              <param name="Z" type="float"/>
            </accessor>
          </technique_common>
        </source>
        <source id="geom-Bounds-normals">
          <float_array id="geom-Bounds-normals-array" count="72">0 0 -1 0 0 -1 0 0 -1 0 0 -1 0 0 1 0 0 1 0 0 1 0 0 1 0 -1 0 0 -1 0 0 -1 0 0 -1 0 1 0 0 1 0 0 1 0 0 1 0 0 0 1 0 0 1 0 0 1 0 0 1 0 -1 0 0 -1 0 0 -1 0 0 -1 0 0</float_array>
          <technique_common>
            <accessor source="#geom-Bounds-normals-array" count="24" stride="3">
              <param name="X" type="float"/>
              <param name="Y" type="float"/>
              <param name="Z" type="float"/>
            </accessor>
          </technique_common>
        </source>
        <source id="geom-Bounds-map1">
          <float_array id="geom-Bounds-map1-array" count="36">0 0 0 1 0 0 0 1 0 1 1 0 0 0 0 1 0 0 0 1 0 1 1 0 0 0 0 1 0 0 0 1 0 1 1 0</float_array>
          <technique_common>
            <accessor source="#geom-Bounds-map1-array" count="12" stride="3">
              <param name="S" type="float"/>
              <param name="T" type="float"/>
              <param name="P" type="float"/>
            </accessor>
          </technique_common>
        </source>
        <vertices id="geom-Bounds-vertices">
          <input semantic="POSITION" source="#geom-Bounds-positions"/>
        </vertices>
        <triangles material="ShapeBounds" count="12">
          <input semantic="VERTEX" source="#geom-Bounds-vertices" offset="0"/>
          <input semantic="NORMAL" source="#geom-Bounds-normals" offset="1"/>
          <input semantic="TEXCOORD" source="#geom-Bounds-map1" offset="2" set="0"/>
          <p>0 0 9 2 1 11 3 2 10 3 2 10 1 3 8 0 0 9 4 4 8 5 5 9 7 6 11 7 6 11 6 7 10 4 4 8 0 8 4 1 9 5 5 10 7 5 10 7 4 11 6 0 8 4 1 12 0 3 13 1 7 14 3 7 14 3 5 15 2 1 12 0 3 16 4 2 17 5 6 18 7 6 18 7 7 19 6 3 16 4 2 20 0 0 21 1 4 22 3 4 22 3 6 23 2 2 20 0</p>
        </triangles>
      </mesh>
      <extra>
        <technique profile="OpenCOLLADA3dsMax">
          <max_box>
            <generateuvs>1</generateuvs>
            <height>1.84</height>
            <heightsegments>1</heightsegments>
            <length>0.85</length>
            <lengthsegments>1</lengthsegments>
            <width>0.85</width>
            <widthsegments>1</widthsegments>
          </max_box>
        </technique>
      </extra>
    </geometry>
  </library_geometries>
  <library_lights>
    <light id="EnvironmentAmbientLight" name="EnvironmentAmbientLight">
      <technique_common>
        <ambient>
          <color>0 0 0</color>
        </ambient>
      </technique_common>
    </light>
  </library_lights>
  <library_visual_scenes>
    <visual_scene id="MaxScene">
      <node name="EnvironmentAmbientLight">
        <instance_light url="#EnvironmentAmbientLight"/>
      </node>
      <node id="node-Bip01" name="Bip01">
        <matrix sid="matrix">0.7792376 -0.6267173 0.003750267 -8.10623e-5 0.6267178 0.7792454 0.001183462 0.009366653 -0.003664074 0.001428161 0.9999923 0.5107236 0 0 0 1</matrix>
        <node id="node-Bip01_Pelvis" name="Bip01_Pelvis">
          <matrix>-0.009626727 0.991236 0.1317526 0 -0.1217413 -0.1319404 0.9837534 0 0.9925151 -0.006569401 0.1219445 0 0 0 0 1</matrix>
          <node id="node-Bip01_Spine" name="Bip01_Spine">
            <matrix>0.9543822 -0.2849871 -0.08909023 0.1975225 0.2101389 0.8530462 -0.4776545 0.02500415 0.2121235 0.4371438 0.8740191 0.02776814 0 0 0 1</matrix>
            <node id="node-Bip01_Spine1" name="Bip01_Spine1">
              <matrix>0.9965124 0.05406575 -0.0635605 0.1022243 -0.05553561 0.9982232 -0.02158951 -1.00851e-4 0.06228031 0.0250441 0.9977446 -2.52202e-6 0 0 0 1</matrix>
              <node id="node-Bip01_Spine2" name="Bip01_Spine2">
                <matrix>0.9777662 -0.1711879 0.1211107 0.1268953 0.1757437 0.9840403 -0.02791211 -1.6851e-4 -0.1143996 0.04857597 0.9922464 -8.31485e-6 0 0 0 1</matrix>
                <node id="node-Bip01_Neck" name="Bip01_Neck">
                  <matrix>0.81547 -0.4308034 -0.3865454 0.2151072 0.3746281 0.9019333 -0.2148724 -4.97103e-5 0.441206 0.03041114 0.8968904 -1.66893e-6 0 0 0 1</matrix>
                  <node id="node-Bip01_Head" name="Bip01_Head">
                    <matrix>0.9070899 0.4132927 0.07985421 0.07051826 -0.3881004 0.8945988 -0.2215193 -0.01395929 -0.16299 0.1699463 0.9718808 -2.98023e-8 0 0 0 1</matrix>
                    <node id="node-AltEye" name="AltEye">
                      <matrix>0.03048624 0.3971821 0.9172338 0.06454682 0.03236818 0.9167866 -0.3980642 0.2214611 -0.9990112 0.04182434 0.0150932 0.04716256 0 0 0 1</matrix>
                    </node>
                  </node>
                  <node id="node-Bip01_L_Clavicle" name="Bip01_L_Clavicle">
                    <matrix>0.218727 -0.1937395 0.9563593 0.00844872 0.4802901 -0.8317719 -0.2783467 -0.01209176 0.8493997 0.5202119 -0.08887986 0.07246037 0 0 0 1</matrix>
                    <node id="node-Bip01_L_UpperArm" name="Bip01_L_UpperArm">
                      <matrix>0.4866934 0.5539705 0.6754599 0.1824006 -0.8575156 0.1553909 0.4904292 2.98023e-8 0.1667231 -0.8179063 0.550666 0 0 0 0 1</matrix>
                      <node id="node-Bip01_L_Forearm" name="Bip01_L_Forearm">
                        <matrix>0.8201959 0.5720827 -1.49012e-8 0.2843689 -0.5720826 0.8201959 2.98023e-8 0 -2.23517e-8 -2.98023e-8 0.9999999 0 0 0 0 1</matrix>
                        <node id="node-Bip01_L_Hand" name="Bip01_L_Hand">
                          <matrix>0.8481605 0.3730137 -0.3761443 0.281068 -0.03464061 0.7475896 0.6632571 5.96046e-8 0.5286056 -0.5495186 0.6469974 0 0 0 0 1</matrix>
                          <node id="node-Bip01_L_Finger0" name="Bip01_L_Finger0">
                            <matrix>0.6591592 0.3903028 0.6427851 0.0211966 0.6535139 0.1255929 -0.7464221 -0.004734337 -0.37206 0.9120799 -0.1722827 -0.02572191 0 0 0 1</matrix>
                            <node id="node-Bip01_L_Finger01" name="Bip01_L_Finger01">
                              <matrix>0.8583043 -0.5131412 0 0.04982859 0.5131413 0.8583043 -2.98023e-8 -2.98023e-8 -2.98023e-8 -2.98023e-8 1 0 0 0 0 1</matrix>
                              <node id="node-Bip01_L_Finger02" name="Bip01_L_Finger02">
                                <matrix>0.6525692 -0.7577291 -1.49012e-8 0.05202222 0.757729 0.6525694 1.49012e-8 0 -2.98023e-8 -3.72529e-9 1 -1.19209e-7 0 0 0 1</matrix>
                              </node>
                            </node>
                          </node>
                          <node id="node-Bip01_L_Finger1" name="Bip01_L_Finger1">
                            <matrix>0.8743498 -0.4850004 -0.01693495 0.1199946 0.4823663 0.872371 -0.07931915 -0.008367598 0.05324339 0.06118387 0.9967054 -0.0410139 0 0 0 1</matrix>
                            <node id="node-Bip01_L_Finger11" name="Bip01_L_Finger11">
                              <matrix>0.2787538 -0.9603627 1.86265e-9 0.03644162 0.9603626 0.2787537 0 1.19209e-7 0 -1.49012e-8 1 5.96046e-8 0 0 0 1</matrix>
                              <node id="node-Bip01_L_Finger12" name="Bip01_L_Finger12">
                                <matrix>0.8119803 -0.5836849 2.98023e-8 0.03117549 0.5836849 0.8119802 0 0 0 -1.49012e-8 1 -2.98023e-8 0 0 0 1</matrix>
                              </node>
                            </node>
                          </node>
                          <node id="node-Bip01_L_Finger2" name="Bip01_L_Finger2">
                            <matrix>0.6472729 -0.735232 -0.2011753 0.1229538 0.755668 0.6535556 0.04279056 -0.008801997 0.1000183 -0.1797188 0.9786202 -0.01328242 0 0 0 1</matrix>
                            <node id="node-Bip01_L_Finger21" name="Bip01_L_Finger21">
                              <matrix>0.6013957 -0.7989513 0 0.03895518 0.7989513 0.6013958 -2.98023e-8 1.19209e-7 2.98023e-8 7.45058e-9 1 1.19209e-7 0 0 0 1</matrix>
                              <node id="node-Bip01_L_Finger22" name="Bip01_L_Finger22">
                                <matrix>0.8644754 -0.5026752 0 0.03800535 0.5026752 0.8644753 0 0 -2.98023e-8 -1.49012e-8 1 -5.96046e-8 0 0 0 1</matrix>
                              </node>
                            </node>
                          </node>
                          <node id="node-Bip01_L_Finger3" name="Bip01_L_Finger3">
                            <matrix>0.3854292 -0.8817467 -0.271969 0.121188 0.9217519 0.3815321 0.06932959 -0.001191258 0.0426338 -0.2774096 0.9598054 0.01196867 0 0 0 1</matrix>
                            <node id="node-Bip01_L_Finger31" name="Bip01_L_Finger31">
                              <matrix>0.9381479 -0.3462351 2.98023e-8 0.03155845 0.3462351 0.9381478 2.98023e-8 0 -2.98023e-8 0 1 0 0 0 0 1</matrix>
                              <node id="node-Bip01_L_Finger32" name="Bip01_L_Finger32">
                                <matrix>0.6529357 -0.7574133 -5.96046e-8 0.03366598 0.7574133 0.6529358 0 0 -2.98023e-8 -1.49012e-8 1 5.96046e-8 0 0 0 1</matrix>
                              </node>
                            </node>
                          </node>
                          <node id="node-Bip01_L_Finger4" name="Bip01_L_Finger4">
                            <matrix>0.7005674 -0.7005581 -0.1357337 0.1136796 0.7135147 0.685015 0.1471444 0.005147278 -0.01010368 -0.1999326 0.9797575 0.03886569 0 0 0 1</matrix>
                            <node id="node-Bip01_L_Finger41" name="Bip01_L_Finger41">
                              <matrix>0.7966627 -0.6044244 -1.49012e-8 0.03661618 0.6044243 0.7966626 -2.98023e-8 0 0 -2.98023e-8 1 5.96046e-8 0 0 0 1</matrix>
                              <node id="node-Bip01_L_Finger42" name="Bip01_L_Finger42">
                                <matrix>0.8880922 -0.4596652 0 0.01772633 0.4596653 0.8880923 0 -1.19209e-7 2.98023e-8 1.49012e-8 1 0 0 0 0 1</matrix>
                              </node>
                            </node>
                          </node>
                        </node>
                      </node>
                    </node>
                  </node>
                  <node id="node-Bip01_R_Clavicle" name="Bip01_R_Clavicle">
                    <matrix>-0.4367577 -0.5517113 -0.710533 -0.0518617 0.5680685 -0.7815931 0.2577017 -0.0162484 -0.6975248 -0.2910782 0.6547769 -0.05013981 0 0 0 1</matrix>
                    <node id="node-Bip01_R_UpperArm" name="Bip01_R_UpperArm">
                      <matrix>0.6536188 0.5794653 -0.4868289 0.1824006 -0.7208144 0.6726908 -0.1670744 0 0.2306715 0.4601164 0.8573703 -5.96046e-8 0 0 0 1</matrix>
                      <node id="node-Bip01_R_Forearm" name="Bip01_R_Forearm">
                        <matrix>-0.2263136 0.9740543 0 0.2843689 -0.9740543 -0.2263137 -4.47035e-8 0 8.9407e-8 -8.9407e-8 0.9999999 0 0 0 0 1</matrix>
                        <node id="node-Bip01_R_Hand" name="Bip01_R_Hand">
                          <matrix>0.6512826 0.3417338 0.6775316 0.281068 0.7584227 -0.2636936 -0.5960377 2.98023e-8 -0.02502549 0.9020442 -0.4309177 0 0 0 0 1</matrix>
                          <node id="node-Bip01_R_Finger0" name="Bip01_R_Finger0">
                            <matrix>0.5215105 0.269013 -0.8097275 0.02119675 0.7250716 0.3605265 0.5867639 -0.004734248 0.4497753 -0.893114 -0.007035468 0.02572185 0 0 0 1</matrix>
                            <node id="node-Bip01_R_Finger01" name="Bip01_R_Finger01">
                              <matrix>0.6055625 -0.7636236 0.2239934 0.04982856 0.719188 0.6456373 0.2567511 -1.19209e-7 -0.3406797 0.005614519 0.9401626 5.96046e-8 0 0 0 1</matrix>
                              <node id="node-Bip01_R_Finger02" name="Bip01_R_Finger02">
                                <matrix>0.9505158 -0.3106764 1.49012e-8 0.05202241 0.3106764 0.9505159 -1.49012e-8 1.19209e-7 -2.98023e-8 -4.47035e-8 1 0 0 0 0 1</matrix>
                              </node>
                            </node>
                          </node>
                          <node id="node-Bip01_R_Finger1" name="Bip01_R_Finger1">
                            <matrix>0.9820224 -0.1733427 -0.07472672 0.1199947 0.1795577 0.9799358 0.08651492 -0.008367538 0.05823064 -0.09837732 0.993444 0.0410139 0 0 0 1</matrix>
                            <node id="node-Bip01_R_Finger11" name="Bip01_R_Finger11">
                              <matrix>0.8240547 -0.5665103 1.11759e-8 0.03644168 0.5665103 0.8240547 0 -5.96046e-8 -9.31323e-9 0 1 0 0 0 0 1</matrix>
                              <node id="node-Bip01_R_Finger12" name="Bip01_R_Finger12">
                                <matrix>0.8146397 -0.5796779 0.01831832 0.03117546 0.5799672 0.8142332 -0.02573051 5.96046e-8 7.45058e-9 0.0315851 0.9995012 -2.38419e-7 0 0 0 1</matrix>
                              </node>
                            </node>
                          </node>
                          <node id="node-Bip01_R_Finger2" name="Bip01_R_Finger2">
                            <matrix>0.6754014 -0.7374503 -1.52119e-4 0.1229537 0.7368313 0.6748429 -0.04082685 -0.008802027 0.03021043 0.02746242 0.9991663 0.01328236 0 0 0 1</matrix>
                            <node id="node-Bip01_R_Finger21" name="Bip01_R_Finger21">
                              <matrix>0.5508358 -0.8338857 -0.0348487 0.03895517 0.8322219 0.551937 -0.05265062 0 0.06313889 -6.98492e-9 0.9980047 0 0 0 0 1</matrix>
                              <node id="node-Bip01_R_Finger22" name="Bip01_R_Finger22">
                                <matrix>0.1984734 -0.9799248 0.01886612 0.03800535 0.9755273 0.199368 0.09272987 -5.96046e-8 -0.09462957 7.45058e-9 0.9955125 -1.19209e-7 0 0 0 1</matrix>
                              </node>
                            </node>
                          </node>
                          <node id="node-Bip01_R_Finger3" name="Bip01_R_Finger3">
                            <matrix>0.7159052 -0.6949217 0.06755452 0.1211881 0.6883787 0.6863562 -0.234627 -0.001191288 0.1166809 0.2144738 0.9697353 -0.01196867 0 0 0 1</matrix>
                            <node id="node-Bip01_R_Finger31" name="Bip01_R_Finger31">
                              <matrix>0.4441952 -0.8949345 0.04222351 0.03155842 0.8909186 0.4461975 0.08468724 5.96046e-8 -0.09462959 3.9814e-8 0.9955125 -1.19209e-7 0 0 0 1</matrix>
                              <node id="node-Bip01_R_Finger32" name="Bip01_R_Finger32">
                                <matrix>0.1993682 -0.9794358 -0.03095102 0.03366596 0.9799247 0.1992687 0.006297083 2.98023e-8 -7.45058e-9 -0.03158514 0.9995012 1.19209e-7 0 0 0 1</matrix>
                              </node>
                            </node>
                          </node>
                          <node id="node-Bip01_R_Finger4" name="Bip01_R_Finger4">
                            <matrix>0.592579 -0.7897949 -0.1583476 0.1136796 0.7783521 0.6120424 -0.1399001 0.005147368 0.2074078 -0.04034829 0.977422 -0.03886586 0 0 0 1</matrix>
                            <node id="node-Bip01_R_Finger41" name="Bip01_R_Finger41">
                              <matrix>0.4202557 -0.9064696 0.04120624 0.03661615 0.9068529 0.4211513 0.01578783 5.96046e-8 -0.03166522 0.03073308 0.999026 5.96046e-8 0 0 0 1</matrix>
                              <node id="node-Bip01_R_Finger42" name="Bip01_R_Finger42">
                                <matrix>0.402447 -0.9138246 -0.05441489 0.01772627 0.9154231 0.4021217 0.01728311 0 0.006087616 -0.05676816 0.9983689 0 0 0 0 1</matrix>
                              </node>
                            </node>
                          </node>
                          <node id="node-mount0" name="mount0">
                            <matrix>-6.27794e-7 0.9999999 1.45519e-9 0.109539 -0.9999999 -6.50356e-7 4.76837e-7 0.0251826 4.787e-7 2.38651e-9 1 0.01321656 0 0 0 1</matrix>
                          </node>
                        </node>
                      </node>
                    </node>
                  </node>
                </node>
                <node id="node-Bip01_L_Pauldron_Upper" name="Bip01_L_Pauldron_Upper">
                  <matrix>0.9726582 0.1183442 0.1998269 0.176903 0.1843817 -0.9166573 -0.3546032 -0.03908366 0.1412075 0.3817522 -0.9134145 0.2290199 0 0 0 1</matrix>
                </node>
                <node id="node-Bip01_R_Pauldron_Lower" name="Bip01_R_Pauldron_Lower">
                  <matrix>-0.1156726 -0.9403759 -0.3198654 0.172906 0.9097751 -0.2295502 0.3458562 -0.1133294 -0.3986599 -0.2509995 0.8820827 -0.2351094 0 0 0 1</matrix>
                </node>
                <node id="node-Bip01_L_Pauldron_Lower" name="Bip01_L_Pauldron_Lower">
                  <matrix>-0.2099968 -0.7687201 0.6041284 0.1529204 0.4002343 -0.6313506 -0.6642358 -0.1054225 0.892028 0.1023054 0.4402496 0.2344801 0 0 0 1</matrix>
                </node>
              </node>
            </node>
            <node id="node-Bip01_L_Thigh" name="Bip01_L_Thigh">
              <matrix sid="matrix">-0.02820837 0.9980745 0.05524319 -0.1726137 0.9245472 0.005040154 0.3810346 0.07855305 0.3800223 0.06182328 -0.922909 0.1166963 0 0 0 1</matrix>
              <node id="node-Bip01_L_Calf" name="Bip01_L_Calf">
                <matrix sid="matrix">-0.5028377 0.8643809 0 0.4629987 -0.8643808 -0.5028378 0 0 -6.70552e-8 1.49012e-8 1 1.49012e-8 0 0 0 1</matrix>
                <node id="node-Bip01_L_Foot" name="Bip01_L_Foot">
                  <matrix sid="matrix">0.7165824 -0.6847647 -0.1326908 0.3610501 0.6956876 0.7153798 0.06519429 6.70552e-8 0.05028163 -0.1390285 0.9890109 1.49012e-8 0 0 0 1</matrix>
                  <node id="node-Bip01_L_Toe0" name="Bip01_L_Toe0">
                    <matrix>4.76837e-7 -1 1.39046e-6 0.1486307 1 4.7707e-7 2.30575e-8 0.1543275 -2.30466e-8 1.38953e-6 1 0 0 0 0 1</matrix>
                  </node>
                </node>
              </node>
            </node>
            <node id="node-Bip01_R_Thigh" name="Bip01_R_Thigh">
              <matrix sid="matrix">-0.5214388 0.6994621 0.4887275 -0.2266993 0.7662246 0.6358734 -0.0925466 -0.03290711 -0.3755016 0.3262176 -0.8675141 -0.1061547 0 0 0 1</matrix>
              <node id="node-Bip01_R_Calf" name="Bip01_R_Calf">
                <matrix sid="matrix">-0.7345032 0.6786053 2.98023e-8 0.4629988 -0.6786053 -0.7345031 -2.98023e-8 1.49012e-8 -3.72529e-8 2.98023e-8 0.9999999 2.98023e-8 0 0 0 1</matrix>
                <node id="node-Bip01_R_Foot" name="Bip01_R_Foot">
                  <matrix sid="matrix">0.8459412 -0.5104891 -0.154222 0.3610501 0.521208 0.8526442 0.03660771 1.49012e-8 0.1128087 -0.1113497 0.9873579 -2.98023e-8 0 0 0 1</matrix>
                  <node id="node-Bip01_R_Toe0" name="Bip01_R_Toe0">
                    <matrix>-0.6632262 -0.7481881 0.01858823 0.1486306 0.7465618 -0.6631248 -0.05395296 0.1543274 0.05269335 -0.02190572 0.9983705 0 0 0 0 1</matrix>
                  </node>
                </node>
              </node>
            </node>
          </node>
          <node id="node-Bip01_FannyPack" name="Bip01_FannyPack">
            <matrix>-0.9629918 -0.2062317 0.1735378 0.2299507 -0.2083319 0.9780385 0.006227079 -0.1378937 -0.1710108 -0.03015682 -0.9848076 0.01013964 0 0 0 1</matrix>
          </node>
        </node>
        <node id="node-Eye" name="Eye">
          <matrix sid="matrix">0.7792379 0.6267177 -0.003664111 0.05838358 -0.6267173 0.7792452 0.001428192 0.07274419 0.003750314 0.001183283 0.999992 0.5282093 0 0 0 1</matrix>
          <node id="node-cam" name="cam">
            <matrix>1 -6.03104e-8 3.55271e-15 4.85452e-8 6.03104e-8 1 -2.32831e-9 -0.104 -3.55271e-15 2.32832e-9 1 0.3005601 0 0 0 1</matrix>
          </node>
        </node>
      </node>
      <node id="node-Bounds" name="Bounds">
        <matrix>0.9999915 0.001706907 0.003750479 0 -0.001711356 0.9999978 0.001183292 0.1035326 -0.003748452 -0.0011897 0.9999923 -8.93474e-5 0 0 0 1</matrix>
        <instance_geometry url="#geom-Bounds">
          <bind_material>
            <technique_common>
              <instance_material symbol="ShapeBounds" target="#ShapeBounds-material"/>
            </technique_common>
          </bind_material>
        </instance_geometry>
      </node>
    </visual_scene>
  </library_visual_scenes>
  <library_animations>
    <animation>
      <source id="node-Bip01_matrix-input">
        <float_array id="node-Bip01_matrix-input-array" count="60">9.666667 9.7 9.733334 9.766666 9.8 9.833333 9.866667 9.9 9.933333 9.966666 10 10.03333 10.06667 10.1 10.13333 10.16667 10.2 10.23333 10.26667 10.3 10.33333 10.36667 10.4 10.43333 10.46667 10.5 10.53333 10.56667 10.6 10.63333 10.66667 10.7 10.73333 10.76667 10.8 10.83333 10.86667 10.9 10.93333 10.96667 11 11.03333 11.06667 11.1 11.13333 11.16667 11.2 11.23333 11.26667 11.3 11.33333 11.36667 11.4 11.43333 11.46667 11.5 11.53333 11.56667 11.6 11.63333</float_array>
        <technique_common>
          <accessor source="#node-Bip01_matrix-input-array" count="60" stride="1">
            <param name="TIME" type="float"/>
          </accessor>
        </technique_common>
      </source>
      <source id="node-Bip01_matrix-output">
        <float_array id="node-Bip01_matrix-output-array" count="960">0.7792376 -0.6267173 0.003750264 -8.10623e-5 0.6267178 0.7792454 0.00118345 0.009366631 -0.003664016 0.001428127 0.9999923 0.5107236 0 0 0 1 0.7792376 -0.6267173 0.003750264 -8.10623e-5 0.6267178 0.7792454 0.00118345 0.009471476 -0.003664016 0.001428127 0.9999923 0.5107056 0 0 0 1 0.7792376 -0.6267173 0.003750264 -8.10623e-5 0.6267178 0.7792454 0.00118345 0.00958544 -0.003664016 0.001428127 0.9999923 0.5106533 0 0 0 1 0.7792376 -0.6267173 0.003750264 -8.10623e-5 0.6267178 0.7792454 0.00118345 0.009707629 -0.003664016 0.001428127 0.9999923 0.510569 0 0 0 1 0.7792376 -0.6267173 0.003750264 -8.10623e-5 0.6267178 0.7792454 0.00118345 0.00983715 -0.003664016 0.001428127 0.9999923 0.5104554 0 0 0 1 0.7792376 -0.6267173 0.003750264 -8.10623e-5 0.6267178 0.7792454 0.00118345 0.009973108 -0.003664016 0.001428127 0.9999923 0.5103148 0 0 0 1 0.7792377 -0.6267173 0.003750264 -8.10623e-5 0.6267178 0.7792454 0.00118345 0.01011466 -0.003664016 0.001428127 0.9999923 0.5101497 0 0 0 1 0.7792376 -0.6267173 0.003750264 -8.10623e-5 0.6267178 0.7792454 0.00118345 0.01026082 -0.003664016 0.001428127 0.9999923 0.5099624 0 0 0 1 0.7792376 -0.6267173 0.003750264 -8.10623e-5 0.6267178 0.7792454 0.00118345 0.01041078 -0.003664016 0.001428127 0.9999923 0.5097556 0 0 0 1 0.7792376 -0.6267173 0.003750264 -8.10623e-5 0.6267178 0.7792454 0.00118345 0.01056367 -0.003664016 0.001428127 0.9999923 0.5095316 0 0 0 1 0.7792376 -0.6267173 0.003750264 -8.10623e-5 0.6267178 0.7792454 0.00118345 0.01071852 -0.003664016 0.001428127 0.9999923 0.5092929 0 0 0 1 0.7792376 -0.6267173 0.003750264 -8.10623e-5 0.6267178 0.7792454 0.00118345 0.01087445 -0.003664016 0.001428127 0.9999923 0.5090419 0 0 0 1 0.7792376 -0.6267173 0.003750264 -8.10623e-5 0.6267178 0.7792454 0.00118345 0.01103067 -0.003664016 0.001428127 0.9999923 0.5087811 0 0 0 1 0.7792376 -0.6267173 0.003750264 -8.10623e-5 0.6267178 0.7792454 0.00118345 0.01118618 -0.003664016 0.001428127 0.9999923 0.5085129 0 0 0 1 0.7792376 -0.6267173 0.003750264 -8.10623e-5 0.6267178 0.7792454 0.00118345 0.01134014 -0.003664016 0.001428127 0.9999923 0.5082399 0 0 0 1 0.7792376 -0.6267173 0.003750264 -8.10623e-5 0.6267178 0.7792454 0.00118345 0.01149171 -0.003664016 0.001428127 0.9999923 0.5079643 0 0 0 1 0.7792376 -0.6267173 0.003750264 -8.10623e-5 0.6267178 0.7792454 0.00118345 0.01163989 -0.003664016 0.001428127 0.9999923 0.5076888 0 0 0 1 0.7792376 -0.6267173 0.003750264 -8.10623e-5 0.6267178 0.7792454 0.00118345 0.01178383 -0.003664016 0.001428127 0.9999923 0.5074157 0 0 0 1 0.7792376 -0.6267173 0.003750264 -8.10623e-5 0.6267178 0.7792454 0.00118345 0.01192271 -0.003664016 0.001428127 0.9999923 0.5071476 0 0 0 1 0.7792376 -0.6267173 0.003750264 -8.10623e-5 0.6267178 0.7792454 0.00118345 0.01205557 -0.003664016 0.001428127 0.9999923 0.5068868 0 0 0 1 0.7792376 -0.6267173 0.003750264 -8.10623e-5 0.6267178 0.7792454 0.00118345 0.01218152 -0.003664016 0.001428127 0.9999923 0.5066357 0 0 0 1 0.7792376 -0.6267173 0.003750264 -8.10623e-5 0.6267178 0.7792454 0.00118345 0.01229971 -0.003664016 0.001428127 0.9999923 0.5063971 0 0 0 1 0.7792376 -0.6267173 0.003750264 -8.10623e-5 0.6267178 0.7792454 0.00118345 0.01240921 -0.003664016 0.001428127 0.9999923 0.5061731 0 0 0 1 0.7792376 -0.6267173 0.003750264 -8.10623e-5 0.6267178 0.7792454 0.00118345 0.01250922 -0.003664016 0.001428127 0.9999923 0.5059662 0 0 0 1 0.7792377 -0.6267173 0.003750264 -8.10623e-5 0.6267178 0.7792454 0.00118345 0.01259869 -0.003664016 0.001428127 0.9999923 0.5057789 0 0 0 1 0.7792376 -0.6267173 0.003750264 -8.10623e-5 0.6267178 0.7792454 0.00118345 0.01267689 -0.003664016 0.001428127 0.9999923 0.5056138 0 0 0 1 0.7792376 -0.6267173 0.003750264 -8.10623e-5 0.6267178 0.7792454 0.00118345 0.01274287 -0.003664016 0.001428127 0.9999923 0.5054732 0 0 0 1 0.7792376 -0.6267173 0.003750264 -8.10623e-5 0.6267178 0.7792454 0.00118345 0.01279574 -0.003664016 0.001428127 0.9999923 0.5053595 0 0 0 1 0.7792376 -0.6267173 0.003750264 -8.10623e-5 0.6267178 0.7792454 0.00118345 0.0128346 -0.003664016 0.001428127 0.9999923 0.5052754 0 0 0 1 0.7792376 -0.6267173 0.003750264 -8.10623e-5 0.6267178 0.7792454 0.00118345 0.01285856 -0.003664016 0.001428127 0.9999923 0.505223 0 0 0 1 0.7792376 -0.6267173 0.003750264 -8.10623e-5 0.6267178 0.7792454 0.00118345 0.01286673 -0.003664016 0.001428127 0.9999923 0.505205 0 0 0 1 0.7792376 -0.6267173 0.003750264 -8.10623e-5 0.6267178 0.7792454 0.00118345 0.01285856 -0.003664016 0.001428127 0.9999923 0.5052177 0 0 0 1 0.7792376 -0.6267173 0.003750264 -8.10623e-5 0.6267178 0.7792454 0.00118345 0.0128346 -0.003664016 0.001428127 0.9999923 0.5052546 0 0 0 1 0.7792376 -0.6267173 0.003750264 -8.10623e-5 0.6267178 0.7792454 0.00118345 0.01279574 -0.003664016 0.001428127 0.9999923 0.5053144 0 0 0 1 0.7792376 -0.6267173 0.003750264 -8.10623e-5 0.6267178 0.7792454 0.00118345 0.01274287 -0.003664016 0.001428127 0.9999923 0.505396 0 0 0 1 0.7792376 -0.6267173 0.003750264 -8.10623e-5 0.6267178 0.7792454 0.00118345 0.01267689 -0.003664016 0.001428127 0.9999923 0.5054978 0 0 0 1 0.7792377 -0.6267173 0.003750264 -8.10623e-5 0.6267178 0.7792454 0.00118345 0.01259869 -0.003664016 0.001428127 0.9999923 0.5056186 0 0 0 1 0.7792376 -0.6267173 0.003750264 -8.10623e-5 0.6267178 0.7792454 0.00118345 0.01250922 -0.003664016 0.001428127 0.9999923 0.5057569 0 0 0 1 0.7792376 -0.6267173 0.003750264 -8.10623e-5 0.6267178 0.7792454 0.00118345 0.01240921 -0.003664016 0.001428127 0.9999923 0.5059116 0 0 0 1 0.7792376 -0.6267173 0.003750264 -8.10623e-5 0.6267178 0.7792454 0.00118345 0.01229971 -0.003664016 0.001428127 0.9999923 0.5060813 0 0 0 1 0.7792376 -0.6267173 0.003750264 -8.10623e-5 0.6267178 0.7792454 0.00118345 0.01218152 -0.003664016 0.001428127 0.9999923 0.5062645 0 0 0 1 0.7792376 -0.6267173 0.003750264 -8.10623e-5 0.6267178 0.7792454 0.00118345 0.01205557 -0.003664016 0.001428127 0.9999923 0.5064599 0 0 0 1 0.7792376 -0.6267173 0.003750264 -8.10623e-5 0.6267178 0.7792454 0.00118345 0.01192271 -0.003664016 0.001428127 0.9999923 0.5066664 0 0 0 1 0.7792376 -0.6267173 0.003750264 -8.10623e-5 0.6267178 0.7792454 0.00118345 0.01178383 -0.003664016 0.001428127 0.9999923 0.5068823 0 0 0 1 0.7792376 -0.6267173 0.003750264 -8.10623e-5 0.6267178 0.7792454 0.00118345 0.01163989 -0.003664016 0.001428127 0.9999923 0.5071066 0 0 0 1 0.7792376 -0.6267173 0.003750264 -8.10623e-5 0.6267178 0.7792454 0.00118345 0.01149171 -0.003664016 0.001428127 0.9999923 0.5073377 0 0 0 1 0.7792376 -0.6267173 0.003750264 -8.10623e-5 0.6267178 0.7792454 0.00118345 0.01134014 -0.003664016 0.001428127 0.9999923 0.5075744 0 0 0 1 0.7792376 -0.6267173 0.003750264 -8.10623e-5 0.6267178 0.7792454 0.00118345 0.01118618 -0.003664016 0.001428127 0.9999923 0.5078154 0 0 0 1 0.7792376 -0.6267173 0.003750264 -8.10623e-5 0.6267178 0.7792454 0.00118345 0.01103067 -0.003664016 0.001428127 0.9999923 0.5080592 0 0 0 1 0.7792376 -0.6267173 0.003750264 -8.10623e-5 0.6267178 0.7792454 0.00118345 0.01087445 -0.003664016 0.001428127 0.9999923 0.5083046 0 0 0 1 0.7792376 -0.6267173 0.003750264 -8.10623e-5 0.6267178 0.7792454 0.00118345 0.01071852 -0.003664016 0.001428127 0.9999923 0.5085502 0 0 0 1 0.7792376 -0.6267173 0.003750264 -8.10623e-5 0.6267178 0.7792454 0.00118345 0.01056367 -0.003664016 0.001428127 0.9999923 0.5087947 0 0 0 1 0.7792376 -0.6267173 0.003750264 -8.10623e-5 0.6267178 0.7792454 0.00118345 0.01041078 -0.003664016 0.001428127 0.9999923 0.5090367 0 0 0 1 0.7792376 -0.6267173 0.003750264 -8.10623e-5 0.6267178 0.7792454 0.00118345 0.01026082 -0.003664016 0.001428127 0.9999923 0.5092749 0 0 0 1 0.7792377 -0.6267173 0.003750264 -8.10623e-5 0.6267178 0.7792454 0.00118345 0.01011466 -0.003664016 0.001428127 0.9999923 0.5095081 0 0 0 1 0.7792376 -0.6267173 0.003750264 -8.10623e-5 0.6267178 0.7792454 0.00118345 0.009973108 -0.003664016 0.001428127 0.9999923 0.5097346 0 0 0 1 0.7792376 -0.6267173 0.003750264 -8.10623e-5 0.6267178 0.7792454 0.00118345 0.00983715 -0.003664016 0.001428127 0.9999923 0.5099534 0 0 0 1 0.7792376 -0.6267173 0.003750264 -8.10623e-5 0.6267178 0.7792454 0.00118345 0.009707629 -0.003664016 0.001428127 0.9999923 0.5101631 0 0 0 1 0.7792376 -0.6267173 0.003750264 -8.10623e-5 0.6267178 0.7792454 0.00118345 0.00958544 -0.003664016 0.001428127 0.9999923 0.5103622 0 0 0 1 0.7792376 -0.6267173 0.003750264 -8.10623e-5 0.6267178 0.7792454 0.00118345 0.009471476 -0.003664016 0.001428127 0.9999923 0.5105495 0 0 0 1</float_array>
        <technique_common>
          <accessor source="#node-Bip01_matrix-output-array" count="60" stride="16">
            <param name="TRANSFORM" type="float4x4"/>
          </accessor>
        </technique_common>
      </source>
      <source id="node-Bip01_matrix-interpolation">
        <Name_array id="node-Bip01_matrix-interpolation-array" count="60">LINEAR LINEAR LINEAR LINEAR LINEAR LINEAR LINEAR LINEAR LINEAR LINEAR LINEAR LINEAR LINEAR LINEAR LINEAR LINEAR LINEAR LINEAR LINEAR LINEAR LINEAR LINEAR LINEAR LINEAR LINEAR LINEAR LINEAR LINEAR LINEAR LINEAR LINEAR LINEAR LINEAR LINEAR LINEAR LINEAR LINEAR LINEAR LINEAR LINEAR LINEAR LINEAR LINEAR LINEAR LINEAR LINEAR LINEAR LINEAR LINEAR LINEAR LINEAR LINEAR LINEAR LINEAR LINEAR LINEAR LINEAR LINEAR LINEAR LINEAR</Name_array>
        <technique_common>
          <accessor source="#node-Bip01_matrix-interpolation-array" count="60" stride="1">
            <param name="INTERPOLATION" type="name"/>
          </accessor>
        </technique_common>
      </source>
      <source id="node-Bip01_L_Thigh_matrix-input">
        <float_array id="node-Bip01_L_Thigh_matrix-input-array" count="60">9.666667 9.7 9.733334 9.766666 9.8 9.833333 9.866667 9.9 9.933333 9.966666 10 10.03333 10.06667 10.1 10.13333 10.16667 10.2 10.23333 10.26667 10.3 10.33333 10.36667 10.4 10.43333 10.46667 10.5 10.53333 10.56667 10.6 10.63333 10.66667 10.7 10.73333 10.76667 10.8 10.83333 10.86667 10.9 10.93333 10.96667 11 11.03333 11.06667 11.1 11.13333 11.16667 11.2 11.23333 11.26667 11.3 11.33333 11.36667 11.4 11.43333 11.46667 11.5 11.53333 11.56667 11.6 11.63333</float_array>
        <technique_common>
          <accessor source="#node-Bip01_L_Thigh_matrix-input-array" count="60" stride="1">
            <param name="TIME" type="float"/>
          </accessor>
        </technique_common>
      </source>
      <source id="node-Bip01_L_Thigh_matrix-output">
