<?xml version="1.0" encoding="utf-8"?>
<COLLADA xmlns="http://www.collada.org/2005/11/COLLADASchema" version="1.4.1">
  <asset>
    <contributor>
      <author>MattO</author>
      <authoring_tool>OpenCOLLADA for 3ds Max;  Version: 1.3.0;  Revision: 839M;  Platform: x64;  Configuration: Release_Max2012</authoring_tool>
      <source_data>file:///C:/Dropbox/Prj/GGStout/Ender_SourceArt/Soldier_TP_Ender_Animation_Master.max</source_data>
    </contributor>
    <created>2011-10-10T11:03:02</created>
    <modified>2011-10-10T11:03:02</modified>
    <unit name="meter" meter="1"/>
    <up_axis>Z_UP</up_axis>
  </asset>
  <library_effects>
    <effect id="ShapeBounds">
      <profile_COMMON>
        <technique sid="common">
          <blinn>
            <emission>
              <color>0 0 0 1</color>
            </emission>
            <ambient>
              <color>0.1647059 1 0 1</color>
            </ambient>
            <diffuse>
              <color>0.1647059 1 0 1</color>
            </diffuse>
            <specular>
              <color>0.9 0.9 0.9 1</color>
            </specular>
            <shininess>
              <float>10</float>
            </shininess>
            <reflective>
              <color>0 0 0 1</color>
            </reflective>
            <transparent opaque="A_ONE">
              <color>1 1 1 1</color>
            </transparent>
            <transparency>
              <float>1</float>
            </transparency>
          </blinn>
        </technique>
      </profile_COMMON>
      <extra>
        <technique profile="OpenCOLLADA3dsMax">
          <extended_shader>
            <apply_reflection_dimming>0</apply_reflection_dimming>
            <dim_level>0</dim_level>
            <falloff_type>0</falloff_type>
            <index_of_refraction>1.5</index_of_refraction>
            <opacity_type>0</opacity_type>
            <reflection_level>3</reflection_level>
            <wire_size>1</wire_size>
            <wire_units>0</wire_units>
          </extended_shader>
          <shader>
            <ambient_diffuse_lock>1</ambient_diffuse_lock>
            <ambient_diffuse_texture_lock>1</ambient_diffuse_texture_lock>
            <diffuse_specular_lock>0</diffuse_specular_lock>
            <soften>0.1</soften>
            <use_self_illum_color>0</use_self_illum_color>
          </shader>
        </technique>
      </extra>
    </effect>
  </library_effects>
  <library_materials>
    <material id="ShapeBounds-material" name="ShapeBounds">
      <instance_effect url="#ShapeBounds"/>
    </material>
  </library_materials>
  <library_geometries>
    <geometry id="geom-Bounds" name="Bounds">
      <mesh>
        <source id="geom-Bounds-positions">
          <float_array id="geom-Bounds-positions-array" count="24">-0.425 -0.425 0 0.425 -0.425 0 -0.425 0.425 0 0.425 0.425 0 -0.425 -0.425 1.84 0.425 -0.425 1.84 -0.425 0.425 1.84 0.425 0.425 1.84</float_array>
          <technique_common>
            <accessor source="#geom-Bounds-positions-array" count="8" stride="3">
              <param name="X" type="float"/>
              <param name="Y" type="float"/>
              <param name="Z" type="float"/>
            </accessor>
          </technique_common>
        </source>
        <source id="geom-Bounds-normals">
          <float_array id="geom-Bounds-normals-array" count="72">0 0 -1 0 0 -1 0 0 -1 0 0 -1 0 0 1 0 0 1 0 0 1 0 0 1 0 -1 0 0 -1 0 0 -1 0 0 -1 0 1 0 0 1 0 0 1 0 0 1 0 0 0 1 0 0 1 0 0 1 0 0 1 0 -1 0 0 -1 0 0 -1 0 0 -1 0 0</float_array>
          <technique_common>
            <accessor source="#geom-Bounds-normals-array" count="24" stride="3">
              <param name="X" type="float"/>
              <param name="Y" type="float"/>
              <param name="Z" type="float"/>
            </accessor>
          </technique_common>
        </source>
        <source id="geom-Bounds-map1">
          <float_array id="geom-Bounds-map1-array" count="36">0 0 0 1 0 0 0 1 0 1 1 0 0 0 0 1 0 0 0 1 0 1 1 0 0 0 0 1 0 0 0 1 0 1 1 0</float_array>
          <technique_common>
            <accessor source="#geom-Bounds-map1-array" count="12" stride="3">
              <param name="S" type="float"/>
              <param name="T" type="float"/>
              <param name="P" type="float"/>
            </accessor>
          </technique_common>
        </source>
        <vertices id="geom-Bounds-vertices">
          <input semantic="POSITION" source="#geom-Bounds-positions"/>
        </vertices>
        <triangles material="ShapeBounds" count="12">
          <input semantic="VERTEX" source="#geom-Bounds-vertices" offset="0"/>
          <input semantic="NORMAL" source="#geom-Bounds-normals" offset="1"/>
          <input semantic="TEXCOORD" source="#geom-Bounds-map1" offset="2" set="0"/>
          <p>0 0 9 2 1 11 3 2 10 3 2 10 1 3 8 0 0 9 4 4 8 5 5 9 7 6 11 7 6 11 6 7 10 4 4 8 0 8 4 1 9 5 5 10 7 5 10 7 4 11 6 0 8 4 1 12 0 3 13 1 7 14 3 7 14 3 5 15 2 1 12 0 3 16 4 2 17 5 6 18 7 6 18 7 7 19 6 3 16 4 2 20 0 0 21 1 4 22 3 4 22 3 6 23 2 2 20 0</p>
        </triangles>
      </mesh>
      <extra>
        <technique profile="OpenCOLLADA3dsMax">
          <max_box>
            <generateuvs>1</generateuvs>
            <height>1.84</height>
            <heightsegments>1</heightsegments>
            <length>0.85</length>
            <lengthsegments>1</lengthsegments>
            <width>0.85</width>
            <widthsegments>1</widthsegments>
          </max_box>
        </technique>
      </extra>
    </geometry>
  </library_geometries>
  <library_lights>
    <light id="EnvironmentAmbientLight" name="EnvironmentAmbientLight">
      <technique_common>
        <ambient>
          <color>0 0 0</color>
        </ambient>
      </technique_common>
    </light>
  </library_lights>
  <library_visual_scenes>
    <visual_scene id="MaxScene">
      <node name="EnvironmentAmbientLight">
        <instance_light url="#EnvironmentAmbientLight"/>
      </node>
      <node id="node-Bip01" name="Bip01">
        <matrix sid="matrix">0.7792375 -0.6267175 0.003750234 -0.001741029 0.626718 0.7792453 0.001183394 0.01081871 -0.003664005 0.001428194 0.9999923 0.8579118 0 0 0 1</matrix>
        <node id="node-Bip01_Pelvis" name="Bip01_Pelvis">
          <matrix sid="matrix">-0.009626728 0.991236 0.1317526 0 -0.1217413 -0.1319404 0.9837535 0 0.9925151 -0.0065694 0.1219445 0 0 0 0 1</matrix>
          <node id="node-Bip01_Spine" name="Bip01_Spine">
            <matrix sid="matrix">0.9543822 -0.2849871 -0.08909022 0.1975226 0.2101389 0.8530462 -0.4776545 0.02500414 0.2121234 0.4371437 0.8740189 0.02776814 0 0 0 1</matrix>
            <node id="node-Bip01_Spine1" name="Bip01_Spine1">
              <matrix>0.9965124 0.05406575 -0.06356052 0.1022242 -0.05553557 0.9982232 -0.02158957 -1.00851e-4 0.06228033 0.0250441 0.9977444 -2.5332e-6 0 0 0 1</matrix>
              <node id="node-Bip01_Spine2" name="Bip01_Spine2">
                <matrix>0.9777662 -0.171188 0.1211107 0.1268955 0.1757437 0.9840402 -0.02791213 -1.68562e-4 -0.1143996 0.04857609 0.9922464 -8.3074e-6 0 0 0 1</matrix>
                <node id="node-Bip01_Neck" name="Bip01_Neck">
                  <matrix>0.81547 -0.4308035 -0.3865456 0.2151072 0.3746281 0.9019335 -0.2148724 -4.97103e-5 0.4412061 0.03041118 0.8968905 -1.67638e-6 0 0 0 1</matrix>
                  <node id="node-Bip01_Head" name="Bip01_Head">
                    <matrix>0.90709 0.4132929 0.07985432 0.07051814 -0.3881006 0.8945988 -0.2215193 -0.01395911 -0.16299 0.1699464 0.971881 -2.98023e-8 0 0 0 1</matrix>
                    <node id="node-AltEye" name="AltEye">
                      <matrix>0.03048615 0.3971819 0.9172338 0.06454694 0.03236799 0.9167866 -0.3980641 0.2214611 -0.9990111 0.04182409 0.01509318 0.04716256 0 0 0 1</matrix>
                    </node>
                  </node>
                  <node id="node-Bip01_L_Clavicle" name="Bip01_L_Clavicle">
                    <matrix>0.2187271 -0.1937395 0.9563594 0.00844872 0.4802901 -0.8317719 -0.2783466 -0.01209164 0.8493998 0.520212 -0.08887982 0.07246041 0 0 0 1</matrix>
                    <node id="node-Bip01_L_UpperArm" name="Bip01_L_UpperArm">
                      <matrix>0.4866938 0.5539697 0.6754603 0.1824006 -0.8575156 0.1553908 0.4904295 2.98023e-8 0.1667227 -0.8179069 0.5506654 0 0 0 0 1</matrix>
                      <node id="node-Bip01_L_Forearm" name="Bip01_L_Forearm">
                        <matrix>0.8201943 0.572085 -1.49012e-8 0.284369 -0.572085 0.8201944 0 -1.19209e-7 0 5.96046e-8 1 0 0 0 0 1</matrix>
                        <node id="node-Bip01_L_Hand" name="Bip01_L_Hand">
                          <matrix>0.8481606 0.3730119 -0.3761457 0.2810681 -0.03463882 0.7475906 0.663256 -1.19209e-7 0.5286053 -0.5495184 0.6469976 5.96046e-8 0 0 0 1</matrix>
                          <node id="node-Bip01_L_Finger0" name="Bip01_L_Finger0">
                            <matrix>0.6591594 0.3903029 0.6427851 0.02119672 0.6535139 0.1255929 -0.746422 -0.004734218 -0.3720599 0.9120799 -0.1722827 -0.02572191 0 0 0 1</matrix>
                            <node id="node-Bip01_L_Finger01" name="Bip01_L_Finger01">
                              <matrix>0.8583042 -0.5131412 1.49012e-8 0.04982859 0.5131412 0.8583044 2.98023e-8 0 -5.96046e-8 1.49012e-8 1 0 0 0 0 1</matrix>
                              <node id="node-Bip01_L_Finger02" name="Bip01_L_Finger02">
                                <matrix>0.6525694 -0.7577291 -2.98023e-8 0.05202243 0.7577291 0.6525693 0 -2.98023e-8 0 -4.09782e-8 1 1.19209e-7 0 0 0 1</matrix>
                              </node>
                            </node>
                          </node>
                          <node id="node-Bip01_L_Finger1" name="Bip01_L_Finger1">
                            <matrix>0.8743499 -0.4850004 -0.01693493 0.1199946 0.4823664 0.8723708 -0.07931918 -0.008367479 0.05324341 0.06118384 0.9967054 -0.0410139 0 0 0 1</matrix>
                            <node id="node-Bip01_L_Finger11" name="Bip01_L_Finger11">
                              <matrix>0.2787537 -0.9603626 -1.86265e-9 0.03644168 0.9603625 0.2787537 0 1.19209e-7 0 0 0.9999999 0 0 0 0 1</matrix>
                              <node id="node-Bip01_L_Finger12" name="Bip01_L_Finger12">
                                <matrix>0.8119803 -0.583685 2.98023e-8 0.03117537 0.5836849 0.8119803 0 0 -2.98023e-8 2.98023e-8 1 5.96046e-8 0 0 0 1</matrix>
                              </node>
                            </node>
                          </node>
                          <node id="node-Bip01_L_Finger2" name="Bip01_L_Finger2">
                            <matrix>0.647273 -0.7352321 -0.2011753 0.1229538 0.7556679 0.6535554 0.04279056 -0.008802056 0.1000182 -0.1797189 0.9786202 -0.01328248 0 0 0 1</matrix>
                            <node id="node-Bip01_L_Finger21" name="Bip01_L_Finger21">
                              <matrix>0.6013958 -0.7989513 0 0.03895521 0.7989514 0.6013957 0 0 0 -2.23517e-8 1 -5.96046e-8 0 0 0 1</matrix>
                              <node id="node-Bip01_L_Finger22" name="Bip01_L_Finger22">
                                <matrix>0.8644754 -0.5026752 -2.98023e-8 0.03800541 0.5026752 0.8644755 0 0 8.9407e-8 -2.98023e-8 1 1.19209e-7 0 0 0 1</matrix>
                              </node>
                            </node>
                          </node>
                          <node id="node-Bip01_L_Finger3" name="Bip01_L_Finger3">
                            <matrix>0.3854292 -0.8817467 -0.271969 0.121188 0.9217518 0.381532 0.06932962 -0.001191199 0.0426337 -0.2774096 0.9598053 0.01196861 0 0 0 1</matrix>
                            <node id="node-Bip01_L_Finger31" name="Bip01_L_Finger31">
                              <matrix>0.938148 -0.3462352 -2.98023e-8 0.03155845 0.3462351 0.9381479 -2.98023e-8 1.19209e-7 5.96046e-8 0 1 -5.96046e-8 0 0 0 1</matrix>
                              <node id="node-Bip01_L_Finger32" name="Bip01_L_Finger32">
                                <matrix>0.6529357 -0.7574133 2.98023e-8 0.03366607 0.7574133 0.6529357 1.49012e-8 0 -8.9407e-8 0 1 5.96046e-8 0 0 0 1</matrix>
                              </node>
                            </node>
                          </node>
                          <node id="node-Bip01_L_Finger4" name="Bip01_L_Finger4">
                            <matrix>0.7005675 -0.7005581 -0.1357337 0.1136798 0.7135147 0.6850148 0.1471444 0.005147517 -0.01010365 -0.1999326 0.9797575 0.03886575 0 0 0 1</matrix>
                            <node id="node-Bip01_L_Finger41" name="Bip01_L_Finger41">
                              <matrix>0.7966626 -0.6044243 1.49012e-8 0.03661621 0.6044242 0.7966626 0 -1.19209e-7 0 0 1 -5.96046e-8 0 0 0 1</matrix>
                              <node id="node-Bip01_L_Finger42" name="Bip01_L_Finger42">
                                <matrix>0.8880923 -0.4596654 0 0.01772633 0.4596654 0.8880922 0 0 0 1.86265e-8 1 0 0 0 0 1</matrix>
                              </node>
                            </node>
                          </node>
                        </node>
                      </node>
                    </node>
                  </node>
                  <node id="node-Bip01_R_Clavicle" name="Bip01_R_Clavicle">
                    <matrix>-0.4367577 -0.5517114 -0.710533 -0.05186176 0.5680686 -0.7815932 0.2577016 -0.01624829 -0.6975248 -0.2910782 0.6547769 -0.05013976 0 0 0 1</matrix>
                    <node id="node-Bip01_R_UpperArm" name="Bip01_R_UpperArm">
                      <matrix>0.653619 0.5794652 -0.4868288 0.1824006 -0.7208141 0.6726912 -0.1670743 2.98023e-8 0.2306718 0.460116 0.8573704 -1.19209e-7 0 0 0 1</matrix>
                      <node id="node-Bip01_R_Forearm" name="Bip01_R_Forearm">
                        <matrix>-0.2263138 0.9740542 2.98023e-8 0.2843689 -0.9740543 -0.2263137 1.49012e-8 1.19209e-7 8.9407e-8 -2.98023e-8 1 5.96046e-8 0 0 0 1</matrix>
                        <node id="node-Bip01_R_Hand" name="Bip01_R_Hand">
                          <matrix>0.6512828 0.341734 0.6775313 0.2810681 0.7584226 -0.2636937 -0.5960381 -1.19209e-7 -0.02502572 0.9020442 -0.4309178 -5.96046e-8 0 0 0 1</matrix>
                          <node id="node-Bip01_R_Finger0" name="Bip01_R_Finger0">
                            <matrix>0.5215105 0.2690131 -0.8097275 0.02119678 0.7250715 0.3605265 0.5867639 -0.004734278 0.4497754 -0.8931139 -0.007035513 0.02572179 0 0 0 1</matrix>
                            <node id="node-Bip01_R_Finger01" name="Bip01_R_Finger01">
                              <matrix>0.6055627 -0.7636235 0.2239934 0.04982859 0.7191879 0.6456374 0.2567511 0 -0.3406797 0.005614547 0.9401627 0 0 0 0 1</matrix>
                              <node id="node-Bip01_R_Finger02" name="Bip01_R_Finger02">
                                <matrix>0.9505157 -0.3106764 -3.72529e-8 0.05202246 0.3106765 0.9505156 0 2.38419e-7 3.72529e-8 -5.96046e-8 0.9999999 0 0 0 0 1</matrix>
                              </node>
                            </node>
                          </node>
                          <node id="node-Bip01_R_Finger1" name="Bip01_R_Finger1">
                            <matrix>0.9820224 -0.1733428 -0.0747267 0.1199947 0.1795577 0.9799358 0.08651492 -0.008367598 0.05823065 -0.09837732 0.993444 0.04101384 0 0 0 1</matrix>
                            <node id="node-Bip01_R_Finger11" name="Bip01_R_Finger11">
                              <matrix>0.8240548 -0.5665103 0 0.03644168 0.5665102 0.8240547 0 5.96046e-8 -2.04891e-8 0 1 0 0 0 0 1</matrix>
                              <node id="node-Bip01_R_Finger12" name="Bip01_R_Finger12">
                                <matrix>0.8146397 -0.5796779 0.01831832 0.03117549 0.5799672 0.8142334 -0.02573052 0 2.98023e-8 0.03158512 0.9995012 -1.19209e-7 0 0 0 1</matrix>
                              </node>
                            </node>
                          </node>
                          <node id="node-Bip01_R_Finger2" name="Bip01_R_Finger2">
                            <matrix>0.6754014 -0.7374502 -1.52119e-4 0.1229537 0.7368312 0.674843 -0.04082684 -0.008802056 0.03021042 0.02746242 0.9991663 0.0132823 0 0 0 1</matrix>
                            <node id="node-Bip01_R_Finger21" name="Bip01_R_Finger21">
                              <matrix>0.5508358 -0.8338859 -0.03484871 0.03895518 0.832222 0.5519371 -0.05265063 0 0.0631389 -6.51926e-9 0.9980048 1.19209e-7 0 0 0 1</matrix>
                              <node id="node-Bip01_R_Finger22" name="Bip01_R_Finger22">
                                <matrix>0.1984735 -0.9799247 0.01886612 0.03800541 0.9755272 0.1993681 0.09272985 -5.96046e-8 -0.09462958 -7.45058e-9 0.9955124 -1.19209e-7 0 0 0 1</matrix>
                              </node>
                            </node>
                          </node>
                          <node id="node-Bip01_R_Finger3" name="Bip01_R_Finger3">
                            <matrix>0.7159052 -0.6949216 0.06755453 0.1211881 0.6883787 0.6863562 -0.234627 -0.001191258 0.1166809 0.2144738 0.9697353 -0.01196873 0 0 0 1</matrix>
                            <node id="node-Bip01_R_Finger31" name="Bip01_R_Finger31">
                              <matrix>0.4441952 -0.8949344 0.04222351 0.03155839 0.8909184 0.4461976 0.08468726 8.9407e-8 -0.09462962 6.0536e-9 0.9955125 2.38419e-7 0 0 0 1</matrix>
                              <node id="node-Bip01_R_Finger32" name="Bip01_R_Finger32">
                                <matrix>0.1993682 -0.9794359 -0.03095104 0.03366591 0.9799248 0.1992687 0.006297093 5.96046e-8 -7.45058e-9 -0.03158514 0.9995012 -1.19209e-7 0 0 0 1</matrix>
                              </node>
                            </node>
                          </node>
                          <node id="node-Bip01_R_Finger4" name="Bip01_R_Finger4">
                            <matrix>0.592579 -0.7897949 -0.1583476 0.1136797 0.7783523 0.6120424 -0.1399001 0.005147338 0.2074078 -0.0403483 0.977422 -0.03886592 0 0 0 1</matrix>
                            <node id="node-Bip01_R_Finger41" name="Bip01_R_Finger41">
                              <matrix>0.4202556 -0.9064698 0.04120624 0.03661621 0.906853 0.4211512 0.0157878 0 -0.03166521 0.03073303 0.9990259 -1.19209e-7 0 0 0 1</matrix>
                              <node id="node-Bip01_R_Finger42" name="Bip01_R_Finger42">
                                <matrix>0.402447 -0.9138247 -0.05441485 0.0177263 0.9154232 0.4021217 0.01728319 0 0.006087631 -0.05676818 0.9983689 2.38419e-7 0 0 0 1</matrix>
                              </node>
                            </node>
                          </node>
                          <node id="node-mount0" name="mount0">
                            <matrix>-6.22989e-7 1 1.57161e-9 0.1095391 -0.9999999 -6.5222e-7 4.76837e-7 0.02518257 4.80562e-7 2.38651e-9 1 0.01321661 0 0 0 1</matrix>
                          </node>
                        </node>
                      </node>
                    </node>
                  </node>
                </node>
                <node id="node-Bip01_L_Pauldron_Upper" name="Bip01_L_Pauldron_Upper">
                  <matrix>0.9726584 0.1183441 0.199827 0.176903 0.1843815 -0.9166573 -0.3546034 -0.03908366 0.1412075 0.3817522 -0.9134147 0.2290199 0 0 0 1</matrix>
                </node>
                <node id="node-Bip01_R_Pauldron_Lower" name="Bip01_R_Pauldron_Lower">
                  <matrix sid="matrix">-0.1156726 -0.940376 -0.3198655 0.1729062 0.9097751 -0.2295503 0.3458564 -0.1133294 -0.3986599 -0.2509995 0.8820829 -0.2351095 0 0 0 1</matrix>
                </node>
                <node id="node-Bip01_L_Pauldron_Lower" name="Bip01_L_Pauldron_Lower">
                  <matrix>-0.2099969 -0.7687203 0.6041286 0.1529202 0.4002344 -0.6313509 -0.6642359 -0.1054225 0.8920281 0.1023054 0.4402497 0.2344801 0 0 0 1</matrix>
                </node>
              </node>
            </node>
            <node id="node-Bip01_L_Thigh" name="Bip01_L_Thigh">
              <matrix sid="matrix">-0.9721851 0.1762799 0.1542124 -0.1726139 0.2197272 0.9144222 0.3399291 0.07855305 -0.08109257 0.3643588 -0.9277213 0.1166963 0 0 0 1</matrix>
              <node id="node-Bip01_L_Calf" name="Bip01_L_Calf">
                <matrix sid="matrix">0.7322298 0.6810579 -3.72529e-9 0.4629988 -0.6810578 0.7322298 -1.16415e-8 0 -6.70552e-8 1.86265e-8 1 7.45058e-9 0 0 0 1</matrix>
                <node id="node-Bip01_L_Foot" name="Bip01_L_Foot">
                  <matrix sid="matrix">0.7031214 -0.7073514 -0.07262558 0.3610501 0.7088985 0.6893324 0.1492783 0 -0.05552907 -0.1564449 0.9861246 1.11759e-8 0 0 0 1</matrix>
                  <node id="node-Bip01_L_Toe0" name="Bip01_L_Toe0">
                    <matrix sid="matrix">7.26897e-7 -1 1.97347e-6 0.1486307 1 7.2713e-7 3.77553e-7 0.1543275 -3.77007e-7 1.97347e-6 1 0 0 0 0 1</matrix>
                  </node>
                </node>
              </node>
            </node>
            <node id="node-Bip01_R_Thigh" name="Bip01_R_Thigh">
              <matrix sid="matrix">-0.4298949 0.9020659 0.03830792 -0.2266994 0.8986684 0.4234122 0.1145298 -0.0329071 0.0870934 0.08366191 -0.992681 -0.1061547 0 0 0 1</matrix>
              <node id="node-Bip01_R_Calf" name="Bip01_R_Calf">
                <matrix sid="matrix">0.118378 0.9929686 -1.11759e-8 0.4629987 -0.9929684 0.118378 1.30385e-8 -5.96046e-8 -6.61239e-8 5.7742e-8 0.9999999 -7.45058e-9 0 0 0 1</matrix>
                <node id="node-Bip01_R_Foot" name="Bip01_R_Foot">
                  <matrix sid="matrix">0.7541799 -0.6490053 0.100025 0.3610501 0.6314764 0.7585701 0.1606517 -4.47035e-8 -0.1801398 -0.05799698 0.9819297 7.45058e-9 0 0 0 1</matrix>
                  <node id="node-Bip01_R_Toe0" name="Bip01_R_Toe0">
                    <matrix sid="matrix">-0.3051539 -0.9472734 0.09774533 0.1486306 0.9517195 -0.3069488 -0.003513966 0.1543275 0.03333151 0.09195383 0.9952053 0 0 0 0 1</matrix>
                  </node>
                </node>
              </node>
            </node>
          </node>
          <node id="node-Bip01_FannyPack" name="Bip01_FannyPack">
            <matrix sid="matrix">-0.9629918 -0.2062316 0.1735378 0.2299506 -0.2083318 0.9780384 0.006227053 -0.1378937 -0.1710108 -0.03015685 -0.9848076 0.01013963 0 0 0 1</matrix>
          </node>
        </node>
        <node id="node-Eye" name="Eye">
          <matrix sid="matrix">0.7792377 0.6267182 -0.00366395 0.05999377 -0.6267177 0.7792452 0.001428341 0.07009425 0.003750282 0.001183156 0.9999921 0.7124881 0 0 0 1</matrix>
          <node id="node-cam" name="cam">
            <matrix>1 -6.03104e-8 0 4.86616e-8 6.03104e-8 1 -2.32831e-9 -0.104 3.55271e-15 2.32831e-9 1 0.30056 0 0 0 1</matrix>
          </node>
        </node>
      </node>
      <node id="node-Bounds" name="Bounds">
        <matrix>0.9999915 0.001706907 0.003750479 0 -0.001711356 0.9999978 0.001183292 0.1035326 -0.003748452 -0.0011897 0.9999923 -8.93474e-5 0 0 0 1</matrix>
        <instance_geometry url="#geom-Bounds">
          <bind_material>
            <technique_common>
              <instance_material symbol="ShapeBounds" target="#ShapeBounds-material"/>
            </technique_common>
          </bind_material>
        </instance_geometry>
      </node>
    </visual_scene>
  </library_visual_scenes>
  <library_animations>
    <animation>
      <source id="node-Bip01_matrix-input">
        <float_array id="node-Bip01_matrix-input-array" count="20">4.666667 4.7 4.733333 4.766667 4.8 4.833333 4.866667 4.9 4.933333 4.966667 5 5.033333 5.066667 5.1 5.133333 5.166667 5.2 5.233333 5.266667 5.3</float_array>
        <technique_common>
          <accessor source="#node-Bip01_matrix-input-array" count="20" stride="1">
            <param name="TIME" type="float"/>
          </accessor>
        </technique_common>
      </source>
      <source id="node-Bip01_matrix-output">
        <float_array id="node-Bip01_matrix-output-array" count="320">0.7792375 -0.6267175 0.003750205 -0.001740992 0.626718 0.7792453 0.00118339 0.01081866 -0.003663957 0.001428186 0.9999923 0.8579118 0 0 0 1 0.7792375 -0.6267175 0.003750205 -0.001532196 0.626718 0.7792453 0.00118339 0.01065623 -0.003663957 0.001428186 0.9999923 0.861405 0 0 0 1 0.7792375 -0.6267175 0.003750205 -0.001009583 0.626718 0.7792453 0.00118339 0.01021909 -0.003663957 0.001428186 0.9999923 0.8670178 0 0 0 1 0.7792375 -0.6267175 0.003750205 -4.17468e-4 0.626718 0.7792453 0.00118339 0.009718716 -0.003663957 0.001428186 0.9999923 0.8710135 0 0 0 1 0.7792375 -0.6267175 0.003750205 0 0.626718 0.7792453 0.00118339 0.009366631 -0.003663957 0.001428186 0.9999923 0.8696557 0 0 0 1 0.7792375 -0.6267175 0.003750205 1.10542e-4 0.626718 0.7792453 0.00118339 0.009274423 -0.003663957 0.001428186 0.9999923 0.8557475 0 0 0 1 0.7792375 -0.6267175 0.003750205 5.52707e-5 0.626718 0.7792453 0.00118339 0.009320557 -0.003663957 0.001428186 0.9999923 0.8345362 0 0 0 1 0.7792375 -0.6267175 0.003750205 0 0.626718 0.7792453 0.00118339 0.009366631 -0.003663957 0.001428186 0.9999923 0.8209517 0 0 0 1 0.7792375 -0.6267175 0.003750205 0 0.626718 0.7792453 0.00118339 0.009366631 -0.003663957 0.001428186 0.9999923 0.8221702 0 0 0 1 0.7792375 -0.6267175 0.003750205 0 0.626718 0.7792453 0.00118339 0.009366631 -0.003663957 0.001428186 0.9999923 0.8310154 0 0 0 1 0.7792375 -0.6267175 0.003750205 0 0.626718 0.7792453 0.00118339 0.009366631 -0.003663957 0.001428186 0.9999923 0.840888 0 0 0 1 0.7792375 -0.6267175 0.003750205 0 0.626718 0.7792453 0.00118339 0.009366631 -0.003663957 0.001428186 0.9999923 0.8528183 0 0 0 1 0.7792375 -0.6267175 0.003750205 0 0.626718 0.7792453 0.00118339 0.009366631 -0.003663957 0.001428186 0.9999923 0.8657761 0 0 0 1 0.7792375 -0.6267175 0.003750205 0 0.626718 0.7792453 0.00118339 0.009366631 -0.003663957 0.001428186 0.9999923 0.8700709 0 0 0 1 0.7792375 -0.6267176 0.003750205 2.57341e-6 0.6267181 0.7792452 0.00118339 0.009366631 -0.003663957 0.001428186 0.9999923 0.8563147 0 0 0 1 0.7792375 -0.6267176 0.003750205 5.14681e-6 0.6267181 0.7792452 0.00118339 0.009366631 -0.003663957 0.001428186 0.9999923 0.8338957 0 0 0 1 0.7792375 -0.6267175 0.003750205 0 0.626718 0.7792453 0.00118339 0.009366631 -0.003663957 0.001428186 0.9999923 0.8212879 0 0 0 1 0.7792375 -0.6267175 0.003750205 -1.74911e-5 0.626718 0.7792453 0.00118339 0.009366631 -0.003663957 0.001428186 0.9999923 0.825562 0 0 0 1 0.7792375 -0.6267175 0.003750205 -4.18179e-5 0.626718 0.7792453 0.00118339 0.009366631 -0.003663957 0.001428186 0.9999923 0.8373942 0 0 0 1 0.7792375 -0.6267175 0.003750205 -6.55012e-5 0.626718 0.7792453 0.00118339 0.009366631 -0.003663957 0.001428186 0.9999923 0.850667 0 0 0 1</float_array>
        <technique_common>
          <accessor source="#node-Bip01_matrix-output-array" count="20" stride="16">
            <param name="TRANSFORM" type="float4x4"/>
          </accessor>
        </technique_common>
      </source>
      <source id="node-Bip01_matrix-interpolation">
        <Name_array id="node-Bip01_matrix-interpolation-array" count="20">LINEAR LINEAR LINEAR LINEAR LINEAR LINEAR LINEAR LINEAR LINEAR LINEAR LINEAR LINEAR LINEAR LINEAR LINEAR LINEAR LINEAR LINEAR LINEAR LINEAR</Name_array>
        <technique_common>
          <accessor source="#node-Bip01_matrix-interpolation-array" count="20" stride="1">
            <param name="INTERPOLATION" type="name"/>
          </accessor>
        </technique_common>
      </source>
      <source id="node-Bip01_Pelvis_matrix-input">
        <float_array id="node-Bip01_Pelvis_matrix-input-array" count="20">4.666667 4.7 4.733333 4.766667 4.8 4.833333 4.866667 4.9 4.933333 4.966667 5 5.033333 5.066667 5.1 5.133333 5.166667 5.2 5.233333 5.266667 5.3</float_array>
        <technique_common>
          <accessor source="#node-Bip01_Pelvis_matrix-input-array" count="20" stride="1">
            <param name="TIME" type="float"/>
          </accessor>
        </technique_common>
      </source>
      <source id="node-Bip01_Pelvis_matrix-output">
        <float_array id="node-Bip01_Pelvis_matrix-output-array" count="320">-0.009626686 0.991236 0.1317526 0 -0.1217413 -0.1319403 0.9837535 0 0.9925152 -0.006569385 0.1219445 0 0 0 0 1 -0.00224775 0.9938995 0.1102678 0 -0.08601725 -0.1100515 0.9901969 0 0.996291 -0.00725913 0.08573985 0 0 0 0 1 0.007534801 0.9968001 0.07957875 0 -0.03141254 -0.07930588 0.9963554 0 0.9994781 -0.01000714 0.03071445 0 0 0 0 1 0.01588344 0.9989541 0.0428791 0 0.02744072 -0.04330384 0.9986851 0 0.9994972 -0.01468592 -0.02809983 0 0 0 0 1 0.02024209 0.9997871 0.00402081 0 0.07550936 -0.005538821 0.9971298 0 0.9969395 -0.01988041 -0.07560539 0 0 0 0 1 0.01961016 0.9992695 -0.03280454 0 0.09777808 0.0307368 0.9947335 0 0.9950151 -0.02271443 -0.09710389 0 0 0 0 1 0.005040943 0.996183 -0.08714485 0 0.003960072 0.08712542 0.9961896 0 0.9999794 -0.005366861 -0.003505766 0 0 0 0 1 -0.005906403 0.9940372 -0.1088817 0 -0.09394544 0.1078504 0.9897184 0 0.9955598 0.01607465 0.09274828 0 0 0 0 1 -0.006722986 0.9992273 -0.03872585 0 -0.05086231 0.0383349 0.9979698 0 0.998683 0.008679032 0.05056524 0 0 0 0 1 0.00305444 0.9980013 0.06312018 0 0.0334357 -0.06318694 0.9974415 0 0.9994361 -9.36176e-4 -0.03356182 0 0 0 0 1 0.0176382 0.991236 0.1309209 0 0.08289796 -0.1319403 0.9877853 0 0.9964018 -0.006569683 -0.08449864 0 0 0 0 1 0.02889835 0.9876433 0.1540321 0 0.08057427 -0.1558966 0.9844816 0 0.9963296 -0.01603889 -0.08408379 0 0 0 0 1 0.04040366 0.9855288 0.1646226 0 0.06226158 -0.1669201 0.9840027 0 0.9972417 -0.02950763 -0.06810474 0 0 0 0 1 0.04977881 0.9851274 0.1644572 0 0.03396224 -0.1662358 0.985501 0 0.9981826 -0.04347169 -0.04173213 0 0 0 0 1 0.05499166 0.9863836 0.1549943 0 0.001636981 -0.1553182 0.9878631 0 0.9984853 -0.05407047 -0.01015585 0 0 0 0 1 0.05400121 0.9890417 0.1374058 0 -0.02888631 -0.1360018 0.9902873 0 0.9981228 -0.05744588 0.02122551 0 0 0 0 1 0.0230081 0.9983714 0.05220222 0 -0.07360363 -0.05038261 0.9960141 0 0.997022 -0.02675867 0.07232451 0 0 0 0 1 -0.008875668 0.9996628 -0.02440351 0 -0.1161357 0.02320885 0.9929622 0 0.9931937 0.01164728 0.1158905 0 0 0 0 1 -0.01410371 0.9998396 0.01104861 0 -0.1260141 -0.01273888 0.9919467 0 0.9919282 0.01259785 0.1261735 0 0 0 0 1 -0.01201665 0.9965293 0.08237147 0 -0.1241871 -0.08322697 0.9887623 0 0.992186 0.001652121 0.1247562 0 0 0 0 1</float_array>
        <technique_common>
          <accessor source="#node-Bip01_Pelvis_matrix-output-array" count="20" stride="16">
            <param name="TRANSFORM" type="float4x4"/>
          </accessor>
        </technique_common>
      </source>
      <source id="node-Bip01_Pelvis_matrix-interpolation">
        <Name_array id="node-Bip01_Pelvis_matrix-interpolation-array" count="20">LINEAR LINEAR LINEAR LINEAR LINEAR LINEAR LINEAR LINEAR LINEAR LINEAR LINEAR LINEAR LINEAR LINEAR LINEAR LINEAR LINEAR LINEAR LINEAR LINEAR</Name_array>
        <technique_common>
          <accessor source="#node-Bip01_Pelvis_matrix-interpolation-array" count="20" stride="1">
            <param name="INTERPOLATION" type="name"/>
          </accessor>
        </technique_common>
      </source>
      <source id="node-Bip01_Spine_matrix-input">
        <float_array id="node-Bip01_Spine_matrix-input-array" count="20">4.666667 4.7 4.733333 4.766667 4.8 4.833333 4.866667 4.9 4.933333 4.966667 5 5.033333 5.066667 5.1 5.133333 5.166667 5.2 5.233333 5.266667 5.3</float_array>
        <technique_common>
          <accessor source="#node-Bip01_Spine_matrix-input-array" count="20" stride="1">
            <param name="TIME" type="float"/>
          </accessor>
        </technique_common>
      </source>
      <source id="node-Bip01_Spine_matrix-output">
        <float_array id="node-Bip01_Spine_matrix-output-array" count="320">0.9543823 -0.284987 -0.08909022 0.1975225 0.2101388 0.8530462 -0.4776545 0.02500408 0.2121234 0.4371437 0.8740189 0.02776813 0 0 0 1 0.9620404 -0.2666088 -0.05829232 0.1984697 0.2114909 0.8633302 -0.458184 0.02493673 0.1724814 0.4284632 0.8869439 0.01998329 0 0 0 1 0.9708951 -0.2392652 -0.01073765 0.1993628 0.2114706 0.8774325 -0.4305726 0.02446526 0.1124426 0.4157701 0.9024922 0.008203923 0 0 0 1 0.9766206 -0.2109793 0.041229 0.1995866 0.2097447 0.8931632 -0.3978275 0.02358907 0.04710906 0.3971742 0.9165333 -0.004489898 0 0 0 1 0.9782381 -0.1895002 0.08449757 0.1991913 0.207332 0.9084394 -0.3629752 0.02257502 -0.007977068 0.3725952 0.9279595 -0.01498746 0 0 0 1 0.9776666 -0.1817775 0.1054745 0.1987903 0.2068099 0.9214128 -0.3289803 0.02199548 -0.03738427 0.3434464 0.9384279 -0.02024877 0 0 0 1 0.9731068 -0.2291846 0.02319145 0.1993955 0.2266182 0.9343967 -0.2748584 0.02536875 0.0413233 0.2727222 0.961205 -0.003040134 0 0 0 1 0.9599855 -0.2725435 -0.06440258 0.1982271 0.2483085 0.9347098 -0.254284 0.02958375 0.1295012 0.2281173 0.9649829 0.01556318 0 0 0 1 0.9656254 -0.2588444 -0.02381801 0.1988266 0.2377983 0.9166684 -0.3212026 0.02824985 0.1049747 0.3044975 0.946711 0.009019374 0 0 0 1 0.9740366 -0.2204756 0.05141097 0.1992337 0.2216017 0.8820642 -0.4157589 0.02630424 0.04631686 0.416357 0.9080206 -0.005041003 0 0 0 1 0.977603 -0.1891306 0.09231561 0.1990149 0.2101386 0.8530462 -0.4776545 0.02500402 0.01158958 0.4863556 0.8736842 -0.01339113 0 0 0 1 0.9799388 -0.1797313 0.08611941 0.1992992 0.1985698 0.8435813 -0.4989396 0.02302247 0.0170263 0.506031 0.8623472 -0.01269495 0 0 0 1 0.9822516 -0.1759725 0.06492787 0.1997869 0.1842879 0.8409507 -0.5087631 0.0202828 0.03492718 0.5116989 0.8584547 -0.009229779 0 0 0 1 0.9834618 -0.1776673 0.03517395 0.2002241 0.1706718 0.8441117 -0.508278 0.01748961 0.06061363 0.5058753 0.8604744 -0.003979027 0 0 0 1 0.9828462 -0.1844006 0.003135383 0.2004237 0.161365 0.8515871 -0.4987592 0.01541066 0.08930146 0.4907094 0.8667351 0.002061724 0 0 0 1 0.9802923 -0.1959626 -0.02501749 0.200326 0.1599397 0.8615918 -0.4817458 0.01480805 0.115959 0.4682503 0.8759539 0.007848083 0 0 0 1 0.9692894 -0.2395293 -0.05571424 0.1992855 0.1974226 0.8929813 -0.4044858 0.02116811 0.1466379 0.3810644 0.9128457 0.01576876 0 0 0 1 0.9555751 -0.2824921 -0.08411031 0.1976774 0.2398019 0.9110378 -0.335418 0.02885329 0.1713805 0.3003472 0.9383071 0.02241677 0 0 0 1 0.9525185 -0.2904096 -0.09149175 0.1972869 0.2384376 0.8983139 -0.369025 0.02904844 0.1893567 0.329688 0.9249053 0.02540683 0 0 0 1 0.9533613 -0.2879361 -0.09052646 0.1973936 0.2224847 0.8730644 -0.4338884 0.02678149 0.2039676 0.3935118 0.8964071 0.02701753 0 0 0 1</float_array>
        <technique_common>
          <accessor source="#node-Bip01_Spine_matrix-output-array" count="20" stride="16">
            <param name="TRANSFORM" type="float4x4"/>
          </accessor>
        </technique_common>
      </source>
      <source id="node-Bip01_Spine_matrix-interpolation">
        <Name_array id="node-Bip01_Spine_matrix-interpolation-array" count="20">LINEAR LINEAR LINEAR LINEAR LINEAR LINEAR LINEAR LINEAR LINEAR LINEAR LINEAR LINEAR LINEAR LINEAR LINEAR LINEAR LINEAR LINEAR LINEAR LINEAR</Name_array>
        <technique_common>
          <accessor source="#node-Bip01_Spine_matrix-interpolation-array" count="20" stride="1">
            <param name="INTERPOLATION" type="name"/>
          </accessor>
        </technique_common>
      </source>
      <source id="node-Bip01_R_Pauldron_Lower_matrix-input">
        <float_array id="node-Bip01_R_Pauldron_Lower_matrix-input-array" count="20">4.666667 4.7 4.733333 4.766667 4.8 4.833333 4.866667 4.9 4.933333 4.966667 5 5.033333 5.066667 5.1 5.133333 5.166667 5.2 5.233333 5.266667 5.3</float_array>
        <technique_common>
          <accessor source="#node-Bip01_R_Pauldron_Lower_matrix-input-array" count="20" stride="1">
            <param name="TIME" type="float"/>
          </accessor>
        </technique_common>
      </source>
      <source id="node-Bip01_R_Pauldron_Lower_matrix-output">
        <float_array id="node-Bip01_R_Pauldron_Lower_matrix-output-array" count="320">-0.1156726 -0.9403761 -0.3198655 0.1729061 0.9097751 -0.2295503 0.3458564 -0.1133294 -0.3986599 -0.2509995 0.8820829 -0.2351095 0 0 0 1 -0.1156724 -0.9403759 -0.3198654 0.172906 0.9097751 -0.2295502 0.3458564 -0.1133293 -0.3986599 -0.2509995 0.8820827 -0.2351094 0 0 0 1 -0.1156725 -0.940376 -0.3198654 0.1729061 0.9097752 -0.2295502 0.3458564 -0.1133294 -0.3986598 -0.2509995 0.8820828 -0.2351094 0 0 0 1 -0.1156725 -0.940376 -0.3198654 0.172906 0.9097752 -0.2295502 0.3458564 -0.1133294 -0.3986598 -0.2509995 0.8820828 -0.2351095 0 0 0 1 -0.1073562 -0.9403219 -0.3229091 0.172906 0.9008277 -0.2294285 0.368609 -0.1133294 -0.4206955 -0.2513129 0.8716982 -0.2351094 0 0 0 1 -0.09215831 -0.9403196 -0.3275769 0.172906 0.8826243 -0.2294344 0.4102863 -0.1133294 -0.4609574 -0.251316 0.8510928 -0.2351095 0 0 0 1 -0.08413267 -0.9403759 -0.3295686 0.1729059 0.8719801 -0.2295497 0.4323864 -0.1133293 -0.482258 -0.2509994 0.8393014 -0.2351094 0 0 0 1 -0.08895498 -0.940337 -0.3284113 0.1729059 0.8784651 -0.2294712 0.4190973 -0.1133294 -0.4694535 -0.251217 0.8464655 -0.2351094 0 0 0 1 -0.09971338 -0.9403042 -0.3254017 0.172906 0.891982 -0.2293956 0.3895464 -0.1133294 -0.4409375 -0.2514094 0.8616076 -0.2351094 0 0 0 1 -0.1106504 -0.9403392 -0.3217447 0.172906 0.904455 -0.2294657 0.3595933 -0.1133294 -0.4119688 -0.2512144 0.8758845 -0.2351095 0 0 0 1 -0.1156725 -0.940376 -0.3198655 0.172906 0.9097752 -0.2295503 0.3458566 -0.1133294 -0.3986599 -0.2509995 0.8820828 -0.2351094 0 0 0 1 -0.1156726 -0.9403759 -0.3198654 0.172906 0.9097751 -0.2295503 0.3458564 -0.1133294 -0.3986599 -0.2509995 0.8820827 -0.2351095 0 0 0 1 -0.1156724 -0.9403759 -0.3198654 0.172906 0.909775 -0.2295502 0.3458564 -0.1133294 -0.3986598 -0.2509995 0.8820828 -0.2351094 0 0 0 1 -0.1156725 -0.9403759 -0.3198654 0.1729059 0.9097752 -0.2295503 0.3458564 -0.1133294 -0.39866 -0.2509995 0.8820827 -0.2351094 0 0 0 1 -0.09971338 -0.9403041 -0.3254017 0.172906 0.891982 -0.2293956 0.3895464 -0.1133294 -0.4409376 -0.2514094 0.8616077 -0.2351094 0 0 0 1 -0.08413267 -0.940376 -0.3295686 0.172906 0.8719801 -0.2295496 0.4323864 -0.1133294 -0.4822579 -0.2509995 0.8393014 -0.2351094 0 0 0 1 -0.09215831 -0.9403195 -0.3275769 0.1729059 0.8826243 -0.2294343 0.4102864 -0.1133293 -0.4609574 -0.2513161 0.8510928 -0.2351094 0 0 0 1 -0.1073562 -0.9403218 -0.3229091 0.172906 0.9008275 -0.2294284 0.368609 -0.1133293 -0.4206954 -0.2513129 0.871698 -0.2351094 0 0 0 1 -0.1156726 -0.9403759 -0.3198655 0.1729059 0.9097751 -0.2295503 0.3458564 -0.1133293 -0.3986599 -0.2509995 0.8820828 -0.2351095 0 0 0 1 -0.1156728 -0.9403759 -0.3198655 0.1729059 0.9097751 -0.2295504 0.3458564 -0.1133293 -0.39866 -0.2509994 0.8820827 -0.2351094 0 0 0 1</float_array>
        <technique_common>
          <accessor source="#node-Bip01_R_Pauldron_Lower_matrix-output-array" count="20" stride="16">
            <param name="TRANSFORM" type="float4x4"/>
          </accessor>
        </technique_common>
      </source>
      <source id="node-Bip01_R_Pauldron_Lower_matrix-interpolation">
        <Name_array id="node-Bip01_R_Pauldron_Lower_matrix-interpolation-array" count="20">LINEAR LINEAR LINEAR LINEAR LINEAR LINEAR LINEAR LINEAR LINEAR LINEAR LINEAR LINEAR LINEAR LINEAR LINEAR LINEAR LINEAR LINEAR LINEAR LINEAR</Name_array>
        <technique_common>
          <accessor source="#node-Bip01_R_Pauldron_Lower_matrix-interpolation-array" count="20" stride="1">
            <param name="INTERPOLATION" type="name"/>
          </accessor>
        </technique_common>
      </source>
      <source id="node-Bip01_L_Thigh_matrix-input">
        <float_array id="node-Bip01_L_Thigh_matrix-input-array" count="20">4.666667 4.7 4.733333 4.766667 4.8 4.833333 4.866667 4.9 4.933333 4.966667 5 5.033333 5.066667 5.1 5.133333 5.166667 5.2 5.233333 5.266667 5.3</float_array>
        <technique_common>
          <accessor source="#node-Bip01_L_Thigh_matrix-input-array" count="20" stride="1">
            <param name="TIME" type="float"/>
          </accessor>
        </technique_common>
      </source>
      <source id="node-Bip01_L_Thigh_matrix-output">
