<?xml version="1.0" encoding="utf-8"?>
<COLLADA xmlns="http://www.collada.org/2005/11/COLLADASchema" version="1.4.1">
  <asset>
    <contributor>
      <author>MattO</author>
      <authoring_tool>OpenCOLLADA for 3ds Max;  Version: 1.3.0;  Revision: 839M;  Platform: x64;  Configuration: Release_Max2012</authoring_tool>
      <source_data>file:///C:/Dropbox/Prj/GGStout/Ender_SourceArt/Soldier_TP_Ender_Animation_Master.max</source_data>
    </contributor>
    <created>2011-10-10T11:02:49</created>
    <modified>2011-10-10T11:02:49</modified>
    <unit name="meter" meter="1"/>
    <up_axis>Z_UP</up_axis>
  </asset>
  <library_effects>
    <effect id="ShapeBounds">
      <profile_COMMON>
        <technique sid="common">
          <blinn>
            <emission>
              <color>0 0 0 1</color>
            </emission>
            <ambient>
              <color>0.1647059 1 0 1</color>
            </ambient>
            <diffuse>
              <color>0.1647059 1 0 1</color>
            </diffuse>
            <specular>
              <color>0.9 0.9 0.9 1</color>
            </specular>
            <shininess>
              <float>10</float>
            </shininess>
            <reflective>
              <color>0 0 0 1</color>
            </reflective>
            <transparent opaque="A_ONE">
              <color>1 1 1 1</color>
            </transparent>
            <transparency>
              <float>1</float>
            </transparency>
          </blinn>
        </technique>
      </profile_COMMON>
      <extra>
        <technique profile="OpenCOLLADA3dsMax">
          <extended_shader>
            <apply_reflection_dimming>0</apply_reflection_dimming>
            <dim_level>0</dim_level>
            <falloff_type>0</falloff_type>
            <index_of_refraction>1.5</index_of_refraction>
            <opacity_type>0</opacity_type>
            <reflection_level>3</reflection_level>
            <wire_size>1</wire_size>
            <wire_units>0</wire_units>
          </extended_shader>
          <shader>
            <ambient_diffuse_lock>1</ambient_diffuse_lock>
            <ambient_diffuse_texture_lock>1</ambient_diffuse_texture_lock>
            <diffuse_specular_lock>0</diffuse_specular_lock>
            <soften>0.1</soften>
            <use_self_illum_color>0</use_self_illum_color>
          </shader>
        </technique>
      </extra>
    </effect>
  </library_effects>
  <library_materials>
    <material id="ShapeBounds-material" name="ShapeBounds">
      <instance_effect url="#ShapeBounds"/>
    </material>
  </library_materials>
  <library_geometries>
    <geometry id="geom-Bounds" name="Bounds">
      <mesh>
        <source id="geom-Bounds-positions">
          <float_array id="geom-Bounds-positions-array" count="24">-0.425 -0.425 0 0.425 -0.425 0 -0.425 0.425 0 0.425 0.425 0 -0.425 -0.425 1.84 0.425 -0.425 1.84 -0.425 0.425 1.84 0.425 0.425 1.84</float_array>
          <technique_common>
            <accessor source="#geom-Bounds-positions-array" count="8" stride="3">
              <param name="X" type="float"/>
              <param name="Y" type="float"/>
              <param name="Z" type="float"/>
            </accessor>
          </technique_common>
        </source>
        <source id="geom-Bounds-normals">
          <float_array id="geom-Bounds-normals-array" count="72">0 0 -1 0 0 -1 0 0 -1 0 0 -1 0 0 1 0 0 1 0 0 1 0 0 1 0 -1 0 0 -1 0 0 -1 0 0 -1 0 1 0 0 1 0 0 1 0 0 1 0 0 0 1 0 0 1 0 0 1 0 0 1 0 -1 0 0 -1 0 0 -1 0 0 -1 0 0</float_array>
          <technique_common>
            <accessor source="#geom-Bounds-normals-array" count="24" stride="3">
              <param name="X" type="float"/>
              <param name="Y" type="float"/>
              <param name="Z" type="float"/>
            </accessor>
          </technique_common>
        </source>
        <source id="geom-Bounds-map1">
          <float_array id="geom-Bounds-map1-array" count="36">0 0 0 1 0 0 0 1 0 1 1 0 0 0 0 1 0 0 0 1 0 1 1 0 0 0 0 1 0 0 0 1 0 1 1 0</float_array>
          <technique_common>
            <accessor source="#geom-Bounds-map1-array" count="12" stride="3">
              <param name="S" type="float"/>
              <param name="T" type="float"/>
              <param name="P" type="float"/>
            </accessor>
          </technique_common>
        </source>
        <vertices id="geom-Bounds-vertices">
          <input semantic="POSITION" source="#geom-Bounds-positions"/>
        </vertices>
        <triangles material="ShapeBounds" count="12">
          <input semantic="VERTEX" source="#geom-Bounds-vertices" offset="0"/>
          <input semantic="NORMAL" source="#geom-Bounds-normals" offset="1"/>
          <input semantic="TEXCOORD" source="#geom-Bounds-map1" offset="2" set="0"/>
          <p>0 0 9 2 1 11 3 2 10 3 2 10 1 3 8 0 0 9 4 4 8 5 5 9 7 6 11 7 6 11 6 7 10 4 4 8 0 8 4 1 9 5 5 10 7 5 10 7 4 11 6 0 8 4 1 12 0 3 13 1 7 14 3 7 14 3 5 15 2 1 12 0 3 16 4 2 17 5 6 18 7 6 18 7 7 19 6 3 16 4 2 20 0 0 21 1 4 22 3 4 22 3 6 23 2 2 20 0</p>
        </triangles>
      </mesh>
      <extra>
        <technique profile="OpenCOLLADA3dsMax">
          <max_box>
            <generateuvs>1</generateuvs>
            <height>1.84</height>
            <heightsegments>1</heightsegments>
            <length>0.85</length>
            <lengthsegments>1</lengthsegments>
            <width>0.85</width>
            <widthsegments>1</widthsegments>
          </max_box>
        </technique>
      </extra>
    </geometry>
  </library_geometries>
  <library_lights>
    <light id="EnvironmentAmbientLight" name="EnvironmentAmbientLight">
      <technique_common>
        <ambient>
          <color>0 0 0</color>
        </ambient>
      </technique_common>
    </light>
  </library_lights>
  <library_visual_scenes>
    <visual_scene id="MaxScene">
      <node name="EnvironmentAmbientLight">
        <instance_light url="#EnvironmentAmbientLight"/>
      </node>
      <node id="node-Bip01" name="Bip01">
        <matrix sid="matrix">0.7792375 -0.6267176 0.003750234 -6.07595e-5 0.626718 0.7792452 0.001183394 0.009816415 -0.003664006 0.001428194 0.9999923 0.803804 0 0 0 1</matrix>
        <node id="node-Bip01_Pelvis" name="Bip01_Pelvis">
          <matrix>-0.009626748 0.9912359 0.1317526 0 -0.1217414 -0.1319404 0.9837534 0 0.992515 -0.0065694 0.1219446 0 0 0 0 1</matrix>
          <node id="node-Bip01_Spine" name="Bip01_Spine">
            <matrix sid="matrix">0.9543821 -0.2849871 -0.0890903 0.1975225 0.2101389 0.8530461 -0.4776545 0.02500414 0.2121235 0.4371435 0.8740188 0.02776815 0 0 0 1</matrix>
            <node id="node-Bip01_Spine1" name="Bip01_Spine1">
              <matrix sid="matrix">0.9965122 0.05406573 -0.06356052 0.1022243 -0.05553558 0.9982232 -0.02158954 -1.00851e-4 0.06228032 0.0250441 0.9977443 -2.52761e-6 0 0 0 1</matrix>
              <node id="node-Bip01_Spine2" name="Bip01_Spine2">
                <matrix sid="matrix">0.9777662 -0.171188 0.1211107 0.1268954 0.1757437 0.98404 -0.02791216 -1.68562e-4 -0.1143995 0.04857603 0.9922464 -8.31857e-6 0 0 0 1</matrix>
                <node id="node-Bip01_Neck" name="Bip01_Neck">
                  <matrix sid="matrix">0.81547 -0.4308033 -0.3865455 0.2151072 0.3746281 0.9019334 -0.2148723 -4.97103e-5 0.441206 0.03041116 0.8968905 -1.68383e-6 0 0 0 1</matrix>
                  <node id="node-Bip01_Head" name="Bip01_Head">
                    <matrix sid="matrix">0.9070901 0.4132929 0.07985429 0.07051826 -0.3881005 0.8945991 -0.2215193 -0.01395917 -0.16299 0.1699464 0.9718809 -2.98023e-8 0 0 0 1</matrix>
                    <node id="node-AltEye" name="AltEye">
                      <matrix sid="matrix">0.03048612 0.397182 0.9172337 0.06454682 0.03236791 0.9167865 -0.3980641 0.2214611 -0.9990112 0.04182411 0.01509321 0.04716256 0 0 0 1</matrix>
                    </node>
                  </node>
                  <node id="node-Bip01_L_Clavicle" name="Bip01_L_Clavicle">
                    <matrix sid="matrix">0.218727 -0.1937394 0.9563595 0.00844872 0.4802902 -0.831772 -0.2783466 -0.0120917 0.8493998 0.520212 -0.08887981 0.07246038 0 0 0 1</matrix>
                    <node id="node-Bip01_L_UpperArm" name="Bip01_L_UpperArm">
                      <matrix sid="matrix">0.4866937 0.5539693 0.6754607 0.1824006 -0.8575156 0.1553906 0.4904294 2.98023e-8 0.1667226 -0.817907 0.5506649 -1.19209e-7 0 0 0 1</matrix>
                      <node id="node-Bip01_L_Forearm" name="Bip01_L_Forearm">
                        <matrix sid="matrix">0.820193 0.5720867 0 0.2843689 -0.5720866 0.8201932 -2.98023e-8 1.19209e-7 1.49012e-7 -2.98023e-8 0.9999999 0 0 0 0 1</matrix>
                        <node id="node-Bip01_L_Hand" name="Bip01_L_Hand">
                          <matrix sid="matrix">0.848161 0.3730102 -0.3761468 0.2810681 -0.03463727 0.7475916 0.6632549 -1.19209e-7 0.528605 -0.5495183 0.646998 0 0 0 0 1</matrix>
                          <node id="node-Bip01_L_Finger0" name="Bip01_L_Finger0">
                            <matrix sid="matrix">0.6591593 0.3903028 0.6427851 0.02119672 0.653514 0.125593 -0.7464221 -0.004734218 -0.3720599 0.9120799 -0.1722827 -0.02572191 0 0 0 1</matrix>
                            <node id="node-Bip01_L_Finger01" name="Bip01_L_Finger01">
                              <matrix sid="matrix">0.8583043 -0.5131412 -7.45058e-9 0.04982859 0.5131412 0.8583044 0 -2.98023e-8 -2.98023e-8 1.49012e-8 1 0 0 0 0 1</matrix>
                              <node id="node-Bip01_L_Finger02" name="Bip01_L_Finger02">
                                <matrix sid="matrix">0.6525693 -0.757729 -1.49012e-8 0.05202246 0.757729 0.6525694 1.49012e-8 0 0 -1.11759e-8 1 1.19209e-7 0 0 0 1</matrix>
                              </node>
                            </node>
                          </node>
                          <node id="node-Bip01_L_Finger1" name="Bip01_L_Finger1">
                            <matrix sid="matrix">0.8743499 -0.4850004 -0.01693498 0.1199948 0.4823664 0.8723711 -0.07931918 -0.008367479 0.05324339 0.06118387 0.9967054 -0.04101396 0 0 0 1</matrix>
                            <node id="node-Bip01_L_Finger11" name="Bip01_L_Finger11">
                              <matrix sid="matrix">0.2787537 -0.9603626 -9.31323e-9 0.03644162 0.9603626 0.2787537 -2.98023e-8 0 0 -2.23517e-8 1 5.96046e-8 0 0 0 1</matrix>
                              <node id="node-Bip01_L_Finger12" name="Bip01_L_Finger12">
                                <matrix sid="matrix">0.8119803 -0.583685 2.98023e-8 0.03117549 0.583685 0.8119802 0 0 2.98023e-8 0 1 0 0 0 0 1</matrix>
                              </node>
                            </node>
                          </node>
                          <node id="node-Bip01_L_Finger2" name="Bip01_L_Finger2">
                            <matrix sid="matrix">0.6472729 -0.735232 -0.2011753 0.1229539 0.755668 0.6535556 0.04279059 -0.008801937 0.1000182 -0.1797189 0.9786201 -0.01328242 0 0 0 1</matrix>
                            <node id="node-Bip01_L_Finger21" name="Bip01_L_Finger21">
                              <matrix sid="matrix">0.6013957 -0.7989514 -1.49012e-8 0.03895527 0.7989514 0.6013958 -2.98023e-8 1.19209e-7 2.98023e-8 7.45058e-9 1 5.96046e-8 0 0 0 1</matrix>
                              <node id="node-Bip01_L_Finger22" name="Bip01_L_Finger22">
                                <matrix sid="matrix">0.8644753 -0.5026752 5.96046e-8 0.03800529 0.5026751 0.8644753 0 0 -8.9407e-8 1.49012e-8 1 0 0 0 0 1</matrix>
                              </node>
                            </node>
                          </node>
                          <node id="node-Bip01_L_Finger3" name="Bip01_L_Finger3">
                            <matrix sid="matrix">0.3854292 -0.8817468 -0.271969 0.121188 0.9217519 0.3815321 0.06932971 -0.001191199 0.04263364 -0.2774096 0.9598053 0.01196861 0 0 0 1</matrix>
                            <node id="node-Bip01_L_Finger31" name="Bip01_L_Finger31">
                              <matrix sid="matrix">0.9381478 -0.3462351 0 0.03155845 0.346235 0.9381477 0 -1.19209e-7 5.96046e-8 -1.49012e-8 0.9999999 0 0 0 0 1</matrix>
                              <node id="node-Bip01_L_Finger32" name="Bip01_L_Finger32">
                                <matrix sid="matrix">0.6529358 -0.7574134 -2.98023e-8 0.03366601 0.7574133 0.6529359 -1.49012e-8 0 2.98023e-8 -1.49012e-8 1 5.96046e-8 0 0 0 1</matrix>
                              </node>
                            </node>
                          </node>
                          <node id="node-Bip01_L_Finger4" name="Bip01_L_Finger4">
                            <matrix sid="matrix">0.7005675 -0.7005581 -0.1357337 0.1136798 0.7135147 0.6850149 0.1471445 0.005147457 -0.01010363 -0.1999325 0.9797575 0.03886569 0 0 0 1</matrix>
                            <node id="node-Bip01_L_Finger41" name="Bip01_L_Finger41">
                              <matrix sid="matrix">0.7966627 -0.6044242 0 0.03661624 0.6044243 0.7966626 0 0 2.98023e-8 0 1 0 0 0 0 1</matrix>
                              <node id="node-Bip01_L_Finger42" name="Bip01_L_Finger42">
                                <matrix sid="matrix">0.8880922 -0.4596653 -2.98023e-8 0.01772633 0.4596654 0.8880923 0 0 2.98023e-8 7.45058e-9 1 -5.96046e-8 0 0 0 1</matrix>
                              </node>
                            </node>
                          </node>
                        </node>
                      </node>
                    </node>
                  </node>
                  <node id="node-Bip01_R_Clavicle" name="Bip01_R_Clavicle">
                    <matrix sid="matrix">-0.4367579 -0.5517114 -0.710533 -0.05186164 0.5680686 -0.7815933 0.2577016 -0.01624835 -0.6975248 -0.2910783 0.6547769 -0.05013981 0 0 0 1</matrix>
                    <node id="node-Bip01_R_UpperArm" name="Bip01_R_UpperArm">
                      <matrix sid="matrix">0.6536192 0.5794651 -0.4868286 0.1824006 -0.720814 0.6726914 -0.1670742 2.98023e-8 0.2306716 0.4601158 0.8573705 -1.19209e-7 0 0 0 1</matrix>
                      <node id="node-Bip01_R_Forearm" name="Bip01_R_Forearm">
                        <matrix sid="matrix">-0.2263137 0.9740543 0 0.2843689 -0.9740545 -0.2263135 -1.49012e-8 0 8.9407e-8 0 1 -5.96046e-8 0 0 0 1</matrix>
                        <node id="node-Bip01_R_Hand" name="Bip01_R_Hand">
                          <matrix sid="matrix">0.6512829 0.3417339 0.6775313 0.2810681 0.7584223 -0.2636937 -0.5960382 -2.98023e-8 -0.02502568 0.9020442 -0.4309179 0 0 0 0 1</matrix>
                          <node id="node-Bip01_R_Finger0" name="Bip01_R_Finger0">
                            <matrix>0.5215105 0.269013 -0.8097275 0.02119675 0.7250716 0.3605265 0.5867639 -0.004734308 0.4497753 -0.893114 -0.007035494 0.02572203 0 0 0 1</matrix>
                            <node id="node-Bip01_R_Finger01" name="Bip01_R_Finger01">
                              <matrix sid="matrix">0.6055624 -0.7636236 0.2239934 0.04982865 0.719188 0.6456374 0.2567511 0 -0.3406798 0.005614528 0.9401627 1.19209e-7 0 0 0 1</matrix>
                              <node id="node-Bip01_R_Finger02" name="Bip01_R_Finger02">
                                <matrix>0.9505157 -0.3106765 -5.21541e-8 0.05202237 0.3106766 0.9505159 0 2.38419e-7 2.23517e-8 -3.72529e-8 1 -5.96046e-8 0 0 0 1</matrix>
                              </node>
                            </node>
                          </node>
                          <node id="node-Bip01_R_Finger1" name="Bip01_R_Finger1">
                            <matrix>0.9820223 -0.1733427 -0.0747267 0.1199947 0.1795577 0.9799358 0.08651492 -0.008367598 0.05823064 -0.09837732 0.9934439 0.04101396 0 0 0 1</matrix>
                            <node id="node-Bip01_R_Finger11" name="Bip01_R_Finger11">
                              <matrix>0.8240547 -0.5665104 1.11759e-8 0.03644162 0.5665103 0.8240548 0 0 -2.04891e-8 0 1 0 0 0 0 1</matrix>
                              <node id="node-Bip01_R_Finger12" name="Bip01_R_Finger12">
                                <matrix>0.8146399 -0.5796779 0.01831833 0.03117548 0.5799672 0.8142335 -0.02573051 5.96046e-8 2.23517e-8 0.03158513 0.9995012 -1.19209e-7 0 0 0 1</matrix>
                              </node>
                            </node>
                          </node>
                          <node id="node-Bip01_R_Finger2" name="Bip01_R_Finger2">
                            <matrix>0.6754012 -0.7374504 -1.5212e-4 0.1229537 0.7368313 0.6748427 -0.04082684 -0.008802056 0.03021043 0.02746241 0.9991662 0.01328254 0 0 0 1</matrix>
                            <node id="node-Bip01_R_Finger21" name="Bip01_R_Finger21">
                              <matrix>0.550836 -0.8338857 -0.03484871 0.03895517 0.8322219 0.5519372 -0.05265062 5.96046e-8 0.0631389 -6.51926e-9 0.9980048 0 0 0 0 1</matrix>
                              <node id="node-Bip01_R_Finger22" name="Bip01_R_Finger22">
                                <matrix>0.1984735 -0.9799247 0.01886613 0.03800541 0.9755273 0.199368 0.09272986 2.98023e-8 -0.09462958 -1.49012e-8 0.9955125 0 0 0 0 1</matrix>
                              </node>
                            </node>
                          </node>
                          <node id="node-Bip01_R_Finger3" name="Bip01_R_Finger3">
                            <matrix>0.7159052 -0.6949215 0.06755451 0.1211881 0.6883786 0.6863562 -0.234627 -0.001191229 0.1166809 0.2144738 0.9697352 -0.01196861 0 0 0 1</matrix>
                            <node id="node-Bip01_R_Finger31" name="Bip01_R_Finger31">
                              <matrix>0.4441952 -0.8949345 0.04222352 0.03155845 0.8909185 0.4461976 0.08468728 -2.98023e-8 -0.09462956 4.09782e-8 0.9955127 0 0 0 0 1</matrix>
                              <node id="node-Bip01_R_Finger32" name="Bip01_R_Finger32">
                                <matrix>0.1993682 -0.9794359 -0.03095105 0.03366593 0.9799248 0.1992688 0.006297092 5.96046e-8 -7.45058e-9 -0.03158511 0.9995011 -2.38419e-7 0 0 0 1</matrix>
                              </node>
                            </node>
                          </node>
                          <node id="node-Bip01_R_Finger4" name="Bip01_R_Finger4">
                            <matrix>0.5925789 -0.7897949 -0.1583476 0.1136797 0.7783522 0.6120423 -0.1399001 0.005147398 0.2074078 -0.04034829 0.977422 -0.0388658 0 0 0 1</matrix>
                            <node id="node-Bip01_R_Finger41" name="Bip01_R_Finger41">
                              <matrix>0.4202557 -0.9064696 0.04120621 0.03661621 0.9068529 0.4211511 0.01578782 5.96046e-8 -0.03166525 0.03073303 0.9990259 -1.19209e-7 0 0 0 1</matrix>
                              <node id="node-Bip01_R_Finger42" name="Bip01_R_Finger42">
                                <matrix>0.4024469 -0.9138246 -0.05441487 0.01772633 0.915423 0.4021217 0.01728313 0 0.006087586 -0.05676816 0.9983688 1.19209e-7 0 0 0 1</matrix>
                              </node>
                            </node>
                          </node>
                          <node id="node-mount0" name="mount0">
                            <matrix>-6.19274e-7 1 1.74623e-9 0.109539 -0.9999999 -6.53007e-7 4.787e-7 0.02518255 4.76837e-7 2.32831e-9 1 0.01321673 0 0 0 1</matrix>
                          </node>
                        </node>
                      </node>
                    </node>
                  </node>
                </node>
                <node id="node-Bip01_L_Pauldron_Upper" name="Bip01_L_Pauldron_Upper">
                  <matrix sid="matrix">0.9726582 0.118344 0.199827 0.1831354 0.1843815 -0.9166571 -0.3546032 -0.04100844 0.1412075 0.3817521 -0.9134145 0.2293365 0 0 0 1</matrix>
                </node>
                <node id="node-Bip01_R_Pauldron_Lower" name="Bip01_R_Pauldron_Lower">
                  <matrix sid="matrix">-0.1156726 -0.9403759 -0.3198653 0.172906 0.9097751 -0.2295503 0.3458564 -0.1133294 -0.3986598 -0.2509995 0.8820827 -0.2351094 0 0 0 1</matrix>
                </node>
                <node id="node-Bip01_L_Pauldron_Lower" name="Bip01_L_Pauldron_Lower">
                  <matrix sid="matrix">-0.2099969 -0.7687201 0.6041284 0.1529202 0.4002345 -0.6313508 -0.6642359 -0.1054226 0.892028 0.1023055 0.4402498 0.2344801 0 0 0 1</matrix>
                </node>
              </node>
            </node>
            <node id="node-Bip01_L_Thigh" name="Bip01_L_Thigh">
              <matrix sid="matrix">-0.536391 0.8406571 0.07470068 -0.1726138 0.7991759 0.4774764 0.3651495 0.07855304 0.2712977 0.2555619 -0.9279469 0.1166963 0 0 0 1</matrix>
              <node id="node-Bip01_L_Calf" name="Bip01_L_Calf">
                <matrix>0.4015434 0.9158401 0 0.4629988 -0.91584 0.4015435 -1.86265e-9 0 0 -8.56817e-8 1 -2.23517e-8 0 0 0 1</matrix>
                <node id="node-Bip01_L_Foot" name="Bip01_L_Foot">
                  <matrix sid="matrix">0.931333 -0.3551824 -0.08040071 0.3610501 0.3631144 0.9225085 0.1308663 2.98023e-8 0.02768886 -0.1510747 0.9881345 1.49012e-8 0 0 0 1</matrix>
                  <node id="node-Bip01_L_Toe0" name="Bip01_L_Toe0">
                    <matrix>3.55765e-7 -1 1.27126e-6 0.1486307 1 3.55998e-7 8.24111e-8 0.1543275 -8.21819e-8 1.27312e-6 1 1.49012e-8 0 0 0 1</matrix>
                  </node>
                </node>
              </node>
            </node>
            <node id="node-Bip01_R_Thigh" name="Bip01_R_Thigh">
              <matrix sid="matrix">-0.8829111 0.3266164 0.3373269 -0.2266993 0.2829029 0.9434177 -0.173 -0.03290711 -0.3747448 -0.0573128 -0.9253547 -0.1061547 0 0 0 1</matrix>
              <node id="node-Bip01_R_Calf" name="Bip01_R_Calf">
                <matrix>0.4436907 0.8961799 -2.98023e-8 0.4629987 -0.8961799 0.4436908 -1.86265e-8 -3.72529e-9 4.47035e-8 5.96046e-8 0.9999999 0 0 0 0 1</matrix>
                <node id="node-Bip01_R_Foot" name="Bip01_R_Foot">
                  <matrix sid="matrix">0.6463565 -0.7369291 0.1978852 0.3610501 0.7127974 0.6756885 0.1880548 0 -0.2722918 0.01950158 0.962017 -2.98023e-8 0 0 0 1</matrix>
                  <node id="node-Bip01_R_Toe0" name="Bip01_R_Toe0">
                    <matrix sid="matrix">-0.1805797 -0.9786914 0.09774516 0.1486306 0.9833316 -0.1817868 -0.003513835 0.1543274 0.02120776 0.09548138 0.9952052 5.96046e-8 0 0 0 1</matrix>
                  </node>
                </node>
              </node>
            </node>
          </node>
          <node id="node-Bip01_FannyPack" name="Bip01_FannyPack">
            <matrix sid="matrix">-0.9629917 -0.2062316 0.1735378 0.2299507 -0.2083318 0.9780383 0.006227054 -0.1378937 -0.1710108 -0.03015689 -0.9848074 0.01013964 0 0 0 1</matrix>
          </node>
        </node>
        <node id="node-Eye" name="Eye">
          <matrix sid="matrix">0.7792376 0.6267179 -0.003664042 0.05911434 -0.6267175 0.779245 0.001428224 0.0720056 0.00375028 0.001183215 0.9999919 0.7665901 0 0 0 1</matrix>
          <node id="node-cam" name="cam">
            <matrix>1 -6.03104e-8 3.55271e-15 4.84288e-8 6.03104e-8 1 -2.32831e-9 -0.104 -3.55271e-15 2.32832e-9 1 0.3005601 0 0 0 1</matrix>
          </node>
        </node>
      </node>
      <node id="node-Bounds" name="Bounds">
        <matrix>0.9999915 0.001706907 0.003750479 0 -0.001711356 0.9999978 0.001183292 0.1035326 -0.003748452 -0.0011897 0.9999923 -8.93474e-5 0 0 0 1</matrix>
        <instance_geometry url="#geom-Bounds">
          <bind_material>
            <technique_common>
              <instance_material symbol="ShapeBounds" target="#ShapeBounds-material"/>
            </technique_common>
          </bind_material>
        </instance_geometry>
      </node>
    </visual_scene>
  </library_visual_scenes>
  <library_animations>
    <animation>
      <source id="node-Bip01_matrix-input">
        <float_array id="node-Bip01_matrix-input-array" count="101">57.33333 57.36666 57.4 57.43333 57.46667 57.5 57.53333 57.56667 57.6 57.63334 57.66667 57.7 57.73333 57.76667 57.8 57.83333 57.86666 57.9 57.93333 57.96667 58 58.03333 58.06667 58.1 58.13334 58.16667 58.2 58.23333 58.26667 58.3 58.33333 58.36666 58.4 58.43333 58.46667 58.5 58.53333 58.56667 58.6 58.63334 58.66667 58.7 58.73333 58.76667 58.8 58.83333 58.86666 58.9 58.93333 58.96667 59 59.03333 59.06667 59.1 59.13334 59.16667 59.2 59.23333 59.26667 59.3 59.33333 59.36666 59.4 59.43333 59.46667 59.5 59.53333 59.56667 59.6 59.63334 59.66667 59.7 59.73333 59.76667 59.8 59.83333 59.86666 59.9 59.93333 59.96667 60 60.03333 60.06667 60.1 60.13334 60.16667 60.2 60.23333 60.26667 60.3 60.33333 60.36666 60.4 60.43333 60.46667 60.5 60.53333 60.56667 60.6 60.63334 60.66667</float_array>
        <technique_common>
          <accessor source="#node-Bip01_matrix-input-array" count="101" stride="1">
            <param name="TIME" type="float"/>
          </accessor>
        </technique_common>
      </source>
      <source id="node-Bip01_matrix-output">
        <float_array id="node-Bip01_matrix-output-array" count="1616">0.7792375 -0.6267176 0.003750205 -6.07595e-5 0.6267181 0.7792452 0.00118339 0.009816408 -0.003663957 0.001428186 0.9999923 0.803804 0 0 0 1 0.7792375 -0.6267176 0.003750205 2.22992e-5 0.6267181 0.7792452 0.00118339 0.009814083 -0.003663957 0.001428186 0.9999923 0.803804 0 0 0 1 0.7792375 -0.6267175 0.003750205 1.0214e-4 0.626718 0.7792453 0.00118339 0.009811818 -0.003663957 0.001428186 0.9999923 0.803804 0 0 0 1 0.7792375 -0.6267176 0.003750205 1.7857e-4 0.6267181 0.7792451 0.00118339 0.009809732 -0.003663957 0.001428186 0.9999923 0.803804 0 0 0 1 0.7792375 -0.6267176 0.003750205 2.51765e-4 0.6267181 0.7792452 0.00118339 0.009807646 -0.003663957 0.001428186 0.9999923 0.803804 0 0 0 1 0.7792375 -0.6267176 0.003750205 3.2188e-4 0.6267181 0.7792451 0.00118339 0.009805679 -0.003663957 0.001428186 0.9999923 0.803804 0 0 0 1 0.7792375 -0.6267176 0.003750205 3.88751e-4 0.6267181 0.7792452 0.00118339 0.009803831 -0.003663957 0.001428186 0.9999923 0.803804 0 0 0 1 0.7792375 -0.6267176 0.003750205 4.52635e-4 0.6267181 0.7792452 0.00118339 0.009802043 -0.003663957 0.001428186 0.9999923 0.803804 0 0 0 1 0.7792375 -0.6267175 0.003750205 5.13387e-4 0.626718 0.7792453 0.00118339 0.009800374 -0.003663957 0.001428186 0.9999923 0.803804 0 0 0 1 0.7792375 -0.6267176 0.003750205 5.71157e-4 0.6267181 0.7792452 0.00118339 0.009798765 -0.003663957 0.001428186 0.9999923 0.803804 0 0 0 1 0.7792375 -0.6267176 0.003750205 6.26078e-4 0.6267181 0.7792451 0.00118339 0.009797215 -0.003663957 0.001428186 0.9999923 0.803804 0 0 0 1 0.7792375 -0.6267176 0.003750205 6.78034e-4 0.6267181 0.7792452 0.00118339 0.009795784 -0.003663957 0.001428186 0.9999923 0.803804 0 0 0 1 0.7792375 -0.6267176 0.003750205 7.27161e-4 0.6267181 0.7792452 0.00118339 0.009794414 -0.003663957 0.001428186 0.9999923 0.803804 0 0 0 1 0.7792375 -0.6267176 0.003750205 7.73578e-4 0.6267181 0.7792451 0.00118339 0.009793102 -0.003663957 0.001428186 0.9999923 0.803804 0 0 0 1 0.7792375 -0.6267176 0.003750205 8.17195e-4 0.6267181 0.7792452 0.00118339 0.00979191 -0.003663957 0.001428186 0.9999923 0.803804 0 0 0 1 0.7792375 -0.6267176 0.003750205 8.58136e-4 0.6267181 0.7792451 0.00118339 0.009790718 -0.003663957 0.001428186 0.9999923 0.803804 0 0 0 1 0.7792375 -0.6267176 0.003750205 8.96508e-4 0.6267181 0.7792452 0.00118339 0.009789645 -0.003663957 0.001428186 0.9999923 0.803804 0 0 0 1 0.7792375 -0.6267176 0.003750205 9.32244e-4 0.6267181 0.7792452 0.00118339 0.009788691 -0.003663957 0.001428186 0.9999923 0.803804 0 0 0 1 0.7792375 -0.6267176 0.003750205 9.65457e-4 0.6267181 0.7792452 0.00118339 0.009787738 -0.003663957 0.001428186 0.9999923 0.803804 0 0 0 1 0.7792375 -0.6267176 0.003750205 9.96241e-4 0.6267181 0.7792452 0.00118339 0.009786903 -0.003663957 0.001428186 0.9999923 0.803804 0 0 0 1 0.7792375 -0.6267176 0.003750205 0.001024544 0.6267181 0.7792451 0.00118339 0.009786128 -0.003663957 0.001428186 0.9999923 0.803804 0 0 0 1 0.7792375 -0.6267176 0.003750205 0.001050531 0.6267181 0.7792452 0.00118339 0.009785354 -0.003663957 0.001428186 0.9999923 0.803804 0 0 0 1 0.7792375 -0.6267175 0.003750205 0.001074135 0.626718 0.7792453 0.00118339 0.009784698 -0.003663957 0.001428186 0.9999923 0.803804 0 0 0 1 0.7792375 -0.6267176 0.003750205 0.001095473 0.6267181 0.7792452 0.00118339 0.009784102 -0.003663957 0.001428186 0.9999923 0.803804 0 0 0 1 0.7792375 -0.6267176 0.003750205 0.001114606 0.6267181 0.7792452 0.00118339 0.009783565 -0.003663957 0.001428186 0.9999923 0.803804 0 0 0 1 0.7792375 -0.6267176 0.003750205 0.001131594 0.6267181 0.7792452 0.00118339 0.009783089 -0.003663957 0.001428186 0.9999923 0.803804 0 0 0 1 0.7792375 -0.6267176 0.003750205 0.001146435 0.6267181 0.7792452 0.00118339 0.009782671 -0.003663957 0.001428186 0.9999923 0.803804 0 0 0 1 0.7792375 -0.6267175 0.003750205 0.001159191 0.626718 0.7792453 0.00118339 0.009782314 -0.003663957 0.001428186 0.9999923 0.803804 0 0 0 1 0.7792375 -0.6267176 0.003750205 0.001169979 0.6267181 0.7792452 0.00118339 0.009782016 -0.003663957 0.001428186 0.9999923 0.803804 0 0 0 1 0.7792375 -0.6267176 0.003750205 0.001178741 0.6267181 0.7792452 0.00118339 0.009781777 -0.003663957 0.001428186 0.9999923 0.803804 0 0 0 1 0.7792375 -0.6267176 0.003750205 0.001185655 0.6267181 0.7792452 0.00118339 0.009781599 -0.003663957 0.001428186 0.9999923 0.803804 0 0 0 1 0.7792375 -0.6267175 0.003750205 0.001190662 0.626718 0.7792453 0.00118339 0.009781479 -0.003663957 0.001428186 0.9999923 0.803804 0 0 0 1 0.7792375 -0.6267175 0.003750205 0.001193821 0.626718 0.7792453 0.00118339 0.00978136 -0.003663957 0.001428186 0.9999923 0.803804 0 0 0 1 0.7792375 -0.6267175 0.003750205 0.001195251 0.626718 0.7792453 0.00118339 0.00978136 -0.003663957 0.001428186 0.9999923 0.803804 0 0 0 1 0.7792375 -0.6267175 0.003750205 0.001195013 0.626718 0.7792453 0.00118339 0.00978136 -0.003663957 0.001428186 0.9999923 0.803804 0 0 0 1 0.7792375 -0.6267175 0.003750205 0.001193046 0.626718 0.7792453 0.00118339 0.00978142 -0.003663957 0.001428186 0.9999923 0.803804 0 0 0 1 0.7792375 -0.6267175 0.003750205 0.001189529 0.626718 0.7792453 0.00118339 0.009781479 -0.003663957 0.001428186 0.9999923 0.803804 0 0 0 1 0.7792375 -0.6267175 0.003750205 0.001184403 0.626718 0.7792453 0.00118339 0.009781658 -0.003663957 0.001428186 0.9999923 0.803804 0 0 0 1 0.7792375 -0.6267175 0.003750205 0.001177787 0.626718 0.7792453 0.00118339 0.009781837 -0.003663957 0.001428186 0.9999923 0.803804 0 0 0 1 0.7792375 -0.6267175 0.003750205 0.001169681 0.626718 0.7792453 0.00118339 0.009782075 -0.003663957 0.001428186 0.9999923 0.803804 0 0 0 1 0.7792375 -0.6267175 0.003750205 0.001160204 0.626718 0.7792453 0.00118339 0.009782314 -0.003663957 0.001428186 0.9999923 0.803804 0 0 0 1 0.7792375 -0.6267176 0.003750205 0.001149356 0.6267181 0.7792452 0.00118339 0.009782612 -0.003663957 0.001428186 0.9999923 0.803804 0 0 0 1 0.7792375 -0.6267175 0.003750205 0.001137197 0.626718 0.7792453 0.00118339 0.009782969 -0.003663957 0.001428186 0.9999923 0.803804 0 0 0 1 0.7792375 -0.6267175 0.003750205 0.001123785 0.626718 0.7792453 0.00118339 0.009783327 -0.003663957 0.001428186 0.9999923 0.803804 0 0 0 1 0.7792375 -0.6267175 0.003750205 0.001109182 0.626718 0.7792453 0.00118339 0.009783744 -0.003663957 0.001428186 0.9999923 0.803804 0 0 0 1 0.7792375 -0.6267176 0.003750205 0.001093447 0.6267181 0.7792451 0.00118339 0.009784162 -0.003663957 0.001428186 0.9999923 0.803804 0 0 0 1 0.7792375 -0.6267175 0.003750205 0.001076519 0.626718 0.7792453 0.00118339 0.009784638 -0.003663957 0.001428186 0.9999923 0.803804 0 0 0 1 0.7792375 -0.6267175 0.003750205 0.001058638 0.626718 0.7792453 0.00118339 0.009785175 -0.003663957 0.001428186 0.9999923 0.803804 0 0 0 1 0.7792375 -0.6267175 0.003750205 0.001039743 0.626718 0.7792453 0.00118339 0.009785652 -0.003663957 0.001428186 0.9999923 0.803804 0 0 0 1 0.7792375 -0.6267175 0.003750205 0.001019835 0.626718 0.7792453 0.00118339 0.009786248 -0.003663957 0.001428186 0.9999923 0.803804 0 0 0 1 0.7792375 -0.6267175 0.003750205 9.99125e-4 0.626718 0.7792453 0.00118339 0.009786784 -0.003663957 0.001428186 0.9999923 0.803804 0 0 0 1 0.7792375 -0.6267175 0.003750205 9.77524e-4 0.626718 0.7792453 0.00118339 0.00978744 -0.003663957 0.001428186 0.9999923 0.803804 0 0 0 1 0.7792375 -0.6267175 0.003750205 9.55092e-4 0.626718 0.7792453 0.00118339 0.009788036 -0.003663957 0.001428186 0.9999923 0.803804 0 0 0 1 0.7792375 -0.6267175 0.003750205 9.31948e-4 0.626718 0.7792453 0.00118339 0.009788691 -0.003663957 0.001428186 0.9999923 0.803804 0 0 0 1 0.7792375 -0.6267176 0.003750205 9.0811e-4 0.6267181 0.7792452 0.00118339 0.009789347 -0.003663957 0.001428186 0.9999923 0.803804 0 0 0 1 0.7792375 -0.6267175 0.003750205 8.8359e-4 0.626718 0.7792453 0.00118339 0.009790062 -0.003663957 0.001428186 0.9999923 0.803804 0 0 0 1 0.7792375 -0.6267175 0.003750205 8.58514e-4 0.626718 0.7792453 0.00118339 0.009790718 -0.003663957 0.001428186 0.9999923 0.803804 0 0 0 1 0.7792375 -0.6267175 0.003750205 8.32857e-4 0.626718 0.7792453 0.00118339 0.009791433 -0.003663957 0.001428186 0.9999923 0.803804 0 0 0 1 0.7792375 -0.6267175 0.003750205 8.06747e-4 0.626718 0.7792453 0.00118339 0.009792208 -0.003663957 0.001428186 0.9999923 0.803804 0 0 0 1 0.7792375 -0.6267175 0.003750205 7.80197e-4 0.626718 0.7792453 0.00118339 0.009792923 -0.003663957 0.001428186 0.9999923 0.803804 0 0 0 1 0.7792375 -0.6267175 0.003750205 7.53215e-4 0.626718 0.7792453 0.00118339 0.009793698 -0.003663957 0.001428186 0.9999923 0.803804 0 0 0 1 0.7792375 -0.6267176 0.003750205 7.25936e-4 0.6267181 0.7792452 0.00118339 0.009794414 -0.003663957 0.001428186 0.9999923 0.803804 0 0 0 1 0.7792375 -0.6267175 0.003750205 6.98369e-4 0.626718 0.7792453 0.00118339 0.009795188 -0.003663957 0.001428186 0.9999923 0.803804 0 0 0 1 0.7792375 -0.6267176 0.003750205 6.70522e-4 0.6267181 0.7792451 0.00118339 0.009795963 -0.003663957 0.001428186 0.9999923 0.803804 0 0 0 1 0.7792375 -0.6267175 0.003750205 6.42531e-4 0.626718 0.7792453 0.00118339 0.009796738 -0.003663957 0.001428186 0.9999923 0.803804 0 0 0 1 0.7792375 -0.6267176 0.003750205 6.14404e-4 0.6267181 0.7792452 0.00118339 0.009797573 -0.003663957 0.001428186 0.9999923 0.803804 0 0 0 1 0.7792375 -0.6267175 0.003750205 5.8615e-4 0.626718 0.7792453 0.00118339 0.009798347 -0.003663957 0.001428186 0.9999923 0.803804 0 0 0 1 0.7792375 -0.6267175 0.003750205 5.57905e-4 0.626718 0.7792453 0.00118339 0.009799122 -0.003663957 0.001428186 0.9999923 0.803804 0 0 0 1 0.7792375 -0.6267176 0.003750205 5.29676e-4 0.6267181 0.7792451 0.00118339 0.009799897 -0.003663957 0.001428186 0.9999923 0.803804 0 0 0 1 0.7792375 -0.6267175 0.003750205 5.01473e-4 0.626718 0.7792453 0.00118339 0.009800672 -0.003663957 0.001428186 0.9999923 0.803804 0 0 0 1 0.7792375 -0.6267176 0.003750205 4.73431e-4 0.6267181 0.7792452 0.00118339 0.009801506 -0.003663957 0.001428186 0.9999923 0.803804 0 0 0 1 0.7792375 -0.6267176 0.003750205 4.45516e-4 0.6267181 0.7792451 0.00118339 0.009802281 -0.003663957 0.001428186 0.9999923 0.803804 0 0 0 1 0.7792375 -0.6267176 0.003750205 4.17864e-4 0.6267181 0.7792451 0.00118339 0.009803056 -0.003663957 0.001428186 0.9999923 0.803804 0 0 0 1 0.7792375 -0.6267175 0.003750205 3.90483e-4 0.626718 0.7792453 0.00118339 0.009803771 -0.003663957 0.001428186 0.9999923 0.803804 0 0 0 1 0.7792375 -0.6267176 0.003750205 3.63383e-4 0.6267181 0.7792451 0.00118339 0.009804546 -0.003663957 0.001428186 0.9999923 0.803804 0 0 0 1 0.7792375 -0.6267176 0.003750205 3.36697e-4 0.6267181 0.7792452 0.00118339 0.009805321 -0.003663957 0.001428186 0.9999923 0.803804 0 0 0 1 0.7792375 -0.6267175 0.003750205 3.10435e-4 0.626718 0.7792453 0.00118339 0.009806036 -0.003663957 0.001428186 0.9999923 0.803804 0 0 0 1 0.7792375 -0.6267175 0.003750205 2.84608e-4 0.626718 0.7792453 0.00118339 0.009806752 -0.003663957 0.001428186 0.9999923 0.803804 0 0 0 1 0.7792375 -0.6267176 0.003750205 2.59346e-4 0.6267181 0.7792451 0.00118339 0.009807467 -0.003663957 0.001428186 0.9999923 0.803804 0 0 0 1 0.7792375 -0.6267176 0.003750205 2.34659e-4 0.6267181 0.7792452 0.00118339 0.009808123 -0.003663957 0.001428186 0.9999923 0.803804 0 0 0 1 0.7792375 -0.6267176 0.003750205 2.10564e-4 0.6267181 0.7792452 0.00118339 0.009808838 -0.003663957 0.001428186 0.9999923 0.803804 0 0 0 1 0.7792375 -0.6267175 0.003750205 1.87183e-4 0.626718 0.7792453 0.00118339 0.009809494 -0.003663957 0.001428186 0.9999923 0.803804 0 0 0 1 0.7792375 -0.6267175 0.003750205 1.64496e-4 0.626718 0.7792453 0.00118339 0.00981009 -0.003663957 0.001428186 0.9999923 0.803804 0 0 0 1 0.7792375 -0.6267176 0.003750205 1.42624e-4 0.6267181 0.7792452 0.00118339 0.009810686 -0.003663957 0.001428186 0.9999923 0.803804 0 0 0 1 0.7792375 -0.6267175 0.003750205 1.21582e-4 0.626718 0.7792453 0.00118339 0.009811282 -0.003663957 0.001428186 0.9999923 0.803804 0 0 0 1 0.7792375 -0.6267176 0.003750205 1.01391e-4 0.6267181 0.7792452 0.00118339 0.009811878 -0.003663957 0.001428186 0.9999923 0.803804 0 0 0 1 0.7792375 -0.6267176 0.003750205 8.21627e-5 0.6267181 0.7792452 0.00118339 0.009812414 -0.003663957 0.001428186 0.9999923 0.803804 0 0 0 1 0.7792375 -0.6267176 0.003750205 6.3917e-5 0.6267181 0.7792451 0.00118339 0.009812891 -0.003663957 0.001428186 0.9999923 0.803804 0 0 0 1 0.7792375 -0.6267176 0.003750205 4.66792e-5 0.6267181 0.7792451 0.00118339 0.009813368 -0.003663957 0.001428186 0.9999923 0.803804 0 0 0 1 0.7792375 -0.6267176 0.003750205 3.05526e-5 0.6267181 0.7792452 0.00118339 0.009813845 -0.003663957 0.001428186 0.9999923 0.803804 0 0 0 1 0.7792375 -0.6267176 0.003750205 1.5561e-5 0.6267181 0.7792452 0.00118339 0.009814262 -0.003663957 0.001428186 0.9999923 0.803804 0 0 0 1 0.7792375 -0.6267175 0.003750205 1.73495e-6 0.626718 0.7792453 0.00118339 0.00981462 -0.003663957 0.001428186 0.9999923 0.803804 0 0 0 1 0.7792375 -0.6267176 0.003750205 -1.08325e-5 0.6267181 0.7792452 0.00118339 0.009814977 -0.003663957 0.001428186 0.9999923 0.803804 0 0 0 1 0.7792375 -0.6267176 0.003750205 -2.21126e-5 0.6267181 0.7792452 0.00118339 0.009815335 -0.003663957 0.001428186 0.9999923 0.803804 0 0 0 1 0.7792375 -0.6267176 0.003750205 -3.20685e-5 0.6267181 0.7792452 0.00118339 0.009815573 -0.003663957 0.001428186 0.9999923 0.803804 0 0 0 1 0.7792375 -0.6267176 0.003750205 -4.06193e-5 0.6267181 0.7792452 0.00118339 0.009815812 -0.003663957 0.001428186 0.9999923 0.803804 0 0 0 1 0.7792375 -0.6267176 0.003750205 -4.77399e-5 0.6267181 0.7792452 0.00118339 0.00981605 -0.003663957 0.001428186 0.9999923 0.803804 0 0 0 1 0.7792375 -0.6267176 0.003750205 -5.33578e-5 0.6267181 0.7792451 0.00118339 0.009816169 -0.003663957 0.001428186 0.9999923 0.803804 0 0 0 1 0.7792375 -0.6267175 0.003750205 -5.74343e-5 0.626718 0.7792453 0.00118339 0.009816288 -0.003663957 0.001428186 0.9999923 0.803804 0 0 0 1 0.7792375 -0.6267176 0.003750205 -5.9921e-5 0.6267181 0.7792452 0.00118339 0.009816348 -0.003663957 0.001428186 0.9999923 0.803804 0 0 0 1 0.7792375 -0.6267176 0.003750205 -6.07595e-5 0.6267181 0.7792452 0.00118339 0.009816408 -0.003663957 0.001428186 0.9999923 0.803804 0 0 0 1</float_array>
        <technique_common>
          <accessor source="#node-Bip01_matrix-output-array" count="101" stride="16">
            <param name="TRANSFORM" type="float4x4"/>
          </accessor>
        </technique_common>
      </source>
      <source id="node-Bip01_matrix-interpolation">
