<?xml version="1.0" encoding="utf-8"?>
<COLLADA xmlns="http://www.collada.org/2005/11/COLLADASchema" version="1.4.1">
  <asset>
    <contributor>
      <author>MattO</author>
      <authoring_tool>OpenCOLLADA for 3ds Max;  Version: 1.3.0;  Revision: 839M;  Platform: x64;  Configuration: Release_Max2012</authoring_tool>
      <source_data>file:///C:/Dropbox/Prj/GGStout/Ender_SourceArt/Soldier_TP_Ender_Animation_Master.max</source_data>
    </contributor>
    <created>2011-10-10T11:02:57</created>
    <modified>2011-10-10T11:02:57</modified>
    <unit name="meter" meter="1"/>
    <up_axis>Z_UP</up_axis>
  </asset>
  <library_effects>
    <effect id="ShapeBounds">
      <profile_COMMON>
        <technique sid="common">
          <blinn>
            <emission>
              <color>0 0 0 1</color>
            </emission>
            <ambient>
              <color>0.1647059 1 0 1</color>
            </ambient>
            <diffuse>
              <color>0.1647059 1 0 1</color>
            </diffuse>
            <specular>
              <color>0.9 0.9 0.9 1</color>
            </specular>
            <shininess>
              <float>10</float>
            </shininess>
            <reflective>
              <color>0 0 0 1</color>
            </reflective>
            <transparent opaque="A_ONE">
              <color>1 1 1 1</color>
            </transparent>
            <transparency>
              <float>1</float>
            </transparency>
          </blinn>
        </technique>
      </profile_COMMON>
      <extra>
        <technique profile="OpenCOLLADA3dsMax">
          <extended_shader>
            <apply_reflection_dimming>0</apply_reflection_dimming>
            <dim_level>0</dim_level>
            <falloff_type>0</falloff_type>
            <index_of_refraction>1.5</index_of_refraction>
            <opacity_type>0</opacity_type>
            <reflection_level>3</reflection_level>
            <wire_size>1</wire_size>
            <wire_units>0</wire_units>
          </extended_shader>
          <shader>
            <ambient_diffuse_lock>1</ambient_diffuse_lock>
            <ambient_diffuse_texture_lock>1</ambient_diffuse_texture_lock>
            <diffuse_specular_lock>0</diffuse_specular_lock>
            <soften>0.1</soften>
            <use_self_illum_color>0</use_self_illum_color>
          </shader>
        </technique>
      </extra>
    </effect>
  </library_effects>
  <library_materials>
    <material id="ShapeBounds-material" name="ShapeBounds">
      <instance_effect url="#ShapeBounds"/>
    </material>
  </library_materials>
  <library_geometries>
    <geometry id="geom-Bounds" name="Bounds">
      <mesh>
        <source id="geom-Bounds-positions">
          <float_array id="geom-Bounds-positions-array" count="24">-0.425 -0.425 0 0.425 -0.425 0 -0.425 0.425 0 0.425 0.425 0 -0.425 -0.425 1.84 0.425 -0.425 1.84 -0.425 0.425 1.84 0.425 0.425 1.84</float_array>
          <technique_common>
            <accessor source="#geom-Bounds-positions-array" count="8" stride="3">
              <param name="X" type="float"/>
              <param name="Y" type="float"/>
              <param name="Z" type="float"/>
            </accessor>
          </technique_common>
        </source>
        <source id="geom-Bounds-normals">
          <float_array id="geom-Bounds-normals-array" count="72">0 0 -1 0 0 -1 0 0 -1 0 0 -1 0 0 1 0 0 1 0 0 1 0 0 1 0 -1 0 0 -1 0 0 -1 0 0 -1 0 1 0 0 1 0 0 1 0 0 1 0 0 0 1 0 0 1 0 0 1 0 0 1 0 -1 0 0 -1 0 0 -1 0 0 -1 0 0</float_array>
          <technique_common>
            <accessor source="#geom-Bounds-normals-array" count="24" stride="3">
              <param name="X" type="float"/>
              <param name="Y" type="float"/>
              <param name="Z" type="float"/>
            </accessor>
          </technique_common>
        </source>
        <source id="geom-Bounds-map1">
          <float_array id="geom-Bounds-map1-array" count="36">0 0 0 1 0 0 0 1 0 1 1 0 0 0 0 1 0 0 0 1 0 1 1 0 0 0 0 1 0 0 0 1 0 1 1 0</float_array>
          <technique_common>
            <accessor source="#geom-Bounds-map1-array" count="12" stride="3">
              <param name="S" type="float"/>
              <param name="T" type="float"/>
              <param name="P" type="float"/>
            </accessor>
          </technique_common>
        </source>
        <vertices id="geom-Bounds-vertices">
          <input semantic="POSITION" source="#geom-Bounds-positions"/>
        </vertices>
        <triangles material="ShapeBounds" count="12">
          <input semantic="VERTEX" source="#geom-Bounds-vertices" offset="0"/>
          <input semantic="NORMAL" source="#geom-Bounds-normals" offset="1"/>
          <input semantic="TEXCOORD" source="#geom-Bounds-map1" offset="2" set="0"/>
          <p>0 0 9 2 1 11 3 2 10 3 2 10 1 3 8 0 0 9 4 4 8 5 5 9 7 6 11 7 6 11 6 7 10 4 4 8 0 8 4 1 9 5 5 10 7 5 10 7 4 11 6 0 8 4 1 12 0 3 13 1 7 14 3 7 14 3 5 15 2 1 12 0 3 16 4 2 17 5 6 18 7 6 18 7 7 19 6 3 16 4 2 20 0 0 21 1 4 22 3 4 22 3 6 23 2 2 20 0</p>
        </triangles>
      </mesh>
      <extra>
        <technique profile="OpenCOLLADA3dsMax">
          <max_box>
            <generateuvs>1</generateuvs>
            <height>1.84</height>
            <heightsegments>1</heightsegments>
            <length>0.85</length>
            <lengthsegments>1</lengthsegments>
            <width>0.85</width>
            <widthsegments>1</widthsegments>
          </max_box>
        </technique>
      </extra>
    </geometry>
  </library_geometries>
  <library_lights>
    <light id="EnvironmentAmbientLight" name="EnvironmentAmbientLight">
      <technique_common>
        <ambient>
          <color>0 0 0</color>
        </ambient>
      </technique_common>
    </light>
  </library_lights>
  <library_visual_scenes>
    <visual_scene id="MaxScene">
      <node name="EnvironmentAmbientLight">
        <instance_light url="#EnvironmentAmbientLight"/>
      </node>
      <node id="node-Bip01" name="Bip01">
        <matrix>0.7792376 -0.6267173 0.003750267 -8.10623e-5 0.6267178 0.7792454 0.001183462 0.009366653 -0.003664074 0.001428161 0.9999923 0.91602 0 0 0 1</matrix>
        <node id="node-Bip01_Pelvis" name="Bip01_Pelvis">
          <matrix sid="matrix">0.1747649 0.9844434 0.0181178 0 0.2778892 -0.06696887 0.9582759 0 0.9445817 -0.1624383 -0.28527 0 0 0 0 1</matrix>
          <node id="node-Bip01_Spine" name="Bip01_Spine">
            <matrix sid="matrix">0.9755532 0.0340703 0.2171068 0.1928536 0.0613426 0.9064276 -0.417883 -0.006237373 -0.2110291 0.4209849 0.8821782 -0.05639127 0 0 0 1</matrix>
            <node id="node-Bip01_Spine1" name="Bip01_Spine1">
              <matrix>0.9965124 0.05406575 -0.0635605 0.1022243 -0.05553561 0.9982232 -0.02158951 -1.00821e-4 0.06228031 0.0250441 0.9977446 -2.52202e-6 0 0 0 1</matrix>
              <node id="node-Bip01_Spine2" name="Bip01_Spine2">
                <matrix>0.9777662 -0.1711879 0.1211107 0.1268953 0.1757437 0.9840403 -0.02791211 -1.68517e-4 -0.1143996 0.04857597 0.9922464 -8.31485e-6 0 0 0 1</matrix>
                <node id="node-Bip01_Neck" name="Bip01_Neck">
                  <matrix>0.81547 -0.4308034 -0.3865454 0.2151072 0.3746281 0.9019333 -0.2148724 -4.97103e-5 0.441206 0.03041114 0.8968904 -1.68383e-6 0 0 0 1</matrix>
                  <node id="node-Bip01_Head" name="Bip01_Head">
                    <matrix>0.9070899 0.4132927 0.07985421 0.07051814 -0.3881004 0.8945988 -0.2215193 -0.01395929 -0.16299 0.1699463 0.9718808 0 0 0 0 1</matrix>
                    <node id="node-AltEye" name="AltEye">
                      <matrix>0.03048624 0.3971821 0.9172338 0.06454682 0.03236818 0.9167866 -0.3980642 0.2214611 -0.9990112 0.04182434 0.0150932 0.04716256 0 0 0 1</matrix>
                    </node>
                  </node>
                  <node id="node-Bip01_L_Clavicle" name="Bip01_L_Clavicle">
                    <matrix>0.218727 -0.1937395 0.9563593 0.00844872 0.4802901 -0.8317719 -0.2783467 -0.01209176 0.8493997 0.5202119 -0.08887986 0.07246041 0 0 0 1</matrix>
                    <node id="node-Bip01_L_UpperArm" name="Bip01_L_UpperArm">
                      <matrix>0.4866943 0.5539693 0.6754602 0.1824006 -0.8575153 0.1553918 0.4904294 5.96046e-8 0.1667218 -0.8179069 0.5506654 0 0 0 0 1</matrix>
                      <node id="node-Bip01_L_Forearm" name="Bip01_L_Forearm">
                        <matrix>0.8201932 0.5720866 0 0.2843689 -0.5720866 0.8201931 -2.98023e-8 0 -1.04308e-7 2.98023e-8 0.9999999 0 0 0 0 1</matrix>
                        <node id="node-Bip01_L_Hand" name="Bip01_L_Hand">
                          <matrix>0.8481607 0.3730112 -0.3761466 0.2810682 -0.03463811 0.7475913 0.6632553 1.19209e-7 0.5286055 -0.549518 0.6469981 0 0 0 0 1</matrix>
                          <node id="node-Bip01_L_Finger0" name="Bip01_L_Finger0">
                            <matrix>0.6591592 0.3903028 0.642785 0.02119684 0.6535138 0.1255929 -0.7464219 -0.004734397 -0.3720601 0.91208 -0.1722827 -0.02572191 0 0 0 1</matrix>
                            <node id="node-Bip01_L_Finger01" name="Bip01_L_Finger01">
                              <matrix>0.8583043 -0.5131412 0 0.04982859 0.5131412 0.8583044 5.96046e-8 -2.98023e-8 -4.47035e-8 0 1 0 0 0 0 1</matrix>
                              <node id="node-Bip01_L_Finger02" name="Bip01_L_Finger02">
                                <matrix>0.6525693 -0.7577291 1.49012e-8 0.0520224 0.757729 0.6525693 0 0 0 -1.11759e-8 1 0 0 0 0 1</matrix>
                              </node>
                            </node>
                          </node>
                          <node id="node-Bip01_L_Finger1" name="Bip01_L_Finger1">
                            <matrix>0.8743498 -0.4850003 -0.01693495 0.1199946 0.4823662 0.8723708 -0.07931915 -0.008367658 0.05324338 0.06118381 0.9967054 -0.0410139 0 0 0 1</matrix>
                            <node id="node-Bip01_L_Finger11" name="Bip01_L_Finger11">
                              <matrix>0.2787537 -0.9603626 0 0.0364418 0.9603627 0.2787537 0 1.19209e-7 -2.98023e-8 -1.49012e-8 1 0 0 0 0 1</matrix>
                              <node id="node-Bip01_L_Finger12" name="Bip01_L_Finger12">
                                <matrix>0.8119803 -0.5836849 -2.98023e-8 0.03117537 0.583685 0.8119804 0 0 2.98023e-8 0 1 -5.96046e-8 0 0 0 1</matrix>
                              </node>
                            </node>
                          </node>
                          <node id="node-Bip01_L_Finger2" name="Bip01_L_Finger2">
                            <matrix>0.6472729 -0.7352319 -0.2011753 0.1229539 0.7556678 0.6535555 0.04279059 -0.008802056 0.1000182 -0.1797189 0.9786201 -0.01328236 0 0 0 1</matrix>
                            <node id="node-Bip01_L_Finger21" name="Bip01_L_Finger21">
                              <matrix>0.6013958 -0.7989514 0 0.03895539 0.7989513 0.6013957 0 0 0 1.49012e-8 1 5.96046e-8 0 0 0 1</matrix>
                              <node id="node-Bip01_L_Finger22" name="Bip01_L_Finger22">
                                <matrix>0.8644754 -0.5026752 0 0.03800529 0.5026752 0.8644754 0 0 -5.96046e-8 2.98023e-8 1 0 0 0 0 1</matrix>
                              </node>
                            </node>
                          </node>
                          <node id="node-Bip01_L_Finger3" name="Bip01_L_Finger3">
                            <matrix>0.3854293 -0.8817466 -0.271969 0.1211882 0.9217516 0.381532 0.06932959 -0.001191378 0.04263373 -0.2774096 0.9598052 0.01196867 0 0 0 1</matrix>
                            <node id="node-Bip01_L_Finger31" name="Bip01_L_Finger31">
                              <matrix>0.9381479 -0.3462352 0 0.03155857 0.3462352 0.9381478 -2.98023e-8 0 2.98023e-8 -1.49012e-8 1 0 0 0 0 1</matrix>
                              <node id="node-Bip01_L_Finger32" name="Bip01_L_Finger32">
                                <matrix>0.6529357 -0.7574133 2.98023e-8 0.0336659 0.7574133 0.6529358 1.49012e-8 0 -2.98023e-8 -1.49012e-8 1 0 0 0 0 1</matrix>
                              </node>
                            </node>
                          </node>
                          <node id="node-Bip01_L_Finger4" name="Bip01_L_Finger4">
                            <matrix>0.7005675 -0.7005579 -0.1357336 0.1136798 0.7135146 0.6850148 0.1471444 0.005147219 -0.01010366 -0.1999326 0.9797574 0.03886569 0 0 0 1</matrix>
                            <node id="node-Bip01_L_Finger41" name="Bip01_L_Finger41">
                              <matrix>0.7966626 -0.6044242 1.49012e-8 0.03661621 0.6044242 0.7966626 -2.98023e-8 0 0 0 1 0 0 0 0 1</matrix>
                              <node id="node-Bip01_L_Finger42" name="Bip01_L_Finger42">
                                <matrix>0.8880922 -0.4596654 0 0.0177263 0.4596654 0.8880923 0 0 2.98023e-8 -3.72529e-9 1 0 0 0 0 1</matrix>
                              </node>
                            </node>
                          </node>
                        </node>
                      </node>
                    </node>
                  </node>
                  <node id="node-Bip01_R_Clavicle" name="Bip01_R_Clavicle">
                    <matrix>-0.4367577 -0.5517113 -0.710533 -0.05186176 0.5680685 -0.7815931 0.2577017 -0.01624846 -0.6975248 -0.2910782 0.6547769 -0.05013976 0 0 0 1</matrix>
                    <node id="node-Bip01_R_UpperArm" name="Bip01_R_UpperArm">
                      <matrix>0.6536188 0.5794653 -0.4868289 0.1824006 -0.7208144 0.6726908 -0.1670744 0 0.2306715 0.4601164 0.8573703 0 0 0 0 1</matrix>
                      <node id="node-Bip01_R_Forearm" name="Bip01_R_Forearm">
                        <matrix>-0.2263136 0.9740543 0 0.284369 -0.9740543 -0.2263137 -4.47035e-8 1.19209e-7 8.9407e-8 -8.9407e-8 0.9999999 0 0 0 0 1</matrix>
                        <node id="node-Bip01_R_Hand" name="Bip01_R_Hand">
                          <matrix>0.6512824 0.3417339 0.6775317 0.2810681 0.7584227 -0.2636937 -0.5960376 2.98023e-8 -0.02502538 0.9020442 -0.4309177 0 0 0 0 1</matrix>
                          <node id="node-Bip01_R_Finger0" name="Bip01_R_Finger0">
                            <matrix>0.5215106 0.269013 -0.8097275 0.02119684 0.7250717 0.3605265 0.5867639 -0.004734218 0.4497754 -0.893114 -0.007035502 0.02572203 0 0 0 1</matrix>
                            <node id="node-Bip01_R_Finger01" name="Bip01_R_Finger01">
                              <matrix>0.6055627 -0.7636237 0.2239934 0.04982865 0.7191881 0.6456373 0.2567511 0 -0.3406796 0.00561451 0.9401626 0 0 0 0 1</matrix>
                              <node id="node-Bip01_R_Finger02" name="Bip01_R_Finger02">
                                <matrix>0.9505157 -0.3106765 3.72529e-9 0.05202237 0.3106765 0.9505159 0 1.19209e-7 1.49012e-8 4.47035e-8 0.9999999 -5.96046e-8 0 0 0 1</matrix>
                              </node>
                            </node>
                          </node>
                          <node id="node-Bip01_R_Finger1" name="Bip01_R_Finger1">
                            <matrix>0.9820225 -0.1733428 -0.07472672 0.1199947 0.1795577 0.9799359 0.0865149 -0.008367509 0.05823065 -0.09837733 0.9934441 0.04101408 0 0 0 1</matrix>
                            <node id="node-Bip01_R_Finger11" name="Bip01_R_Finger11">
                              <matrix>0.8240548 -0.5665103 3.72529e-9 0.03644168 0.5665102 0.8240548 0 0 -7.45058e-9 -1.49012e-8 1 0 0 0 0 1</matrix>
                              <node id="node-Bip01_R_Finger12" name="Bip01_R_Finger12">
                                <matrix>0.8146397 -0.5796778 0.01831832 0.03117542 0.5799672 0.8142333 -0.02573051 -5.96046e-8 1.49012e-8 0.03158513 0.999501 -2.38419e-7 0 0 0 1</matrix>
                              </node>
                            </node>
                          </node>
                          <node id="node-Bip01_R_Finger2" name="Bip01_R_Finger2">
                            <matrix>0.6754014 -0.7374504 -1.5212e-4 0.1229538 0.7368312 0.674843 -0.04082685 -0.008802027 0.03021043 0.02746243 0.9991663 0.01328254 0 0 0 1</matrix>
                            <node id="node-Bip01_R_Finger21" name="Bip01_R_Finger21">
                              <matrix>0.5508358 -0.8338857 -0.03484871 0.03895517 0.8322219 0.551937 -0.05265062 -5.96046e-8 0.06313889 -6.51926e-9 0.9980047 1.19209e-7 0 0 0 1</matrix>
                              <node id="node-Bip01_R_Finger22" name="Bip01_R_Finger22">
                                <matrix>0.1984736 -0.9799246 0.01886612 0.03800541 0.9755273 0.1993682 0.09272984 -2.98023e-8 -0.09462957 -7.45058e-9 0.9955124 -1.19209e-7 0 0 0 1</matrix>
                              </node>
                            </node>
                          </node>
                          <node id="node-Bip01_R_Finger3" name="Bip01_R_Finger3">
                            <matrix>0.7159052 -0.6949217 0.06755453 0.1211882 0.6883788 0.6863562 -0.234627 -0.001191258 0.1166809 0.2144738 0.9697353 -0.01196849 0 0 0 1</matrix>
                            <node id="node-Bip01_R_Finger31" name="Bip01_R_Finger31">
                              <matrix>0.4441952 -0.8949344 0.04222351 0.03155842 0.8909186 0.4461976 0.08468725 2.98023e-8 -0.09462956 2.35159e-8 0.9955127 2.38419e-7 0 0 0 1</matrix>
                              <node id="node-Bip01_R_Finger32" name="Bip01_R_Finger32">
                                <matrix>0.1993682 -0.9794358 -0.03095104 0.03366597 0.9799247 0.1992687 0.006297085 5.96046e-8 -9.31323e-9 -0.03158513 0.9995011 -2.38419e-7 0 0 0 1</matrix>
                              </node>
                            </node>
                          </node>
                          <node id="node-Bip01_R_Finger4" name="Bip01_R_Finger4">
                            <matrix>0.592579 -0.789795 -0.1583477 0.1136797 0.7783523 0.6120424 -0.1399001 0.005147398 0.2074079 -0.04034833 0.9774221 -0.03886569 0 0 0 1</matrix>
                            <node id="node-Bip01_R_Finger41" name="Bip01_R_Finger41">
                              <matrix>0.4202556 -0.9064695 0.04120624 0.03661615 0.906853 0.4211511 0.01578778 -5.96046e-8 -0.03166521 0.03073305 0.9990259 0 0 0 0 1</matrix>
                              <node id="node-Bip01_R_Finger42" name="Bip01_R_Finger42">
                                <matrix>0.4024469 -0.9138247 -0.05441483 0.01772636 0.9154231 0.4021217 0.01728316 5.96046e-8 0.006087586 -0.05676816 0.9983688 2.38419e-7 0 0 0 1</matrix>
                              </node>
                            </node>
                          </node>
                          <node id="node-mount0" name="mount0">
                            <matrix>-6.27125e-7 1 5.06407e-9 0.1095391 -1 -6.50995e-7 4.76837e-7 0.0251826 4.80562e-7 2.44472e-9 1 0.01321685 0 0 0 1</matrix>
                          </node>
                        </node>
                      </node>
                    </node>
                  </node>
                </node>
                <node id="node-Bip01_L_Pauldron_Upper" name="Bip01_L_Pauldron_Upper">
                  <matrix>0.9726582 0.1183441 0.1998269 0.176903 0.1843817 -0.9166573 -0.3546032 -0.03908369 0.1412075 0.3817522 -0.9134145 0.2290198 0 0 0 1</matrix>
                </node>
                <node id="node-Bip01_R_Pauldron_Lower" name="Bip01_R_Pauldron_Lower">
                  <matrix>-0.1156726 -0.9403759 -0.3198654 0.1729062 0.9097751 -0.2295502 0.3458562 -0.1133294 -0.3986599 -0.2509995 0.8820827 -0.2351094 0 0 0 1</matrix>
                </node>
                <node id="node-Bip01_L_Pauldron_Lower" name="Bip01_L_Pauldron_Lower">
                  <matrix>-0.2099968 -0.7687201 0.6041284 0.1529204 0.4002343 -0.6313506 -0.6642358 -0.1054226 0.892028 0.1023054 0.4402496 0.2344801 0 0 0 1</matrix>
                </node>
              </node>
            </node>
            <node id="node-Bip01_L_Thigh" name="Bip01_L_Thigh">
              <matrix sid="matrix">-0.9192136 0.3766662 0.114757 -0.2265601 0.3921214 0.8490943 0.3539491 0.076493 0.03588116 0.3703534 -0.9281976 0.1177364 0 0 0 1</matrix>
              <node id="node-Bip01_L_Calf" name="Bip01_L_Calf">
                <matrix sid="matrix">0.6778244 0.7352238 0 0.4629987 -0.7352238 0.6778244 4.65661e-10 0 -5.12227e-9 -4.86616e-8 1 7.45058e-9 0 0 0 1</matrix>
                <node id="node-Bip01_L_Foot" name="Bip01_L_Foot">
                  <matrix sid="matrix">0.8790537 0.4765815 -0.01161105 0.3610501 -0.4757365 0.8785406 0.04290697 -4.47035e-8 0.03064953 -0.03219371 0.9990117 1.49012e-8 0 0 0 1</matrix>
                  <node id="node-Bip01_L_Toe0" name="Bip01_L_Toe0">
                    <matrix>4.47035e-7 -1 1.39e-6 0.1486307 1 5.36442e-7 1.95578e-8 0.1543275 -2.70084e-8 1.37929e-6 1 0 0 0 0 1</matrix>
                  </node>
                </node>
              </node>
            </node>
            <node id="node-Bip01_R_Thigh" name="Bip01_R_Thigh">
              <matrix sid="matrix">-0.2810294 0.9569122 0.07308817 -0.1727531 0.9527237 0.2873421 -0.0987524 -0.03084704 -0.1154987 0.04188049 -0.9924244 -0.1071949 0 0 0 1</matrix>
              <node id="node-Bip01_R_Calf" name="Bip01_R_Calf">
                <matrix sid="matrix">-0.3497473 0.9368441 -1.86265e-8 0.4629987 -0.9368438 -0.3497474 -1.49012e-8 0 -3.72529e-9 -1.86265e-8 0.9999999 -1.49012e-8 0 0 0 1</matrix>
                <node id="node-Bip01_R_Foot" name="Bip01_R_Foot">
                  <matrix sid="matrix">0.8885841 0.4383277 -0.1352313 0.3610501 -0.4156691 0.8940979 0.1667577 -2.98023e-8 0.1940044 -0.09196673 0.9766802 1.49012e-8 0 0 0 1</matrix>
                  <node id="node-Bip01_R_Toe0" name="Bip01_R_Toe0">
                    <matrix>-0.2644269 -0.9539025 0.1419446 0.1486307 0.9630893 -0.2535029 0.09052613 0.1543275 -0.05036974 0.1606429 0.9857264 0 0 0 0 1</matrix>
                  </node>
                </node>
              </node>
            </node>
          </node>
          <node id="node-Bip01_FannyPack" name="Bip01_FannyPack">
            <matrix sid="matrix">-0.8322091 -0.4771122 0.2824754 0.2028495 -0.4932149 0.8697607 0.0159855 -0.1504242 -0.2533128 -0.1260178 -0.9591415 -0.008565128 0 0 0 1</matrix>
          </node>
        </node>
        <node id="node-Eye" name="Eye">
          <matrix>0.7792379 0.6267177 -0.003664111 0.05982313 -0.6267173 0.7792452 0.001428192 0.07218308 0.003750314 0.001183283 0.999992 0.6543757 0 0 0 1</matrix>
          <node id="node-cam" name="cam">
            <matrix>1 -6.03104e-8 3.55271e-15 4.84288e-8 6.03104e-8 1 -2.32831e-9 -0.104 -3.55271e-15 2.32832e-9 1 0.3005601 0 0 0 1</matrix>
          </node>
        </node>
      </node>
      <node id="node-Bounds" name="Bounds">
        <matrix>0.9999915 0.001706907 0.003750479 0 -0.001711356 0.9999978 0.001183292 0.1035326 -0.003748452 -0.0011897 0.9999923 -8.93474e-5 0 0 0 1</matrix>
        <instance_geometry url="#geom-Bounds">
          <bind_material>
            <technique_common>
              <instance_material symbol="ShapeBounds" target="#ShapeBounds-material"/>
            </technique_common>
          </bind_material>
        </instance_geometry>
      </node>
    </visual_scene>
  </library_visual_scenes>
  <library_animations>
    <animation>
      <source id="node-Bip01_Pelvis_matrix-input">
        <float_array id="node-Bip01_Pelvis_matrix-input-array" count="30">31.33333 31.36667 31.4 31.43333 31.46667 31.5 31.53333 31.56667 31.6 31.63333 31.66667 31.7 31.73333 31.76667 31.8 31.83333 31.86667 31.9 31.93333 31.96667 32 32.03333 32.06667 32.1 32.13334 32.16667 32.2 32.23333 32.26667 32.3</float_array>
        <technique_common>
          <accessor source="#node-Bip01_Pelvis_matrix-input-array" count="30" stride="1">
            <param name="TIME" type="float"/>
          </accessor>
        </technique_common>
      </source>
      <source id="node-Bip01_Pelvis_matrix-output">
        <float_array id="node-Bip01_Pelvis_matrix-output-array" count="480">0.1747649 0.9844434 0.01811778 0 0.2778892 -0.06696885 0.9582759 0 0.9445818 -0.1624383 -0.28527 0 0 0 0 1 0.1837748 0.9828993 -0.01165413 0 0.2790477 -0.0407986 0.9594102 0 0.9425281 -0.1795675 -0.2817736 0 0 0 0 1 0.1975269 0.9790896 -0.04864776 0 0.2830118 -0.009443223 0.95907 0 0.938556 -0.2032101 -0.2789592 0 0 0 0 1 0.2137441 0.9726677 -0.0907247 0 0.2887697 0.02581083 0.9570506 0 0.9332339 -0.2307625 -0.27536 0 0 0 0 1 0.2302617 0.963624 -0.1356774 0 0.2951644 0.06369614 0.9533209 0 0.927285 -0.2595605 -0.2697607 0 0 0 0 1 0.2451038 0.9523971 -0.1812843 0 0.3008621 0.1030352 0.9480853 0 0.9216322 -0.2869208 -0.2612859 0 0 0 0 1 0.2565086 0.9399042 -0.2253516 0 0.304339 0.1427508 0.9418067 0 0.9173773 -0.3101648 -0.2494327 0 0 0 0 1 0.2629225 0.9274771 -0.2658162 0 0.3038904 0.181878 0.935185 0 0.9157086 -0.3266602 -0.2340314 0 0 0 0 1 0.2629239 0.9167334 -0.3007838 0 0.2976483 0.2194759 0.9291049 0 0.9177563 -0.3338117 -0.2151586 0 0 0 0 1 0.2550977 0.9093707 -0.3285879 0 0.2836105 0.2545131 0.9245476 0 0.9243864 -0.3290409 -0.1929813 0 0 0 0 1 0.2303026 0.9080159 -0.3499539 0 0.250437 0.2922035 0.9229835 0 0.9403415 -0.3002069 -0.1601055 0 0 0 0 1 0.1864231 0.911247 -0.3672537 0 0.19384 0.3323441 0.9230241 0 0.9631576 -0.2432614 -0.1146795 0 0 0 0 1 0.13222 0.9150715 -0.3810012 0 0.1236683 0.3661436 0.9223041 0 0.9834754 -0.1690649 -0.06475377 0 0 0 0 1 0.07642018 0.9174599 -0.3904193 0 0.05183494 0.3873792 0.9204621 0 0.9957274 -0.09057921 -0.01795285 0 0 0 0 1 0.02766889 0.9190433 -0.3931843 0 -0.008418202 0.3935352 0.9192711 0 0.9995816 -0.0221253 0.01862543 0 0 0 0 1 -0.005489885 0.9225638 -0.3858054 0 -0.04379582 0.3852193 0.9217852 0 0.9990254 0.02195715 0.0382896 0 0 0 0 1 -0.02628618 0.9301423 -0.3662573 0 -0.05695247 0.3643953 0.9295013 0 0.9980307 0.04529231 0.04339534 0 0 0 0 1 -0.04360216 0.9406475 -0.3365728 0 -0.05983096 0.3338299 0.9407325 0 0.9972557 0.06115543 0.04172408 0 0 0 0 1 -0.05700629 0.9525223 -0.2990847 0 -0.05385118 0.2962021 0.9536058 0 0.9969204 0.07046765 0.03440898 0 0 0 0 1 -0.06600165 0.9643281 -0.2563498 0 -0.04063892 0.254099 0.966324 0 0.9969915 0.07419675 0.02241826 0 0 0 0 1 -0.07019001 0.9749248 -0.2111761 0 -0.02197378 0.2101357 0.9774253 0 0.9972916 0.07324588 0.006673395 0 0 0 0 1 -0.06939685 0.9835813 -0.166589 0 2.77089e-4 0.1670107 0.9859551 0 0.997589 0.068376 -0.01186251 0 0 0 0 1 -0.06374549 0.9900117 -0.125751 0 0.02423983 0.1275061 0.9915416 0 0.9976717 0.06015813 -0.03212565 0 0 0 0 1 -0.05367696 0.994324 -0.0918619 0 0.04811728 0.09446322 0.9943648 0 0.9973983 0.04895436 -0.05291467 0 0 0 0 1 -0.03473198 0.9973237 -0.06433558 0 0.07626432 0.06683158 0.9948454 0 0.9964824 0.02964645 -0.07838141 0 0 0 0 1 -0.004459261 0.9991551 -0.04085725 0 0.1116177 0.0410996 0.992901 0 0.9937412 -1.32775e-4 -0.1117066 0 0 0 0 1 0.03323692 0.9992089 -0.02183616 0 0.1505353 0.01659417 0.9884654 0 0.9880458 -0.03614062 -0.1498646 0 0 0 0 1 0.07420742 0.9972163 -0.007273674 0 0.1895989 -0.006947398 0.9818372 0 0.9790534 -0.07423865 -0.1895866 0 0 0 0 1 0.1142163 0.9934501 0.003396689 0 0.2256744 -0.02927488 0.9737628 0 0.9674841 -0.110453 -0.2275399 0 0 0 0 1 0.1490775 0.9887606 0.01132291 0 0.2559404 -0.04964435 0.965417 0 0.9551286 -0.1410239 -0.2604647 0 0 0 0 1</float_array>
        <technique_common>
          <accessor source="#node-Bip01_Pelvis_matrix-output-array" count="30" stride="16">
            <param name="TRANSFORM" type="float4x4"/>
          </accessor>
        </technique_common>
      </source>
      <source id="node-Bip01_Pelvis_matrix-interpolation">
        <Name_array id="node-Bip01_Pelvis_matrix-interpolation-array" count="30">LINEAR LINEAR LINEAR LINEAR LINEAR LINEAR LINEAR LINEAR LINEAR LINEAR LINEAR LINEAR LINEAR LINEAR LINEAR LINEAR LINEAR LINEAR LINEAR LINEAR LINEAR LINEAR LINEAR LINEAR LINEAR LINEAR LINEAR LINEAR LINEAR LINEAR</Name_array>
        <technique_common>
          <accessor source="#node-Bip01_Pelvis_matrix-interpolation-array" count="30" stride="1">
            <param name="INTERPOLATION" type="name"/>
          </accessor>
        </technique_common>
      </source>
      <source id="node-Bip01_Spine_matrix-input">
        <float_array id="node-Bip01_Spine_matrix-input-array" count="30">31.33333 31.36667 31.4 31.43333 31.46667 31.5 31.53333 31.56667 31.6 31.63333 31.66667 31.7 31.73333 31.76667 31.8 31.83333 31.86667 31.9 31.93333 31.96667 32 32.03333 32.06667 32.1 32.13334 32.16667 32.2 32.23333 32.26667 32.3</float_array>
        <technique_common>
          <accessor source="#node-Bip01_Spine_matrix-input-array" count="30" stride="1">
            <param name="TIME" type="float"/>
          </accessor>
        </technique_common>
      </source>
      <source id="node-Bip01_Spine_matrix-output">
        <float_array id="node-Bip01_Spine_matrix-output-array" count="480">0.9755532 0.03407025 0.2171068 0.1928535 0.06134259 0.9064276 -0.417883 -0.006237328 -0.211029 0.4209849 0.8821783 -0.05639123 0 0 0 1 0.9756782 0.04312348 0.2149241 0.1926835 0.0460419 0.9182735 -0.3932608 -0.00969237 -0.2143179 0.3935917 0.8939538 -0.05648475 0 0 0 1 0.9751977 0.05791169 0.2136249 0.1922569 0.02423346 0.9314246 -0.3631265 -0.01450556 -0.2200048 0.359297 0.9069197 -0.0569058 0 0 0 1 0.9740812 0.07588231 0.2130907 0.1916266 -0.001714885 0.9445019 -0.3285014 -0.02016729 -0.2261921 0.3196216 0.9201518 -0.05730539 0 0 0 1 0.9724652 0.09449666 0.2130303 0.1908796 -0.02929836 0.9564235 -0.2905089 -0.02614688 -0.2311995 0.2762684 0.9328572 -0.05738264 0 0 0 1 0.9707111 0.1112781 0.2129245 0.1901468 -0.05588656 0.9665414 -0.2503482 -0.03189796 -0.2336586 0.2311161 0.9444516 -0.05690425 0 0 0 1 0.9693911 0.123835 0.2120035 0.1896016 -0.07873779 0.9746772 -0.2092955 -0.03686243 -0.2325531 0.1861966 0.9545941 -0.0557118 0 0 0 1 0.9691972 0.1298797 0.2092564 0.1894394 -0.09505444 0.981078 -0.168672 -0.04048037 -0.227204 0.1435858 0.9632039 -0.05371665 0 0 0 1 0.9707828 0.1272011 0.2034713 0.1898476 -0.1020082 0.9862686 -0.1298794 -0.04219168 -0.2171981 0.1053289 0.9704282 -0.05088388 0 0 0 1 0.9745393 0.1136083 0.1933031 0.1909614 -0.09677493 0.9908164 -0.09443223 -0.04143738 -0.2022562 0.07332098 0.976584 -0.04720252 0 0 0 1 0.982265 0.07571119 0.1715324 0.1934836 -0.06662285 0.9960828 -0.05814278 -0.03572881 -0.1752625 0.04568368 0.9834614 -0.04121857 0 0 0 1 0.9908074 0.01066255 0.1348595 0.196867 -0.00795412 0.9997562 -0.0206061 -0.02429693 -0.1350463 0.01934409 0.9906505 -0.03262585 0 0 0 1 0.993699 -0.06793153 0.08914893 0.1994789 0.06720179 0.9976769 0.01116484 -0.009411513 -0.08970034 -0.005103528 0.9959557 -0.02304226 0 0 0 1 0.9882826 -0.1466608 0.04228603 0.2004415 0.145386 0.9888637 0.03181004 0.006290733 -0.04648041 -0.02528947 0.9985991 -0.01396632 0 0 0 1 0.9770565 -0.2129516 0.003536939 0.1999173 0.2126626 0.9763692 0.03844952 0.01997309 -0.01164126 -0.03681516 0.9992544 -0.006750881 0 0 0 1 0.9666956 -0.2553191 -0.01765358 0.1989274 0.2557595 0.9662635 0.03036552 0.02885097 0.009305119 -0.0338692 0.9993831 -0.002636671 0 0 0 1 0.9601551 -0.2785584 -0.02252525 0.1981776 0.2788069 0.9603077 0.008710443 0.03370261 0.01920479 -0.01464349 0.9997082 -0.001100659 0 0 0 1 0.9552841 -0.2950766 -0.01903957 0.1975636 0.2946273 0.9553294 -0.02324533 0.03714329 0.02504825 0.01659631 0.9995486 -6.46148e-4 0 0 0 1 0.9523019 -0.3050346 -0.008672058 0.1971408 0.3039355 0.9506454 -0.0624243 0.03931516 0.02728569 0.05681115 0.9980121 -0.001109123 0 0 0 1 0.9511841 -0.3085471 0.006880879 0.1969158 0.3075131 0.9456352 -0.1058761 0.04037278 0.02616089 0.1028237 0.9943555 -0.002364575 0 0 0 1 0.9517332 -0.3058384 0.02581185 0.196864 0.3061478 0.9399749 -0.1507321 0.04046583 0.02183717 0.151359 0.9882375 -0.004303336 0 0 0 1 0.9536439 -0.2973535 0.04631006 0.1969435 0.3005884 0.9337746 -0.1941956 0.03972643 0.01450151 0.1991137 0.9798692 -0.006813704 0 0 0 1 0.9565591 -0.2838139 0.06666541 0.1971095 0.2915045 0.9276193 -0.233554 0.03826069 0.004445672 0.2428416 0.9700558 -0.009767711 0 0 0 1 0.960126 -0.2662192 0.08535462 0.1973215 0.2794566 0.9225232 -0.2661858 0.0361436 -0.007877826 0.2794249 0.9601353 -0.01301085 0 0 0 1 0.9653605 -0.2389284 0.1048436 0.197641 0.2595863 0.9200496 -0.2934685 0.03237658 -0.02634334 0.3105189 0.9502021 -0.0173549 0 0 0 1 0.9718601 -0.1984086 0.126973 0.1978973 0.2293983 0.9196489 -0.3187829 0.02649194 -0.05352133 0.3389398 0.9392845 -0.02337229 0 0 0 1 0.9774052 -0.1492137 0.1497138 0.1977618 0.1928337 0.9195343 -0.3424495 0.01931893 -0.08656883 0.3635818 0.9275312 -0.0304709 0 0 0 1 0.9804996 -0.09622603 0.1713503 0.1970562 0.1538357 0.9183971 -0.3645291 0.01167505 -0.1222904 0.3837805 0.915291 -0.03799939 0 0 0 1 0.9806782 -0.0445559 0.1904858 0.1958117 0.1163442 0.9156376 -0.3848011 0.004359424 -0.1572707 0.3995279 0.9031298 -0.04527878 0 0 0 1 0.9785474 5.89833e-4 0.2060202 0.1942741 0.08425366 0.9114045 -0.4027944 -0.001856088 -0.1880053 0.4115115 0.8918028 -0.05162894 0 0 0 1</float_array>
        <technique_common>
          <accessor source="#node-Bip01_Spine_matrix-output-array" count="30" stride="16">
            <param name="TRANSFORM" type="float4x4"/>
          </accessor>
        </technique_common>
      </source>
      <source id="node-Bip01_Spine_matrix-interpolation">
        <Name_array id="node-Bip01_Spine_matrix-interpolation-array" count="30">LINEAR LINEAR LINEAR LINEAR LINEAR LINEAR LINEAR LINEAR LINEAR LINEAR LINEAR LINEAR LINEAR LINEAR LINEAR LINEAR LINEAR LINEAR LINEAR LINEAR LINEAR LINEAR LINEAR LINEAR LINEAR LINEAR LINEAR LINEAR LINEAR LINEAR</Name_array>
        <technique_common>
          <accessor source="#node-Bip01_Spine_matrix-interpolation-array" count="30" stride="1">
            <param name="INTERPOLATION" type="name"/>
          </accessor>
        </technique_common>
      </source>
      <source id="node-Bip01_L_Thigh_matrix-input">
        <float_array id="node-Bip01_L_Thigh_matrix-input-array" count="30">31.33333 31.36667 31.4 31.43333 31.46667 31.5 31.53333 31.56667 31.6 31.63333 31.66667 31.7 31.73333 31.76667 31.8 31.83333 31.86667 31.9 31.93333 31.96667 32 32.03333 32.06667 32.1 32.13334 32.16667 32.2 32.23333 32.26667 32.3</float_array>
        <technique_common>
          <accessor source="#node-Bip01_L_Thigh_matrix-input-array" count="30" stride="1">
            <param name="TIME" type="float"/>
          </accessor>
        </technique_common>
      </source>
      <source id="node-Bip01_L_Thigh_matrix-output">
        <float_array id="node-Bip01_L_Thigh_matrix-output-array" count="480">-0.9192136 0.3766663 0.114757 -0.22656 0.3921214 0.8490943 0.3539491 0.07649296 0.03588116 0.3703534 -0.9281976 0.1177364 0 0 0 1 -0.9347826 0.3330515 0.1235248 -0.2269793 0.355046 0.8651162 0.3542829 0.07300072 0.01113104 0.3750345 -0.9269441 0.1192377 0 0 0 1 -0.9563911 0.2588599 0.1353064 -0.2277043 0.2907292 0.8882944 0.3555415 0.0686286 -0.02815639 0.3793741 -0.9248149 0.1208906 0 0 0 1 -0.9724726 0.1803274 0.1475778 -0.2284932 0.2224714 0.9068925 0.3578439 0.06357055 -0.0693081 0.3808253 -0.9220458 0.1225776 0 0 0 1 -0.978139 0.1346116 0.1585048 -0.2291315 0.1842538 0.9143847 0.3604874 0.05804359 -0.0964086 0.3818119 -0.919198 0.1241973 0 0 0 1 -0.9781407 0.1212255 0.1689535 -0.229445 0.1761218 0.914923 0.3631765 0.05228728 -0.1105532 0.384994 -0.9162738 0.1256754 0 0 0 1 -0.9767836 0.117049 0.1794247 -0.2293041 0.1767104 0.9137059 0.3659441 0.04656064 -0.121108 0.3891544 -0.9131768 0.1269685 0 0 0 1 -0.9741559 0.1234923 0.1891303 -0.2286221 0.1869427 0.910753 0.368214 0.04112833 -0.1267794 0.3940543 -0.9103013 0.1280661 0 0 0 1 -0.9701493 0.1405348 0.1976367 -0.2273465 0.2065195 0.905977 0.369534 0.03625112 -0.127122 0.399319 -0.9079562 0.1289871 0 0 0 1 -0.9647594 0.1649164 0.205042 -0.2254416 0.2323568 0.8996266 0.3697056 0.03217053 -0.1234908 0.4043198 -0.9062426 0.129772 0 0 0 1 -0.9571503 0.1976408 0.2116632 -0.2220004 0.2654822 0.8908256 0.3687131 0.02864718 -0.1156822 0.4091065 -0.905124 0.1306487 0 0 0 1 -0.9458627 0.2410943 0.2172963 -0.2168732 0.3079951 0.8779247 0.3665888 0.02528923 -0.1023873 0.4136688 -0.9046519 0.1315652 0 0 0 1 -0.9305562 0.2913908 0.2217125 -0.2110922 0.3561654 0.8608047 0.3635405 0.02217251 -0.08491879 0.4172613 -0.9048106 0.1322416 0 0 0 1 -0.9113591 0.344884 0.2246768 -0.2055823 0.4065183 0.839773 0.3598949 0.01959908 -0.06455552 0.4193288 -0.9055364 0.1325786 0 0 0 1 -0.8887543 0.3989004 0.2258199 -0.2011408 0.4564454 0.815414 0.3560308 0.0181297 -0.04211592 0.4194984 -0.9067787 0.1326621 0 0 0 1 -0.8629697 0.4527253 0.2243286 -0.1984704 0.5049607 0.7879745 0.3522944 0.01850527 -0.01727265 0.4172964 -0.9086064 0.1326785 0 0 0 1 -0.8265985 0.5186761 0.2184267 -0.1972083 0.562537 0.7497728 0.3484153 0.02095633 0.01694416 0.4108727 -0.9115355 0.13272 0 0 0 1 -0.7723131 0.6007279 0.2065396 -0.1964632 0.6320416 0.6940751 0.3446499 0.024939 0.06368678 0.3967192 -0.9157281 0.1326996 0 0 0 1 -0.7041794 0.6844157 0.1889625 -0.196178 0.7004945 0.6262224 0.3422763 0.03006583 0.1159268 0.3733911 -0.9204022 0.1325038 0 0 0 1 -0.6346824 0.7542921 0.167994 -0.1963214 0.7551078 0.5591257 0.3423313 0.03593182 0.1642879 0.3441253 -0.924439 0.1320376 0 0 0 1 -0.5853826 0.7971403 0.1479697 -0.1968727 0.786009 0.513233 0.3446475 0.04211938 0.1987893 0.3180562 -0.9269969 0.1312576 0 0 0 1 -0.5626066 0.8163284 0.130698 -0.1978077 0.7970138 0.4935654 0.3480836 0.04820746 0.2196424 0.3000022 -0.9283082 0.1301907 0 0 0 1 -0.5585517 0.821291 0.1161947 -0.1990898 0.7964655 0.4919168 0.3516542 0.05378216 0.2316522 0.2889621 -0.9288909 0.1289396 0 0 0 1 -0.5732103 0.8125708 0.1056353 -0.200661 0.7851802 0.5078123 0.3544274 0.0584461 0.2343543 0.2861042 -0.9290977 0.1276749 0 0 0 1 -0.6031361 0.7915129 0.09866368 -0.2030151 0.7641269 0.5378816 0.3560811 0.06241011 0.2287734 0.290157 -0.9292319 0.1264086 0 0 0 1 -0.6428249 0.7601771 0.09437763 -0.2064799 0.7347153 0.5770041 0.3567354 0.06603336 0.2167257 0.2986589 -0.9294261 0.1250167 0 0 0 1 -0.686264 0.7214542 0.09244281 -0.210693 0.6993183 0.6195177 0.3565837 0.06917494 0.1999887 0.3093575 -0.9296787 0.1235183 0 0 0 1 -0.7463813 0.6586294 0.09551161 -0.215247 0.6436228 0.6778426 0.355358 0.07174992 0.1693074 0.3267059 -0.929838 0.1219578 0 0 0 1 -0.8198328 0.5632564 0.1030366 -0.2197065 0.559418 0.7494882 0.3540044 0.07375752 0.1221705 0.3478651 -0.9295507 0.1204075 0 0 0 1 -0.8824713 0.4571757 0.1106114 -0.2236248 0.4648388 0.8116987 0.3536527 0.07528525 0.07189828 0.3635048 -0.9288138 0.1189634 0 0 0 1</float_array>
        <technique_common>
          <accessor source="#node-Bip01_L_Thigh_matrix-output-array" count="30" stride="16">
            <param name="TRANSFORM" type="float4x4"/>
          </accessor>
        </technique_common>
      </source>
      <source id="node-Bip01_L_Thigh_matrix-interpolation">
        <Name_array id="node-Bip01_L_Thigh_matrix-interpolation-array" count="30">LINEAR LINEAR LINEAR LINEAR LINEAR LINEAR LINEAR LINEAR LINEAR LINEAR LINEAR LINEAR LINEAR LINEAR LINEAR LINEAR LINEAR LINEAR LINEAR LINEAR LINEAR LINEAR LINEAR LINEAR LINEAR LINEAR LINEAR LINEAR LINEAR LINEAR</Name_array>
        <technique_common>
          <accessor source="#node-Bip01_L_Thigh_matrix-interpolation-array" count="30" stride="1">
            <param name="INTERPOLATION" type="name"/>
          </accessor>
        </technique_common>
      </source>
      <source id="node-Bip01_L_Calf_matrix-input">
        <float_array id="node-Bip01_L_Calf_matrix-input-array" count="30">31.33333 31.36667 31.4 31.43333 31.46667 31.5 31.53333 31.56667 31.6 31.63333 31.66667 31.7 31.73333 31.76667 31.8 31.83333 31.86667 31.9 31.93333 31.96667 32 32.03333 32.06667 32.1 32.13334 32.16667 32.2 32.23333 32.26667 32.3</float_array>
        <technique_common>
          <accessor source="#node-Bip01_L_Calf_matrix-input-array" count="30" stride="1">
            <param name="TIME" type="float"/>
          </accessor>
        </technique_common>
      </source>
      <source id="node-Bip01_L_Calf_matrix-output">
