<?xml version="1.0" encoding="utf-8"?>
<COLLADA xmlns="http://www.collada.org/2005/11/COLLADASchema" version="1.4.1">
  <asset>
    <contributor>
      <author>MattO</author>
      <authoring_tool>OpenCOLLADA for 3ds Max;  Version: 1.3.0;  Revision: 839M;  Platform: x64;  Configuration: Release_Max2012</authoring_tool>
      <source_data>file:///C:/Dropbox/Prj/GGStout/Disposition_SourceArt/Soldier_TP_Disposition_Animation_Master03.max</source_data>
    </contributor>
    <created>2011-10-07T14:38:49</created>
    <modified>2011-10-07T14:38:49</modified>
    <unit name="meter" meter="1"/>
    <up_axis>Z_UP</up_axis>
  </asset>
  <library_effects>
    <effect id="ShapeBounds">
      <profile_COMMON>
        <technique sid="common">
          <blinn>
            <emission>
              <color>0 0 0 1</color>
            </emission>
            <ambient>
              <color>0.1647059 1 0 1</color>
            </ambient>
            <diffuse>
              <color>0.1647059 1 0 1</color>
            </diffuse>
            <specular>
              <color>0.9 0.9 0.9 1</color>
            </specular>
            <shininess>
              <float>10</float>
            </shininess>
            <reflective>
              <color>0 0 0 1</color>
            </reflective>
            <transparent opaque="A_ONE">
              <color>1 1 1 1</color>
            </transparent>
            <transparency>
              <float>1</float>
            </transparency>
          </blinn>
        </technique>
      </profile_COMMON>
      <extra>
        <technique profile="OpenCOLLADA3dsMax">
          <extended_shader>
            <apply_reflection_dimming>0</apply_reflection_dimming>
            <dim_level>0</dim_level>
            <falloff_type>0</falloff_type>
            <index_of_refraction>1.5</index_of_refraction>
            <opacity_type>0</opacity_type>
            <reflection_level>3</reflection_level>
            <wire_size>1</wire_size>
            <wire_units>0</wire_units>
          </extended_shader>
          <shader>
            <ambient_diffuse_lock>1</ambient_diffuse_lock>
            <ambient_diffuse_texture_lock>1</ambient_diffuse_texture_lock>
            <diffuse_specular_lock>0</diffuse_specular_lock>
            <soften>0.1</soften>
            <use_self_illum_color>0</use_self_illum_color>
          </shader>
        </technique>
      </extra>
    </effect>
  </library_effects>
  <library_materials>
    <material id="ShapeBounds-material" name="ShapeBounds">
      <instance_effect url="#ShapeBounds"/>
    </material>
  </library_materials>
  <library_geometries>
    <geometry id="geom-Bounds" name="Bounds">
      <mesh>
        <source id="geom-Bounds-positions">
          <float_array id="geom-Bounds-positions-array" count="24">-0.425 -0.425 0 0.425 -0.425 0 -0.425 0.425 0 0.425 0.425 0 -0.425 -0.425 1.84 0.425 -0.425 1.84 -0.425 0.425 1.84 0.425 0.425 1.84</float_array>
          <technique_common>
            <accessor source="#geom-Bounds-positions-array" count="8" stride="3">
              <param name="X" type="float"/>
              <param name="Y" type="float"/>
              <param name="Z" type="float"/>
            </accessor>
          </technique_common>
        </source>
        <source id="geom-Bounds-normals">
          <float_array id="geom-Bounds-normals-array" count="72">0 0 -1 0 0 -1 0 0 -1 0 0 -1 0 0 1 0 0 1 0 0 1 0 0 1 0 -1 0 0 -1 0 0 -1 0 0 -1 0 1 0 0 1 0 0 1 0 0 1 0 0 0 1 0 0 1 0 0 1 0 0 1 0 -1 0 0 -1 0 0 -1 0 0 -1 0 0</float_array>
          <technique_common>
            <accessor source="#geom-Bounds-normals-array" count="24" stride="3">
              <param name="X" type="float"/>
              <param name="Y" type="float"/>
              <param name="Z" type="float"/>
            </accessor>
          </technique_common>
        </source>
        <source id="geom-Bounds-map1">
          <float_array id="geom-Bounds-map1-array" count="36">0 0 0 1 0 0 0 1 0 1 1 0 0 0 0 1 0 0 0 1 0 1 1 0 0 0 0 1 0 0 0 1 0 1 1 0</float_array>
          <technique_common>
            <accessor source="#geom-Bounds-map1-array" count="12" stride="3">
              <param name="S" type="float"/>
              <param name="T" type="float"/>
              <param name="P" type="float"/>
            </accessor>
          </technique_common>
        </source>
        <vertices id="geom-Bounds-vertices">
          <input semantic="POSITION" source="#geom-Bounds-positions"/>
        </vertices>
        <triangles material="ShapeBounds" count="12">
          <input semantic="VERTEX" source="#geom-Bounds-vertices" offset="0"/>
          <input semantic="NORMAL" source="#geom-Bounds-normals" offset="1"/>
          <input semantic="TEXCOORD" source="#geom-Bounds-map1" offset="2" set="0"/>
          <p>0 0 9 2 1 11 3 2 10 3 2 10 1 3 8 0 0 9 4 4 8 5 5 9 7 6 11 7 6 11 6 7 10 4 4 8 0 8 4 1 9 5 5 10 7 5 10 7 4 11 6 0 8 4 1 12 0 3 13 1 7 14 3 7 14 3 5 15 2 1 12 0 3 16 4 2 17 5 6 18 7 6 18 7 7 19 6 3 16 4 2 20 0 0 21 1 4 22 3 4 22 3 6 23 2 2 20 0</p>
        </triangles>
      </mesh>
      <extra>
        <technique profile="OpenCOLLADA3dsMax">
          <max_box>
            <generateuvs>1</generateuvs>
            <height>1.84</height>
            <heightsegments>1</heightsegments>
            <length>0.85</length>
            <lengthsegments>1</lengthsegments>
            <width>0.85</width>
            <widthsegments>1</widthsegments>
          </max_box>
        </technique>
      </extra>
    </geometry>
  </library_geometries>
  <library_lights>
    <light id="EnvironmentAmbientLight" name="EnvironmentAmbientLight">
      <technique_common>
        <ambient>
          <color>0 0 0</color>
        </ambient>
      </technique_common>
    </light>
  </library_lights>
  <library_visual_scenes>
    <visual_scene id="MaxScene">
      <node name="EnvironmentAmbientLight">
        <instance_light url="#EnvironmentAmbientLight"/>
      </node>
      <node id="node-Bip01" name="Bip01">
        <matrix>0.7792376 -0.6267173 0.003750267 -8.10623e-5 0.6267178 0.7792454 0.001183462 0.009366653 -0.003664074 0.001428161 0.9999923 0.7990584 0 0 0 1</matrix>
        <node id="node-Bip01_Pelvis" name="Bip01_Pelvis">
          <matrix sid="matrix">-0.009626727 0.991236 0.1317526 0 -0.1217413 -0.1319404 0.9837534 0 0.9925151 -0.0065694 0.1219445 0 0 0 0 1</matrix>
          <node id="node-Bip01_Spine" name="Bip01_Spine">
            <matrix sid="matrix">0.9994991 0.03113755 0.005690239 0.1974968 -0.03126512 0.9992253 0.02390385 0.02499225 -0.004941531 -0.02406975 0.9996982 0.02780569 0 0 0 1</matrix>
            <node id="node-Bip01_Spine1" name="Bip01_Spine1">
              <matrix sid="matrix">0.979529 0.1313833 0.1525168 0.1022164 -0.1391307 0.9894149 0.04124075 -9.99458e-5 -0.145484 -0.06161632 0.9874402 6.21378e-6 0 0 0 1</matrix>
              <node id="node-Bip01_Spine2" name="Bip01_Spine2">
                <matrix sid="matrix">0.9539154 -0.0187569 0.2994885 0.1268694 -0.02263179 0.9907046 0.1341332 -1.6965e-4 -0.2992207 -0.1347297 0.9446241 2.31564e-5 0 0 0 1</matrix>
                <node id="node-Bip01_Neck" name="Bip01_Neck">
                  <matrix sid="matrix">0.8171321 -0.4085236 0.4066985 0.2151058 0.4048326 0.9089458 0.09964176 -5.00754e-5 -0.4103729 0.08322429 0.9081123 -4.64916e-6 0 0 0 1</matrix>
                  <node id="node-Bip01_Head" name="Bip01_Head">
                    <matrix sid="matrix">0.8493987 -0.2495631 -0.465016 0.07051814 -0.3973382 0.2775034 -0.8747081 -0.01395914 0.3473386 0.9277446 0.13655 0 0 0 0 1</matrix>
                    <node id="node-AltEye" name="AltEye">
                      <matrix sid="matrix">0.1463264 -0.6059976 0.7818927 0.06454694 -0.05168425 0.7846375 0.6177976 0.2214612 -0.9878855 -0.1308119 0.08349253 0.04716256 0 0 0 1</matrix>
                    </node>
                  </node>
                  <node id="node-Bip01_L_Clavicle" name="Bip01_L_Clavicle">
                    <matrix sid="matrix">-0.1852753 -0.4812886 0.856758 -0.05048633 0.200608 -0.8720167 -0.4464785 -0.008999944 0.9619925 0.08915102 0.2581137 0.05327833 0 0 0 1</matrix>
                    <node id="node-Bip01_L_UpperArm" name="Bip01_L_UpperArm">
                      <matrix sid="matrix">0.954684 -0.01849464 0.2970465 0.1824005 -0.2740898 0.3343332 0.9017186 -3.72529e-9 -0.1159892 -0.9422734 0.3141134 -1.19209e-7 0 0 0 1</matrix>
                      <node id="node-Bip01_L_Forearm" name="Bip01_L_Forearm">
                        <matrix sid="matrix">0.6133681 0.7897971 -2.98023e-8 0.2843688 -0.789797 0.6133683 0 0 -8.9407e-8 -1.67638e-8 1 -5.96046e-8 0 0 0 1</matrix>
                        <node id="node-Bip01_L_Hand" name="Bip01_L_Hand">
                          <matrix sid="matrix">0.9263864 -0.1762451 -0.332785 0.281068 -0.2620376 -0.936375 -0.2335338 0 -0.2704524 0.3035448 -0.9136279 -5.96046e-8 0 0 0 1</matrix>
                          <node id="node-Bip01_L_Finger0" name="Bip01_L_Finger0">
                            <matrix>0.6413841 0.3141903 0.6999362 0.02119696 0.7352948 0.008702956 -0.6776914 -0.004734248 -0.2190155 0.9493202 -0.2254407 -0.02572215 0 0 0 1</matrix>
                            <node id="node-Bip01_L_Finger01" name="Bip01_L_Finger01">
                              <matrix>0.9975641 -0.06975645 -2.98023e-8 0.04982841 0.06975645 0.997564 -5.96046e-8 1.19209e-7 5.96046e-8 2.98023e-8 1 0 0 0 0 1</matrix>
                              <node id="node-Bip01_L_Finger02" name="Bip01_L_Finger02">
                                <matrix>0.9203137 0.3911815 0 0.05202228 -0.3911815 0.9203137 -2.98023e-8 1.78814e-7 2.98023e-8 -5.96046e-8 1 -2.38419e-7 0 0 0 1</matrix>
                              </node>
                            </node>
                          </node>
                          <node id="node-Bip01_L_Finger1" name="Bip01_L_Finger1">
                            <matrix>0.9592717 -0.2819768 -0.01693499 0.1199948 0.2798395 0.9567645 -0.07931918 -0.008367509 0.03856897 0.07134949 0.9967054 -0.04101384 0 0 0 1</matrix>
                            <node id="node-Bip01_L_Finger11" name="Bip01_L_Finger11">
                              <matrix>0.7001772 -0.7139691 0 0.03644156 0.7139692 0.7001773 1.49012e-8 0 0 2.98023e-8 1 2.38419e-7 0 0 0 1</matrix>
                              <node id="node-Bip01_L_Finger12" name="Bip01_L_Finger12">
                                <matrix>0.8757258 -0.4828088 0 0.03117549 0.4828088 0.8757259 0 -1.19209e-7 0 -5.96046e-8 1 0 0 0 0 1</matrix>
                              </node>
                            </node>
                          </node>
                          <node id="node-Bip01_L_Finger2" name="Bip01_L_Finger2">
                            <matrix>0.6611331 -0.7495597 -0.03260916 0.1229539 0.7489769 0.656822 0.08728345 -0.008802056 -0.04400575 -0.08212951 0.9956497 -0.01328254 0 0 0 1</matrix>
                            <node id="node-Bip01_L_Finger21" name="Bip01_L_Finger21">
                              <matrix>0.8156036 -0.5786112 0 0.03895521 0.5786113 0.8156037 -2.98023e-8 0 2.23517e-8 -2.98023e-8 1 -1.19209e-7 0 0 0 1</matrix>
                              <node id="node-Bip01_L_Finger22" name="Bip01_L_Finger22">
                                <matrix>0.9762962 -0.2164397 -7.45058e-9 0.03800538 0.2164396 0.9762961 2.98023e-8 2.38419e-7 1.86265e-8 -5.96046e-8 1 1.19209e-7 0 0 0 1</matrix>
                              </node>
                            </node>
                          </node>
                          <node id="node-Bip01_L_Finger3" name="Bip01_L_Finger3">
                            <matrix>0.4124629 -0.906479 -0.09038851 0.121188 0.9061533 0.3980611 0.1429456 -0.001191229 -0.09359705 -0.1408657 0.9855944 0.01196885 0 0 0 1</matrix>
                            <node id="node-Bip01_L_Finger31" name="Bip01_L_Finger31">
                              <matrix>0.938148 -0.3462352 1.49012e-8 0.03155851 0.3462351 0.9381478 2.98023e-8 1.19209e-7 3.72529e-8 2.98023e-8 1 -1.19209e-7 0 0 0 1</matrix>
                              <node id="node-Bip01_L_Finger32" name="Bip01_L_Finger32">
                                <matrix>0.9636304 -0.2672384 -7.45058e-9 0.03366597 0.2672384 0.9636304 -2.98023e-8 0 3.35276e-8 2.98023e-8 1 0 0 0 0 1</matrix>
                              </node>
                            </node>
                          </node>
                          <node id="node-Bip01_L_Finger4" name="Bip01_L_Finger4">
                            <matrix>0.07120568 -0.9696807 0.2337719 0.1136796 0.9750155 0.1171046 0.1887628 0.005147398 -0.2104155 0.2144902 0.9537921 0.0388658 0 0 0 1</matrix>
                            <node id="node-Bip01_L_Finger41" name="Bip01_L_Finger41">
                              <matrix>0.9790112 -0.2038069 7.45058e-9 0.03661624 0.2038069 0.9790112 5.96046e-8 1.19209e-7 0 5.96046e-8 1 -5.96046e-8 0 0 0 1</matrix>
                              <node id="node-Bip01_L_Finger42" name="Bip01_L_Finger42">
                                <matrix>0.964515 0.2640274 -7.45058e-9 0.01772633 -0.2640274 0.9645153 0 1.19209e-7 -1.49012e-8 0 1 1.19209e-7 0 0 0 1</matrix>
                              </node>
                            </node>
                          </node>
                        </node>
                      </node>
                    </node>
                  </node>
                  <node id="node-Bip01_R_Clavicle" name="Bip01_R_Clavicle">
                    <matrix sid="matrix">0.3551725 -0.02765304 -0.9343916 0.005609632 0.6295869 -0.7317889 0.2609701 -0.02037588 -0.6909941 -0.6809701 -0.2425014 -0.07085574 0 0 0 1</matrix>
                    <node id="node-Bip01_R_UpperArm" name="Bip01_R_UpperArm">
                      <matrix sid="matrix">0.1830103 0.9718453 -0.1484058 0.1824006 -0.9553719 0.2114145 0.2063219 5.96046e-8 0.2318878 0.1040237 0.9671643 -1.19209e-7 0 0 0 1</matrix>
                      <node id="node-Bip01_R_Forearm" name="Bip01_R_Forearm">
                        <matrix sid="matrix">0.4932253 0.8699016 -2.98023e-8 0.2843689 -0.8699015 0.4932255 -2.98023e-8 0 0 2.98023e-8 0.9999999 -1.19209e-7 0 0 0 1</matrix>
                        <node id="node-Bip01_R_Hand" name="Bip01_R_Hand">
                          <matrix sid="matrix">0.803719 0.3430738 -0.486144 0.2810681 -0.1246042 -0.701874 -0.7013175 -5.96046e-8 -0.5818156 0.6242379 -0.5213611 0 0 0 0 1</matrix>
                          <node id="node-Bip01_R_Finger0" name="Bip01_R_Finger0">
                            <matrix>0.5215107 0.269013 -0.8097275 0.0211966 0.7250717 0.3605265 0.5867638 -0.004734278 0.4497753 -0.8931141 -0.007035479 0.02572189 0 0 0 1</matrix>
                            <node id="node-Bip01_R_Finger01" name="Bip01_R_Finger01">
                              <matrix>0.6423534 -0.7636237 0.06527573 0.04982853 0.7605617 0.6456373 0.06854747 0 -0.09448883 0.005614489 0.9955101 0 0 0 0 1</matrix>
                              <node id="node-Bip01_R_Finger02" name="Bip01_R_Finger02">
                                <matrix>0.9505158 -0.3106766 0 0.0520224 0.3106763 0.950516 0 -5.96046e-8 0 5.96046e-8 1 -1.19209e-7 0 0 0 1</matrix>
                              </node>
                            </node>
                          </node>
                          <node id="node-Bip01_R_Finger1" name="Bip01_R_Finger1">
                            <matrix>0.9820225 -0.1733427 -0.0747267 0.1199946 0.1795577 0.9799359 0.08651489 -0.008367568 0.05823062 -0.09837738 0.9934441 0.0410139 0 0 0 1</matrix>
                            <node id="node-Bip01_R_Finger11" name="Bip01_R_Finger11">
                              <matrix>0.8240548 -0.5665103 2.23517e-8 0.03644192 0.5665102 0.8240547 -2.6077e-8 -5.96046e-8 -2.23517e-8 0 1 0 0 0 0 1</matrix>
                              <node id="node-Bip01_R_Finger12" name="Bip01_R_Finger12">
                                <matrix>0.8146398 -0.5796778 0.01831834 0.03117537 0.5799672 0.8142334 -0.02573048 2.38419e-7 2.32831e-8 0.03158512 0.999501 -1.49012e-8 0 0 0 1</matrix>
                              </node>
                            </node>
                          </node>
                          <node id="node-Bip01_R_Finger2" name="Bip01_R_Finger2">
                            <matrix>0.6754014 -0.7374505 -1.52111e-4 0.1229539 0.7368313 0.6748428 -0.04082686 -0.008802056 0.03021043 0.02746241 0.9991663 0.01328245 0 0 0 1</matrix>
                            <node id="node-Bip01_R_Finger21" name="Bip01_R_Finger21">
                              <matrix>0.5508358 -0.8338859 -0.03484872 0.03895503 0.832222 0.551937 -0.05265061 2.38419e-7 0.06313892 0 0.9980048 -2.98023e-8 0 0 0 1</matrix>
                              <node id="node-Bip01_R_Finger22" name="Bip01_R_Finger22">
                                <matrix>0.1984734 -0.9799247 0.01886613 0.03800541 0.9755273 0.1993681 0.09272985 0 -0.09462957 9.31323e-9 0.9955127 0 0 0 0 1</matrix>
                              </node>
                            </node>
                          </node>
                          <node id="node-Bip01_R_Finger3" name="Bip01_R_Finger3">
                            <matrix>0.7159052 -0.6949216 0.06755453 0.1211882 0.6883786 0.6863562 -0.234627 -0.001191229 0.1166809 0.2144738 0.9697353 -0.01196867 0 0 0 1</matrix>
                            <node id="node-Bip01_R_Finger31" name="Bip01_R_Finger31">
                              <matrix>0.4441952 -0.8949345 0.04222351 0.03155839 0.8909186 0.4461976 0.08468729 0 -0.09462961 2.98023e-8 0.9955127 -2.98023e-8 0 0 0 1</matrix>
                              <node id="node-Bip01_R_Finger32" name="Bip01_R_Finger32">
                                <matrix>0.1993681 -0.9794359 -0.03095105 0.03366601 0.9799248 0.1992686 0.006297037 1.19209e-7 -1.49012e-8 -0.03158511 0.9995011 -2.98023e-8 0 0 0 1</matrix>
                              </node>
                            </node>
                          </node>
                          <node id="node-Bip01_R_Finger4" name="Bip01_R_Finger4">
                            <matrix>0.5925791 -0.789795 -0.1583476 0.1136798 0.7783522 0.6120423 -0.1399001 0.005147427 0.2074078 -0.04034832 0.9774221 -0.03886572 0 0 0 1</matrix>
                            <node id="node-Bip01_R_Finger41" name="Bip01_R_Finger41">
                              <matrix>0.4202556 -0.9064697 0.04120623 0.03661621 0.9068531 0.421151 0.0157878 1.19209e-7 -0.03166521 0.03073304 0.999026 1.49012e-8 0 0 0 1</matrix>
                              <node id="node-Bip01_R_Finger42" name="Bip01_R_Finger42">
                                <matrix>0.402447 -0.9138247 -0.05441485 0.0177263 0.9154232 0.4021219 0.01728317 -1.19209e-7 0.006087607 -0.05676818 0.9983688 -1.49012e-8 0 0 0 1</matrix>
                              </node>
                            </node>
                          </node>
                          <node id="node-mount0" name="mount0">
                            <matrix>-0.004997194 0.9999837 -0.002795175 0.09410727 -0.9999509 -0.005020935 -0.008545239 0.01837558 -0.008559125 0.002752349 0.9999597 0.0112064 0 0 0 1</matrix>
                          </node>
                        </node>
                      </node>
                    </node>
                  </node>
                </node>
                <node id="node-Bip01_L_Pauldron_Upper" name="Bip01_L_Pauldron_Upper">
                  <matrix sid="matrix">0.9411858 0.1176718 -0.3167374 0.2378187 0.05457855 -0.9780348 -0.2011718 1.61603e-4 -0.3334523 0.1720531 -0.9269346 0.23557 0 0 0 1</matrix>
                </node>
                <node id="node-Bip01_R_Pauldron_Lower" name="Bip01_R_Pauldron_Lower">
                  <matrix>-0.1156725 -0.9403759 -0.3198653 0.172906 0.9097751 -0.2295502 0.3458564 -0.1133294 -0.3986599 -0.2509995 0.8820827 -0.2351095 0 0 0 1</matrix>
                </node>
                <node id="node-Bip01_L_Pauldron_Lower" name="Bip01_L_Pauldron_Lower">
                  <matrix sid="matrix">0.2046718 -0.6534802 0.728748 0.2464252 0.1017765 -0.7262657 -0.6798383 -0.04385314 0.9735252 0.2133131 -0.08213711 0.2253602 0 0 0 1</matrix>
                </node>
              </node>
            </node>
            <node id="node-Bip01_L_Thigh" name="Bip01_L_Thigh">
              <matrix sid="matrix">-0.7797647 0.6254062 0.02888178 -0.1971092 0.4037272 0.4670425 0.7866866 -0.0335216 0.4785096 0.6250907 -0.6166767 0.09792942 0 0 0 1</matrix>
              <node id="node-Bip01_L_Calf" name="Bip01_L_Calf">
                <matrix sid="matrix">0.3964404 0.9180604 -1.86265e-9 0.4629987 -0.9180604 0.3964405 -3.72529e-9 0 -1.11759e-8 -4.37722e-8 1 -7.45058e-9 0 0 0 1</matrix>
                <node id="node-Bip01_L_Foot" name="Bip01_L_Foot">
                  <matrix sid="matrix">0.9291645 -0.3606355 -0.08121213 0.3610501 0.3686246 0.9203926 0.130358 4.47035e-8 0.02773535 -0.1510609 0.9881353 0 0 0 0 1</matrix>
                  <node id="node-Bip01_L_Toe0" name="Bip01_L_Toe0">
                    <matrix>4.76837e-7 -1 1.39046e-6 0.1486307 1 4.7707e-7 2.30575e-8 0.1543275 -2.30466e-8 1.38953e-6 1 0 0 0 0 1</matrix>
                  </node>
                </node>
              </node>
            </node>
            <node id="node-Bip01_R_Thigh" name="Bip01_R_Thigh">
              <matrix sid="matrix">-0.8950222 0.01816693 0.4456514 -0.1958489 0.2165651 0.8911848 0.3986087 -0.02738479 -0.3899163 0.4532762 -0.8015646 -0.1569665 0 0 0 1</matrix>
              <node id="node-Bip01_R_Calf" name="Bip01_R_Calf">
                <matrix>0.4440019 0.8960259 0 0.4629988 -0.8960257 0.4440019 -1.49012e-8 3.72529e-9 -2.98023e-8 -2.98023e-8 1 0 0 0 0 1</matrix>
                <node id="node-Bip01_R_Foot" name="Bip01_R_Foot">
                  <matrix sid="matrix">0.6470501 -0.7363827 0.1976538 0.3610502 0.7123471 0.6762872 0.1876098 -1.49012e-8 -0.2718232 0.01940519 0.9621516 5.96046e-8 0 0 0 1</matrix>
                  <node id="node-Bip01_R_Toe0" name="Bip01_R_Toe0">
                    <matrix sid="matrix">-0.1805807 -0.9786912 0.09774576 0.1486306 0.9833316 -0.1817878 -0.003513475 0.1543275 0.02120755 0.09548199 0.9952052 -2.98023e-8 0 0 0 1</matrix>
                  </node>
                </node>
              </node>
            </node>
          </node>
          <node id="node-Bip01_FannyPack" name="Bip01_FannyPack">
            <matrix>-0.9629918 -0.2062317 0.1735378 0.2299508 -0.2083319 0.9780385 0.006227079 -0.1378937 -0.1710108 -0.03015682 -0.9848076 0.01013964 0 0 0 1</matrix>
          </node>
        </node>
        <node id="node-Eye" name="Eye">
          <matrix>0.7792378 0.6267176 -0.003664054 0.05939456 -0.6267172 0.7792453 0.00142826 0.07235011 0.003750313 0.001183371 0.9999919 0.7713361 0 0 0 1</matrix>
          <node id="node-cam" name="cam">
            <matrix>1 -6.03104e-8 0 4.84288e-8 6.03104e-8 1 -2.32831e-9 -0.104 0 2.32831e-9 1 0.30056 0 0 0 1</matrix>
          </node>
        </node>
      </node>
      <node id="node-nulldetail1" name="nulldetail1">
        <matrix>1 0 0 0 0 1 0 0 0 0 1 0 0 0 0 1</matrix>
      </node>
      <node id="node-Bounds" name="Bounds">
        <matrix>0.9999915 0.001706907 0.003750479 0 -0.001711356 0.9999978 0.001183292 0.1035326 -0.003748452 -0.0011897 0.9999923 -8.93474e-5 0 0 0 1</matrix>
        <instance_geometry url="#geom-Bounds">
          <bind_material>
            <technique_common>
              <instance_material symbol="ShapeBounds" target="#ShapeBounds-material"/>
            </technique_common>
          </bind_material>
        </instance_geometry>
      </node>
    </visual_scene>
  </library_visual_scenes>
  <library_animations>
    <animation>
      <source id="node-Bip01_Pelvis_matrix-input">
        <float_array id="node-Bip01_Pelvis_matrix-input-array" count="11">27 27.03333 27.06667 27.1 27.13333 27.16667 27.2 27.23333 27.26667 27.3 27.33333</float_array>
        <technique_common>
          <accessor source="#node-Bip01_Pelvis_matrix-input-array" count="11" stride="1">
            <param name="TIME" type="float"/>
          </accessor>
        </technique_common>
      </source>
      <source id="node-Bip01_Pelvis_matrix-output">
        <float_array id="node-Bip01_Pelvis_matrix-output-array" count="176">-0.009626686 0.991236 0.1317526 0 -0.1217413 -0.1319403 0.9837534 0 0.9925152 -0.006569385 0.1219445 0 0 0 0 1 -0.009940087 0.9911621 0.1322827 0 -0.121455 -0.1325064 0.9837127 0 0.9925472 -0.00628817 0.1216987 0 0 0 0 1 -0.01055955 0.991015 0.1333325 0 -0.1208881 -0.1336271 0.983631 0 0.9926099 -0.005731523 0.121213 0 0 0 0 1 -0.01102226 0.9909041 0.1341182 0 -0.120464 -0.1344653 0.9835688 0 0.9926565 -0.005315244 0.1208504 0 0 0 0 1 -0.01087093 0.9909405 0.1338611 0 -0.1206028 -0.134191 0.9835892 0 0.9926413 -0.00545144 0.120969 0 0 0 0 1 -0.009626686 0.991236 0.1317526 0 -0.1217413 -0.1319403 0.9837534 0 0.9925152 -0.006569385 0.1219445 0 0 0 0 1 -0.009940087 0.9911621 0.1322827 0 -0.121455 -0.1325064 0.9837127 0 0.9925472 -0.00628817 0.1216987 0 0 0 0 1 -0.01055955 0.991015 0.1333325 0 -0.1208881 -0.1336271 0.983631 0 0.9926099 -0.005731523 0.121213 0 0 0 0 1 -0.01102226 0.9909041 0.1341182 0 -0.120464 -0.1344653 0.9835688 0 0.9926565 -0.005315244 0.1208504 0 0 0 0 1 -0.01087093 0.9909405 0.1338611 0 -0.1206028 -0.134191 0.9835892 0 0.9926413 -0.00545144 0.120969 0 0 0 0 1 -0.009626686 0.991236 0.1317526 0 -0.1217413 -0.1319403 0.9837534 0 0.9925152 -0.006569385 0.1219445 0 0 0 0 1</float_array>
        <technique_common>
          <accessor source="#node-Bip01_Pelvis_matrix-output-array" count="11" stride="16">
            <param name="TRANSFORM" type="float4x4"/>
          </accessor>
        </technique_common>
      </source>
      <source id="node-Bip01_Pelvis_matrix-interpolation">
        <Name_array id="node-Bip01_Pelvis_matrix-interpolation-array" count="11">LINEAR LINEAR LINEAR LINEAR LINEAR LINEAR LINEAR LINEAR LINEAR LINEAR LINEAR</Name_array>
        <technique_common>
          <accessor source="#node-Bip01_Pelvis_matrix-interpolation-array" count="11" stride="1">
            <param name="INTERPOLATION" type="name"/>
          </accessor>
        </technique_common>
      </source>
      <source id="node-Bip01_Spine_matrix-input">
        <float_array id="node-Bip01_Spine_matrix-input-array" count="11">27 27.03333 27.06667 27.1 27.13333 27.16667 27.2 27.23333 27.26667 27.3 27.33333</float_array>
        <technique_common>
          <accessor source="#node-Bip01_Spine_matrix-input-array" count="11" stride="1">
            <param name="TIME" type="float"/>
          </accessor>
        </technique_common>
      </source>
      <source id="node-Bip01_Spine_matrix-output">
        <float_array id="node-Bip01_Spine_matrix-output-array" count="176">0.9994991 0.03113752 0.005690217 0.1974968 -0.03126507 0.9992253 0.02390384 0.02499222 -0.004941523 -0.02406972 0.9996982 0.02780568 0 0 0 1 0.9993466 0.01057535 -0.03456151 0.1974964 -0.009577691 0.9995364 0.02890467 0.02504628 0.03485113 -0.02855485 0.9989845 0.02777117 0 0 0 1 0.9908082 -0.03774672 -0.1299018 0.1974965 0.04253935 0.9985052 0.03431862 0.02515333 0.1284121 -0.0395292 0.9909328 0.02770322 0 0 0 1 0.9656308 -0.09457105 -0.2421022 0.197498 0.1046413 0.9940856 0.0290504 0.02523368 0.237923 -0.05338603 0.9698157 0.02765303 0 0 0 1 0.9319534 -0.1413156 -0.3339056 0.1975028 0.1553196 0.9877431 0.01547467 0.02520805 0.3276261 -0.06628382 0.9424795 0.02767086 0 0 0 1 0.9142389 -0.1596023 -0.3724171 0.1975123 0.1756539 0.9844078 0.009333312 0.02499341 0.3651207 -0.07394945 0.9280187 0.02780967 0 0 0 1 0.9106193 -0.1647396 -0.3789902 0.1975107 0.181099 0.9834351 0.007655799 0.0250476 0.3714511 -0.0756064 0.925369 0.02777498 0 0 0 1 0.9017469 -0.1767001 -0.3944993 0.1975077 0.1938245 0.9810296 0.003631472 0.02515476 0.3863738 -0.07973837 0.918889 0.0277065 0 0 0 1 0.8906023 -0.1905443 -0.4129412 0.1975058 0.2087037 0.9779782 -0.001152992 0.02523499 0.4040672 -0.0851556 0.910757 0.0276556 0 0 0 1 0.8807103 -0.2015058 -0.4286547 0.1975077 0.2209329 0.9752785 -0.00454086 0.02520906 0.4189727 -0.09070473 0.903457 0.02767282 0 0 0 1 0.876297 -0.2047652 -0.4360905 0.197516 0.2257847 0.9741702 -0.003718733 0.02499425 0.4255878 -0.09520375 0.8998954 0.02781146 0 0 0 1</float_array>
        <technique_common>
          <accessor source="#node-Bip01_Spine_matrix-output-array" count="11" stride="16">
            <param name="TRANSFORM" type="float4x4"/>
          </accessor>
        </technique_common>
      </source>
      <source id="node-Bip01_Spine_matrix-interpolation">
        <Name_array id="node-Bip01_Spine_matrix-interpolation-array" count="11">LINEAR LINEAR LINEAR LINEAR LINEAR LINEAR LINEAR LINEAR LINEAR LINEAR LINEAR</Name_array>
        <technique_common>
          <accessor source="#node-Bip01_Spine_matrix-interpolation-array" count="11" stride="1">
            <param name="INTERPOLATION" type="name"/>
          </accessor>
        </technique_common>
      </source>
      <source id="node-Bip01_Spine1_matrix-input">
        <float_array id="node-Bip01_Spine1_matrix-input-array" count="11">27 27.03333 27.06667 27.1 27.13333 27.16667 27.2 27.23333 27.26667 27.3 27.33333</float_array>
        <technique_common>
          <accessor source="#node-Bip01_Spine1_matrix-input-array" count="11" stride="1">
            <param name="TIME" type="float"/>
          </accessor>
        </technique_common>
      </source>
      <source id="node-Bip01_Spine1_matrix-output">
        <float_array id="node-Bip01_Spine1_matrix-output-array" count="176">0.979529 0.1313833 0.1525167 0.1022163 -0.1391307 0.9894149 0.04124075 -9.99458e-5 -0.1454839 -0.0616163 0.9874402 6.21378e-6 0 0 0 1 0.9855933 0.1201261 0.1190624 0.1022176 -0.1264398 0.9908628 0.04694801 -1.00093e-4 -0.1123348 -0.06132584 0.9917762 6.19143e-6 0 0 0 1 0.9948481 0.0934863 0.03920924 0.1022203 -0.09563899 0.993772 0.05718493 -1.00393e-4 -0.03361904 -0.06064015 0.9975932 6.12345e-6 0 0 0 1 0.9964911 0.06172567 -0.05652588 0.1022234 -0.0581212 0.9962985 0.06333279 -1.00635e-4 0.06022596 -0.05982518 0.9963905 6.03497e-6 0 0 0 1 0.9899701 0.03496944 -0.1368809 0.1022262 -0.02647417 0.9976373 0.06339919 -1.00791e-4 0.1387745 -0.05913943 0.9885566 5.94556e-6 0 0 0 1 0.9850424 0.02363085 -0.1706848 0.1022274 -0.0131933 0.9979873 0.06202852 -1.00836e-4 0.1718071 -0.05884879 0.9833715 5.93066e-6 0 0 0 1 0.9837952 0.01873564 -0.1783144 0.1022278 -0.007883846 0.9980838 0.06137269 -1.00836e-4 0.1791226 -0.05897241 0.9820578 5.96046e-6 0 0 0 1 0.9805218 0.007175028 -0.1962797 0.1022291 0.004609763 0.9982166 0.05951881 -1.00851e-4 0.1963568 -0.05926424 0.97874 5.96046e-6 0 0 0 1 0.9760305 -0.006572186 -0.2175347 0.1022304 0.01937144 0.9982 0.05675768 -1.00851e-4 0.21677 -0.0596112 0.9744008 6.02007e-6 0 0 0 1 0.971753 -0.01813149 -0.2353031 0.1022315 0.03169047 0.9980397 0.05397039 -1.00806e-4 0.2338632 -0.05990284 0.9704225 6.07967e-6 0 0 0 1 0.9698044 -0.02302575 -0.2427951 0.1022319 0.03687793 0.9979313 0.05266267 -1.00806e-4 0.2410801 -0.06002634 0.9686471 6.07967e-6 0 0 0 1</float_array>
        <technique_common>
          <accessor source="#node-Bip01_Spine1_matrix-output-array" count="11" stride="16">
            <param name="TRANSFORM" type="float4x4"/>
          </accessor>
        </technique_common>
      </source>
      <source id="node-Bip01_Spine1_matrix-interpolation">
        <Name_array id="node-Bip01_Spine1_matrix-interpolation-array" count="11">LINEAR LINEAR LINEAR LINEAR LINEAR LINEAR LINEAR LINEAR LINEAR LINEAR LINEAR</Name_array>
        <technique_common>
          <accessor source="#node-Bip01_Spine1_matrix-interpolation-array" count="11" stride="1">
            <param name="INTERPOLATION" type="name"/>
          </accessor>
        </technique_common>
      </source>
      <source id="node-Bip01_Spine2_matrix-input">
        <float_array id="node-Bip01_Spine2_matrix-input-array" count="11">27 27.03333 27.06667 27.1 27.13333 27.16667 27.2 27.23333 27.26667 27.3 27.33333</float_array>
        <technique_common>
          <accessor source="#node-Bip01_Spine2_matrix-input-array" count="11" stride="1">
            <param name="TIME" type="float"/>
          </accessor>
        </technique_common>
      </source>
      <source id="node-Bip01_Spine2_matrix-output">
        <float_array id="node-Bip01_Spine2_matrix-output-array" count="176">0.9539154 -0.01875686 0.2994885 0.1268694 -0.02263176 0.9907046 0.1341332 -1.6965e-4 -0.2992208 -0.1347296 0.9446241 2.31564e-5 0 0 0 1 0.9626615 -0.05406934 0.2652528 0.1268752 0.01565861 0.9893315 0.1448376 -1.69426e-4 -0.2702543 -0.1352761 0.9532381 2.31862e-5 0 0 0 1 0.9736285 -0.1370778 0.1823662 0.1268894 0.1080659 0.9811012 0.1605078 -1.6804e-4 -0.2009218 -0.1365673 0.9700413 2.34097e-5 0 0 0 1 0.9686269 -0.2344285 0.08249461 0.1269062 0.2191585 0.9622738 0.1612415 -1.64814e-4 -0.117182 -0.1381035 0.9834613 2.36779e-5 0 0 0 1 0.9492642 -0.3144802 -7.91252e-5 0.1269197 0.3110831 0.9389734 0.14682 -1.60821e-4 -0.04609769 -0.1393955 0.9891633 2.39313e-5 0 0 0 1 0.9369743 -0.3477308 -0.03409588 0.1269255 0.349036 0.9270918 0.1366547 -1.58779e-4 -0.01590913 -0.1399427 0.9900318 2.40505e-5 0 0 0 1 0.9284736 -0.3613807 -0.08567869 0.1269278 0.3700494 0.919793 0.130553 -1.5755e-4 0.03162741 -0.1529203 0.9877322 2.61962e-5 0 0 0 1 0.8963907 -0.3927664 -0.2054716 0.1269332 0.4197136 0.9011539 0.1084542 -1.54376e-4 0.1425643 -0.1834565 0.9726353 3.14116e-5 0 0 0 1 0.8366211 -0.4283925 -0.3413869 0.1269395 0.4765486 0.8765183 0.06794828 -1.50189e-4 0.2701234 -0.2195344 0.9374637 3.75509e-5 0 0 0 1 0.7689481 -0.456783 -0.4472899 0.1269443 0.5200794 0.8538314 0.02212959 -1.46255e-4 0.3718018 -0.2496428 0.8941155 4.27365e-5 0 0 0 1 0.7357639 -0.4683429 -0.4891898 0.1269463 0.5368028 0.8437077 -3.76493e-4 -1.44526e-4 0.4129093 -0.2623215 0.8721774 4.48227e-5 0 0 0 1</float_array>
        <technique_common>
          <accessor source="#node-Bip01_Spine2_matrix-output-array" count="11" stride="16">
            <param name="TRANSFORM" type="float4x4"/>
          </accessor>
        </technique_common>
      </source>
      <source id="node-Bip01_Spine2_matrix-interpolation">
        <Name_array id="node-Bip01_Spine2_matrix-interpolation-array" count="11">LINEAR LINEAR LINEAR LINEAR LINEAR LINEAR LINEAR LINEAR LINEAR LINEAR LINEAR</Name_array>
        <technique_common>
          <accessor source="#node-Bip01_Spine2_matrix-interpolation-array" count="11" stride="1">
            <param name="INTERPOLATION" type="name"/>
          </accessor>
        </technique_common>
      </source>
      <source id="node-Bip01_Neck_matrix-input">
        <float_array id="node-Bip01_Neck_matrix-input-array" count="11">27 27.03333 27.06667 27.1 27.13333 27.16667 27.2 27.23333 27.26667 27.3 27.33333</float_array>
        <technique_common>
          <accessor source="#node-Bip01_Neck_matrix-input-array" count="11" stride="1">
            <param name="TIME" type="float"/>
          </accessor>
        </technique_common>
      </source>
      <source id="node-Bip01_Neck_matrix-output">
        <float_array id="node-Bip01_Neck_matrix-output-array" count="176">0.8171321 -0.4085236 0.4066985 0.2151057 0.4048326 0.9089458 0.09964174 -5.00753e-5 -0.4103729 0.08322429 0.9081123 -4.64916e-6 0 0 0 1 0.8199034 -0.410921 0.3986255 0.215106 0.4055049 0.9083488 0.1023137 -5.0053e-5 -0.404134 0.07775723 0.9113887 -4.29153e-6 0 0 0 1 0.8261763 -0.4165308 0.379388 0.2151062 0.4073265 0.9068067 0.108568 -4.99561e-5 -0.3892533 0.06483846 0.918846 -3.57628e-6 0 0 0 1 0.8331288 -0.4231035 0.3562022 0.2151067 0.4099179 0.9047303 0.11589 -4.98593e-5 -0.3713004 0.04946237 0.9271944 -2.74181e-6 0 0 0 1 0.8385392 -0.4285453 0.3364536 0.215107 0.4124519 0.9027819 0.1219363 -4.97699e-5 -0.3559994 0.03652238 0.9337723 -2.08616e-6 0 0 0 1 0.8407081 -0.4308254 0.3280236 0.215107 0.4136219 0.9019013 0.1244631 -4.97103e-5 -0.3494668 0.03104054 0.9364344 -1.75834e-6 0 0 0 1 0.840708 -0.4308255 0.3280236 0.2151069 0.4136219 0.9019013 0.1244631 -4.96805e-5 -0.3494668 0.0310406 0.9364344 -1.60933e-6 0 0 0 1 0.8407079 -0.4308255 0.3280236 0.215107 0.4136219 0.9019012 0.1244631 -4.96805e-5 -0.3494668 0.0310406 0.9364345 -1.66893e-6 0 0 0 1 0.840708 -0.4308255 0.3280236 0.215107 0.4136219 0.9019014 0.1244631 -4.96805e-5 -0.3494669 0.03104072 0.9364345 -1.66893e-6 0 0 0 1 0.840708 -0.4308255 0.3280237 0.215107 0.4136219 0.9019013 0.124463 -4.96507e-5 -0.3494668 0.0310406 0.9364345 -1.72853e-6 0 0 0 1 0.840708 -0.4308255 0.3280237 0.215107 0.4136219 0.9019013 0.1244631 -4.97103e-5 -0.3494669 0.03104054 0.9364346 -1.78814e-6 0 0 0 1</float_array>
        <technique_common>
          <accessor source="#node-Bip01_Neck_matrix-output-array" count="11" stride="16">
            <param name="TRANSFORM" type="float4x4"/>
          </accessor>
        </technique_common>
      </source>
      <source id="node-Bip01_Neck_matrix-interpolation">
        <Name_array id="node-Bip01_Neck_matrix-interpolation-array" count="11">LINEAR LINEAR LINEAR LINEAR LINEAR LINEAR LINEAR LINEAR LINEAR LINEAR LINEAR</Name_array>
        <technique_common>
          <accessor source="#node-Bip01_Neck_matrix-interpolation-array" count="11" stride="1">
            <param name="INTERPOLATION" type="name"/>
          </accessor>
        </technique_common>
      </source>
      <source id="node-Bip01_Head_matrix-input">
        <float_array id="node-Bip01_Head_matrix-input-array" count="11">27 27.03333 27.06667 27.1 27.13333 27.16667 27.2 27.23333 27.26667 27.3 27.33333</float_array>
        <technique_common>
          <accessor source="#node-Bip01_Head_matrix-input-array" count="11" stride="1">
            <param name="TIME" type="float"/>
          </accessor>
        </technique_common>
      </source>
      <source id="node-Bip01_Head_matrix-output">
        <float_array id="node-Bip01_Head_matrix-output-array" count="176">0.8493987 -0.249563 -0.465016 0.07051813 -0.3973382 0.2775034 -0.8747081 -0.0139591 0.3473386 0.9277446 0.13655 0 0 0 0 1 0.8675368 -0.1764193 -0.4650335 0.07051813 -0.4101141 0.2752559 -0.869506 -0.0139591 0.281401 0.9450453 0.1664426 -1.19209e-7 0 0 0 1 0.8984207 -0.02650636 -0.4383348 0.07051825 -0.4162914 0.2663434 -0.869346 -0.01395916 0.1397907 0.9635137 0.2282541 0 0 0 0 1 0.923153 0.08761388 -0.3743157 0.07051813 -0.3841249 0.2491768 -0.8890213 -0.01395916 0.01538014 0.9644868 0.263683 0 0 0 0 1 0.9438123 0.08512449 -0.3193307 0.07051813 -0.3304632 0.2327902 -0.91466 -0.01395916 -0.003522872 0.9687944 0.2478407 0 0 0 0 1 0.9475709 -0.06889563 -0.3120295 0.07051813 -0.2855059 0.2560086 -0.9235507 -0.01395922 0.1435108 0.9642163 0.2229163 0 0 0 0 1 0.9094469 -0.2145031 -0.3562226 0.07051813 -0.2933773 0.2761014 -0.9152582 -0.01395916 0.2946793 0.9368866 0.1881692 0 0 0 0 1 0.864324 -0.230307 -0.4471048 0.07051813 -0.3899862 0.2544412 -0.8849691 -0.01395922 0.3175764 0.9392648 0.1301031 0 0 0 0 1 0.8118547 -0.1725429 -0.5577821 0.07051813 -0.5161437 0.2344759 -0.823782 -0.0139591 0.2729245 0.956687 0.1013033 0 0 0 0 1 0.758661 -0.09216105 -0.6449341 0.07051819 -0.6123567 0.2370337 -0.7542112 -0.0139591 0.2223799 0.9671202 0.1233926 0 0 0 0 1 0.7332592 -0.05167955 -0.6779826 0.07051819 -0.6420254 0.2757252 -0.7153874 -0.01395916 0.2239078 0.9598463 0.1689984 0 0 0 0 1</float_array>
        <technique_common>
          <accessor source="#node-Bip01_Head_matrix-output-array" count="11" stride="16">
            <param name="TRANSFORM" type="float4x4"/>
          </accessor>
        </technique_common>
      </source>
      <source id="node-Bip01_Head_matrix-interpolation">
        <Name_array id="node-Bip01_Head_matrix-interpolation-array" count="11">LINEAR LINEAR LINEAR LINEAR LINEAR LINEAR LINEAR LINEAR LINEAR LINEAR LINEAR</Name_array>
        <technique_common>
          <accessor source="#node-Bip01_Head_matrix-interpolation-array" count="11" stride="1">
            <param name="INTERPOLATION" type="name"/>
          </accessor>
