<?xml version="1.0" encoding="utf-8"?>
<COLLADA xmlns="http://www.collada.org/2005/11/COLLADASchema" version="1.4.1">
  <asset>
    <contributor>
      <author>MattO</author>
      <authoring_tool>OpenCOLLADA for 3ds Max;  Version: 1.3.0;  Revision: 839M;  Platform: x64;  Configuration: Release_Max2012</authoring_tool>
      <source_data>file:///C:/Dropbox/Prj/GGStout/Disposition_SourceArt/Soldier_TP_Disposition_Animation_Master03.max</source_data>
    </contributor>
    <created>2011-10-07T14:38:49</created>
    <modified>2011-10-07T14:38:49</modified>
    <unit name="meter" meter="1"/>
    <up_axis>Z_UP</up_axis>
  </asset>
  <library_effects>
    <effect id="ShapeBounds">
      <profile_COMMON>
        <technique sid="common">
          <blinn>
            <emission>
              <color>0 0 0 1</color>
            </emission>
            <ambient>
              <color>0.1647059 1 0 1</color>
            </ambient>
            <diffuse>
              <color>0.1647059 1 0 1</color>
            </diffuse>
            <specular>
              <color>0.9 0.9 0.9 1</color>
            </specular>
            <shininess>
              <float>10</float>
            </shininess>
            <reflective>
              <color>0 0 0 1</color>
            </reflective>
            <transparent opaque="A_ONE">
              <color>1 1 1 1</color>
            </transparent>
            <transparency>
              <float>1</float>
            </transparency>
          </blinn>
        </technique>
      </profile_COMMON>
      <extra>
        <technique profile="OpenCOLLADA3dsMax">
          <extended_shader>
            <apply_reflection_dimming>0</apply_reflection_dimming>
            <dim_level>0</dim_level>
            <falloff_type>0</falloff_type>
            <index_of_refraction>1.5</index_of_refraction>
            <opacity_type>0</opacity_type>
            <reflection_level>3</reflection_level>
            <wire_size>1</wire_size>
            <wire_units>0</wire_units>
          </extended_shader>
          <shader>
            <ambient_diffuse_lock>1</ambient_diffuse_lock>
            <ambient_diffuse_texture_lock>1</ambient_diffuse_texture_lock>
            <diffuse_specular_lock>0</diffuse_specular_lock>
            <soften>0.1</soften>
            <use_self_illum_color>0</use_self_illum_color>
          </shader>
        </technique>
      </extra>
    </effect>
  </library_effects>
  <library_materials>
    <material id="ShapeBounds-material" name="ShapeBounds">
      <instance_effect url="#ShapeBounds"/>
    </material>
  </library_materials>
  <library_geometries>
    <geometry id="geom-Bounds" name="Bounds">
      <mesh>
        <source id="geom-Bounds-positions">
          <float_array id="geom-Bounds-positions-array" count="24">-0.425 -0.425 0 0.425 -0.425 0 -0.425 0.425 0 0.425 0.425 0 -0.425 -0.425 1.84 0.425 -0.425 1.84 -0.425 0.425 1.84 0.425 0.425 1.84</float_array>
          <technique_common>
            <accessor source="#geom-Bounds-positions-array" count="8" stride="3">
              <param name="X" type="float"/>
              <param name="Y" type="float"/>
              <param name="Z" type="float"/>
            </accessor>
          </technique_common>
        </source>
        <source id="geom-Bounds-normals">
          <float_array id="geom-Bounds-normals-array" count="72">0 0 -1 0 0 -1 0 0 -1 0 0 -1 0 0 1 0 0 1 0 0 1 0 0 1 0 -1 0 0 -1 0 0 -1 0 0 -1 0 1 0 0 1 0 0 1 0 0 1 0 0 0 1 0 0 1 0 0 1 0 0 1 0 -1 0 0 -1 0 0 -1 0 0 -1 0 0</float_array>
          <technique_common>
            <accessor source="#geom-Bounds-normals-array" count="24" stride="3">
              <param name="X" type="float"/>
              <param name="Y" type="float"/>
              <param name="Z" type="float"/>
            </accessor>
          </technique_common>
        </source>
        <source id="geom-Bounds-map1">
          <float_array id="geom-Bounds-map1-array" count="36">0 0 0 1 0 0 0 1 0 1 1 0 0 0 0 1 0 0 0 1 0 1 1 0 0 0 0 1 0 0 0 1 0 1 1 0</float_array>
          <technique_common>
            <accessor source="#geom-Bounds-map1-array" count="12" stride="3">
              <param name="S" type="float"/>
              <param name="T" type="float"/>
              <param name="P" type="float"/>
            </accessor>
          </technique_common>
        </source>
        <vertices id="geom-Bounds-vertices">
          <input semantic="POSITION" source="#geom-Bounds-positions"/>
        </vertices>
        <triangles material="ShapeBounds" count="12">
          <input semantic="VERTEX" source="#geom-Bounds-vertices" offset="0"/>
          <input semantic="NORMAL" source="#geom-Bounds-normals" offset="1"/>
          <input semantic="TEXCOORD" source="#geom-Bounds-map1" offset="2" set="0"/>
          <p>0 0 9 2 1 11 3 2 10 3 2 10 1 3 8 0 0 9 4 4 8 5 5 9 7 6 11 7 6 11 6 7 10 4 4 8 0 8 4 1 9 5 5 10 7 5 10 7 4 11 6 0 8 4 1 12 0 3 13 1 7 14 3 7 14 3 5 15 2 1 12 0 3 16 4 2 17 5 6 18 7 6 18 7 7 19 6 3 16 4 2 20 0 0 21 1 4 22 3 4 22 3 6 23 2 2 20 0</p>
        </triangles>
      </mesh>
      <extra>
        <technique profile="OpenCOLLADA3dsMax">
          <max_box>
            <generateuvs>1</generateuvs>
            <height>1.84</height>
            <heightsegments>1</heightsegments>
            <length>0.85</length>
            <lengthsegments>1</lengthsegments>
            <width>0.85</width>
            <widthsegments>1</widthsegments>
          </max_box>
        </technique>
      </extra>
    </geometry>
  </library_geometries>
  <library_lights>
    <light id="EnvironmentAmbientLight" name="EnvironmentAmbientLight">
      <technique_common>
        <ambient>
          <color>0 0 0</color>
        </ambient>
      </technique_common>
    </light>
  </library_lights>
  <library_visual_scenes>
    <visual_scene id="MaxScene">
      <node name="EnvironmentAmbientLight">
        <instance_light url="#EnvironmentAmbientLight"/>
      </node>
      <node id="node-Bip01" name="Bip01">
        <matrix sid="matrix">0.7792376 -0.6267173 0.003750267 -8.10623e-5 0.6267178 0.7792454 0.001183462 0.009366653 -0.003664074 0.001428161 0.9999923 0.7990584 0 0 0 1</matrix>
        <node id="node-Bip01_Pelvis" name="Bip01_Pelvis">
          <matrix sid="matrix">-0.009626727 0.991236 0.1317526 0 -0.1217413 -0.1319404 0.9837534 0 0.9925151 -0.0065694 0.1219445 0 0 0 0 1</matrix>
          <node id="node-Bip01_Spine" name="Bip01_Spine">
            <matrix sid="matrix">0.9142389 -0.1596023 -0.3724171 0.1975123 0.1756539 0.9844078 0.009333353 0.02499345 0.3651207 -0.07394949 0.9280187 0.02780973 0 0 0 1</matrix>
            <node id="node-Bip01_Spine1" name="Bip01_Spine1">
              <matrix sid="matrix">0.9850424 0.02363086 -0.1706849 0.1022274 -0.01319331 0.9979873 0.06202858 -1.00836e-4 0.1718071 -0.05884882 0.9833715 5.93066e-6 0 0 0 1</matrix>
              <node id="node-Bip01_Spine2" name="Bip01_Spine2">
                <matrix sid="matrix">0.9369743 -0.3477308 -0.03409588 0.1269256 0.3490361 0.9270918 0.1366547 -1.58779e-4 -0.01590914 -0.1399428 0.9900318 2.40505e-5 0 0 0 1</matrix>
                <node id="node-Bip01_Neck" name="Bip01_Neck">
                  <matrix>0.8407081 -0.4308254 0.3280236 0.2151071 0.4136219 0.9019013 0.1244631 -4.97103e-5 -0.3494668 0.03104058 0.9364344 -1.75834e-6 0 0 0 1</matrix>
                  <node id="node-Bip01_Head" name="Bip01_Head">
                    <matrix sid="matrix">0.9475709 -0.06889565 -0.3120295 0.07051814 -0.285506 0.2560087 -0.9235507 -0.01395911 0.1435108 0.9642163 0.2229164 -1.49012e-8 0 0 0 1</matrix>
                    <node id="node-AltEye" name="AltEye">
                      <matrix sid="matrix">0.4506336 0.3792481 0.8081467 0.06454694 0.04412826 0.8947042 -0.4444743 0.221461 -0.8916178 0.2359567 0.3864482 0.04716253 0 0 0 1</matrix>
                    </node>
                  </node>
                  <node id="node-Bip01_L_Clavicle" name="Bip01_L_Clavicle">
                    <matrix sid="matrix">-0.5778345 -0.4531802 0.6787746 -0.04690331 0.283809 -0.8913432 -0.3534966 -0.01204777 0.7652188 -0.0116202 0.6436654 0.05588406 0 0 0 1</matrix>
                    <node id="node-Bip01_L_UpperArm" name="Bip01_L_UpperArm">
                      <matrix sid="matrix">0.8909791 0.428434 0.1503343 0.1824007 -0.3034206 0.3155097 0.8991048 -2.98023e-8 0.3377754 -0.846698 0.4111082 0 0 0 0 1</matrix>
                      <node id="node-Bip01_L_Forearm" name="Bip01_L_Forearm">
                        <matrix sid="matrix">0.3454964 0.9384202 0 0.284369 -0.9384201 0.3454965 0 0 0 -2.98023e-8 1 -5.96046e-8 0 0 0 1</matrix>
                        <node id="node-Bip01_L_Hand" name="Bip01_L_Hand">
                          <matrix sid="matrix">0.9513592 0.2418553 -0.190845 0.2810681 0.138471 -0.8890383 -0.4363907 0 -0.2752118 0.3887377 -0.8792848 0 0 0 0 1</matrix>
                          <node id="node-Bip01_L_Finger0" name="Bip01_L_Finger0">
                            <matrix sid="matrix">0.6413842 0.3141903 0.6999363 0.02119672 0.7352949 0.008702954 -0.6776913 -0.004734039 -0.2190156 0.9493201 -0.2254408 -0.02572191 0 0 0 1</matrix>
                            <node id="node-Bip01_L_Finger01" name="Bip01_L_Finger01">
                              <matrix sid="matrix">0.9975641 -0.06975638 0 0.04982853 0.06975646 0.9975641 -1.49012e-8 2.98023e-8 0 2.6077e-8 0.9999999 0 0 0 0 1</matrix>
                              <node id="node-Bip01_L_Finger02" name="Bip01_L_Finger02">
                                <matrix sid="matrix">0.9203136 0.3911814 -2.98023e-8 0.05202222 -0.3911815 0.9203135 2.98023e-8 0 5.96046e-8 0 0.9999999 5.96046e-8 0 0 0 1</matrix>
                              </node>
                            </node>
                          </node>
                          <node id="node-Bip01_L_Finger1" name="Bip01_L_Finger1">
                            <matrix sid="matrix">0.9592717 -0.2819768 -0.01693503 0.1199946 0.2798395 0.9567646 -0.07931915 -0.008367717 0.03856894 0.07134951 0.9967055 -0.0410139 0 0 0 1</matrix>
                            <node id="node-Bip01_L_Finger11" name="Bip01_L_Finger11">
                              <matrix sid="matrix">0.7001772 -0.7139691 6.70552e-8 0.0364418 0.7139692 0.7001772 1.49012e-8 5.96046e-8 0 -5.96046e-8 1 0 0 0 0 1</matrix>
                              <node id="node-Bip01_L_Finger12" name="Bip01_L_Finger12">
                                <matrix sid="matrix">0.8757259 -0.4828088 -2.98023e-8 0.03117537 0.4828089 0.8757259 3.35276e-8 2.98023e-8 1.49012e-8 4.47035e-8 1 5.96046e-8 0 0 0 1</matrix>
                              </node>
                            </node>
                          </node>
                          <node id="node-Bip01_L_Finger2" name="Bip01_L_Finger2">
                            <matrix sid="matrix">0.6611331 -0.7495597 -0.03260928 0.1229537 0.748977 0.656822 0.08728345 -0.008802116 -0.04400571 -0.08212951 0.9956498 -0.01328242 0 0 0 1</matrix>
                            <node id="node-Bip01_L_Finger21" name="Bip01_L_Finger21">
                              <matrix sid="matrix">0.8156035 -0.5786111 3.72529e-9 0.03895521 0.5786111 0.8156035 -2.51457e-8 5.96046e-8 -2.04891e-8 -2.44472e-8 1 -1.19209e-7 0 0 0 1</matrix>
                              <node id="node-Bip01_L_Finger22" name="Bip01_L_Finger22">
                                <matrix sid="matrix">0.976296 -0.2164396 3.72529e-9 0.03800523 0.2164397 0.9762961 -3.56231e-8 5.96046e-8 0 -1.86265e-9 1 5.96046e-8 0 0 0 1</matrix>
                              </node>
                            </node>
                          </node>
                          <node id="node-Bip01_L_Finger3" name="Bip01_L_Finger3">
                            <matrix sid="matrix">0.412463 -0.9064791 -0.09038857 0.121188 0.9061533 0.3980612 0.1429456 -0.001191318 -0.09359708 -0.1408656 0.9855945 0.01196861 0 0 0 1</matrix>
                            <node id="node-Bip01_L_Finger31" name="Bip01_L_Finger31">
                              <matrix sid="matrix">0.9381479 -0.3462351 -9.31323e-9 0.03155839 0.3462351 0.9381479 -3.07336e-8 -8.9407e-8 -1.86265e-9 -4.6799e-8 1 0 0 0 0 1</matrix>
                              <node id="node-Bip01_L_Finger32" name="Bip01_L_Finger32">
                                <matrix sid="matrix">0.9636305 -0.2672384 7.45058e-9 0.03366601 0.2672384 0.9636304 2.79397e-9 0 2.04891e-8 1.95578e-8 1 0 0 0 0 1</matrix>
                              </node>
                            </node>
                          </node>
                          <node id="node-Bip01_L_Finger4" name="Bip01_L_Finger4">
                            <matrix sid="matrix">0.07120566 -0.9696808 0.2337718 0.1136796 0.9750155 0.1171045 0.1887628 0.005147517 -0.2104155 0.2144902 0.9537921 0.03886575 0 0 0 1</matrix>
                            <node id="node-Bip01_L_Finger41" name="Bip01_L_Finger41">
                              <matrix sid="matrix">0.9790112 -0.2038069 0 0.03661621 0.2038069 0.9790111 -6.14673e-8 -5.96046e-8 1.49012e-8 1.11759e-8 1 -4.47035e-8 0 0 0 1</matrix>
                              <node id="node-Bip01_L_Finger42" name="Bip01_L_Finger42">
                                <matrix sid="matrix">0.9645151 0.2640274 1.49012e-8 0.01772606 -0.2640274 0.9645153 -3.35276e-8 1.19209e-7 2.98023e-8 -4.23752e-8 1 2.98023e-8 0 0 0 1</matrix>
                              </node>
                            </node>
                          </node>
                        </node>
                      </node>
                    </node>
                  </node>
                  <node id="node-Bip01_R_Clavicle" name="Bip01_R_Clavicle">
                    <matrix sid="matrix">0.2073931 -0.1669672 -0.9639034 8.67009e-4 0.5679266 -0.7817281 0.2576056 -0.01629049 -0.7965223 -0.6008521 -0.06729987 -0.0721215 0 0 0 1</matrix>
                    <node id="node-Bip01_R_UpperArm" name="Bip01_R_UpperArm">
                      <matrix sid="matrix">0.3444382 0.9301254 -0.1273917 0.1824006 -0.8985945 0.3659246 0.2421301 0 0.2718272 0.03107467 0.9618442 0 0 0 0 1</matrix>
                      <node id="node-Bip01_R_Forearm" name="Bip01_R_Forearm">
                        <matrix sid="matrix">-0.07265081 0.9973576 2.98023e-8 0.2843689 -0.9973575 -0.0726508 7.45058e-9 1.49012e-8 1.49012e-8 -2.98023e-8 1 -1.19209e-7 0 0 0 1</matrix>
                        <node id="node-Bip01_R_Hand" name="Bip01_R_Hand">
                          <matrix sid="matrix">0.9247895 0.3771958 -0.04987458 0.2810681 0.2033487 -0.6007847 -0.7731152 5.96046e-8 -0.3215797 0.704827 -0.6323017 1.19209e-7 0 0 0 1</matrix>
                          <node id="node-Bip01_R_Finger0" name="Bip01_R_Finger0">
                            <matrix>0.5215105 0.269013 -0.8097276 0.02119675 0.7250717 0.3605265 0.5867639 -0.004734248 0.4497753 -0.893114 -0.00703546 0.02572179 0 0 0 1</matrix>
                            <node id="node-Bip01_R_Finger01" name="Bip01_R_Finger01">
                              <matrix>0.6423534 -0.7636236 0.06527573 0.04982853 0.7605615 0.6456373 0.06854747 0 -0.09448878 0.00561447 0.99551 0 0 0 0 1</matrix>
                              <node id="node-Bip01_R_Finger02" name="Bip01_R_Finger02">
                                <matrix>0.9505157 -0.3106764 -2.42144e-8 0.0520224 0.3106764 0.9505158 1.11759e-8 1.19209e-7 -2.79397e-8 5.21541e-8 0.9999999 2.98023e-8 0 0 0 1</matrix>
                              </node>
                            </node>
                          </node>
                          <node id="node-Bip01_R_Finger1" name="Bip01_R_Finger1">
                            <matrix>0.9820225 -0.1733428 -0.07472673 0.1199946 0.1795577 0.9799358 0.08651492 -0.008367568 0.05823066 -0.09837736 0.9934441 0.04101396 0 0 0 1</matrix>
                            <node id="node-Bip01_R_Finger11" name="Bip01_R_Finger11">
                              <matrix>0.8240548 -0.5665103 3.72529e-9 0.03644174 0.5665103 0.8240548 -7.45058e-9 0 -1.30385e-8 2.98023e-8 1 -1.19209e-7 0 0 0 1</matrix>
                              <node id="node-Bip01_R_Finger12" name="Bip01_R_Finger12">
                                <matrix>0.8146397 -0.5796779 0.01831834 0.03117546 0.5799672 0.8142334 -0.0257305 0 1.49012e-8 0.0315851 0.999501 1.19209e-7 0 0 0 1</matrix>
                              </node>
                            </node>
                          </node>
                          <node id="node-Bip01_R_Finger2" name="Bip01_R_Finger2">
                            <matrix>0.6754014 -0.7374504 -1.52119e-4 0.1229537 0.7368314 0.6748428 -0.04082685 -0.008802056 0.03021043 0.02746242 0.9991663 0.01328242 0 0 0 1</matrix>
                            <node id="node-Bip01_R_Finger21" name="Bip01_R_Finger21">
                              <matrix>0.5508358 -0.8338859 -0.03484871 0.03895518 0.832222 0.5519371 -0.05265062 5.96046e-8 0.0631389 -1.02445e-8 0.9980047 -1.19209e-7 0 0 0 1</matrix>
                              <node id="node-Bip01_R_Finger22" name="Bip01_R_Finger22">
                                <matrix>0.1984734 -0.9799246 0.01886612 0.03800538 0.9755272 0.199368 0.09272984 0 -0.09462957 0 0.9955125 1.19209e-7 0 0 0 1</matrix>
                              </node>
                            </node>
                          </node>
                          <node id="node-Bip01_R_Finger3" name="Bip01_R_Finger3">
                            <matrix>0.7159052 -0.6949216 0.06755453 0.1211881 0.6883786 0.6863563 -0.234627 -0.001191258 0.1166809 0.2144739 0.9697352 -0.01196873 0 0 0 1</matrix>
                            <node id="node-Bip01_R_Finger31" name="Bip01_R_Finger31">
                              <matrix>0.4441952 -0.8949346 0.04222354 0.03155845 0.8909186 0.4461976 0.08468728 1.49012e-8 -0.09462957 2.07219e-8 0.9955127 0 0 0 0 1</matrix>
                              <node id="node-Bip01_R_Finger32" name="Bip01_R_Finger32">
                                <matrix>0.1993681 -0.9794358 -0.03095101 0.03366594 0.9799249 0.1992686 0.006297074 0 -2.23517e-8 -0.03158513 0.9995011 -1.19209e-7 0 0 0 1</matrix>
                              </node>
                            </node>
                          </node>
                          <node id="node-Bip01_R_Finger4" name="Bip01_R_Finger4">
                            <matrix>0.5925791 -0.789795 -0.1583476 0.1136796 0.7783523 0.6120424 -0.1399001 0.005147427 0.2074078 -0.04034829 0.9774221 -0.0388658 0 0 0 1</matrix>
                            <node id="node-Bip01_R_Finger41" name="Bip01_R_Finger41">
                              <matrix>0.4202557 -0.9064696 0.04120626 0.03661621 0.9068531 0.4211511 0.01578783 -5.96046e-8 -0.03166523 0.030733 0.999026 0 0 0 0 1</matrix>
                              <node id="node-Bip01_R_Finger42" name="Bip01_R_Finger42">
                                <matrix>0.4024471 -0.9138246 -0.05441486 0.01772633 0.9154232 0.4021218 0.0172832 0 0.006087616 -0.05676817 0.9983689 0 0 0 0 1</matrix>
                              </node>
                            </node>
                          </node>
                          <node id="node-mount0" name="mount0">
                            <matrix>-0.004997193 0.9999837 -0.002795181 0.09410724 -0.9999509 -0.00502095 -0.008545232 0.01837561 -0.008559125 0.002752355 0.9999596 0.01120639 0 0 0 1</matrix>
                          </node>
                        </node>
                      </node>
                    </node>
                  </node>
                </node>
                <node id="node-Bip01_L_Pauldron_Upper" name="Bip01_L_Pauldron_Upper">
                  <matrix sid="matrix">0.9726268 0.1182922 0.2000107 0.176903 0.1448453 -0.9816829 -0.1237685 -0.03908372 0.1817063 0.1493511 -0.9719449 0.2290199 0 0 0 1</matrix>
                </node>
                <node id="node-Bip01_R_Pauldron_Lower" name="Bip01_R_Pauldron_Lower">
                  <matrix sid="matrix">-0.1156724 -0.9403759 -0.3198653 0.172906 0.909775 -0.2295502 0.3458564 -0.1133294 -0.3986599 -0.2509996 0.8820826 -0.2351095 0 0 0 1</matrix>
                </node>
                <node id="node-Bip01_L_Pauldron_Lower" name="Bip01_L_Pauldron_Lower">
                  <matrix sid="matrix">-0.2099968 -0.7687201 0.6041283 0.1529202 0.4002343 -0.6313505 -0.6642359 -0.1054225 0.892028 0.1023054 0.4402497 0.2344801 0 0 0 1</matrix>
                </node>
              </node>
            </node>
            <node id="node-Bip01_L_Thigh" name="Bip01_L_Thigh">
              <matrix sid="matrix">-0.4488795 0.8921272 -0.05115118 -0.1485698 0.5193913 0.3070586 0.7974634 -4.51207e-4 0.7271451 0.3313974 -0.6011953 0.1658256 0 0 0 1</matrix>
              <node id="node-Bip01_L_Calf" name="Bip01_L_Calf">
                <matrix sid="matrix">0.3964409 0.9180605 1.86265e-9 0.4629988 -0.9180603 0.3964408 -5.58794e-9 5.96046e-8 5.58794e-8 7.35745e-8 1 -7.45058e-9 0 0 0 1</matrix>
                <node id="node-Bip01_L_Foot" name="Bip01_L_Foot">
                  <matrix sid="matrix">0.9291645 -0.3606356 -0.08121197 0.3610502 0.3686247 0.9203926 0.1303584 0 0.02773505 -0.1510611 0.9881353 7.45058e-9 0 0 0 1</matrix>
                  <node id="node-Bip01_L_Toe0" name="Bip01_L_Toe0">
                    <matrix sid="matrix">4.76837e-7 -1 1.38953e-6 0.1486306 1 4.7707e-7 2.26755e-8 0.1543275 -2.24682e-8 1.38953e-6 1 0 0 0 0 1</matrix>
                  </node>
                </node>
              </node>
            </node>
            <node id="node-Bip01_R_Thigh" name="Bip01_R_Thigh">
              <matrix sid="matrix">-0.9150358 0.3601487 0.1816653 -0.2416654 0.4023429 0.8470572 0.3472959 0.01840352 -0.02880277 0.39088 -0.919991 -0.07079414 0 0 0 1</matrix>
              <node id="node-Bip01_R_Calf" name="Bip01_R_Calf">
                <matrix sid="matrix">0.4440089 0.8960226 0 0.4629987 -0.8960224 0.444009 -3.72529e-9 0 -5.96046e-8 -5.96046e-8 1 -2.98023e-8 0 0 0 1</matrix>
                <node id="node-Bip01_R_Foot" name="Bip01_R_Foot">
                  <matrix sid="matrix">0.6470668 -0.7363676 0.197655 0.3610502 0.7123326 0.6763035 0.1876053 -1.49012e-8 -0.2718211 0.01940293 0.9621523 0 0 0 0 1</matrix>
                  <node id="node-Bip01_R_Toe0" name="Bip01_R_Toe0">
                    <matrix sid="matrix">-0.1805802 -0.9786913 0.09774529 0.1486307 0.9833316 -0.1817873 -0.003513819 0.1543275 0.02120782 0.09548151 0.9952052 0 0 0 0 1</matrix>
                  </node>
                </node>
              </node>
            </node>
          </node>
          <node id="node-Bip01_FannyPack" name="Bip01_FannyPack">
            <matrix>-0.9629918 -0.2062317 0.1735378 0.2299508 -0.2083319 0.9780385 0.006227079 -0.1378937 -0.1710108 -0.03015682 -0.9848076 0.01013964 0 0 0 1</matrix>
          </node>
        </node>
        <node id="node-Eye" name="Eye">
          <matrix sid="matrix">0.7792379 0.6267177 -0.003664055 0.05939456 -0.6267173 0.7792453 0.001428261 0.07235013 0.003750314 0.001183372 0.9999919 0.7713361 0 0 0 1</matrix>
          <node id="node-cam" name="cam">
            <matrix>1 -6.03104e-8 0 4.86616e-8 6.03104e-8 1 -2.32832e-9 -0.104 0 2.32832e-9 1 0.30056 0 0 0 1</matrix>
          </node>
        </node>
      </node>
      <node id="node-nulldetail1" name="nulldetail1">
        <matrix>1 0 0 0 0 1 0 0 0 0 1 0 0 0 0 1</matrix>
      </node>
      <node id="node-Bounds" name="Bounds">
        <matrix>0.9999915 0.001706907 0.003750479 0 -0.001711356 0.9999978 0.001183292 0.1035326 -0.003748452 -0.0011897 0.9999923 -8.93474e-5 0 0 0 1</matrix>
        <instance_geometry url="#geom-Bounds">
          <bind_material>
            <technique_common>
              <instance_material symbol="ShapeBounds" target="#ShapeBounds-material"/>
            </technique_common>
          </bind_material>
        </instance_geometry>
      </node>
    </visual_scene>
  </library_visual_scenes>
  <library_animations>
    <animation>
      <source id="node-Bip01_matrix-input">
        <float_array id="node-Bip01_matrix-input-array" count="111">22.33333 22.36667 22.4 22.43333 22.46667 22.5 22.53333 22.56667 22.6 22.63333 22.66667 22.7 22.73333 22.76667 22.8 22.83333 22.86667 22.9 22.93333 22.96667 23 23.03333 23.06667 23.1 23.13333 23.16667 23.2 23.23333 23.26667 23.3 23.33333 23.36667 23.4 23.43333 23.46667 23.5 23.53333 23.56667 23.6 23.63333 23.66667 23.7 23.73333 23.76667 23.8 23.83333 23.86667 23.9 23.93333 23.96667 24 24.03333 24.06667 24.1 24.13333 24.16667 24.2 24.23333 24.26667 24.3 24.33333 24.36667 24.4 24.43333 24.46667 24.5 24.53333 24.56667 24.6 24.63333 24.66667 24.7 24.73333 24.76667 24.8 24.83333 24.86667 24.9 24.93333 24.96667 25 25.03333 25.06667 25.1 25.13333 25.16667 25.2 25.23333 25.26667 25.3 25.33333 25.36667 25.4 25.43333 25.46667 25.5 25.53333 25.56667 25.6 25.63333 25.66667 25.7 25.73333 25.76667 25.8 25.83333 25.86667 25.9 25.93333 25.96667 26</float_array>
        <technique_common>
          <accessor source="#node-Bip01_matrix-input-array" count="111" stride="1">
            <param name="TIME" type="float"/>
          </accessor>
        </technique_common>
      </source>
      <source id="node-Bip01_matrix-output">
        <float_array id="node-Bip01_matrix-output-array" count="1776">0.7792376 -0.6267173 0.003750264 -8.10623e-5 0.6267178 0.7792454 0.00118345 0.009366631 -0.003664016 0.001428127 0.9999923 0.7990584 0 0 0 1 0.7760161 -0.6307009 0.003931462 0.002470791 0.6307127 0.7760078 -0.003656923 0.005763947 -7.44409e-4 0.005317509 0.9999856 0.8014108 0 0 0 1 0.7668051 -0.641864 0.004552602 0.009349107 0.6418408 0.7666605 -0.01649194 -0.004345476 0.007095217 0.01556819 0.9998536 0.8078203 0 0 0 1 0.7521092 -0.6590119 0.005925834 0.01942873 0.6587814 0.7515344 -0.03468579 -0.01995283 0.01840484 0.02999138 0.9993807 0.8173602 0 0 0 1 0.7323506 -0.680876 0.008396685 0.03161889 0.6801894 0.7309268 -0.05557441 -0.04008942 0.03170186 0.04641127 0.9984192 0.8291339 0 0 0 1 0.7079905 -0.7061179 0.01211881 0.0448594 0.7047508 0.7053048 -0.07662582 -0.0638296 0.04555934 0.0627911 0.9969863 0.8422728 0 0 0 1 0.6796314 -0.7333592 0.01689708 0.05809992 0.731204 0.6754323 -0.09556114 -0.09026724 0.05866777 0.07730156 0.9952802 0.8559184 0 0 0 1 0.6480616 -0.761267 0.02210652 0.07029008 0.758373 0.6423899 -0.1104788 -0.1185083 0.06990277 0.08836209 0.9936326 0.8692147 0 0 0 1 0.6142581 -0.7886539 0.02668637 0.08036965 0.7852028 0.6075115 -0.1199436 -0.1476684 0.07838165 0.09463053 0.992422 0.8813008 0 0 0 1 0.5793932 -0.8145253 0.02919256 0.08724796 0.8107607 0.5723065 -0.123014 -0.17684 0.0834909 0.09494167 0.9919755 0.8912916 0 0 0 1 0.5447662 -0.8381237 0.02790093 0.08979988 0.8342792 0.5382986 -0.1192182 -0.2051107 0.08490049 0.08822321 0.992476 0.8982784 0 0 0 1 0.5105642 -0.8594955 0.02432471 0.08825051 0.855747 0.5051738 -0.1117879 -0.2324314 0.08379298 0.07789075 0.9934343 0.9030847 0 0 0 1 0.4761685 -0.8790991 0.02117395 0.08379006 0.8755636 0.4717452 -0.1041386 -0.2593305 0.08155941 0.06812667 0.9943374 0.9071946 0 0 0 1 0.4417624 -0.8969436 0.018386 0.07669639 0.8937022 0.4381906 -0.09636038 -0.2857311 0.07837325 0.05900001 0.9951767 0.9106571 0 0 0 1 0.4075074 -0.9130633 0.01590716 0.06723725 0.910166 0.4046719 -0.08853465 -0.3115726 0.07440054 0.05055671 0.9959461 0.9135217 0 0 0 1 0.3735855 -0.9274946 0.01369494 0.05567955 0.9249657 0.3713747 -0.08074229 -0.3367777 0.0698021 0.04283148 0.9966409 0.915835 0 0 0 1 0.340164 -0.9402931 0.01171427 0.04228264 0.9381357 0.3384733 -0.0730558 -0.3612783 0.06472891 0.03584051 0.9972591 0.9176435 0 0 0 1 0.3074195 -0.9515222 0.00993818 0.02730685 0.9497231 0.3061537 -0.065544 -0.3849978 0.05932396 0.02958804 0.9978002 0.9189921 0 0 0 1 0.275505 -0.9612635 0.008344888 0.01099956 0.9597977 0.2745791 -0.05826443 -0.4078748 0.05371612 0.02406156 0.9982663 0.9199261 0 0 0 1 0.2445897 -0.9696019 0.006918609 -0.006385684 0.9684365 0.2439298 -0.05127215 -0.4298332 0.0480259 0.01924085 0.9986608 0.9204893 0 0 0 1 0.2148321 -0.9766348 0.005647599 -0.02460062 0.975732 0.2143755 -0.04461395 -0.4508016 0.04236084 0.01509505 0.9989883 0.920725 0 0 0 1 0.1863896 -0.9824655 0.004523158 -0.04339736 0.9817858 0.1860842 -0.03833049 -0.4707067 0.03681671 0.01158517 0.9992549 0.9206763 0 0 0 1 0.1594147 -0.9872053 0.003538966 -0.06252902 0.9867097 0.1592184 -0.0324558 -0.4894745 0.03147703 0.008665919 0.9994669 0.9203861 0 0 0 1 0.1340505 -0.9909709 0.002689719 -0.08175396 0.9906225 0.13393 -0.02701658 -0.5070348 0.02641242 0.006286084 0.9996314 0.9198966 0 0 0 1 0.1104436 -0.9938805 0.001970767 -0.1008258 0.9936459 0.1103739 -0.02203583 -0.5233112 0.02168351 0.004391968 0.9997553 0.9192502 0 0 0 1 0.08873665 -0.9960541 0.001377403 -0.1194975 0.9959042 0.08869904 -0.01753175 -0.5382264 0.01734036 0.002927482 0.9998454 0.9184892 0 0 0 1 0.06906926 -0.9976115 9.0388e-4 -0.1375217 0.9975216 0.06905078 -0.01351827 -0.5517023 0.01342356 0.001835286 0.9999082 0.9176558 0 0 0 1 0.05158185 -0.9986687 5.42843e-4 -0.1546461 0.9986191 0.05157387 -0.0100072 -0.5636571 0.009965837 0.00105828 0.9999498 0.9167926 0 0 0 1 0.03640371 -0.9993371 2.84818e-4 -0.1706261 0.9993127 0.03640085 -0.007006227 -0.574014 0.006991207 5.39677e-4 0.9999755 0.9159421 0 0 0 1 0.02367484 -0.9997198 1.17795e-4 -0.1852031 0.9997096 0.02367407 -0.004524648 -0.5826866 0.004520595 2.24882e-4 0.9999898 0.9151473 0 0 0 1 0.01353061 -0.9999085 2.66536e-5 -0.198121 0.9999052 0.01353049 -0.002570927 -0.5895899 0.002570331 6.14378e-5 0.9999967 0.9144516 0 0 0 1 0.00611037 -0.9999814 -7.36135e-6 -0.2091147 0.9999807 0.00611037 -0.001155912 -0.5946344 0.001155972 -2.97732e-7 0.9999994 0.9138991 0 0 0 1 0.001552045 -0.9999988 -7.06685e-6 -0.2179221 0.9999988 0.001552045 -2.92801e-4 -0.5977309 2.92811e-4 -6.61242e-6 1 0.9135342 0 0 0 1 3.57628e-7 -1 0 -0.2242679 1 3.57628e-7 0 -0.5987844 0 0 1 0.9134023 0 0 0 1 3.57628e-7 -1 0 -0.2285302 1 3.57628e-7 0 -0.5987844 0 0 1 0.9134023 0 0 0 1 3.57628e-7 -1 0 -0.232073 1 3.57628e-7 0 -0.5987844 0 0 1 0.9134023 0 0 0 1 3.57628e-7 -1 0 -0.2349606 1 3.57628e-7 0 -0.5987844 0 0 1 0.9134023 0 0 0 1 3.57628e-7 -1 0 -0.237254 1 3.57628e-7 0 -0.5987844 0 0 1 0.9134023 0 0 0 1 3.57628e-7 -1 0 -0.2390135 1 3.57628e-7 0 -0.5987844 0 0 1 0.9134023 0 0 0 1 3.57628e-7 -1 0 -0.2402975 1 3.57628e-7 0 -0.5987844 0 0 1 0.9134023 0 0 0 1 3.57628e-7 -1 0 -0.2411638 1 3.57628e-7 0 -0.5987844 0 0 1 0.9134023 0 0 0 1 3.57628e-7 -1 0 -0.2416687 1 3.57628e-7 0 -0.5987844 0 0 1 0.9134023 0 0 0 1 3.57628e-7 -1 0 -0.2418682 1 3.57628e-7 0 -0.5987844 0 0 1 0.9134023 0 0 0 1 3.57628e-7 -1 0 -0.2418175 1 3.57628e-7 0 -0.5987844 0 0 1 0.9134023 0 0 0 1 3.57628e-7 -1 0 -0.2415713 1 3.57628e-7 0 -0.5987844 0 0 1 0.9134023 0 0 0 1 3.57628e-7 -1 0 -0.2411845 1 3.57628e-7 0 -0.5987844 0 0 1 0.9134023 0 0 0 1 3.57628e-7 -1 0 -0.2407116 1 3.57628e-7 0 -0.5987844 0 0 1 0.9134023 0 0 0 1 3.57628e-7 -1 0 -0.2402074 1 3.57628e-7 0 -0.5987844 0 0 1 0.9134023 0 0 0 1 3.57628e-7 -1 0 -0.2397271 1 3.57628e-7 0 -0.5987844 0 0 1 0.9134023 0 0 0 1 3.57628e-7 -1 0 -0.2393262 1 3.57628e-7 0 -0.5987844 0 0 1 0.9134023 0 0 0 1 3.57628e-7 -1 0 -0.2390613 1 3.57628e-7 0 -0.5987844 0 0 1 0.9134023 0 0 0 1 3.57628e-7 -1 0 -0.2389895 1 3.57628e-7 0 -0.5987844 0 0 1 0.9134023 0 0 0 1 5.96046e-7 -1 0 -0.2391694 1 5.96046e-7 0 -0.5987844 0 0 1 0.9134023 0 0 0 1 5.96046e-7 -1 0 -0.2392534 1 5.96046e-7 0 -0.5987844 0 0 1 0.9134023 0 0 0 1 5.96046e-7 -1 0 -0.239418 1 5.96046e-7 0 -0.5987844 0 0 1 0.9134023 0 0 0 1 5.96046e-7 -1 0 -0.2396593 1 5.96046e-7 0 -0.5987844 0 0 1 0.9134023 0 0 0 1 5.96046e-7 -1 0 -0.2399737 1 5.96046e-7 0 -0.5987844 0 0 1 0.9134023 0 0 0 1 5.96046e-7 -1 0 -0.2403575 1 5.96046e-7 0 -0.5987844 0 0 1 0.9134023 0 0 0 1 5.96046e-7 -1 0 -0.2408072 1 5.96046e-7 0 -0.5987844 0 0 1 0.9134023 0 0 0 1 5.96046e-7 -1 0 -0.2413194 1 5.96046e-7 0 -0.5987844 0 0 1 0.9134023 0 0 0 1 5.96046e-7 -1 0 -0.2418907 1 5.96046e-7 0 -0.5987844 0 0 1 0.9134023 0 0 0 1 5.96046e-7 -1 0 -0.2425178 1 5.96046e-7 0 -0.5987844 0 0 1 0.9134023 0 0 0 1 5.96046e-7 -1 0 -0.2431977 1 5.96046e-7 0 -0.5987844 0 0 1 0.9134023 0 0 0 1 5.96046e-7 -1 0 -0.2439274 1 5.96046e-7 0 -0.5987844 0 0 1 0.9134023 0 0 0 1 5.96046e-7 -1 0 -0.2447035 1 5.96046e-7 0 -0.5987844 0 0 1 0.9134023 0 0 0 1 5.96046e-7 -1 0 -0.2455231 1 5.96046e-7 0 -0.5987844 0 0 1 0.9134023 0 0 0 1 5.96046e-7 -1 0 -0.2463831 1 5.96046e-7 0 -0.5987844 0 0 1 0.9134023 0 0 0 1 5.96046e-7 -1 0 -0.2472809 1 5.96046e-7 0 -0.5987844 0 0 1 0.9134023 0 0 0 1 5.96046e-7 -1 0 -0.2482133 1 5.96046e-7 0 -0.5987844 0 0 1 0.9134023 0 0 0 1 5.96046e-7 -1 0 -0.2491774 1 5.96046e-7 0 -0.5987844 0 0 1 0.9134023 0 0 0 1 5.96046e-7 -1 0 -0.2501705 1 5.96046e-7 0 -0.5987844 0 0 1 0.9134023 0 0 0 1 5.96046e-7 -1 0 -0.2511894 1 5.96046e-7 0 -0.5987844 0 0 1 0.9134023 0 0 0 1 5.96046e-7 -1 0 -0.2522312 1 5.96046e-7 0 -0.5987844 0 0 1 0.9134023 0 0 0 1 5.96046e-7 -1 0 -0.2532932 1 5.96046e-7 0 -0.5987844 0 0 1 0.9134023 0 0 0 1 5.96046e-7 -1 0 -0.2543727 1 5.96046e-7 0 -0.5987844 0 0 1 0.9134023 0 0 0 1 5.96046e-7 -1 0 -0.2555336 1 5.96046e-7 0 -0.5987844 0 0 1 0.9134023 0 0 0 1 5.96046e-7 -1 0 -0.2567589 1 5.96046e-7 0 -0.5987844 0 0 1 0.9134023 0 0 0 1 5.96046e-7 -1 0 -0.2579267 1 5.96046e-7 0 -0.5987844 0 0 1 0.9134023 0 0 0 1 5.96046e-7 -1 0 -0.2589168 1 5.96046e-7 0 -0.5987844 0 0 1 0.9134023 0 0 0 1 5.96046e-7 -1 0 -0.2596065 1 5.96046e-7 0 -0.5987844 0 0 1 0.9134023 0 0 0 1 5.96046e-7 -1 0 -0.2598667 1 5.96046e-7 0 -0.5987844 0 0 1 0.9134023 0 0 0 1 5.96046e-7 -1 0 -0.2598298 1 5.96046e-7 0 -0.5987844 0 0 1 0.9134023 0 0 0 1 5.96046e-7 -1 0 -0.2595758 1 5.96046e-7 0 -0.5987844 0 0 1 0.9134023 0 0 0 1 5.96046e-7 -1 0 -0.2588934 1 5.96046e-7 0 -0.5987844 0 0 1 0.9134023 0 0 0 1 5.96046e-7 -1 0 -0.2575742 1 5.96046e-7 0 -0.5987844 0 0 1 0.9134023 0 0 0 1 5.96046e-7 -1 0 -0.255409 1 5.96046e-7 0 -0.5987844 0 0 1 0.9134023 0 0 0 1 5.96046e-7 -1 0 -0.2521867 1 5.96046e-7 0 -0.5987844 0 0 1 0.9134023 0 0 0 1 5.96046e-7 -1 0 -0.2476911 1 5.96046e-7 0 -0.5987844 0 0 1 0.9134023 0 0 0 1 5.96046e-7 -1 0 -0.2416973 1 5.96046e-7 0 -0.5987844 0 0 1 0.9134023 0 0 0 1 5.96046e-7 -1 0 -0.2339726 1 5.96046e-7 0 -0.5987844 0 0 1 0.9134023 0 0 0 1 5.96046e-7 -1 0 -0.2242679 1 5.96046e-7 0 -0.5987844 0 0 1 0.9134023 0 0 0 1 0.01005041 -0.9999452 -0.002956926 -0.192178 0.9999481 0.01005548 -0.001689374 -0.5982621 0.001718997 -0.00293976 0.9999942 0.912097 0 0 0 1 0.03935647 -0.9991861 -0.008845448 -0.1336681 0.9992123 0.03939944 -0.004735946 -0.5933395 0.00508058 -0.008652091 0.9999496 0.9083209 0 0 0 1 0.08680045 -0.9961377 -0.0132451 -0.06808137 0.9962033 0.08688014 -0.005563855 -0.5790461 0.006693065 -0.01271182 0.9998968 0.9022434 0 0 0 1 0.1510174 -0.988464 -0.01152366 -0.01434975 0.9885218 0.1510564 -0.002588093 -0.5503043 0.004298985 -0.01100051 0.9999303 0.893988 0 0 0 1 0.2304275 -0.973089 9.01295e-4 0.008091032 0.9730892 0.2304281 6.21244e-4 -0.5016836 -8.1221e-4 7.33889e-4 0.9999994 0.8836375 0 0 0 1 0.317332 -0.9481734 0.01635664 0.007858991 0.9482956 0.3173874 8.45082e-4 -0.4383763 -0.00599265 0.01524275 0.9998659 0.8720589 0 0 0 1 0.4028405 -0.9149169 0.02542918 0.007233619 0.9152017 0.4029948 0.001036703 -0.3712004 -0.01119631 0.02285516 0.9996761 0.8603067 0 0 0 1 0.4839308 -0.8746154 0.02930688 0.006317138 0.8749738 0.4841688 0.001181602 -0.3026542 -0.0152229 0.02507096 0.9995698 0.8487068 0 0 0 1 0.5580131 -0.8293209 0.02912354 0.00520879 0.8296515 0.5582802 0.001273334 -0.235209 -0.01731508 0.02345186 0.999575 0.8375845 0 0 0 1 0.6231016 -0.7817093 0.02597892 0.004004955 0.7819513 0.6233381 0.001313567 -0.1712731 -0.01722049 0.01949572 0.9996616 0.8272572 0 0 0 1 0.6777887 -0.7349581 0.02095293 0.00280112 0.7351002 0.6779572 0.001311123 -0.1132709 -0.01516884 0.01451385 0.9997796 0.8180463 0 0 0 1 0.7212114 -0.69255 0.01512157 0.001692771 0.6926146 0.7213067 0.001279771 -0.06365388 -0.01179361 0.009550392 0.9998849 0.8102787 0 0 0 1 0.7528963 -0.6580697 0.009568214 7.76345e-4 0.6580904 0.7529379 0.001236498 -0.02492046 -0.008017957 0.005365788 0.9999535 0.8042885 0 0 0 1 0.7724574 -0.6350436 0.005399286 1.50958e-4 0.6350474 0.7724723 0.001198947 3.2306e-4 -0.004932224 0.00250262 0.9999847 0.8004266 0 0 0 1 0.7792376 -0.6267173 0.003750264 -8.10623e-5 0.6267178 0.7792454 0.00118345 0.009366631 -0.003664016 0.001428127 0.9999923 0.7990584 0 0 0 1 0.7792376 -0.6267173 0.003750264 -8.10623e-5 0.6267178 0.7792454 0.00118345 0.009586632 -0.003664016 0.001428127 0.9999923 0.7988634 0 0 0 1 0.7792376 -0.6267173 0.003750264 -8.10623e-5 0.6267178 0.7792454 0.00118345 0.009614646 -0.003664016 0.001428127 0.9999923 0.7988451 0 0 0 1 0.7792376 -0.6267173 0.003750264 -8.10623e-5 0.6267178 0.7792454 0.00118345 0.009533941 -0.003664016 0.001428127 0.9999923 0.7989231 0 0 0 1 0.7792376 -0.6267173 0.003750264 -8.10623e-5 0.6267178 0.7792454 0.00118345 0.009424388 -0.003664016 0.001428127 0.9999923 0.7990202 0 0 0 1 0.7792376 -0.6267173 0.003750264 -8.10623e-5 0.6267178 0.7792454 0.00118345 0.009366631 -0.003664016 0.001428127 0.9999923 0.7990584 0 0 0 1</float_array>
        <technique_common>
          <accessor source="#node-Bip01_matrix-output-array" count="111" stride="16">
            <param name="TRANSFORM" type="float4x4"/>
          </accessor>
        </technique_common>
      </source>
      <source id="node-Bip01_matrix-interpolation">
        <Name_array id="node-Bip01_matrix-interpolation-array" count="111">LINEAR LINEAR LINEAR LINEAR LINEAR LINEAR LINEAR LINEAR LINEAR LINEAR LINEAR LINEAR LINEAR LINEAR LINEAR LINEAR LINEAR LINEAR LINEAR LINEAR LINEAR LINEAR LINEAR LINEAR LINEAR LINEAR LINEAR LINEAR LINEAR LINEAR LINEAR LINEAR LINEAR LINEAR LINEAR LINEAR LINEAR LINEAR LINEAR LINEAR LINEAR LINEAR LINEAR LINEAR LINEAR LINEAR LINEAR LINEAR LINEAR LINEAR LINEAR LINEAR LINEAR LINEAR LINEAR LINEAR LINEAR LINEAR LINEAR LINEAR LINEAR LINEAR LINEAR LINEAR LINEAR LINEAR LINEAR LINEAR LINEAR LINEAR LINEAR LINEAR LINEAR LINEAR LINEAR LINEAR LINEAR LINEAR LINEAR LINEAR LINEAR LINEAR LINEAR LINEAR LINEAR LINEAR LINEAR LINEAR LINEAR LINEAR LINEAR LINEAR LINEAR LINEAR LINEAR LINEAR LINEAR LINEAR LINEAR LINEAR LINEAR LINEAR LINEAR LINEAR LINEAR LINEAR LINEAR LINEAR LINEAR LINEAR LINEAR</Name_array>
        <technique_common>
          <accessor source="#node-Bip01_matrix-interpolation-array" count="111" stride="1">
            <param name="INTERPOLATION" type="name"/>
          </accessor>
        </technique_common>
      </source>
      <source id="node-Bip01_Pelvis_matrix-input">
        <float_array id="node-Bip01_Pelvis_matrix-input-array" count="111">22.33333 22.36667 22.4 22.43333 22.46667 22.5 22.53333 22.56667 22.6 22.63333 22.66667 22.7 22.73333 22.76667 22.8 22.83333 22.86667 22.9 22.93333 22.96667 23 23.03333 23.06667 23.1 23.13333 23.16667 23.2 23.23333 23.26667 23.3 23.33333 23.36667 23.4 23.43333 23.46667 23.5 23.53333 23.56667 23.6 23.63333 23.66667 23.7 23.73333 23.76667 23.8 23.83333 23.86667 23.9 23.93333 23.96667 24 24.03333 24.06667 24.1 24.13333 24.16667 24.2 24.23333 24.26667 24.3 24.33333 24.36667 24.4 24.43333 24.46667 24.5 24.53333 24.56667 24.6 24.63333 24.66667 24.7 24.73333 24.76667 24.8 24.83333 24.86667 24.9 24.93333 24.96667 25 25.03333 25.06667 25.1 25.13333 25.16667 25.2 25.23333 25.26667 25.3 25.33333 25.36667 25.4 25.43333 25.46667 25.5 25.53333 25.56667 25.6 25.63333 25.66667 25.7 25.73333 25.76667 25.8 25.83333 25.86667 25.9 25.93333 25.96667 26</float_array>
        <technique_common>
          <accessor source="#node-Bip01_Pelvis_matrix-input-array" count="111" stride="1">
            <param name="TIME" type="float"/>
          </accessor>
        </technique_common>
      </source>
      <source id="node-Bip01_Pelvis_matrix-output">
