<?xml version="1.0" encoding="utf-8"?>
<COLLADA xmlns="http://www.collada.org/2005/11/COLLADASchema" version="1.4.1">
  <asset>
    <contributor>
      <author>MattO</author>
      <authoring_tool>OpenCOLLADA for 3ds Max;  Version: 1.3.0;  Revision: 839M;  Platform: x64;  Configuration: Release_Max2012</authoring_tool>
      <source_data>file:///C:/Dropbox/Prj/GGStout/Disposition_SourceArt/Soldier_TP_Disposition_Animation_Master03.max</source_data>
    </contributor>
    <created>2011-10-07T14:38:39</created>
    <modified>2011-10-07T14:38:39</modified>
    <unit name="meter" meter="1"/>
    <up_axis>Z_UP</up_axis>
  </asset>
  <library_effects>
    <effect id="ShapeBounds">
      <profile_COMMON>
        <technique sid="common">
          <blinn>
            <emission>
              <color>0 0 0 1</color>
            </emission>
            <ambient>
              <color>0.1647059 1 0 1</color>
            </ambient>
            <diffuse>
              <color>0.1647059 1 0 1</color>
            </diffuse>
            <specular>
              <color>0.9 0.9 0.9 1</color>
            </specular>
            <shininess>
              <float>10</float>
            </shininess>
            <reflective>
              <color>0 0 0 1</color>
            </reflective>
            <transparent opaque="A_ONE">
              <color>1 1 1 1</color>
            </transparent>
            <transparency>
              <float>1</float>
            </transparency>
          </blinn>
        </technique>
      </profile_COMMON>
      <extra>
        <technique profile="OpenCOLLADA3dsMax">
          <extended_shader>
            <apply_reflection_dimming>0</apply_reflection_dimming>
            <dim_level>0</dim_level>
            <falloff_type>0</falloff_type>
            <index_of_refraction>1.5</index_of_refraction>
            <opacity_type>0</opacity_type>
            <reflection_level>3</reflection_level>
            <wire_size>1</wire_size>
            <wire_units>0</wire_units>
          </extended_shader>
          <shader>
            <ambient_diffuse_lock>1</ambient_diffuse_lock>
            <ambient_diffuse_texture_lock>1</ambient_diffuse_texture_lock>
            <diffuse_specular_lock>0</diffuse_specular_lock>
            <soften>0.1</soften>
            <use_self_illum_color>0</use_self_illum_color>
          </shader>
        </technique>
      </extra>
    </effect>
  </library_effects>
  <library_materials>
    <material id="ShapeBounds-material" name="ShapeBounds">
      <instance_effect url="#ShapeBounds"/>
    </material>
  </library_materials>
  <library_geometries>
    <geometry id="geom-Bounds" name="Bounds">
      <mesh>
        <source id="geom-Bounds-positions">
          <float_array id="geom-Bounds-positions-array" count="24">-0.425 -0.425 0 0.425 -0.425 0 -0.425 0.425 0 0.425 0.425 0 -0.425 -0.425 1.84 0.425 -0.425 1.84 -0.425 0.425 1.84 0.425 0.425 1.84</float_array>
          <technique_common>
            <accessor source="#geom-Bounds-positions-array" count="8" stride="3">
              <param name="X" type="float"/>
              <param name="Y" type="float"/>
              <param name="Z" type="float"/>
            </accessor>
          </technique_common>
        </source>
        <source id="geom-Bounds-normals">
          <float_array id="geom-Bounds-normals-array" count="72">0 0 -1 0 0 -1 0 0 -1 0 0 -1 0 0 1 0 0 1 0 0 1 0 0 1 0 -1 0 0 -1 0 0 -1 0 0 -1 0 1 0 0 1 0 0 1 0 0 1 0 0 0 1 0 0 1 0 0 1 0 0 1 0 -1 0 0 -1 0 0 -1 0 0 -1 0 0</float_array>
          <technique_common>
            <accessor source="#geom-Bounds-normals-array" count="24" stride="3">
              <param name="X" type="float"/>
              <param name="Y" type="float"/>
              <param name="Z" type="float"/>
            </accessor>
          </technique_common>
        </source>
        <source id="geom-Bounds-map1">
          <float_array id="geom-Bounds-map1-array" count="36">0 0 0 1 0 0 0 1 0 1 1 0 0 0 0 1 0 0 0 1 0 1 1 0 0 0 0 1 0 0 0 1 0 1 1 0</float_array>
          <technique_common>
            <accessor source="#geom-Bounds-map1-array" count="12" stride="3">
              <param name="S" type="float"/>
              <param name="T" type="float"/>
              <param name="P" type="float"/>
            </accessor>
          </technique_common>
        </source>
        <vertices id="geom-Bounds-vertices">
          <input semantic="POSITION" source="#geom-Bounds-positions"/>
        </vertices>
        <triangles material="ShapeBounds" count="12">
          <input semantic="VERTEX" source="#geom-Bounds-vertices" offset="0"/>
          <input semantic="NORMAL" source="#geom-Bounds-normals" offset="1"/>
          <input semantic="TEXCOORD" source="#geom-Bounds-map1" offset="2" set="0"/>
          <p>0 0 9 2 1 11 3 2 10 3 2 10 1 3 8 0 0 9 4 4 8 5 5 9 7 6 11 7 6 11 6 7 10 4 4 8 0 8 4 1 9 5 5 10 7 5 10 7 4 11 6 0 8 4 1 12 0 3 13 1 7 14 3 7 14 3 5 15 2 1 12 0 3 16 4 2 17 5 6 18 7 6 18 7 7 19 6 3 16 4 2 20 0 0 21 1 4 22 3 4 22 3 6 23 2 2 20 0</p>
        </triangles>
      </mesh>
      <extra>
        <technique profile="OpenCOLLADA3dsMax">
          <max_box>
            <generateuvs>1</generateuvs>
            <height>1.84</height>
            <heightsegments>1</heightsegments>
            <length>0.85</length>
            <lengthsegments>1</lengthsegments>
            <width>0.85</width>
            <widthsegments>1</widthsegments>
          </max_box>
        </technique>
      </extra>
    </geometry>
  </library_geometries>
  <library_lights>
    <light id="EnvironmentAmbientLight" name="EnvironmentAmbientLight">
      <technique_common>
        <ambient>
          <color>0 0 0</color>
        </ambient>
      </technique_common>
    </light>
  </library_lights>
  <library_visual_scenes>
    <visual_scene id="MaxScene">
      <node name="EnvironmentAmbientLight">
        <instance_light url="#EnvironmentAmbientLight"/>
      </node>
      <node id="node-Bip01" name="Bip01">
        <matrix sid="matrix">0.7792374 -0.6267176 0.003750233 -8.10623e-5 0.626718 0.7792451 0.001183393 0.009366653 -0.003664004 0.001428195 0.9999923 0.7990584 0 0 0 1</matrix>
        <node id="node-Bip01_Pelvis" name="Bip01_Pelvis">
          <matrix>-0.009613856 0.9912359 0.1317535 0 -0.1216452 -0.1319404 0.9837654 0 0.992527 -0.006569403 0.1218475 0 0 0 0 1</matrix>
          <node id="node-Bip01_Spine" name="Bip01_Spine">
            <matrix>0.9142746 -0.1596095 -0.3723264 0.197515 0.175654 0.9844078 0.009333424 0.02499344 0.3650313 -0.07393383 0.928055 0.02779043 0 0 0 1</matrix>
            <node id="node-Bip01_Spine1" name="Bip01_Spine1">
              <matrix>0.9850424 0.02363081 -0.1706849 0.1022274 -0.01319328 0.9979873 0.06202856 -1.00821e-4 0.1718071 -0.05884887 0.9833714 5.94556e-6 0 0 0 1</matrix>
              <node id="node-Bip01_Spine2" name="Bip01_Spine2">
                <matrix>0.9369742 -0.3477308 -0.03409585 0.1269255 0.3490359 0.9270918 0.1366548 -1.58779e-4 -0.01590922 -0.1399427 0.9900317 2.40207e-5 0 0 0 1</matrix>
                <node id="node-Bip01_Neck" name="Bip01_Neck">
                  <matrix sid="matrix">0.8407081 -0.4308256 0.3280236 0.215107 0.413622 0.9019014 0.124463 -4.97103e-5 -0.3494667 0.03104064 0.9364346 -1.72853e-6 0 0 0 1</matrix>
                  <node id="node-Bip01_Head" name="Bip01_Head">
                    <matrix sid="matrix">0.947571 -0.06889552 -0.3120295 0.07051814 -0.2855059 0.2560087 -0.9235505 -0.01395917 0.1435108 0.9642162 0.2229164 1.49012e-8 0 0 0 1</matrix>
                    <node id="node-AltEye" name="AltEye">
                      <matrix sid="matrix">0.4506336 0.3792482 0.8081468 0.06454706 0.04412792 0.8947044 -0.4444743 0.2214611 -0.8916181 0.2359565 0.3864482 0.04716253 0 0 0 1</matrix>
                    </node>
                  </node>
                  <node id="node-Bip01_L_Clavicle" name="Bip01_L_Clavicle">
                    <matrix sid="matrix">-0.5778344 -0.4531802 0.6787747 -0.04690331 0.283809 -0.8913431 -0.3534966 -0.01204771 0.7652189 -0.01162012 0.6436655 0.05588408 0 0 0 1</matrix>
                    <node id="node-Bip01_L_UpperArm" name="Bip01_L_UpperArm">
                      <matrix sid="matrix">0.8909796 0.4284356 0.1503265 0.1824006 -0.3034079 0.3154958 0.8991139 0 0.3377851 -0.8467026 0.4110911 0 0 0 0 1</matrix>
                      <node id="node-Bip01_L_Forearm" name="Bip01_L_Forearm">
                        <matrix sid="matrix">0.3454812 0.9384257 4.47035e-8 0.2843691 -0.9384257 0.3454811 0 0 0 0 1 0 0 0 0 1</matrix>
                        <node id="node-Bip01_L_Hand" name="Bip01_L_Hand">
                          <matrix sid="matrix">0.9513519 0.2418802 -0.1908506 0.2810681 0.1384898 -0.8890321 -0.4363972 -2.98023e-8 -0.2752282 0.3887364 -0.8792802 0 0 0 0 1</matrix>
                          <node id="node-Bip01_L_Finger0" name="Bip01_L_Finger0">
                            <matrix sid="matrix">0.6413841 0.3141903 0.6999362 0.02119678 0.7352948 0.008702906 -0.6776913 -0.004734457 -0.2190156 0.94932 -0.2254407 -0.02572185 0 0 0 1</matrix>
                            <node id="node-Bip01_L_Finger01" name="Bip01_L_Finger01">
                              <matrix sid="matrix">0.9975641 -0.06975639 2.98023e-8 0.04982877 0.06975648 0.997564 3.35276e-8 2.98023e-8 -2.98023e-8 -1.49012e-8 1 -1.78814e-7 0 0 0 1</matrix>
                              <node id="node-Bip01_L_Finger02" name="Bip01_L_Finger02">
                                <matrix>0.9203136 0.3911814 0 0.05202246 -0.3911815 0.9203136 1.49012e-8 2.98023e-8 0 8.9407e-8 1 0 0 0 0 1</matrix>
                              </node>
                            </node>
                          </node>
                          <node id="node-Bip01_L_Finger1" name="Bip01_L_Finger1">
                            <matrix sid="matrix">0.9592717 -0.2819768 -0.0169349 0.1199946 0.2798395 0.9567645 -0.07931916 -0.008367777 0.03856891 0.0713495 0.9967054 -0.04101384 0 0 0 1</matrix>
                            <node id="node-Bip01_L_Finger11" name="Bip01_L_Finger11">
                              <matrix sid="matrix">0.7001771 -0.7139691 -2.23517e-8 0.03644156 0.713969 0.7001771 -1.49012e-8 5.96046e-8 5.96046e-8 -6.33299e-8 1 0 0 0 0 1</matrix>
                              <node id="node-Bip01_L_Finger12" name="Bip01_L_Finger12">
                                <matrix sid="matrix">0.8757258 -0.4828088 1.49012e-8 0.03117549 0.4828088 0.8757259 2.6077e-8 5.96046e-8 2.98023e-8 4.09782e-8 1 5.96046e-8 0 0 0 1</matrix>
                              </node>
                            </node>
                          </node>
                          <node id="node-Bip01_L_Finger2" name="Bip01_L_Finger2">
                            <matrix sid="matrix">0.6611331 -0.7495596 -0.03260922 0.1229537 0.7489769 0.6568218 0.08728343 -0.008802056 -0.04400568 -0.08212955 0.9956495 -0.01328242 0 0 0 1</matrix>
                            <node id="node-Bip01_L_Finger21" name="Bip01_L_Finger21">
                              <matrix sid="matrix">0.8156036 -0.5786111 1.11759e-8 0.03895521 0.5786111 0.8156035 -7.35745e-8 -5.96046e-8 1.49012e-8 6.01867e-8 1 0 0 0 0 1</matrix>
                              <node id="node-Bip01_L_Finger22" name="Bip01_L_Finger22">
                                <matrix sid="matrix">0.9762961 -0.2164397 -5.58794e-9 0.03800535 0.2164396 0.9762961 -5.68107e-8 0 2.42144e-8 1.81608e-8 1 -5.96046e-8 0 0 0 1</matrix>
                              </node>
                            </node>
                          </node>
                          <node id="node-Bip01_L_Finger3" name="Bip01_L_Finger3">
                            <matrix sid="matrix">0.4124629 -0.9064789 -0.09038846 0.1211882 0.9061533 0.3980611 0.1429456 -0.001191378 -0.093597 -0.1408657 0.9855944 0.01196867 0 0 0 1</matrix>
                            <node id="node-Bip01_L_Finger31" name="Bip01_L_Finger31">
                              <matrix sid="matrix">0.9381478 -0.3462352 3.72529e-9 0.03155839 0.3462352 0.938148 3.63216e-8 -2.98023e-8 -1.86265e-8 7.66013e-8 1 -5.96046e-8 0 0 0 1</matrix>
                              <node id="node-Bip01_L_Finger32" name="Bip01_L_Finger32">
                                <matrix sid="matrix">0.9636305 -0.2672384 5.58794e-9 0.03366613 0.2672384 0.9636305 -1.234e-8 0 3.1665e-8 -3.07336e-8 0.9999999 5.96046e-8 0 0 0 1</matrix>
                              </node>
                            </node>
                          </node>
                          <node id="node-Bip01_L_Finger4" name="Bip01_L_Finger4">
                            <matrix sid="matrix">0.07120563 -0.9696806 0.2337719 0.1136797 0.9750154 0.1171045 0.1887628 0.005147517 -0.2104155 0.2144902 0.953792 0.03886575 0 0 0 1</matrix>
                            <node id="node-Bip01_L_Finger41" name="Bip01_L_Finger41">
                              <matrix sid="matrix">0.9790112 -0.2038069 0 0.03661609 0.2038069 0.9790112 2.6077e-8 0 4.47035e-8 3.35276e-8 1 -5.96046e-8 0 0 0 1</matrix>
                              <node id="node-Bip01_L_Finger42" name="Bip01_L_Finger42">
                                <matrix sid="matrix">0.9645151 0.2640274 0 0.01772624 -0.2640274 0.9645151 -7.45058e-9 -1.19209e-7 -1.49012e-8 -1.53668e-8 1 5.96046e-8 0 0 0 1</matrix>
                              </node>
                            </node>
                          </node>
                        </node>
                      </node>
                    </node>
                  </node>
                  <node id="node-Bip01_R_Clavicle" name="Bip01_R_Clavicle">
                    <matrix sid="matrix">0.207393 -0.1669672 -0.9639035 8.67009e-4 0.5679266 -0.781728 0.2576056 -0.01629043 -0.7965222 -0.6008521 -0.06729977 -0.07212144 0 0 0 1</matrix>
                    <node id="node-Bip01_R_UpperArm" name="Bip01_R_UpperArm">
                      <matrix sid="matrix">0.3443578 0.9301545 -0.1273984 0.1824007 -0.8986198 0.3658494 0.2421499 5.96046e-8 0.2718453 0.03109661 0.9618385 0 0 0 0 1</matrix>
                      <node id="node-Bip01_R_Forearm" name="Bip01_R_Forearm">
                        <matrix sid="matrix">-0.07265092 0.9973575 0 0.2843689 -0.9973574 -0.07265096 7.45058e-9 -1.49012e-8 -2.6077e-8 8.9407e-8 1 0 0 0 0 1</matrix>
                        <node id="node-Bip01_R_Hand" name="Bip01_R_Hand">
                          <matrix sid="matrix">0.9247898 0.3771953 -0.04987317 0.2810681 0.2033493 -0.6007846 -0.7731151 5.96046e-8 -0.3215783 0.7048272 -0.632302 1.19209e-7 0 0 0 1</matrix>
                          <node id="node-Bip01_R_Finger0" name="Bip01_R_Finger0">
                            <matrix>0.5215106 0.269013 -0.8097276 0.02119669 0.7250716 0.3605265 0.5867638 -0.004734248 0.4497754 -0.893114 -0.007035484 0.02572191 0 0 0 1</matrix>
                            <node id="node-Bip01_R_Finger01" name="Bip01_R_Finger01">
                              <matrix>0.6423535 -0.7636237 0.0652757 0.04982865 0.7605616 0.6456372 0.06854743 0 -0.09448887 0.005614465 0.9955101 -5.96046e-8 0 0 0 1</matrix>
                              <node id="node-Bip01_R_Finger02" name="Bip01_R_Finger02">
                                <matrix>0.9505158 -0.3106765 -5.02914e-8 0.05202237 0.3106765 0.9505159 2.23517e-8 -1.19209e-7 1.67638e-8 4.09782e-8 1 0 0 0 0 1</matrix>
                              </node>
                            </node>
                          </node>
                          <node id="node-Bip01_R_Finger1" name="Bip01_R_Finger1">
                            <matrix>0.9820225 -0.1733427 -0.07472672 0.1199946 0.1795577 0.9799357 0.08651491 -0.008367598 0.05823065 -0.09837735 0.9934441 0.04101396 0 0 0 1</matrix>
                            <node id="node-Bip01_R_Finger11" name="Bip01_R_Finger11">
                              <matrix>0.8240547 -0.5665103 1.86265e-8 0.0364418 0.5665103 0.8240548 0 5.96046e-8 -1.86265e-9 0 1 -1.19209e-7 0 0 0 1</matrix>
                              <node id="node-Bip01_R_Finger12" name="Bip01_R_Finger12">
                                <matrix>0.8146398 -0.5796779 0.01831832 0.03117542 0.5799672 0.8142334 -0.0257305 5.96046e-8 1.49012e-8 0.03158512 0.999501 0 0 0 0 1</matrix>
                              </node>
                            </node>
                          </node>
                          <node id="node-Bip01_R_Finger2" name="Bip01_R_Finger2">
                            <matrix>0.6754013 -0.7374504 -1.52119e-4 0.1229538 0.7368312 0.6748428 -0.04082684 -0.008802056 0.03021043 0.02746242 0.9991661 0.01328218 0 0 0 1</matrix>
                            <node id="node-Bip01_R_Finger21" name="Bip01_R_Finger21">
                              <matrix>0.5508358 -0.8338858 -0.03484871 0.0389552 0.832222 0.551937 -0.05265062 5.96046e-8 0.0631389 -1.25729e-8 0.9980047 2.38419e-7 0 0 0 1</matrix>
                              <node id="node-Bip01_R_Finger22" name="Bip01_R_Finger22">
                                <matrix>0.1984735 -0.9799247 0.01886613 0.03800532 0.9755273 0.199368 0.09272984 0 -0.09462958 -7.45058e-9 0.9955126 -1.19209e-7 0 0 0 1</matrix>
                              </node>
                            </node>
                          </node>
                          <node id="node-Bip01_R_Finger3" name="Bip01_R_Finger3">
                            <matrix>0.7159052 -0.6949215 0.06755453 0.1211881 0.6883785 0.6863562 -0.234627 -0.001191258 0.1166809 0.2144738 0.9697352 -0.01196861 0 0 0 1</matrix>
                            <node id="node-Bip01_R_Finger31" name="Bip01_R_Finger31">
                              <matrix>0.4441952 -0.8949345 0.0422235 0.03155851 0.8909185 0.4461976 0.08468726 1.49012e-8 -0.09462959 2.02563e-8 0.9955126 0 0 0 0 1</matrix>
                              <node id="node-Bip01_R_Finger32" name="Bip01_R_Finger32">
                                <matrix>0.1993681 -0.9794358 -0.03095102 0.03366597 0.9799247 0.1992686 0.006297082 0 -7.45058e-9 -0.03158514 0.999501 1.19209e-7 0 0 0 1</matrix>
                              </node>
                            </node>
                          </node>
                          <node id="node-Bip01_R_Finger4" name="Bip01_R_Finger4">
                            <matrix>0.5925791 -0.789795 -0.1583476 0.1136796 0.7783521 0.6120422 -0.1399001 0.005147427 0.2074078 -0.0403483 0.9774221 -0.0388658 0 0 0 1</matrix>
                            <node id="node-Bip01_R_Finger41" name="Bip01_R_Finger41">
                              <matrix>0.4202556 -0.9064697 0.04120623 0.03661621 0.906853 0.421151 0.01578779 0 -0.0316652 0.03073302 0.999026 1.19209e-7 0 0 0 1</matrix>
                              <node id="node-Bip01_R_Finger42" name="Bip01_R_Finger42">
                                <matrix>0.4024471 -0.9138246 -0.05441483 0.0177263 0.915423 0.4021218 0.01728317 2.98023e-8 0.006087601 -0.05676818 0.9983689 -1.19209e-7 0 0 0 1</matrix>
                              </node>
                            </node>
                          </node>
                          <node id="node-mount0" name="mount0">
                            <matrix>-0.004997194 0.9999838 -0.002795181 0.09410724 -0.9999508 -0.005020954 -0.008545231 0.01837562 -0.008559125 0.002752355 0.9999595 0.01120639 0 0 0 1</matrix>
                          </node>
                        </node>
                      </node>
                    </node>
                  </node>
                </node>
                <node id="node-Bip01_L_Pauldron_Upper" name="Bip01_L_Pauldron_Upper">
                  <matrix sid="matrix">0.9726269 0.1182923 0.2000107 0.176903 0.1448455 -0.9816833 -0.1237684 -0.03908366 0.1817062 0.1493511 -0.9719452 0.2290199 0 0 0 1</matrix>
                </node>
                <node id="node-Bip01_R_Pauldron_Lower" name="Bip01_R_Pauldron_Lower">
                  <matrix sid="matrix">-0.1156726 -0.940376 -0.3198654 0.172906 0.9097751 -0.2295504 0.3458564 -0.1133294 -0.3986599 -0.2509996 0.8820828 -0.2351094 0 0 0 1</matrix>
                </node>
                <node id="node-Bip01_L_Pauldron_Lower" name="Bip01_L_Pauldron_Lower">
                  <matrix sid="matrix">-0.2099966 -0.7687201 0.6041285 0.1529202 0.4002343 -0.6313505 -0.6642361 -0.1054226 0.8920281 0.1023056 0.4402495 0.2344801 0 0 0 1</matrix>
                </node>
              </node>
            </node>
            <node id="node-Bip01_L_Thigh" name="Bip01_L_Thigh">
              <matrix sid="matrix">-0.4488079 0.8922275 -0.05001795 -0.1485811 0.5186349 0.3056469 0.7984974 -4.49196e-4 0.7277291 0.3324307 -0.5999169 0.1658302 0 0 0 1</matrix>
              <node id="node-Bip01_L_Calf" name="Bip01_L_Calf">
                <matrix sid="matrix">0.3963856 0.9180841 -5.58794e-9 0.4629987 -0.9180841 0.3963856 5.58794e-9 -5.96046e-8 1.86265e-8 0 1 1.49012e-8 0 0 0 1</matrix>
                <node id="node-Bip01_L_Foot" name="Bip01_L_Foot">
                  <matrix sid="matrix">0.9291856 -0.3608516 -0.08000218 0.3610502 0.3686134 0.9206167 0.1287991 5.96046e-8 0.02717387 -0.1491681 0.9884383 -1.49012e-8 0 0 0 1</matrix>
                  <node id="node-Bip01_L_Toe0" name="Bip01_L_Toe0">
                    <matrix>6.00237e-7 -1 1.75275e-6 0.1486306 1 6.00703e-7 7.95688e-7 0.1543275 -7.95484e-7 1.75182e-6 1 -3.72529e-9 0 0 0 1</matrix>
                  </node>
                </node>
              </node>
            </node>
            <node id="node-Bip01_R_Thigh" name="Bip01_R_Thigh">
              <matrix sid="matrix">-0.9197732 0.3472946 0.182767 -0.2416539 0.390781 0.8533908 0.3449853 0.01840153 -0.0361601 0.38873 -0.9206418 -0.0707988 0 0 0 1</matrix>
              <node id="node-Bip01_R_Calf" name="Bip01_R_Calf">
                <matrix>0.4658752 0.8848507 0 0.4629988 -0.8848504 0.4658751 -3.1665e-8 0 5.96046e-8 0 1 2.98023e-8 0 0 0 1</matrix>
                <node id="node-Bip01_R_Foot" name="Bip01_R_Foot">
                  <matrix sid="matrix">0.6337557 -0.7477393 0.1980899 0.3610501 0.7216654 0.6637385 0.1965962 -1.49012e-8 -0.2784827 0.01836078 0.9602659 0 0 0 0 1</matrix>
                  <node id="node-Bip01_R_Toe0" name="Bip01_R_Toe0">
                    <matrix sid="matrix">-0.1546682 -0.983721 0.09149373 0.1486307 0.9876137 -0.1564232 -0.01228883 0.1543275 0.0264005 0.08845977 0.9957297 0 0 0 0 1</matrix>
                  </node>
                </node>
              </node>
            </node>
          </node>
          <node id="node-Bip01_FannyPack" name="Bip01_FannyPack">
            <matrix sid="matrix">-0.9629918 -0.2062316 0.1735378 0.2299507 -0.2083318 0.9780385 0.006227023 -0.1378937 -0.1710108 -0.03015682 -0.9848076 0.01013964 0 0 0 1</matrix>
          </node>
        </node>
        <node id="node-Eye" name="Eye">
          <matrix sid="matrix">0.7792375 0.6267179 -0.003664041 0.05939466 -0.6267175 0.779245 0.001428224 0.07235011 0.00375028 0.001183214 0.999992 0.7713361 0 0 0 1</matrix>
          <node id="node-cam" name="cam">
            <matrix>1 -6.03104e-8 0 4.84288e-8 6.03104e-8 1 -2.32831e-9 -0.104 0 2.32831e-9 1 0.3005601 0 0 0 1</matrix>
          </node>
        </node>
      </node>
      <node id="node-nulldetail1" name="nulldetail1">
        <matrix>1 0 0 0 0 1 0 0 0 0 1 0 0 0 0 1</matrix>
      </node>
      <node id="node-Bounds" name="Bounds">
        <matrix>0.9999915 0.001706907 0.003750479 0 -0.001711356 0.9999978 0.001183292 0.1035326 -0.003748452 -0.0011897 0.9999923 -8.93474e-5 0 0 0 1</matrix>
        <instance_geometry url="#geom-Bounds">
          <bind_material>
            <technique_common>
              <instance_material symbol="ShapeBounds" target="#ShapeBounds-material"/>
            </technique_common>
          </bind_material>
        </instance_geometry>
      </node>
    </visual_scene>
  </library_visual_scenes>
  <library_animations>
    <animation>
      <source id="node-Bip01_matrix-input">
        <float_array id="node-Bip01_matrix-input-array" count="91">59.33333 59.36666 59.4 59.43333 59.46667 59.5 59.53333 59.56667 59.6 59.63334 59.66667 59.7 59.73333 59.76667 59.8 59.83333 59.86666 59.9 59.93333 59.96667 60 60.03333 60.06667 60.1 60.13334 60.16667 60.2 60.23333 60.26667 60.3 60.33333 60.36666 60.4 60.43333 60.46667 60.5 60.53333 60.56667 60.6 60.63334 60.66667 60.7 60.73333 60.76667 60.8 60.83333 60.86666 60.9 60.93333 60.96667 61 61.03333 61.06667 61.1 61.13334 61.16667 61.2 61.23333 61.26667 61.3 61.33333 61.36666 61.4 61.43333 61.46667 61.5 61.53333 61.56667 61.6 61.63334 61.66667 61.7 61.73333 61.76667 61.8 61.83333 61.86666 61.9 61.93333 61.96667 62 62.03333 62.06667 62.1 62.13334 62.16667 62.2 62.23333 62.26667 62.3 62.33333</float_array>
        <technique_common>
          <accessor source="#node-Bip01_matrix-input-array" count="91" stride="1">
            <param name="TIME" type="float"/>
          </accessor>
        </technique_common>
      </source>
      <source id="node-Bip01_matrix-output">
        <float_array id="node-Bip01_matrix-output-array" count="1456">0.7792375 -0.6267176 0.003750205 -8.10623e-5 0.6267181 0.7792451 0.00118339 0.009366631 -0.003663957 0.001428186 0.9999923 0.7990584 0 0 0 1 0.7792375 -0.6267176 0.003750205 -8.10623e-5 0.6267181 0.7792451 0.00118339 0.009369492 -0.003663957 0.001428186 0.9999923 0.7990615 0 0 0 1 0.7792375 -0.6267176 0.003750205 -8.10623e-5 0.6267181 0.7792451 0.00118339 0.009372353 -0.003663957 0.001428186 0.9999923 0.7990649 0 0 0 1 0.7792375 -0.6267176 0.003750205 -8.10623e-5 0.6267181 0.7792451 0.00118339 0.009375154 -0.003663957 0.001428186 0.9999923 0.7990685 0 0 0 1 0.7792375 -0.6267176 0.003750205 -8.10623e-5 0.6267181 0.7792451 0.00118339 0.009377896 -0.003663957 0.001428186 0.9999923 0.7990723 0 0 0 1 0.7792375 -0.6267176 0.003750205 -8.10623e-5 0.6267181 0.7792451 0.00118339 0.009380638 -0.003663957 0.001428186 0.9999923 0.7990764 0 0 0 1 0.7792375 -0.6267176 0.003750205 -8.10623e-5 0.6267181 0.7792451 0.00118339 0.00938332 -0.003663957 0.001428186 0.9999923 0.7990807 0 0 0 1 0.7792375 -0.6267176 0.003750205 -8.10623e-5 0.6267181 0.7792451 0.00118339 0.009385943 -0.003663957 0.001428186 0.9999923 0.7990851 0 0 0 1 0.7792375 -0.6267176 0.003750205 -8.10623e-5 0.6267181 0.7792451 0.00118339 0.009388506 -0.003663957 0.001428186 0.9999923 0.7990899 0 0 0 1 0.7792375 -0.6267176 0.003750205 -8.10623e-5 0.6267181 0.7792451 0.00118339 0.009391069 -0.003663957 0.001428186 0.9999923 0.7990947 0 0 0 1 0.7792375 -0.6267176 0.003750205 -8.10623e-5 0.6267181 0.7792451 0.00118339 0.009393572 -0.003663957 0.001428186 0.9999923 0.7990997 0 0 0 1 0.7792375 -0.6267176 0.003750205 -8.10623e-5 0.6267181 0.7792451 0.00118339 0.009396016 -0.003663957 0.001428186 0.9999923 0.7991049 0 0 0 1 0.7792375 -0.6267176 0.003750205 -8.10623e-5 0.6267181 0.7792451 0.00118339 0.0093984 -0.003663957 0.001428186 0.9999923 0.7991102 0 0 0 1 0.7792375 -0.6267176 0.003750205 -8.10623e-5 0.6267181 0.7792451 0.00118339 0.009400725 -0.003663957 0.001428186 0.9999923 0.7991157 0 0 0 1 0.7792375 -0.6267176 0.003750205 -8.10623e-5 0.6267181 0.7792451 0.00118339 0.009403049 -0.003663957 0.001428186 0.9999923 0.7991213 0 0 0 1 0.7792375 -0.6267176 0.003750205 -8.10623e-5 0.6267181 0.7792451 0.00118339 0.009405314 -0.003663957 0.001428186 0.9999923 0.7991269 0 0 0 1 0.7792375 -0.6267176 0.003750205 -8.10623e-5 0.6267181 0.7792451 0.00118339 0.00940746 -0.003663957 0.001428186 0.9999923 0.7991327 0 0 0 1 0.7792375 -0.6267176 0.003750205 -8.10623e-5 0.6267181 0.7792451 0.00118339 0.009409606 -0.003663957 0.001428186 0.9999923 0.7991386 0 0 0 1 0.7792375 -0.6267176 0.003750205 -8.10623e-5 0.6267181 0.7792451 0.00118339 0.009411692 -0.003663957 0.001428186 0.9999923 0.7991446 0 0 0 1 0.7792375 -0.6267176 0.003750205 -8.10623e-5 0.6267181 0.7792451 0.00118339 0.009413719 -0.003663957 0.001428186 0.9999923 0.7991506 0 0 0 1 0.7792375 -0.6267176 0.003750205 -8.10623e-5 0.6267181 0.7792451 0.00118339 0.009415745 -0.003663957 0.001428186 0.9999923 0.7991567 0 0 0 1 0.7792375 -0.6267176 0.003750205 -8.10623e-5 0.6267181 0.7792451 0.00118339 0.009417653 -0.003663957 0.001428186 0.9999923 0.7991628 0 0 0 1 0.7792375 -0.6267176 0.003750205 -8.10623e-5 0.6267181 0.7792451 0.00118339 0.0094195 -0.003663957 0.001428186 0.9999923 0.799169 0 0 0 1 0.7792375 -0.6267176 0.003750205 -8.10623e-5 0.6267181 0.7792451 0.00118339 0.009421348 -0.003663957 0.001428186 0.9999923 0.7991751 0 0 0 1 0.7792375 -0.6267176 0.003750205 -8.10623e-5 0.6267181 0.7792451 0.00118339 0.009423077 -0.003663957 0.001428186 0.9999923 0.7991813 0 0 0 1 0.7792375 -0.6267176 0.003750205 -8.10623e-5 0.6267181 0.7792451 0.00118339 0.009424746 -0.003663957 0.001428186 0.9999923 0.7991875 0 0 0 1 0.7792375 -0.6267176 0.003750205 -8.10623e-5 0.6267181 0.7792451 0.00118339 0.009426414 -0.003663957 0.001428186 0.9999923 0.7991936 0 0 0 1 0.7792375 -0.6267176 0.003750205 -8.10623e-5 0.6267181 0.7792451 0.00118339 0.009427964 -0.003663957 0.001428186 0.9999923 0.7991998 0 0 0 1 0.7792375 -0.6267176 0.003750205 -8.10623e-5 0.6267181 0.7792451 0.00118339 0.009429514 -0.003663957 0.001428186 0.9999923 0.7992059 0 0 0 1 0.7792375 -0.6267176 0.003750205 -8.10623e-5 0.6267181 0.7792451 0.00118339 0.009430944 -0.003663957 0.001428186 0.9999923 0.799212 0 0 0 1 0.7792375 -0.6267176 0.003750205 -8.10623e-5 0.6267181 0.7792451 0.00118339 0.009432315 -0.003663957 0.001428186 0.9999923 0.799218 0 0 0 1 0.7792375 -0.6267176 0.003750205 -8.10623e-5 0.6267181 0.7792451 0.00118339 0.009433627 -0.003663957 0.001428186 0.9999923 0.799224 0 0 0 1 0.7792375 -0.6267176 0.003750205 -8.10623e-5 0.6267181 0.7792451 0.00118339 0.009434878 -0.003663957 0.001428186 0.9999923 0.7992298 0 0 0 1 0.7792375 -0.6267176 0.003750205 -8.10623e-5 0.6267181 0.7792451 0.00118339 0.00943607 -0.003663957 0.001428186 0.9999923 0.7992356 0 0 0 1 0.7792375 -0.6267176 0.003750205 -8.10623e-5 0.6267181 0.7792451 0.00118339 0.009437203 -0.003663957 0.001428186 0.9999923 0.7992413 0 0 0 1 0.7792375 -0.6267176 0.003750205 -8.10623e-5 0.6267181 0.7792451 0.00118339 0.009438276 -0.003663957 0.001428186 0.9999923 0.7992469 0 0 0 1 0.7792375 -0.6267176 0.003750205 -8.10623e-5 0.6267181 0.7792451 0.00118339 0.009439289 -0.003663957 0.001428186 0.9999923 0.7992523 0 0 0 1 0.7792373 -0.6267179 0.003750205 -8.10623e-5 0.6267184 0.779245 0.00118339 0.009440183 -0.003663957 0.001428186 0.9999923 0.7992576 0 0 0 1 0.7792373 -0.6267179 0.003750205 -8.10623e-5 0.6267184 0.779245 0.00118339 0.009441077 -0.003663957 0.001428186 0.9999923 0.7992628 0 0 0 1 0.7792373 -0.6267179 0.003750205 -8.10623e-5 0.6267184 0.779245 0.00118339 0.009441852 -0.003663957 0.001428186 0.9999923 0.7992678 0 0 0 1 0.7792373 -0.6267179 0.003750205 -8.10623e-5 0.6267184 0.779245 0.00118339 0.009442567 -0.003663957 0.001428186 0.9999923 0.7992727 0 0 0 1 0.7792373 -0.6267179 0.003750205 -8.10623e-5 0.6267184 0.779245 0.00118339 0.009443163 -0.003663957 0.001428186 0.9999923 0.7992773 0 0 0 1 0.7792373 -0.6267179 0.003750205 -8.10623e-5 0.6267184 0.779245 0.00118339 0.009443759 -0.003663957 0.001428186 0.9999923 0.7992818 0 0 0 1 0.7792373 -0.6267179 0.003750205 -8.10623e-5 0.6267184 0.779245 0.00118339 0.009444236 -0.003663957 0.001428186 0.9999923 0.7992861 0 0 0 1 0.7792373 -0.6267179 0.003750205 -8.10623e-5 0.6267184 0.779245 0.00118339 0.009444653 -0.003663957 0.001428186 0.9999923 0.7992902 0 0 0 1 0.7792373 -0.6267179 0.003750205 -8.10623e-5 0.6267184 0.779245 0.00118339 0.009445011 -0.003663957 0.001428186 0.9999923 0.7992941 0 0 0 1 0.7792373 -0.6267179 0.003750205 -8.10623e-5 0.6267184 0.779245 0.00118339 0.00944525 -0.003663957 0.001428186 0.9999923 0.7992977 0 0 0 1 0.7792373 -0.6267179 0.003750205 -8.10623e-5 0.6267184 0.779245 0.00118339 0.009445428 -0.003663957 0.001428186 0.9999923 0.7993011 0 0 0 1 0.7792373 -0.6267179 0.003750205 -8.10623e-5 0.6267184 0.779245 0.00118339 0.009445548 -0.003663957 0.001428186 0.9999923 0.7993043 0 0 0 1 0.7792373 -0.6267179 0.003750205 -8.10623e-5 0.6267184 0.779245 0.00118339 0.009445548 -0.003663957 0.001428186 0.9999923 0.7993071 0 0 0 1 0.7792373 -0.6267179 0.003750205 -8.10623e-5 0.6267184 0.779245 0.00118339 0.009445548 -0.003663957 0.001428186 0.9999923 0.7993097 0 0 0 1 0.7792373 -0.6267179 0.003750205 -8.10623e-5 0.6267184 0.779245 0.00118339 0.009445369 -0.003663957 0.001428186 0.9999923 0.7993121 0 0 0 1 0.7792373 -0.6267179 0.003750205 -8.10623e-5 0.6267184 0.779245 0.00118339 0.00944519 -0.003663957 0.001428186 0.9999923 0.7993141 0 0 0 1 0.7792373 -0.6267179 0.003750205 -8.10623e-5 0.6267184 0.779245 0.00118339 0.009444892 -0.003663957 0.001428186 0.9999923 0.7993158 0 0 0 1 0.7792373 -0.6267179 0.003750205 -8.10623e-5 0.6267184 0.779245 0.00118339 0.009444475 -0.003663957 0.001428186 0.9999923 0.7993172 0 0 0 1 0.7792373 -0.6267179 0.003750205 -8.10623e-5 0.6267184 0.779245 0.00118339 0.009444057 -0.003663957 0.001428186 0.9999923 0.7993183 0 0 0 1 0.7792373 -0.6267179 0.003750205 -8.10623e-5 0.6267184 0.779245 0.00118339 0.009443461 -0.003663957 0.001428186 0.9999923 0.799319 0 0 0 1 0.7792373 -0.6267179 0.003750205 -8.10623e-5 0.6267184 0.779245 0.00118339 0.009442865 -0.003663957 0.001428186 0.9999923 0.7993194 0 0 0 1 0.7792373 -0.6267179 0.003750205 -8.10623e-5 0.6267184 0.779245 0.00118339 0.00944209 -0.003663957 0.001428186 0.9999923 0.7993194 0 0 0 1 0.7792373 -0.6267179 0.003750205 -8.10623e-5 0.6267184 0.779245 0.00118339 0.009441316 -0.003663957 0.001428186 0.9999923 0.799319 0 0 0 1 0.7792373 -0.6267179 0.003750205 -8.10623e-5 0.6267184 0.779245 0.00118339 0.009440422 -0.003663957 0.001428186 0.9999923 0.7993183 0 0 0 1 0.7792373 -0.6267179 0.003750205 -8.10623e-5 0.6267184 0.779245 0.00118339 0.009439408 -0.003663957 0.001428186 0.9999923 0.7993171 0 0 0 1 0.7792373 -0.6267179 0.003750205 -8.10623e-5 0.6267184 0.779245 0.00118339 0.009438335 -0.003663957 0.001428186 0.9999923 0.7993156 0 0 0 1 0.7792373 -0.6267179 0.003750205 -8.10623e-5 0.6267184 0.779245 0.00118339 0.009437143 -0.003663957 0.001428186 0.9999923 0.7993136 0 0 0 1 0.7792372 -0.6267179 0.003750205 -8.10623e-5 0.6267184 0.7792449 0.00118339 0.009435892 -0.003663957 0.001428186 0.9999923 0.7993112 0 0 0 1 0.7792372 -0.6267179 0.003750205 -8.10623e-5 0.6267184 0.7792449 0.00118339 0.009434521 -0.003663957 0.001428186 0.9999923 0.7993083 0 0 0 1 0.7792372 -0.6267179 0.003750205 -8.10623e-5 0.6267184 0.7792449 0.00118339 0.009433031 -0.003663957 0.001428186 0.9999923 0.799305 0 0 0 1 0.7792372 -0.6267179 0.003750205 -8.10623e-5 0.6267184 0.7792449 0.00118339 0.009431481 -0.003663957 0.001428186 0.9999923 0.7993013 0 0 0 1 0.7792372 -0.6267179 0.003750205 -8.10623e-5 0.6267184 0.7792449 0.00118339 0.009429812 -0.003663957 0.001428186 0.9999923 0.799297 0 0 0 1 0.7792372 -0.6267179 0.003750205 -8.10623e-5 0.6267184 0.7792449 0.00118339 0.009428083 -0.003663957 0.001428186 0.9999923 0.7992923 0 0 0 1 0.7792372 -0.6267179 0.003750205 -8.10623e-5 0.6267184 0.7792449 0.00118339 0.009426236 -0.003663957 0.001428186 0.9999923 0.799287 0 0 0 1 0.7792372 -0.6267179 0.003750205 -8.10623e-5 0.6267184 0.7792449 0.00118339 0.009424269 -0.003663957 0.001428186 0.9999923 0.7992813 0 0 0 1 0.7792372 -0.6267179 0.003750205 -8.10623e-5 0.6267184 0.7792449 0.00118339 0.009422183 -0.003663957 0.001428186 0.9999923 0.799275 0 0 0 1 0.7792372 -0.6267179 0.003750205 -8.10623e-5 0.6267184 0.7792449 0.00118339 0.009420037 -0.003663957 0.001428186 0.9999923 0.7992682 0 0 0 1 0.7792372 -0.6267179 0.003750205 -8.10623e-5 0.6267184 0.7792449 0.00118339 0.009417772 -0.003663957 0.001428186 0.9999923 0.7992609 0 0 0 1 0.7792372 -0.6267179 0.003750205 -8.10623e-5 0.6267184 0.7792449 0.00118339 0.009415447 -0.003663957 0.001428186 0.9999923 0.7992529 0 0 0 1 0.7792372 -0.6267179 0.003750205 -8.10623e-5 0.6267184 0.7792449 0.00118339 0.009412944 -0.003663957 0.001428186 0.9999923 0.7992444 0 0 0 1 0.7792372 -0.6267179 0.003750205 -8.10623e-5 0.6267184 0.7792449 0.00118339 0.009410381 -0.003663957 0.001428186 0.9999923 0.7992354 0 0 0 1 0.7792372 -0.6267179 0.003750205 -8.10623e-5 0.6267184 0.7792449 0.00118339 0.009407699 -0.003663957 0.001428186 0.9999923 0.7992257 0 0 0 1 0.7792372 -0.6267179 0.003750205 -8.10623e-5 0.6267184 0.7792449 0.00118339 0.009404897 -0.003663957 0.001428186 0.9999923 0.7992154 0 0 0 1 0.7792372 -0.6267179 0.003750205 -8.10623e-5 0.6267184 0.7792449 0.00118339 0.009401977 -0.003663957 0.001428186 0.9999923 0.7992045 0 0 0 1 0.7792372 -0.6267179 0.003750205 -8.10623e-5 0.6267184 0.7792449 0.00118339 0.009398996 -0.003663957 0.001428186 0.9999923 0.799193 0 0 0 1 0.7792372 -0.6267179 0.003750205 -8.10623e-5 0.6267184 0.7792449 0.00118339 0.009395837 -0.003663957 0.001428186 0.9999923 0.7991808 0 0 0 1 0.779237 -0.6267182 0.003750205 -8.10623e-5 0.6267186 0.7792447 0.00118339 0.009392619 -0.003663957 0.001428186 0.9999923 0.7991679 0 0 0 1 0.779237 -0.6267182 0.003750205 -8.10623e-5 0.6267186 0.7792447 0.00118339 0.009389221 -0.003663957 0.001428186 0.9999923 0.7991544 0 0 0 1 0.779237 -0.6267182 0.003750205 -8.10623e-5 0.6267186 0.7792447 0.00118339 0.009385764 -0.003663957 0.001428186 0.9999923 0.7991402 0 0 0 1 0.779237 -0.6267182 0.003750205 -8.10623e-5 0.6267186 0.7792447 0.00118339 0.009382188 -0.003663957 0.001428186 0.9999923 0.7991253 0 0 0 1 0.779237 -0.6267182 0.003750205 -8.10623e-5 0.6267186 0.7792447 0.00118339 0.009378492 -0.003663957 0.001428186 0.9999923 0.7991097 0 0 0 1 0.779237 -0.6267182 0.003750205 -8.10623e-5 0.6267186 0.7792447 0.00118339 0.009374618 -0.003663957 0.001428186 0.9999923 0.7990933 0 0 0 1 0.779237 -0.6267182 0.003750205 -8.10623e-5 0.6267186 0.7792447 0.00118339 0.009370684 -0.003663957 0.001428186 0.9999923 0.7990763 0 0 0 1 0.7792373 -0.6267179 0.003750205 -8.10623e-5 0.6267184 0.779245 0.00118339 0.009366631 -0.003663957 0.001428186 0.9999923 0.7990584 0 0 0 1</float_array>
        <technique_common>
          <accessor source="#node-Bip01_matrix-output-array" count="91" stride="16">
            <param name="TRANSFORM" type="float4x4"/>
          </accessor>
        </technique_common>
      </source>
      <source id="node-Bip01_matrix-interpolation">
        <Name_array id="node-Bip01_matrix-interpolation-array" count="91">LINEAR LINEAR LINEAR LINEAR LINEAR LINEAR LINEAR LINEAR LINEAR LINEAR LINEAR LINEAR LINEAR LINEAR LINEAR LINEAR LINEAR LINEAR LINEAR LINEAR LINEAR LINEAR LINEAR LINEAR LINEAR LINEAR LINEAR LINEAR LINEAR LINEAR LINEAR LINEAR LINEAR LINEAR LINEAR LINEAR LINEAR LINEAR LINEAR LINEAR LINEAR LINEAR LINEAR LINEAR LINEAR LINEAR LINEAR LINEAR LINEAR LINEAR LINEAR LINEAR LINEAR LINEAR LINEAR LINEAR LINEAR LINEAR LINEAR LINEAR LINEAR LINEAR LINEAR LINEAR LINEAR LINEAR LINEAR LINEAR LINEAR LINEAR LINEAR LINEAR LINEAR LINEAR LINEAR LINEAR LINEAR LINEAR LINEAR LINEAR LINEAR LINEAR LINEAR LINEAR LINEAR LINEAR LINEAR LINEAR LINEAR LINEAR LINEAR</Name_array>
        <technique_common>
          <accessor source="#node-Bip01_matrix-interpolation-array" count="91" stride="1">
            <param name="INTERPOLATION" type="name"/>
          </accessor>
        </technique_common>
      </source>
      <source id="node-Bip01_Neck_matrix-input">
        <float_array id="node-Bip01_Neck_matrix-input-array" count="91">59.33333 59.36666 59.4 59.43333 59.46667 59.5 59.53333 59.56667 59.6 59.63334 59.66667 59.7 59.73333 59.76667 59.8 59.83333 59.86666 59.9 59.93333 59.96667 60 60.03333 60.06667 60.1 60.13334 60.16667 60.2 60.23333 60.26667 60.3 60.33333 60.36666 60.4 60.43333 60.46667 60.5 60.53333 60.56667 60.6 60.63334 60.66667 60.7 60.73333 60.76667 60.8 60.83333 60.86666 60.9 60.93333 60.96667 61 61.03333 61.06667 61.1 61.13334 61.16667 61.2 61.23333 61.26667 61.3 61.33333 61.36666 61.4 61.43333 61.46667 61.5 61.53333 61.56667 61.6 61.63334 61.66667 61.7 61.73333 61.76667 61.8 61.83333 61.86666 61.9 61.93333 61.96667 62 62.03333 62.06667 62.1 62.13334 62.16667 62.2 62.23333 62.26667 62.3 62.33333</float_array>
        <technique_common>
