<?xml version="1.0" encoding="utf-8"?>
<COLLADA xmlns="http://www.collada.org/2005/11/COLLADASchema" version="1.4.1">
  <asset>
    <contributor>
      <author>MattO</author>
      <authoring_tool>OpenCOLLADA for 3ds Max;  Version: 1.3.0;  Revision: 839M;  Platform: x64;  Configuration: Release_Max2012</authoring_tool>
      <source_data>file:///C:/Dropbox/Prj/GGStout/Disposition_SourceArt/Soldier_TP_Disposition_Animation_Master03.max</source_data>
    </contributor>
    <created>2011-10-07T14:38:57</created>
    <modified>2011-10-07T14:38:57</modified>
    <unit name="meter" meter="1"/>
    <up_axis>Z_UP</up_axis>
  </asset>
  <library_effects>
    <effect id="ShapeBounds">
      <profile_COMMON>
        <technique sid="common">
          <blinn>
            <emission>
              <color>0 0 0 1</color>
            </emission>
            <ambient>
              <color>0.1647059 1 0 1</color>
            </ambient>
            <diffuse>
              <color>0.1647059 1 0 1</color>
            </diffuse>
            <specular>
              <color>0.9 0.9 0.9 1</color>
            </specular>
            <shininess>
              <float>10</float>
            </shininess>
            <reflective>
              <color>0 0 0 1</color>
            </reflective>
            <transparent opaque="A_ONE">
              <color>1 1 1 1</color>
            </transparent>
            <transparency>
              <float>1</float>
            </transparency>
          </blinn>
        </technique>
      </profile_COMMON>
      <extra>
        <technique profile="OpenCOLLADA3dsMax">
          <extended_shader>
            <apply_reflection_dimming>0</apply_reflection_dimming>
            <dim_level>0</dim_level>
            <falloff_type>0</falloff_type>
            <index_of_refraction>1.5</index_of_refraction>
            <opacity_type>0</opacity_type>
            <reflection_level>3</reflection_level>
            <wire_size>1</wire_size>
            <wire_units>0</wire_units>
          </extended_shader>
          <shader>
            <ambient_diffuse_lock>1</ambient_diffuse_lock>
            <ambient_diffuse_texture_lock>1</ambient_diffuse_texture_lock>
            <diffuse_specular_lock>0</diffuse_specular_lock>
            <soften>0.1</soften>
            <use_self_illum_color>0</use_self_illum_color>
          </shader>
        </technique>
      </extra>
    </effect>
  </library_effects>
  <library_materials>
    <material id="ShapeBounds-material" name="ShapeBounds">
      <instance_effect url="#ShapeBounds"/>
    </material>
  </library_materials>
  <library_geometries>
    <geometry id="geom-Bounds" name="Bounds">
      <mesh>
        <source id="geom-Bounds-positions">
          <float_array id="geom-Bounds-positions-array" count="24">-0.425 -0.425 0 0.425 -0.425 0 -0.425 0.425 0 0.425 0.425 0 -0.425 -0.425 1.84 0.425 -0.425 1.84 -0.425 0.425 1.84 0.425 0.425 1.84</float_array>
          <technique_common>
            <accessor source="#geom-Bounds-positions-array" count="8" stride="3">
              <param name="X" type="float"/>
              <param name="Y" type="float"/>
              <param name="Z" type="float"/>
            </accessor>
          </technique_common>
        </source>
        <source id="geom-Bounds-normals">
          <float_array id="geom-Bounds-normals-array" count="72">0 0 -1 0 0 -1 0 0 -1 0 0 -1 0 0 1 0 0 1 0 0 1 0 0 1 0 -1 0 0 -1 0 0 -1 0 0 -1 0 1 0 0 1 0 0 1 0 0 1 0 0 0 1 0 0 1 0 0 1 0 0 1 0 -1 0 0 -1 0 0 -1 0 0 -1 0 0</float_array>
          <technique_common>
            <accessor source="#geom-Bounds-normals-array" count="24" stride="3">
              <param name="X" type="float"/>
              <param name="Y" type="float"/>
              <param name="Z" type="float"/>
            </accessor>
          </technique_common>
        </source>
        <source id="geom-Bounds-map1">
          <float_array id="geom-Bounds-map1-array" count="36">0 0 0 1 0 0 0 1 0 1 1 0 0 0 0 1 0 0 0 1 0 1 1 0 0 0 0 1 0 0 0 1 0 1 1 0</float_array>
          <technique_common>
            <accessor source="#geom-Bounds-map1-array" count="12" stride="3">
              <param name="S" type="float"/>
              <param name="T" type="float"/>
              <param name="P" type="float"/>
            </accessor>
          </technique_common>
        </source>
        <vertices id="geom-Bounds-vertices">
          <input semantic="POSITION" source="#geom-Bounds-positions"/>
        </vertices>
        <triangles material="ShapeBounds" count="12">
          <input semantic="VERTEX" source="#geom-Bounds-vertices" offset="0"/>
          <input semantic="NORMAL" source="#geom-Bounds-normals" offset="1"/>
          <input semantic="TEXCOORD" source="#geom-Bounds-map1" offset="2" set="0"/>
          <p>0 0 9 2 1 11 3 2 10 3 2 10 1 3 8 0 0 9 4 4 8 5 5 9 7 6 11 7 6 11 6 7 10 4 4 8 0 8 4 1 9 5 5 10 7 5 10 7 4 11 6 0 8 4 1 12 0 3 13 1 7 14 3 7 14 3 5 15 2 1 12 0 3 16 4 2 17 5 6 18 7 6 18 7 7 19 6 3 16 4 2 20 0 0 21 1 4 22 3 4 22 3 6 23 2 2 20 0</p>
        </triangles>
      </mesh>
      <extra>
        <technique profile="OpenCOLLADA3dsMax">
          <max_box>
            <generateuvs>1</generateuvs>
            <height>1.84</height>
            <heightsegments>1</heightsegments>
            <length>0.85</length>
            <lengthsegments>1</lengthsegments>
            <width>0.85</width>
            <widthsegments>1</widthsegments>
          </max_box>
        </technique>
      </extra>
    </geometry>
  </library_geometries>
  <library_lights>
    <light id="EnvironmentAmbientLight" name="EnvironmentAmbientLight">
      <technique_common>
        <ambient>
          <color>0 0 0</color>
        </ambient>
      </technique_common>
    </light>
  </library_lights>
  <library_visual_scenes>
    <visual_scene id="MaxScene">
      <node name="EnvironmentAmbientLight">
        <instance_light url="#EnvironmentAmbientLight"/>
      </node>
      <node id="node-Bip01" name="Bip01">
        <matrix sid="matrix">0.7792375 -0.6267248 0.002196277 -8.10623e-5 0.6267179 0.7792399 0.003115636 0.009366653 -0.003664073 -0.001051374 0.9999927 0.8541834 0 0 0 1</matrix>
        <node id="node-Bip01_Pelvis" name="Bip01_Pelvis">
          <matrix sid="matrix">-0.009626734 0.9912359 0.1317526 0 -0.1217413 -0.1319404 0.9837533 0 0.992515 -0.006569399 0.1219445 0 0 0 0 1</matrix>
          <node id="node-Bip01_Spine" name="Bip01_Spine">
            <matrix sid="matrix">0.9968564 0.004996389 -0.07907254 0.197499 -0.002998821 0.999674 0.025361 0.02499221 0.07917344 -0.02504425 0.9965461 0.02780578 0 0 0 1</matrix>
            <node id="node-Bip01_Spine1" name="Bip01_Spine1">
              <matrix sid="matrix">0.9850423 0.02363085 -0.1706848 0.1022273 -0.0131933 0.9979872 0.06202853 -1.00818e-4 0.1718071 -0.05884879 0.9833714 5.93066e-6 0 0 0 1</matrix>
              <node id="node-Bip01_Spine2" name="Bip01_Spine2">
                <matrix>0.9369743 -0.3477309 -0.03409585 0.1269257 0.3490361 0.9270918 0.1366548 -1.58802e-4 -0.01590912 -0.1399427 0.9900317 2.3976e-5 0 0 0 1</matrix>
                <node id="node-Bip01_Neck" name="Bip01_Neck">
                  <matrix>0.840708 -0.4308255 0.3280237 0.2151072 0.4136219 0.9019014 0.1244631 -4.96805e-5 -0.3494668 0.03104061 0.9364345 -1.71363e-6 0 0 0 1</matrix>
                  <node id="node-Bip01_Head" name="Bip01_Head">
                    <matrix sid="matrix">0.872315 -0.3278458 -0.3627442 0.07051814 -0.1673298 0.496926 -0.8515076 -0.01395923 0.4594201 0.803481 0.3786177 0 0 0 0 1</matrix>
                    <node id="node-AltEye" name="AltEye">
                      <matrix sid="matrix">0.4510097 0.4130588 0.791185 0.06454694 0.04764073 0.8740576 -0.4834816 0.2214611 -0.891247 0.2557472 0.3745297 0.04716247 0 0 0 1</matrix>
                    </node>
                  </node>
                  <node id="node-Bip01_L_Clavicle" name="Bip01_L_Clavicle">
                    <matrix>-0.5778345 -0.4531803 0.6787744 -0.04690361 0.283809 -0.8913431 -0.3534965 -0.01204765 0.7652187 -0.01162022 0.6436654 0.05588403 0 0 0 1</matrix>
                    <node id="node-Bip01_L_UpperArm" name="Bip01_L_UpperArm">
                      <matrix sid="matrix">0.8791156 -0.07358727 0.4708937 0.1824006 -0.3574255 0.551788 0.7535098 0 -0.315282 -0.8307316 0.4587835 -1.19209e-7 0 0 0 1</matrix>
                      <node id="node-Bip01_L_Forearm" name="Bip01_L_Forearm">
                        <matrix sid="matrix">0.3373589 0.9413759 0 0.2843689 -0.941376 0.3373589 -1.49012e-8 0 -3.72529e-9 -5.96046e-8 1 0 0 0 0 1</matrix>
                        <node id="node-Bip01_L_Hand" name="Bip01_L_Hand">
                          <matrix sid="matrix">0.9823313 -0.05035442 -0.180249 0.2810681 -0.1020642 -0.951434 -0.2904424 1.19209e-7 -0.15687 0.3037076 -0.9397626 0 0 0 0 1</matrix>
                          <node id="node-Bip01_L_Finger0" name="Bip01_L_Finger0">
                            <matrix>0.6413842 0.3141902 0.6999362 0.02119672 0.7352949 0.008702943 -0.6776914 -0.004734278 -0.2190156 0.94932 -0.2254408 -0.02572185 0 0 0 1</matrix>
                            <node id="node-Bip01_L_Finger01" name="Bip01_L_Finger01">
                              <matrix>0.9975641 -0.06975641 0 0.04982841 0.06975642 0.9975642 -1.76951e-8 0 2.98023e-8 3.72529e-8 1 -5.96046e-8 0 0 0 1</matrix>
                              <node id="node-Bip01_L_Finger02" name="Bip01_L_Finger02">
                                <matrix>0.9203137 0.3911814 0 0.05202234 -0.3911815 0.9203136 0 -2.98023e-8 -2.98023e-8 2.98023e-8 1 0 0 0 0 1</matrix>
                              </node>
                            </node>
                          </node>
                          <node id="node-Bip01_L_Finger1" name="Bip01_L_Finger1">
                            <matrix>0.9592717 -0.2819769 -0.01693501 0.1199946 0.2798395 0.9567645 -0.07931916 -0.00836736 0.03856898 0.07134953 0.9967055 -0.04101384 0 0 0 1</matrix>
                            <node id="node-Bip01_L_Finger11" name="Bip01_L_Finger11">
                              <matrix>0.7001772 -0.7139691 -7.45058e-9 0.03644168 0.7139692 0.7001772 -1.49012e-8 -1.19209e-7 1.49012e-8 -4.84288e-8 1 0 0 0 0 1</matrix>
                              <node id="node-Bip01_L_Finger12" name="Bip01_L_Finger12">
                                <matrix>0.8757259 -0.4828088 0 0.03117573 0.4828088 0.8757257 -1.49012e-8 8.9407e-8 0 2.98023e-8 1 5.96046e-8 0 0 0 1</matrix>
                              </node>
                            </node>
                          </node>
                          <node id="node-Bip01_L_Finger2" name="Bip01_L_Finger2">
                            <matrix>0.6611331 -0.7495597 -0.03260932 0.1229538 0.748977 0.6568219 0.08728348 -0.008801997 -0.0440057 -0.08212955 0.9956496 -0.01328248 0 0 0 1</matrix>
                            <node id="node-Bip01_L_Finger21" name="Bip01_L_Finger21">
                              <matrix>0.8156035 -0.5786111 -2.42144e-8 0.03895521 0.5786111 0.8156036 2.07219e-8 0 -6.0536e-9 -1.37952e-8 0.9999998 2.98023e-8 0 0 0 1</matrix>
                              <node id="node-Bip01_L_Finger22" name="Bip01_L_Finger22">
                                <matrix>0.976296 -0.2164396 -4.65661e-10 0.03800547 0.2164396 0.9762961 -1.60071e-8 -5.96046e-8 -5.58794e-9 -6.58911e-8 1 0 0 0 0 1</matrix>
                              </node>
                            </node>
                          </node>
                          <node id="node-Bip01_L_Finger3" name="Bip01_L_Finger3">
                            <matrix>0.4124629 -0.9064789 -0.09038856 0.1211881 0.9061533 0.3980611 0.1429456 -0.001191258 -0.09359705 -0.1408657 0.9855944 0.01196873 0 0 0 1</matrix>
                            <node id="node-Bip01_L_Finger31" name="Bip01_L_Finger31">
                              <matrix>0.9381478 -0.3462351 7.45058e-9 0.03155839 0.3462351 0.9381478 4.37722e-8 -2.98023e-8 7.45058e-9 -2.98023e-8 1 2.98023e-8 0 0 0 1</matrix>
                              <node id="node-Bip01_L_Finger32" name="Bip01_L_Finger32">
                                <matrix>0.9636304 -0.2672384 7.45058e-9 0.0336659 0.2672384 0.9636305 5.58794e-9 0 1.86265e-8 1.86265e-8 0.9999999 -2.98023e-8 0 0 0 1</matrix>
                              </node>
                            </node>
                          </node>
                          <node id="node-Bip01_L_Finger4" name="Bip01_L_Finger4">
                            <matrix>0.07120572 -0.9696807 0.2337719 0.1136796 0.9750155 0.1171045 0.1887628 0.005147457 -0.2104154 0.2144902 0.953792 0.0388658 0 0 0 1</matrix>
                            <node id="node-Bip01_L_Finger41" name="Bip01_L_Finger41">
                              <matrix>0.9790112 -0.2038069 1.49012e-8 0.03661633 0.2038069 0.9790112 6.51926e-9 0 0 -4.84288e-8 1 -4.47035e-8 0 0 0 1</matrix>
                              <node id="node-Bip01_L_Finger42" name="Bip01_L_Finger42">
                                <matrix>0.9645151 0.2640274 1.49012e-8 0.0177263 -0.2640274 0.9645152 -2.6077e-8 0 -1.49012e-8 5.68107e-8 0.9999999 -1.49012e-8 0 0 0 1</matrix>
                              </node>
                            </node>
                          </node>
                        </node>
                      </node>
                    </node>
                  </node>
                  <node id="node-Bip01_R_Clavicle" name="Bip01_R_Clavicle">
                    <matrix>0.2073932 -0.1669672 -0.9639035 8.6689e-4 0.5679265 -0.781728 0.2576057 -0.01629043 -0.7965221 -0.600852 -0.06729987 -0.07212147 0 0 0 1</matrix>
                    <node id="node-Bip01_R_UpperArm" name="Bip01_R_UpperArm">
                      <matrix sid="matrix">0.5531732 0.832872 0.01800069 0.1824007 -0.7518526 0.4898235 0.4413508 0 0.3587714 -0.2576774 0.8971541 0 0 0 0 1</matrix>
                      <node id="node-Bip01_R_Forearm" name="Bip01_R_Forearm">
                        <matrix sid="matrix">-0.06097475 0.9981394 0 0.2843689 -0.9981393 -0.06097479 -7.45058e-9 0 -4.09782e-8 1.19209e-7 1 0 0 0 0 1</matrix>
                        <node id="node-Bip01_R_Hand" name="Bip01_R_Hand">
                          <matrix>0.9247896 0.3771959 -0.04987456 0.2810681 0.2033486 -0.6007847 -0.7731153 0 -0.3215797 0.7048269 -0.6323019 0 0 0 0 1</matrix>
                          <node id="node-Bip01_R_Finger0" name="Bip01_R_Finger0">
                            <matrix>0.5215106 0.269013 -0.8097275 0.02119677 0.7250717 0.3605265 0.5867638 -0.004734218 0.4497753 -0.8931139 -0.007035487 0.02572191 0 0 0 1</matrix>
                            <node id="node-Bip01_R_Finger01" name="Bip01_R_Finger01">
                              <matrix>0.6423534 -0.7636236 0.06527566 0.04982856 0.7605615 0.6456373 0.06854744 0 -0.09448879 0.005614528 0.9955102 -2.98023e-8 0 0 0 1</matrix>
                              <node id="node-Bip01_R_Finger02" name="Bip01_R_Finger02">
                                <matrix>0.9505156 -0.3106766 -2.04891e-8 0.0520224 0.3106764 0.9505156 1.86265e-9 0 -5.96046e-8 4.65661e-8 0.9999999 2.98023e-8 0 0 0 1</matrix>
                              </node>
                            </node>
                          </node>
                          <node id="node-Bip01_R_Finger1" name="Bip01_R_Finger1">
                            <matrix>0.9820224 -0.1733427 -0.07472671 0.1199946 0.1795577 0.9799358 0.08651493 -0.008367568 0.05823064 -0.09837732 0.993444 0.04101384 0 0 0 1</matrix>
                            <node id="node-Bip01_R_Finger11" name="Bip01_R_Finger11">
                              <matrix>0.8240547 -0.5665102 0 0.03644174 0.5665103 0.8240547 0 0 -3.72529e-9 -1.49012e-8 1 0 0 0 0 1</matrix>
                              <node id="node-Bip01_R_Finger12" name="Bip01_R_Finger12">
                                <matrix>0.8146397 -0.5796778 0.01831833 0.03117543 0.5799671 0.8142334 -0.02573051 -5.96046e-8 0 0.03158512 0.9995011 -1.19209e-7 0 0 0 1</matrix>
                              </node>
                            </node>
                          </node>
                          <node id="node-Bip01_R_Finger2" name="Bip01_R_Finger2">
                            <matrix>0.6754013 -0.7374503 -1.52117e-4 0.1229538 0.7368312 0.6748427 -0.04082685 -0.008802027 0.03021043 0.02746242 0.9991661 0.01328254 0 0 0 1</matrix>
                            <node id="node-Bip01_R_Finger21" name="Bip01_R_Finger21">
                              <matrix>0.5508358 -0.8338857 -0.0348487 0.03895519 0.832222 0.551937 -0.05265062 -5.96046e-8 0.06313889 -1.39698e-8 0.9980047 -1.19209e-7 0 0 0 1</matrix>
                              <node id="node-Bip01_R_Finger22" name="Bip01_R_Finger22">
                                <matrix>0.1984734 -0.9799247 0.01886612 0.0380054 0.9755272 0.199368 0.09272984 0 -0.09462957 0 0.9955125 0 0 0 0 1</matrix>
                              </node>
                            </node>
                          </node>
                          <node id="node-Bip01_R_Finger3" name="Bip01_R_Finger3">
                            <matrix>0.7159052 -0.6949216 0.06755452 0.1211881 0.6883786 0.6863562 -0.234627 -0.001191229 0.1166809 0.2144738 0.9697351 -0.01196861 0 0 0 1</matrix>
                            <node id="node-Bip01_R_Finger31" name="Bip01_R_Finger31">
                              <matrix>0.4441952 -0.8949346 0.04222352 0.03155842 0.8909186 0.4461976 0.08468726 0 -0.0946296 5.30854e-8 0.9955127 0 0 0 0 1</matrix>
                              <node id="node-Bip01_R_Finger32" name="Bip01_R_Finger32">
                                <matrix>0.1993681 -0.9794358 -0.03095104 0.033666 0.9799247 0.1992685 0.006297067 -1.49012e-8 -1.86265e-8 -0.03158511 0.9995011 1.19209e-7 0 0 0 1</matrix>
                              </node>
                            </node>
                          </node>
                          <node id="node-Bip01_R_Finger4" name="Bip01_R_Finger4">
                            <matrix>0.5925791 -0.7897949 -0.1583476 0.1136797 0.7783521 0.6120423 -0.1399001 0.005147427 0.2074078 -0.04034829 0.9774219 -0.03886569 0 0 0 1</matrix>
                            <node id="node-Bip01_R_Finger41" name="Bip01_R_Finger41">
                              <matrix>0.4202556 -0.9064696 0.04120623 0.03661622 0.9068531 0.421151 0.01578782 -2.98023e-8 -0.03166521 0.03073305 0.999026 0 0 0 0 1</matrix>
                              <node id="node-Bip01_R_Finger42" name="Bip01_R_Finger42">
                                <matrix>0.4024471 -0.9138248 -0.05441484 0.0177263 0.9154232 0.4021219 0.01728319 2.98023e-8 0.006087601 -0.0567682 0.998369 1.19209e-7 0 0 0 1</matrix>
                              </node>
                            </node>
                          </node>
                          <node id="node-mount0" name="mount0">
                            <matrix>-0.004997195 0.9999837 -0.002795181 0.09410727 -0.9999507 -0.005020953 -0.00854523 0.01837559 -0.008559123 0.002752353 0.9999594 0.01120651 0 0 0 1</matrix>
                          </node>
                        </node>
                      </node>
                    </node>
                  </node>
                </node>
                <node id="node-Bip01_L_Pauldron_Upper" name="Bip01_L_Pauldron_Upper">
                  <matrix>0.9726268 0.1182921 0.2000106 0.176903 0.1448454 -0.9816832 -0.1237684 -0.03908369 0.1817062 0.1493511 -0.971945 0.2290199 0 0 0 1</matrix>
                </node>
                <node id="node-Bip01_R_Pauldron_Lower" name="Bip01_R_Pauldron_Lower">
                  <matrix sid="matrix">-0.1156725 -0.940376 -0.3198653 0.172906 0.9097751 -0.2295502 0.3458564 -0.1133294 -0.3986599 -0.2509995 0.8820827 -0.2351094 0 0 0 1</matrix>
                </node>
                <node id="node-Bip01_L_Pauldron_Lower" name="Bip01_L_Pauldron_Lower">
                  <matrix>-0.2099968 -0.7687201 0.6041284 0.1529202 0.4002344 -0.6313505 -0.6642358 -0.1054225 0.8920281 0.1023054 0.4402497 0.2344801 0 0 0 1</matrix>
                </node>
              </node>
            </node>
            <node id="node-Bip01_L_Thigh" name="Bip01_L_Thigh">
              <matrix sid="matrix">-0.9949902 -0.06431016 0.07654053 -0.1889113 0.01972365 0.6242965 0.7809384 -0.0284671 -0.09800626 0.7785359 -0.6199005 0.1143193 0 0 0 1</matrix>
              <node id="node-Bip01_L_Calf" name="Bip01_L_Calf">
                <matrix sid="matrix">0.7344475 0.6786656 3.72529e-9 0.4629988 -0.6786656 0.7344475 8.14907e-9 0 1.86265e-8 -2.6077e-8 1 -3.72529e-9 0 0 0 1</matrix>
                <node id="node-Bip01_L_Foot" name="Bip01_L_Foot">
                  <matrix sid="matrix">0.7058899 -0.7043929 -0.0744991 0.3610501 0.7063016 0.6920357 0.1490796 -2.98023e-8 -0.05345462 -0.1578526 0.9860148 -1.11759e-8 0 0 0 1</matrix>
                  <node id="node-Bip01_L_Toe0" name="Bip01_L_Toe0">
                    <matrix sid="matrix">2.09548e-9 -1 9.12696e-7 0.1486307 1 2.32831e-9 -5.07418e-7 0.1543275 5.07942e-7 9.11765e-7 1 7.45058e-9 0 0 0 1</matrix>
                  </node>
                </node>
              </node>
            </node>
            <node id="node-Bip01_R_Thigh" name="Bip01_R_Thigh">
              <matrix sid="matrix">-0.5666595 0.8234881 0.02764523 -0.209098 0.6682432 0.4396863 0.6001057 -0.02208187 0.4820246 0.3585294 -0.7994429 -0.139773 0 0 0 1</matrix>
              <node id="node-Bip01_R_Calf" name="Bip01_R_Calf">
                <matrix sid="matrix">-0.0965609 0.9953272 2.468e-8 0.4629988 -0.9953271 -0.0965609 9.31323e-9 0 5.30854e-8 -3.72529e-8 1 7.45058e-9 0 0 0 1</matrix>
                <node id="node-Bip01_R_Foot" name="Bip01_R_Foot">
                  <matrix sid="matrix">0.9795611 0.1840265 0.08120567 0.3610501 -0.1956628 0.9653798 0.1725036 -1.49012e-8 -0.04664909 -0.1848667 0.9816559 -1.49012e-8 0 0 0 1</matrix>
                  <node id="node-Bip01_R_Toe0" name="Bip01_R_Toe0">
                    <matrix sid="matrix">-0.305154 -0.9472734 0.09774527 0.1486306 0.9517194 -0.3069488 -0.003513962 0.1543275 0.03333156 0.09195383 0.9952053 -3.72529e-9 0 0 0 1</matrix>
                  </node>
                </node>
              </node>
            </node>
          </node>
          <node id="node-Bip01_FannyPack" name="Bip01_FannyPack">
            <matrix sid="matrix">-0.9629917 -0.2062316 0.1735378 0.2299506 -0.2083318 0.9780384 0.006226961 -0.1378937 -0.1710108 -0.03015686 -0.9848075 0.01013964 0 0 0 1</matrix>
          </node>
        </node>
        <node id="node-Eye" name="Eye">
          <matrix sid="matrix">0.7792377 0.6267178 -0.00366411 0.05959658 -0.6267248 0.7792397 -0.001051343 0.07049527 0.002196324 0.003115456 0.9999924 0.7163885 0 0 0 1</matrix>
          <node id="node-cam" name="cam">
            <matrix>1 -6.03104e-8 3.55271e-15 4.84288e-8 6.03104e-8 1 -2.32831e-9 -0.104 -3.55271e-15 2.32832e-9 1 0.3005601 0 0 0 1</matrix>
          </node>
        </node>
      </node>
      <node id="node-nulldetail1" name="nulldetail1">
        <matrix>1 0 0 0 0 1 0 0 0 0 1 0 0 0 0 1</matrix>
      </node>
      <node id="node-Bounds" name="Bounds">
        <matrix>0.9999915 0.001706907 0.003750479 0 -0.001711356 0.9999978 0.001183292 0.1035326 -0.003748452 -0.0011897 0.9999923 -8.93474e-5 0 0 0 1</matrix>
        <instance_geometry url="#geom-Bounds">
          <bind_material>
            <technique_common>
              <instance_material symbol="ShapeBounds" target="#ShapeBounds-material"/>
            </technique_common>
          </bind_material>
        </instance_geometry>
      </node>
    </visual_scene>
  </library_visual_scenes>
  <library_animations>
    <animation>
      <source id="node-Bip01_matrix-input">
        <float_array id="node-Bip01_matrix-input-array" count="20">7.666667 7.7 7.733333 7.766667 7.8 7.833333 7.866667 7.9 7.933333 7.966667 8 8.033334 8.066667 8.1 8.133333 8.166667 8.2 8.233334 8.266666 8.3</float_array>
        <technique_common>
          <accessor source="#node-Bip01_matrix-input-array" count="20" stride="1">
            <param name="TIME" type="float"/>
          </accessor>
        </technique_common>
      </source>
      <source id="node-Bip01_matrix-output">
        <float_array id="node-Bip01_matrix-output-array" count="320">0.7792375 -0.6267248 0.002196252 -8.10623e-5 0.6267179 0.7792399 0.003115594 0.009366631 -0.003664016 -0.001051366 0.9999927 0.8541834 0 0 0 1 0.7792375 -0.6267248 0.002196252 -6.83108e-5 0.6267179 0.7792399 0.003115594 0.009366631 -0.003664016 -0.001051366 0.9999927 0.8482096 0 0 0 1 0.7792375 -0.6267248 0.002196252 -4.0531e-5 0.6267179 0.7792399 0.003115594 0.009366631 -0.003664016 -0.001051366 0.9999927 0.8351954 0 0 0 1 0.7792375 -0.6267248 0.002196252 -1.2751e-5 0.6267179 0.7792399 0.003115594 0.009366631 -0.003664016 -0.001051366 0.9999927 0.8221812 0 0 0 1 0.7792375 -0.6267248 0.002196252 0 0.6267179 0.7792399 0.003115594 0.009366631 -0.003664016 -0.001051366 0.9999927 0.8162076 0 0 0 1 0.7792375 -0.6267248 0.002196252 0 0.6267179 0.7792399 0.003115594 0.009366631 -0.003664016 -0.001051366 0.9999927 0.8269139 0 0 0 1 0.7792375 -0.6267248 0.002196252 0 0.6267179 0.7792399 0.003115594 0.009366631 -0.003664016 -0.001051366 0.9999927 0.8483297 0 0 0 1 0.7792375 -0.6267248 0.002196252 0 0.6267179 0.7792399 0.003115594 0.009366631 -0.003664016 -0.001051366 0.9999927 0.8649905 0 0 0 1 0.7792375 -0.6267248 0.002196252 0 0.6267179 0.7792399 0.003115594 0.009366631 -0.003664016 -0.001051366 0.9999927 0.8660662 0 0 0 1 0.7792375 -0.6267248 0.002196252 0 0.6267179 0.7792399 0.003115594 0.009366631 -0.003664016 -0.001051366 0.9999927 0.8564533 0 0 0 1 0.7792375 -0.6267248 0.002196252 0 0.6267179 0.7792399 0.003115594 0.009366631 -0.003664016 -0.001051366 0.9999927 0.8433 0 0 0 1 0.7792375 -0.6267248 0.002196252 0 0.6267179 0.7792399 0.003115594 0.009366631 -0.003664016 -0.001051366 0.9999927 0.8325834 0 0 0 1 0.7792375 -0.6267248 0.002196252 0 0.6267179 0.7792399 0.003115594 0.009366631 -0.003664016 -0.001051366 0.9999927 0.8257787 0 0 0 1 0.7792375 -0.6267248 0.002196252 0 0.6267179 0.7792399 0.003115594 0.009366631 -0.003664016 -0.001051366 0.9999927 0.8233637 0 0 0 1 0.7792375 -0.6267248 0.002196252 0 0.6267179 0.7792399 0.003115594 0.009366631 -0.003664016 -0.001051366 0.9999927 0.8369373 0 0 0 1 0.7792375 -0.6267248 0.002196252 0 0.6267179 0.7792399 0.003115594 0.009366631 -0.003664016 -0.001051366 0.9999927 0.8611841 0 0 0 1 0.7792375 -0.6267248 0.002196252 0 0.6267179 0.7792399 0.003115594 0.009366631 -0.003664016 -0.001051366 0.9999927 0.8720677 0 0 0 1 0.7792375 -0.6267248 0.002196252 -1.27515e-5 0.6267179 0.7792399 0.003115594 0.009366631 -0.003664016 -0.001051366 0.9999927 0.8644461 0 0 0 1 0.7792375 -0.6267248 0.002196252 -4.05313e-5 0.6267179 0.7792399 0.003115594 0.009366631 -0.003664016 -0.001051366 0.9999927 0.8537433 0 0 0 1 0.7792375 -0.6267248 0.002196252 -6.83113e-5 0.6267179 0.7792399 0.003115594 0.009366631 -0.003664016 -0.001051366 0.9999927 0.847651 0 0 0 1</float_array>
        <technique_common>
          <accessor source="#node-Bip01_matrix-output-array" count="20" stride="16">
            <param name="TRANSFORM" type="float4x4"/>
          </accessor>
        </technique_common>
      </source>
      <source id="node-Bip01_matrix-interpolation">
        <Name_array id="node-Bip01_matrix-interpolation-array" count="20">LINEAR LINEAR LINEAR LINEAR LINEAR LINEAR LINEAR LINEAR LINEAR LINEAR LINEAR LINEAR LINEAR LINEAR LINEAR LINEAR LINEAR LINEAR LINEAR LINEAR</Name_array>
        <technique_common>
          <accessor source="#node-Bip01_matrix-interpolation-array" count="20" stride="1">
            <param name="INTERPOLATION" type="name"/>
          </accessor>
        </technique_common>
      </source>
      <source id="node-Bip01_Pelvis_matrix-input">
        <float_array id="node-Bip01_Pelvis_matrix-input-array" count="20">7.666667 7.7 7.733333 7.766667 7.8 7.833333 7.866667 7.9 7.933333 7.966667 8 8.033334 8.066667 8.1 8.133333 8.166667 8.2 8.233334 8.266666 8.3</float_array>
        <technique_common>
          <accessor source="#node-Bip01_Pelvis_matrix-input-array" count="20" stride="1">
            <param name="TIME" type="float"/>
          </accessor>
        </technique_common>
      </source>
      <source id="node-Bip01_Pelvis_matrix-output">
        <float_array id="node-Bip01_Pelvis_matrix-output-array" count="320">-0.009626686 0.9912359 0.1317526 0 -0.1217413 -0.1319404 0.9837533 0 0.992515 -0.006569385 0.1219445 0 0 0 0 1 -0.006906628 0.9945416 0.104111 0 -0.1179047 -0.1041973 0.9875431 0 0.9930008 -0.00545454 0.1179808 0 0 0 0 1 -0.004499137 0.9996047 0.02774828 0 -0.1121902 -0.02807801 0.99329 0 0.9936765 0.001355886 0.1122722 0 0 0 0 1 -0.008875608 0.9996627 -0.02440351 0 -0.1161356 0.02320885 0.9929621 0 0.9931936 0.01164728 0.1158905 0 0 0 0 1 0.01958018 0.9977413 0.06425541 0 -0.07141232 -0.06270807 0.9954737 0 0.9972545 -0.02408021 0.07002323 0 0 0 0 1 0.05400121 0.9890416 0.1374058 0 -0.02888631 -0.1360018 0.9902873 0 0.9981228 -0.05744588 0.02122551 0 0 0 0 1 0.03844124 0.9932689 0.109266 0 -0.03267216 -0.108039 0.9936096 0 0.9987264 -0.04176551 0.02829909 0 0 0 0 1 0.02477073 0.9948799 0.09798055 0 -0.01415377 -0.09765183 0.9951199 0 0.9995929 -0.02603667 0.01166236 0 0 0 0 1 0.01489484 0.9948276 0.1004781 0 0.01733267 -0.1007311 0.9947627 0 0.9997386 -0.01307529 -0.01874339 0 0 0 0 1 0.01168459 0.993532 0.1129499 0 0.05271548 -0.1134127 0.9921485 0 0.9985411 -0.005638599 -0.05369973 0 0 0 0 1 0.0176382 0.9912359 0.130921 0 0.08289796 -0.1319404 0.9877852 0 0.9964017 -0.006569683 -0.08449864 0 0 0 0 1 0.008481919 0.9970806 0.07588279 0 0.05202347 -0.07622277 0.9957327 0 0.9986097 -0.004498004 -0.05251806 0 0 0 0 1 -0.005080521 0.9989264 -0.04604506 0 -0.03491717 0.04584032 0.9983382 0 0.9993771 0.006679892 0.0346468 0 0 0 0 1 -0.005906403 0.9940371 -0.1088818 0 -0.09394544 0.1078505 0.9897183 0 0.9955598 0.01607465 0.09274822 0 0 0 0 1 -0.002858161 0.9969193 -0.0783804 0 -0.04345375 0.07818281 0.9959915 0 0.9990512 0.006252646 0.04309642 0 0 0 0 1 0.01301306 0.999128 -0.03966975 0 0.06111776 0.03880405 0.997376 0 0.9980455 -0.01540344 -0.06055951 0 0 0 0 1 0.01961016 0.9992693 -0.03280448 0 0.09777802 0.03073668 0.9947334 0 0.995015 -0.02271443 -0.09710383 0 0 0 0 1 0.01446372 0.9997609 -0.0163902 0 0.039366 0.01580983 0.9990997 0 0.9991201 -0.01509594 -0.03912788 0 0 0 0 1 0.008259892 0.9989895 0.04417771 0 -0.03717356 -0.04384189 0.9983466 0 0.9992746 -0.00988847 0.03677386 0 0 0 0 1 -0.003793537 0.9942598 0.1069251 0 -0.1008325 -0.1067613 0.9891586 0 0.9948961 -0.007029056 0.1006587 0 0 0 0 1</float_array>
        <technique_common>
          <accessor source="#node-Bip01_Pelvis_matrix-output-array" count="20" stride="16">
            <param name="TRANSFORM" type="float4x4"/>
          </accessor>
        </technique_common>
      </source>
      <source id="node-Bip01_Pelvis_matrix-interpolation">
        <Name_array id="node-Bip01_Pelvis_matrix-interpolation-array" count="20">LINEAR LINEAR LINEAR LINEAR LINEAR LINEAR LINEAR LINEAR LINEAR LINEAR LINEAR LINEAR LINEAR LINEAR LINEAR LINEAR LINEAR LINEAR LINEAR LINEAR</Name_array>
        <technique_common>
          <accessor source="#node-Bip01_Pelvis_matrix-interpolation-array" count="20" stride="1">
            <param name="INTERPOLATION" type="name"/>
          </accessor>
        </technique_common>
      </source>
      <source id="node-Bip01_Spine_matrix-input">
        <float_array id="node-Bip01_Spine_matrix-input-array" count="20">7.666667 7.7 7.733333 7.766667 7.8 7.833333 7.866667 7.9 7.933333 7.966667 8 8.033334 8.066667 8.1 8.133333 8.166667 8.2 8.233334 8.266666 8.3</float_array>
        <technique_common>
          <accessor source="#node-Bip01_Spine_matrix-input-array" count="20" stride="1">
            <param name="TIME" type="float"/>
          </accessor>
        </technique_common>
      </source>
      <source id="node-Bip01_Spine_matrix-output">
        <float_array id="node-Bip01_Spine_matrix-output-array" count="320">0.9968564 0.004996359 -0.07907253 0.1974989 -0.002998769 0.999674 0.025361 0.02499216 0.07917344 -0.0250442 0.9965462 0.02780574 0 0 0 1 0.9971706 0.007077455 -0.07483875 0.197668 -0.003087103 0.9985739 0.05330079 0.02530241 0.07510924 -0.05291897 0.9957701 0.02628254 0 0 0 1 0.9975944 0.008553862 -0.06879311 0.1978666 4.27262e-4 0.9915807 0.1294907 0.02679467 0.06932163 -0.1292086 0.9891915 0.02311891 0 0 0 1 0.9972912 0.004854023 -0.07339459 0.1976542 0.008499741 0.9835307 0.1805425 0.02884739 0.07306218 -0.1806774 0.980825 0.02245593 0 0 0 1 0.9993611 0.02590924 -0.02462166 0.1992191 -0.02348947 0.9953008 0.09393996 0.02167671 0.02693986 -0.09330159 0.9952734 0.01566964 0 0 0 1 0.9983232 0.0532155 0.02278411 0.2003057 -0.05364835 0.9983825 0.01882755 0.01479691 -0.02174532 -0.02001827 0.9995631 0.00788784 0 0 0 1 0.9991227 0.03844106 0.0166288 0.2000133 -0.03919613 0.99809 0.04775339 0.01803368 -0.01476132 -0.04836338 0.9987207 0.008550584 0 0 0 1 0.9992196 0.02202653 0.03278785 0.1998233 -0.02393275 0.9979754 0.05892938 0.02121055 -0.0314235 -0.05966818 0.9977236 0.004936337 0 0 0 1 0.9980303 0.007324874 0.06230735 0.1995907 -0.01085066 0.9983472 0.05643892 0.02379161 -0.06179094 -0.05700385 0.99646 -0.001055657 0 0 0 1 0.9953164 -0.001399993 0.09666132 0.1992673 -0.00287193 0.9990257 0.04404199 0.02523881 -0.09662878 -0.04411327 0.9943424 -0.007689654 0 0 0 1 0.9918663 -2.53435e-4 0.1272846 0.1989996 -0.002999067 0.999674 0.025361 0.0249921 -0.1272495 -0.02553647 0.9915421 -0.01334947 0 0 0 1 0.9954216 -0.004454433 0.09547805 0.199196 -0.003341972 0.9966809 0.08134156 0.02556067 -0.09552347 -0.08128827 0.9921026 -0.008437812 0 0 0 1 0.9999624 -0.004189729 0.007600128 0.198988 0.002563595 0.9792701 0.2025429 0.0278384 -0.008291184 -0.2025159 0.9792439 0.00569415 0 0 0 1 0.9986929 0.004288256 -0.0509327 0.1982046 0.009288966 0.9646533 0.2633587 0.02958136 0.05026173 -0.2634875 0.9633526 0.01560318 0 0 0 1 0.9999998 -6.52052e-4 -4.86944e-4 0.1989819 7.47939e-4 0.9722077 0.2341194 0.02770042 3.20759e-4 -0.2341197 0.9722078 0.006519675 0 0 0 1 0.9944568 -0.001406073 0.1051389 0.1992042 -0.01919651 0.980678 0.1946856 0.02344363 -0.1033812 -0.1956246 0.9752146 -0.01310622 0 0 0 1 0.9898354 -6.37858e-4 0.1422163 0.1987756 -0.02615344 0.9821194 0.1864347 0.02199059 -0.1397923 -0.1882593 0.9721197 -0.02020549 0 0 0 1 0.9964639 0.003439605 0.08395195 0.1994563 -0.0179001 0.984915 0.1721112 0.02352142 -0.08209353 -0.1730055 0.9814937 -0.008218288 0 0 0 1 0.9999287 0.009339809 0.007466614 0.1993215 -0.01012629 0.9935027 0.1133586 0.02453774 -0.006359338 -0.1134262 0.9935262 0.008512079 0 0 0 1 0.9983219 0.007460236 -0.05742406 0.1981283 -0.004549145 0.9987055 0.05065912 0.02498114 0.05772763 -0.05031305 0.9970636 0.02290588 0 0 0 1</float_array>
        <technique_common>
          <accessor source="#node-Bip01_Spine_matrix-output-array" count="20" stride="16">
            <param name="TRANSFORM" type="float4x4"/>
          </accessor>
        </technique_common>
      </source>
      <source id="node-Bip01_Spine_matrix-interpolation">
        <Name_array id="node-Bip01_Spine_matrix-interpolation-array" count="20">LINEAR LINEAR LINEAR LINEAR LINEAR LINEAR LINEAR LINEAR LINEAR LINEAR LINEAR LINEAR LINEAR LINEAR LINEAR LINEAR LINEAR LINEAR LINEAR LINEAR</Name_array>
        <technique_common>
          <accessor source="#node-Bip01_Spine_matrix-interpolation-array" count="20" stride="1">
            <param name="INTERPOLATION" type="name"/>
          </accessor>
        </technique_common>
      </source>
      <source id="node-Bip01_Spine1_matrix-input">
        <float_array id="node-Bip01_Spine1_matrix-input-array" count="20">7.666667 7.7 7.733333 7.766667 7.8 7.833333 7.866667 7.9 7.933333 7.966667 8 8.033334 8.066667 8.1 8.133333 8.166667 8.2 8.233334 8.266666 8.3</float_array>
        <technique_common>
          <accessor source="#node-Bip01_Spine1_matrix-input-array" count="20" stride="1">
            <param name="TIME" type="float"/>
          </accessor>
        </technique_common>
      </source>
      <source id="node-Bip01_Spine1_matrix-output">
        <float_array id="node-Bip01_Spine1_matrix-output-array" count="320">0.9850423 0.02363085 -0.1706848 0.1022273 -0.01319324 0.9979872 0.06202852 -1.00818e-4 0.1718071 -0.05884873 0.9833714 5.93066e-6 0 0 0 1 0.9851621 0.02334773 -0.1700308 0.1022274 -0.01262795 0.9978792 0.06385666 -1.00803e-4 0.1711612 -0.06076186 0.9833677 6.1281e-6 0 0 0 1 0.9852553 0.02278792 -0.1695655 0.1022273 -0.01173007 0.9977553 0.06593114 -1.00797e-4 0.1706874 -0.06296998 0.9833109 6.34417e-6 0 0 0 1 0.9853188 0.02213013 -0.1692832 0.1022274 -0.01074153 0.9976347 0.06789773 -1.0078e-4 0.1703854 -0.06508249 0.9832259 6.56769e-6 0 0 0 1 0.9853497 0.0215485 -0.1691793 0.1022274 -0.009898722 0.9975396 0.06940448 -1.00769e-4 0.1702587 -0.06671297 0.9831385 6.72787e-6 0 0 0 1 0.9853444 0.02122116 -0.1692509 0.1022274 -0.009444296 0.9974961 0.07008588 -1.00767e-4 0.1703145 -0.06746023 0.983078 6.80238e-6 0 0 0 1 0.9852396 0.02114087 -0.1698707 0.1022275 -0.009428381 0.9975401 0.06946241 -1.00773e-4 0.1709213 -0.06683534 0.9830152 6.74278e-6 0 0 0 1 0.9849985 0.02116173 -0.1712594 0.1022275 -0.009688735 0.9976688 0.06755244 -1.00788e-4 0.1722897 -0.06487977 0.9829074 6.54906e-6 0 0 0 1 0.9846577 0.02126276 -0.1731966 0.1022274 -0.01016634 0.9978526 0.06470519 -1.00806e-4 0.1742005 -0.06195169 0.9827596 6.24359e-6 0 0 0 1 0.9842518 0.02142363 -0.1754688 0.1022275 -0.01080346 0.9980636 0.06125771 -1.00825e-4 0.1764414 -0.05839723 0.9825775 5.88596e-6 0 0 0 1 0.9838168 0.02162474 -0.1778677 0.1022275 -0.01153993 0.9982766 0.05753898 -1.00851e-4 0.1788055 -0.05455511 0.9823708 5.50225e-6 0 0 0 1 0.9833897 0.021847 -0.1801868 0.1022274 -0.01231074 0.9984719 0.05387359 -1.00868e-4 0.1810885 -0.05076044 0.982156 5.11855e-6 0 0 0 1 0.9830102 0.02207124 -0.1822189 0.1022274 -0.01304513 0.9986346 0.05058526 -1.00886e-4 0.1830866 -0.04734879 0.981956 4.7721e-6 0 0 0 1 0.9827197 0.02227848 -0.1837539 0.1022274 -0.01366651 0.9987539 0.04800081 -1.00892e-4 0.1845942 -0.04466003 0.9817997 4.50388e-6 0 0 0 1 0.9825617 0.02244925 -0.1845756 0.1022274 -0.01409423 0.9988211 0.04645431 -1.00905e-4 0.1854009 -0.04304271 0.9817198 4.33624e-6 0 0 0 1 0.9825809 0.02256363 -0.1844601 0.1022274 -0.01424616 0.9988265 0.0462923 -1.00899e-4 0.1852881 -0.04285806 0.9817492 4.32134e-6 0 0 0 1 0.9828943 0.02270698 -0.1827658 0.1022274 -0.01415097 0.9987479 0.04798275 -1.00901e-4 0.1836265 -0.04457563 0.9819849 4.48897e-6 0 0 0 1 0.9834648 0.02293992 -0.1796395 0.1022273 -0.01394182 0.9985916 0.05119293 -1.00877e-4 0.1805609 -0.0478419 0.9823997 4.82425e-6 0 0 0 1 0.9841187 0.0232073 -0.1759884 0.1022272 -0.01368612 0.9983858 0.05512338 -1.00859e-4 0.1769836 -0.05183923 0.9828478 5.22658e-6 0 0 0 1 0.9846951 0.02345567 -0.1726998 0.1022273 -0.01342922 0.9981679 0.05899834 -1.0084e-4 0.1737673 -0.05577605 0.9832059 5.62146e-6 0 0 0 1</float_array>
        <technique_common>
          <accessor source="#node-Bip01_Spine1_matrix-output-array" count="20" stride="16">
            <param name="TRANSFORM" type="float4x4"/>
          </accessor>
        </technique_common>
      </source>
      <source id="node-Bip01_Spine1_matrix-interpolation">
        <Name_array id="node-Bip01_Spine1_matrix-interpolation-array" count="20">LINEAR LINEAR LINEAR LINEAR LINEAR LINEAR LINEAR LINEAR LINEAR LINEAR LINEAR LINEAR LINEAR LINEAR LINEAR LINEAR LINEAR LINEAR LINEAR LINEAR</Name_array>
        <technique_common>
          <accessor source="#node-Bip01_Spine1_matrix-interpolation-array" count="20" stride="1">
            <param name="INTERPOLATION" type="name"/>
          </accessor>
        </technique_common>
      </source>
      <source id="node-Bip01_Head_matrix-input">
