<?xml version="1.0" encoding="utf-8"?>
<COLLADA xmlns="http://www.collada.org/2005/11/COLLADASchema" version="1.4.1">
  <asset>
    <contributor>
      <author>MattO</author>
      <authoring_tool>OpenCOLLADA for 3ds Max;  Version: 1.3.0;  Revision: 839M;  Platform: x64;  Configuration: Release_Max2012</authoring_tool>
      <source_data>file:///C:/Dropbox/Prj/GGStout/Disposition_SourceArt/Soldier_TP_Disposition_Animation_Master03.max</source_data>
    </contributor>
    <created>2011-10-07T14:38:57</created>
    <modified>2011-10-07T14:38:57</modified>
    <unit name="meter" meter="1"/>
    <up_axis>Z_UP</up_axis>
  </asset>
  <library_effects>
    <effect id="ShapeBounds">
      <profile_COMMON>
        <technique sid="common">
          <blinn>
            <emission>
              <color>0 0 0 1</color>
            </emission>
            <ambient>
              <color>0.1647059 1 0 1</color>
            </ambient>
            <diffuse>
              <color>0.1647059 1 0 1</color>
            </diffuse>
            <specular>
              <color>0.9 0.9 0.9 1</color>
            </specular>
            <shininess>
              <float>10</float>
            </shininess>
            <reflective>
              <color>0 0 0 1</color>
            </reflective>
            <transparent opaque="A_ONE">
              <color>1 1 1 1</color>
            </transparent>
            <transparency>
              <float>1</float>
            </transparency>
          </blinn>
        </technique>
      </profile_COMMON>
      <extra>
        <technique profile="OpenCOLLADA3dsMax">
          <extended_shader>
            <apply_reflection_dimming>0</apply_reflection_dimming>
            <dim_level>0</dim_level>
            <falloff_type>0</falloff_type>
            <index_of_refraction>1.5</index_of_refraction>
            <opacity_type>0</opacity_type>
            <reflection_level>3</reflection_level>
            <wire_size>1</wire_size>
            <wire_units>0</wire_units>
          </extended_shader>
          <shader>
            <ambient_diffuse_lock>1</ambient_diffuse_lock>
            <ambient_diffuse_texture_lock>1</ambient_diffuse_texture_lock>
            <diffuse_specular_lock>0</diffuse_specular_lock>
            <soften>0.1</soften>
            <use_self_illum_color>0</use_self_illum_color>
          </shader>
        </technique>
      </extra>
    </effect>
  </library_effects>
  <library_materials>
    <material id="ShapeBounds-material" name="ShapeBounds">
      <instance_effect url="#ShapeBounds"/>
    </material>
  </library_materials>
  <library_geometries>
    <geometry id="geom-Bounds" name="Bounds">
      <mesh>
        <source id="geom-Bounds-positions">
          <float_array id="geom-Bounds-positions-array" count="24">-0.425 -0.425 0 0.425 -0.425 0 -0.425 0.425 0 0.425 0.425 0 -0.425 -0.425 1.84 0.425 -0.425 1.84 -0.425 0.425 1.84 0.425 0.425 1.84</float_array>
          <technique_common>
            <accessor source="#geom-Bounds-positions-array" count="8" stride="3">
              <param name="X" type="float"/>
              <param name="Y" type="float"/>
              <param name="Z" type="float"/>
            </accessor>
          </technique_common>
        </source>
        <source id="geom-Bounds-normals">
          <float_array id="geom-Bounds-normals-array" count="72">0 0 -1 0 0 -1 0 0 -1 0 0 -1 0 0 1 0 0 1 0 0 1 0 0 1 0 -1 0 0 -1 0 0 -1 0 0 -1 0 1 0 0 1 0 0 1 0 0 1 0 0 0 1 0 0 1 0 0 1 0 0 1 0 -1 0 0 -1 0 0 -1 0 0 -1 0 0</float_array>
          <technique_common>
            <accessor source="#geom-Bounds-normals-array" count="24" stride="3">
              <param name="X" type="float"/>
              <param name="Y" type="float"/>
              <param name="Z" type="float"/>
            </accessor>
          </technique_common>
        </source>
        <source id="geom-Bounds-map1">
          <float_array id="geom-Bounds-map1-array" count="36">0 0 0 1 0 0 0 1 0 1 1 0 0 0 0 1 0 0 0 1 0 1 1 0 0 0 0 1 0 0 0 1 0 1 1 0</float_array>
          <technique_common>
            <accessor source="#geom-Bounds-map1-array" count="12" stride="3">
              <param name="S" type="float"/>
              <param name="T" type="float"/>
              <param name="P" type="float"/>
            </accessor>
          </technique_common>
        </source>
        <vertices id="geom-Bounds-vertices">
          <input semantic="POSITION" source="#geom-Bounds-positions"/>
        </vertices>
        <triangles material="ShapeBounds" count="12">
          <input semantic="VERTEX" source="#geom-Bounds-vertices" offset="0"/>
          <input semantic="NORMAL" source="#geom-Bounds-normals" offset="1"/>
          <input semantic="TEXCOORD" source="#geom-Bounds-map1" offset="2" set="0"/>
          <p>0 0 9 2 1 11 3 2 10 3 2 10 1 3 8 0 0 9 4 4 8 5 5 9 7 6 11 7 6 11 6 7 10 4 4 8 0 8 4 1 9 5 5 10 7 5 10 7 4 11 6 0 8 4 1 12 0 3 13 1 7 14 3 7 14 3 5 15 2 1 12 0 3 16 4 2 17 5 6 18 7 6 18 7 7 19 6 3 16 4 2 20 0 0 21 1 4 22 3 4 22 3 6 23 2 2 20 0</p>
        </triangles>
      </mesh>
      <extra>
        <technique profile="OpenCOLLADA3dsMax">
          <max_box>
            <generateuvs>1</generateuvs>
            <height>1.84</height>
            <heightsegments>1</heightsegments>
            <length>0.85</length>
            <lengthsegments>1</lengthsegments>
            <width>0.85</width>
            <widthsegments>1</widthsegments>
          </max_box>
        </technique>
      </extra>
    </geometry>
  </library_geometries>
  <library_lights>
    <light id="EnvironmentAmbientLight" name="EnvironmentAmbientLight">
      <technique_common>
        <ambient>
          <color>0 0 0</color>
        </ambient>
      </technique_common>
    </light>
  </library_lights>
  <library_visual_scenes>
    <visual_scene id="MaxScene">
      <node name="EnvironmentAmbientLight">
        <instance_light url="#EnvironmentAmbientLight"/>
      </node>
      <node id="node-Bip01" name="Bip01">
        <matrix sid="matrix">0.7792375 -0.6267248 0.002196277 -8.10623e-5 0.6267179 0.7792399 0.003115636 0.009366653 -0.003664073 -0.001051374 0.9999927 0.8541834 0 0 0 1</matrix>
        <node id="node-Bip01_Pelvis" name="Bip01_Pelvis">
          <matrix sid="matrix">-0.009626734 0.9912359 0.1317526 0 -0.1217413 -0.1319404 0.9837533 0 0.992515 -0.006569399 0.1219445 0 0 0 0 1</matrix>
          <node id="node-Bip01_Spine" name="Bip01_Spine">
            <matrix sid="matrix">0.9142389 -0.1596023 -0.372417 0.1975122 0.1756539 0.9844077 0.009333409 0.02499345 0.3651206 -0.07394951 0.9280185 0.02780972 0 0 0 1</matrix>
            <node id="node-Bip01_Spine1" name="Bip01_Spine1">
              <matrix sid="matrix">0.9786781 0.06511252 -0.1948072 0.1022232 -0.06634989 0.9977964 1.73911e-4 -1.00806e-4 0.1943893 0.01275531 0.9808416 -1.3113e-6 0 0 0 1</matrix>
              <node id="node-Bip01_Spine2" name="Bip01_Spine2">
                <matrix>0.9369742 -0.3477308 -0.03409585 0.1269256 0.349036 0.9270919 0.1366548 -1.58831e-4 -0.01590914 -0.1399427 0.9900318 2.38717e-5 0 0 0 1</matrix>
                <node id="node-Bip01_Neck" name="Bip01_Neck">
                  <matrix>0.8407081 -0.4308255 0.3280237 0.215107 0.4136221 0.9019014 0.1244631 -4.96507e-5 -0.3494669 0.03104061 0.9364346 -1.66893e-6 0 0 0 1</matrix>
                  <node id="node-Bip01_Head" name="Bip01_Head">
                    <matrix sid="matrix">0.9638678 -0.05710918 -0.2601869 0.07051826 -0.2276922 0.3303206 -0.9159936 -0.01395917 0.1382567 0.9421395 0.305382 -1.49012e-8 0 0 0 1</matrix>
                    <node id="node-AltEye" name="AltEye">
                      <matrix sid="matrix">0.4510097 0.4130588 0.791185 0.06454694 0.04764073 0.8740576 -0.4834816 0.2214611 -0.891247 0.2557472 0.3745297 0.04716253 0 0 0 1</matrix>
                    </node>
                  </node>
                  <node id="node-Bip01_L_Clavicle" name="Bip01_L_Clavicle">
                    <matrix>-0.5778345 -0.4531802 0.6787745 -0.04690337 0.283809 -0.8913431 -0.3534966 -0.01204765 0.7652187 -0.01162024 0.6436656 0.05588403 0 0 0 1</matrix>
                    <node id="node-Bip01_L_UpperArm" name="Bip01_L_UpperArm">
                      <matrix sid="matrix">0.78078 0.5992333 0.1769244 0.1824006 -0.4340965 0.3165969 0.8434018 -2.98023e-8 0.4493809 -0.7353134 0.5073176 0 0 0 0 1</matrix>
                      <node id="node-Bip01_L_Forearm" name="Bip01_L_Forearm">
                        <matrix sid="matrix">0.61874 0.7855958 0 0.2843689 -0.785596 0.6187399 0 0 1.49012e-8 -5.96046e-8 1 0 0 0 0 1</matrix>
                        <node id="node-Bip01_L_Hand" name="Bip01_L_Hand">
                          <matrix sid="matrix">0.9685895 0.102965 -0.2263459 0.2810681 0.005075336 -0.9182406 -0.3959903 5.96046e-8 -0.2486131 0.3824033 -0.8899211 0 0 0 0 1</matrix>
                          <node id="node-Bip01_L_Finger0" name="Bip01_L_Finger0">
                            <matrix>0.6413842 0.3141903 0.6999362 0.02119666 0.7352948 0.008702917 -0.6776913 -0.004734278 -0.2190156 0.9493201 -0.2254408 -0.02572185 0 0 0 1</matrix>
                            <node id="node-Bip01_L_Finger01" name="Bip01_L_Finger01">
                              <matrix>0.9975641 -0.06975642 0 0.04982865 0.06975645 0.9975641 3.72529e-9 0 0 -1.11759e-8 0.9999999 5.96046e-8 0 0 0 1</matrix>
                              <node id="node-Bip01_L_Finger02" name="Bip01_L_Finger02">
                                <matrix>0.9203135 0.3911814 2.98023e-8 0.05202246 -0.3911814 0.9203135 1.11759e-8 2.98023e-8 2.98023e-8 1.49012e-8 1 0 0 0 0 1</matrix>
                              </node>
                            </node>
                          </node>
                          <node id="node-Bip01_L_Finger1" name="Bip01_L_Finger1">
                            <matrix>0.9592717 -0.2819769 -0.01693502 0.1199945 0.2798395 0.9567645 -0.07931916 -0.008367598 0.03856898 0.07134952 0.9967053 -0.04101384 0 0 0 1</matrix>
                            <node id="node-Bip01_L_Finger11" name="Bip01_L_Finger11">
                              <matrix>0.7001772 -0.7139691 -7.45058e-9 0.03644168 0.7139691 0.7001773 1.49012e-8 1.19209e-7 1.49012e-8 1.11759e-8 1 0 0 0 0 1</matrix>
                              <node id="node-Bip01_L_Finger12" name="Bip01_L_Finger12">
                                <matrix>0.8757259 -0.4828088 0 0.03117549 0.4828088 0.8757257 -7.45058e-9 0 -7.45058e-8 -1.19209e-7 1 0 0 0 0 1</matrix>
                              </node>
                            </node>
                          </node>
                          <node id="node-Bip01_L_Finger2" name="Bip01_L_Finger2">
                            <matrix>0.6611331 -0.7495597 -0.03260921 0.1229538 0.7489769 0.6568219 0.08728343 -0.008801937 -0.04400575 -0.08212952 0.9956497 -0.01328242 0 0 0 1</matrix>
                            <node id="node-Bip01_L_Finger21" name="Bip01_L_Finger21">
                              <matrix>0.8156035 -0.5786111 -1.76951e-8 0.03895497 0.5786111 0.8156036 -6.93835e-8 5.96046e-8 2.51457e-8 1.02445e-8 0.9999999 5.96046e-8 0 0 0 1</matrix>
                              <node id="node-Bip01_L_Finger22" name="Bip01_L_Finger22">
                                <matrix>0.9762959 -0.2164396 -1.86265e-9 0.03800535 0.2164396 0.9762959 2.79979e-8 -5.96046e-8 -2.14204e-8 -9.17353e-8 0.9999999 0 0 0 0 1</matrix>
                              </node>
                            </node>
                          </node>
                          <node id="node-Bip01_L_Finger3" name="Bip01_L_Finger3">
                            <matrix>0.412463 -0.9064791 -0.09038857 0.1211882 0.9061532 0.3980612 0.1429456 -0.001191258 -0.09359706 -0.1408656 0.9855945 0.01196873 0 0 0 1</matrix>
                            <node id="node-Bip01_L_Finger31" name="Bip01_L_Finger31">
                              <matrix>0.938148 -0.3462352 3.72529e-9 0.03155851 0.3462351 0.938148 -4.65661e-10 2.98023e-8 2.23517e-8 1.37836e-7 1 0 0 0 0 1</matrix>
                              <node id="node-Bip01_L_Finger32" name="Bip01_L_Finger32">
                                <matrix>0.9636305 -0.2672384 -3.72529e-9 0.0336659 0.2672384 0.9636304 1.30385e-8 5.96046e-8 0 -4.28408e-8 1 5.96046e-8 0 0 0 1</matrix>
                              </node>
                            </node>
                          </node>
                          <node id="node-Bip01_L_Finger4" name="Bip01_L_Finger4">
                            <matrix>0.07120569 -0.9696807 0.2337719 0.1136796 0.9750154 0.1171045 0.1887628 0.005147576 -0.2104155 0.2144903 0.953792 0.03886575 0 0 0 1</matrix>
                            <node id="node-Bip01_L_Finger41" name="Bip01_L_Finger41">
                              <matrix>0.9790112 -0.2038069 0 0.03661621 0.2038069 0.9790111 1.49012e-8 -5.96046e-8 0 7.45058e-9 1 2.98023e-8 0 0 0 1</matrix>
                              <node id="node-Bip01_L_Finger42" name="Bip01_L_Finger42">
                                <matrix>0.964515 0.2640274 -1.49012e-8 0.01772618 -0.2640274 0.9645152 -7.45058e-9 0 0 -6.0536e-8 1 -2.98023e-8 0 0 0 1</matrix>
                              </node>
                            </node>
                          </node>
                        </node>
                      </node>
                    </node>
                  </node>
                  <node id="node-Bip01_R_Clavicle" name="Bip01_R_Clavicle">
                    <matrix>0.2073931 -0.1669672 -0.9639034 8.67009e-4 0.5679265 -0.781728 0.2576057 -0.01629043 -0.7965221 -0.6008521 -0.06729996 -0.07212147 0 0 0 1</matrix>
                    <node id="node-Bip01_R_UpperArm" name="Bip01_R_UpperArm">
                      <matrix sid="matrix">0.3449835 0.9159618 -0.2049398 0.1824007 -0.8929697 0.387547 0.2289377 -5.96046e-8 0.289122 0.1040253 0.9516236 1.19209e-7 0 0 0 1</matrix>
                      <node id="node-Bip01_R_Forearm" name="Bip01_R_Forearm">
                        <matrix sid="matrix">0.01728694 0.9998505 -8.9407e-8 0.2843688 -0.9998505 0.01728706 -1.86265e-8 0 4.09782e-8 -5.96046e-8 1 0 0 0 0 1</matrix>
                        <node id="node-Bip01_R_Hand" name="Bip01_R_Hand">
                          <matrix sid="matrix">0.9376013 0.3402215 -0.07178499 0.2810681 0.1694729 -0.6274049 -0.7600276 0 -0.3036159 0.7004373 -0.6459141 1.19209e-7 0 0 0 1</matrix>
                          <node id="node-Bip01_R_Finger0" name="Bip01_R_Finger0">
                            <matrix>0.5215105 0.2690129 -0.8097275 0.02119675 0.7250716 0.3605265 0.5867638 -0.004734248 0.4497752 -0.893114 -0.007035463 0.02572179 0 0 0 1</matrix>
                            <node id="node-Bip01_R_Finger01" name="Bip01_R_Finger01">
                              <matrix>0.6423535 -0.7636236 0.06527568 0.04982859 0.7605616 0.6456372 0.06854742 -2.38419e-7 -0.09448884 0.005614487 0.9955101 0 0 0 0 1</matrix>
                              <node id="node-Bip01_R_Finger02" name="Bip01_R_Finger02">
                                <matrix>0.9505159 -0.3106765 1.95578e-8 0.05202231 0.3106766 0.9505159 0 1.19209e-7 -9.49949e-8 1.19209e-7 1 0 0 0 0 1</matrix>
                              </node>
                            </node>
                          </node>
                          <node id="node-Bip01_R_Finger1" name="Bip01_R_Finger1">
                            <matrix>0.9820224 -0.1733427 -0.0747267 0.1199946 0.1795577 0.9799358 0.08651492 -0.008367568 0.05823065 -0.09837732 0.993444 0.04101384 0 0 0 1</matrix>
                            <node id="node-Bip01_R_Finger11" name="Bip01_R_Finger11">
                              <matrix>0.8240547 -0.5665103 0 0.03644171 0.5665102 0.8240545 0 2.98023e-8 -1.11759e-8 -7.45058e-9 0.9999999 0 0 0 0 1</matrix>
                              <node id="node-Bip01_R_Finger12" name="Bip01_R_Finger12">
                                <matrix>0.8146399 -0.5796779 0.01831832 0.03117546 0.5799673 0.8142335 -0.02573051 0 7.45058e-9 0.03158512 0.9995012 -1.19209e-7 0 0 0 1</matrix>
                              </node>
                            </node>
                          </node>
                          <node id="node-Bip01_R_Finger2" name="Bip01_R_Finger2">
                            <matrix>0.6754012 -0.7374503 -1.52119e-4 0.1229538 0.7368312 0.6748428 -0.04082684 -0.008802086 0.03021043 0.02746241 0.9991661 0.01328242 0 0 0 1</matrix>
                            <node id="node-Bip01_R_Finger21" name="Bip01_R_Finger21">
                              <matrix>0.5508358 -0.8338859 -0.0348487 0.03895521 0.8322219 0.551937 -0.05265062 2.98023e-8 0.06313889 -7.45058e-9 0.9980047 0 0 0 0 1</matrix>
                              <node id="node-Bip01_R_Finger22" name="Bip01_R_Finger22">
                                <matrix>0.1984735 -0.9799246 0.01886612 0.03800538 0.9755273 0.1993681 0.09272985 0 -0.09462959 -7.45058e-9 0.9955126 1.19209e-7 0 0 0 1</matrix>
                              </node>
                            </node>
                          </node>
                          <node id="node-Bip01_R_Finger3" name="Bip01_R_Finger3">
                            <matrix>0.7159052 -0.6949215 0.06755453 0.1211881 0.6883786 0.6863561 -0.234627 -0.001191288 0.1166809 0.2144738 0.9697351 -0.01196873 0 0 0 1</matrix>
                            <node id="node-Bip01_R_Finger31" name="Bip01_R_Finger31">
                              <matrix>0.4441952 -0.8949345 0.04222351 0.03155851 0.8909186 0.4461977 0.08468726 -5.96046e-8 -0.09462959 3.72529e-9 0.9955126 0 0 0 0 1</matrix>
                              <node id="node-Bip01_R_Finger32" name="Bip01_R_Finger32">
                                <matrix>0.199368 -0.9794359 -0.03095101 0.03366598 0.9799247 0.1992686 0.006297077 0 -1.49012e-8 -0.03158511 0.9995012 1.19209e-7 0 0 0 1</matrix>
                              </node>
                            </node>
                          </node>
                          <node id="node-Bip01_R_Finger4" name="Bip01_R_Finger4">
                            <matrix>0.5925791 -0.7897949 -0.1583476 0.1136796 0.7783522 0.6120424 -0.1399001 0.005147427 0.2074078 -0.04034829 0.9774219 -0.03886592 0 0 0 1</matrix>
                            <node id="node-Bip01_R_Finger41" name="Bip01_R_Finger41">
                              <matrix>0.4202555 -0.9064697 0.04120621 0.03661627 0.906853 0.4211511 0.0157878 0 -0.03166521 0.03073303 0.999026 1.19209e-7 0 0 0 1</matrix>
                              <node id="node-Bip01_R_Finger42" name="Bip01_R_Finger42">
                                <matrix>0.4024471 -0.9138247 -0.05441485 0.01772633 0.9154232 0.4021218 0.01728314 0 0.006087601 -0.05676818 0.9983689 -1.19209e-7 0 0 0 1</matrix>
                              </node>
                            </node>
                          </node>
                          <node id="node-mount0" name="mount0">
                            <matrix>-0.004997194 0.9999837 -0.002795191 0.09410727 -0.9999508 -0.005020954 -0.008545231 0.01837558 -0.008559125 0.002752356 0.9999595 0.01120639 0 0 0 1</matrix>
                          </node>
                        </node>
                      </node>
                    </node>
                  </node>
                </node>
                <node id="node-Bip01_L_Pauldron_Upper" name="Bip01_L_Pauldron_Upper">
                  <matrix>0.9726269 0.1182923 0.2000107 0.176903 0.1448455 -0.9816832 -0.1237686 -0.03908372 0.1817062 0.1493513 -0.9719453 0.2290199 0 0 0 1</matrix>
                </node>
                <node id="node-Bip01_R_Pauldron_Lower" name="Bip01_R_Pauldron_Lower">
                  <matrix sid="matrix">-0.1156725 -0.940376 -0.3198653 0.1729059 0.9097751 -0.2295504 0.3458563 -0.1133294 -0.3986599 -0.2509995 0.8820828 -0.2351094 0 0 0 1</matrix>
                </node>
                <node id="node-Bip01_L_Pauldron_Lower" name="Bip01_L_Pauldron_Lower">
                  <matrix>-0.2099969 -0.76872 0.6041284 0.1529202 0.4002344 -0.6313505 -0.6642359 -0.1054226 0.8920281 0.1023055 0.4402497 0.2344801 0 0 0 1</matrix>
                </node>
              </node>
            </node>
            <node id="node-Bip01_L_Thigh" name="Bip01_L_Thigh">
              <matrix sid="matrix">-0.9606793 0.2767892 0.0219793 -0.1485696 0.1900302 0.5977082 0.7788668 -4.51207e-4 0.2024447 0.752418 -0.6268042 0.1658256 0 0 0 1</matrix>
              <node id="node-Bip01_L_Calf" name="Bip01_L_Calf">
                <matrix sid="matrix">0.734455 0.6786575 -3.72529e-9 0.4629988 -0.6786573 0.7344551 -1.46683e-8 0 -8.56817e-8 7.82311e-8 1 0 0 0 0 1</matrix>
                <node id="node-Bip01_L_Foot" name="Bip01_L_Foot">
                  <matrix sid="matrix">0.7058911 -0.7043917 -0.07449985 0.3610502 0.7063006 0.6920369 0.1490786 -2.98023e-8 -0.05345307 -0.1578526 0.9860149 -7.45058e-9 0 0 0 1</matrix>
                  <node id="node-Bip01_L_Toe0" name="Bip01_L_Toe0">
                    <matrix sid="matrix">2.37022e-7 -1 1.39046e-6 0.1486307 1 2.37254e-7 2.61796e-7 0.1543275 -2.61683e-7 1.39046e-6 1 -7.45058e-9 0 0 0 1</matrix>
                  </node>
                </node>
              </node>
            </node>
            <node id="node-Bip01_R_Thigh" name="Bip01_R_Thigh">
              <matrix sid="matrix">-0.3682518 0.9229519 -0.1120284 -0.2416652 0.70212 0.3550597 0.6172196 0.0184035 0.6094407 0.1486347 -0.7787744 -0.07079414 0 0 0 1</matrix>
              <node id="node-Bip01_R_Calf" name="Bip01_R_Calf">
                <matrix sid="matrix">0.1240058 0.9922816 -4.09782e-8 0.4629988 -0.9922814 0.1240058 -1.39698e-8 5.96046e-8 8.10251e-8 4.37722e-8 1 7.45058e-9 0 0 0 1</matrix>
                <node id="node-Bip01_R_Foot" name="Bip01_R_Foot">
                  <matrix sid="matrix">0.7570394 -0.6459119 0.09843528 0.3610502 0.6289722 0.7612382 0.1578304 1.49012e-8 -0.1768773 -0.05757086 0.9825478 7.45058e-9 0 0 0 1</matrix>
                  <node id="node-Bip01_R_Toe0" name="Bip01_R_Toe0">
                    <matrix sid="matrix">-0.305154 -0.9472736 0.09774531 0.1486307 0.9517197 -0.3069489 -0.003513936 0.1543275 0.03333151 0.09195384 0.9952054 -7.45058e-9 0 0 0 1</matrix>
                  </node>
                </node>
              </node>
            </node>
          </node>
          <node id="node-Bip01_FannyPack" name="Bip01_FannyPack">
            <matrix sid="matrix">-0.9629917 -0.2062316 0.1735378 0.2299506 -0.2083318 0.9780384 0.006226961 -0.1378937 -0.1710108 -0.03015686 -0.9848075 0.01013964 0 0 0 1</matrix>
          </node>
        </node>
        <node id="node-Eye" name="Eye">
          <matrix sid="matrix">0.7792377 0.6267179 -0.003663998 0.05959657 -0.626725 0.7792398 -0.001051204 0.07049528 0.002196324 0.003115397 0.9999924 0.7163885 0 0 0 1</matrix>
          <node id="node-cam" name="cam">
            <matrix>1 -6.03104e-8 0 4.84288e-8 6.03104e-8 1 -2.32832e-9 -0.104 0 2.32831e-9 1 0.3005601 0 0 0 1</matrix>
          </node>
        </node>
      </node>
      <node id="node-nulldetail1" name="nulldetail1">
        <matrix>1 0 0 0 0 1 0 0 0 0 1 0 0 0 0 1</matrix>
      </node>
      <node id="node-Bounds" name="Bounds">
        <matrix>0.9999915 0.001706907 0.003750479 0 -0.001711356 0.9999978 0.001183292 0.1035326 -0.003748452 -0.0011897 0.9999923 -8.93474e-5 0 0 0 1</matrix>
        <instance_geometry url="#geom-Bounds">
          <bind_material>
            <technique_common>
              <instance_material symbol="ShapeBounds" target="#ShapeBounds-material"/>
            </technique_common>
          </bind_material>
        </instance_geometry>
      </node>
    </visual_scene>
  </library_visual_scenes>
  <library_animations>
    <animation>
      <source id="node-Bip01_matrix-input">
        <float_array id="node-Bip01_matrix-input-array" count="20">4.333333 4.366667 4.4 4.433333 4.466667 4.5 4.533333 4.566667 4.6 4.633333 4.666667 4.7 4.733333 4.766667 4.8 4.833333 4.866667 4.9 4.933333 4.966667</float_array>
        <technique_common>
          <accessor source="#node-Bip01_matrix-input-array" count="20" stride="1">
            <param name="TIME" type="float"/>
          </accessor>
        </technique_common>
      </source>
      <source id="node-Bip01_matrix-output">
        <float_array id="node-Bip01_matrix-output-array" count="320">0.7792375 -0.6267248 0.002196252 -8.10623e-5 0.6267179 0.7792399 0.003115594 0.009366631 -0.003664016 -0.001051366 0.9999927 0.8541834 0 0 0 1 0.7792375 -0.6267248 0.002196252 -6.83108e-5 0.6267179 0.7792399 0.003115594 0.009366631 -0.003664016 -0.001051366 0.9999927 0.8604552 0 0 0 1 0.7792375 -0.6267248 0.002196252 -4.05312e-5 0.6267179 0.7792399 0.003115594 0.009366631 -0.003664016 -0.001051366 0.9999927 0.8648363 0 0 0 1 0.7792375 -0.6267248 0.002196252 -1.27515e-5 0.6267179 0.7792399 0.003115594 0.009366631 -0.003664016 -0.001051366 0.9999927 0.8665093 0 0 0 1 0.7792375 -0.6267248 0.002196252 0 0.6267179 0.7792399 0.003115594 0.009366631 -0.003664016 -0.001051366 0.9999927 0.8645753 0 0 0 1 0.7792375 -0.6267248 0.002196252 0 0.6267179 0.7792399 0.003115594 0.009366631 -0.003664016 -0.001051366 0.9999927 0.8503889 0 0 0 1 0.7792375 -0.6267248 0.002196252 0 0.6267179 0.7792399 0.003115594 0.009366631 -0.003664016 -0.001051366 0.9999927 0.8277881 0 0 0 1 0.7792375 -0.6267248 0.002196252 0 0.6267179 0.7792399 0.003115594 0.009366631 -0.003664016 -0.001051366 0.9999927 0.8158713 0 0 0 1 0.7792375 -0.6267248 0.002196252 0 0.6267179 0.7792399 0.003115594 0.009366631 -0.003664016 -0.001051366 0.9999927 0.8188524 0 0 0 1 0.7792375 -0.6267248 0.002196252 0 0.6267179 0.7792399 0.003115594 0.009366631 -0.003664016 -0.001051366 0.9999927 0.8262196 0 0 0 1 0.7792375 -0.6267248 0.002196252 0 0.6267179 0.7792399 0.003115594 0.009366631 -0.003664016 -0.001051366 0.9999927 0.8358076 0 0 0 1 0.7792375 -0.6267248 0.002196252 0 0.6267179 0.7792399 0.003115594 0.009366631 -0.003664016 -0.001051366 0.9999927 0.8458128 0 0 0 1 0.7792375 -0.6267248 0.002196252 0 0.6267179 0.7792399 0.003115594 0.009366631 -0.003664016 -0.001051366 0.9999927 0.8556377 0 0 0 1 0.7792375 -0.6267248 0.002196252 0 0.6267179 0.7792399 0.003115594 0.009366631 -0.003664016 -0.001051366 0.9999927 0.8649905 0 0 0 1 0.7792375 -0.6267248 0.002196252 0 0.6267179 0.7792399 0.003115594 0.009366631 -0.003664016 -0.001051366 0.9999927 0.8562424 0 0 0 1 0.7792375 -0.6267248 0.002196252 0 0.6267179 0.7792399 0.003115594 0.009366631 -0.003664016 -0.001051366 0.9999927 0.8308835 0 0 0 1 0.7792375 -0.6267248 0.002196252 0 0.6267179 0.7792399 0.003115594 0.009366631 -0.003664016 -0.001051366 0.9999927 0.8162076 0 0 0 1 0.7792375 -0.6267248 0.002196252 -1.27515e-5 0.6267179 0.7792399 0.003115594 0.009366631 -0.003664016 -0.001051366 0.9999927 0.8193174 0 0 0 1 0.7792375 -0.6267248 0.002196252 -4.05313e-5 0.6267179 0.7792399 0.003115594 0.009366631 -0.003664016 -0.001051366 0.9999927 0.8276056 0 0 0 1 0.7792375 -0.6267248 0.002196252 -6.83113e-5 0.6267179 0.7792399 0.003115594 0.009366631 -0.003664016 -0.001051366 0.9999927 0.8396605 0 0 0 1</float_array>
        <technique_common>
          <accessor source="#node-Bip01_matrix-output-array" count="20" stride="16">
            <param name="TRANSFORM" type="float4x4"/>
          </accessor>
        </technique_common>
      </source>
      <source id="node-Bip01_matrix-interpolation">
        <Name_array id="node-Bip01_matrix-interpolation-array" count="20">LINEAR LINEAR LINEAR LINEAR LINEAR LINEAR LINEAR LINEAR LINEAR LINEAR LINEAR LINEAR LINEAR LINEAR LINEAR LINEAR LINEAR LINEAR LINEAR LINEAR</Name_array>
        <technique_common>
          <accessor source="#node-Bip01_matrix-interpolation-array" count="20" stride="1">
            <param name="INTERPOLATION" type="name"/>
          </accessor>
        </technique_common>
      </source>
      <source id="node-Bip01_Pelvis_matrix-input">
        <float_array id="node-Bip01_Pelvis_matrix-input-array" count="20">4.333333 4.366667 4.4 4.433333 4.466667 4.5 4.533333 4.566667 4.6 4.633333 4.666667 4.7 4.733333 4.766667 4.8 4.833333 4.866667 4.9 4.933333 4.966667</float_array>
        <technique_common>
          <accessor source="#node-Bip01_Pelvis_matrix-input-array" count="20" stride="1">
            <param name="TIME" type="float"/>
          </accessor>
        </technique_common>
      </source>
      <source id="node-Bip01_Pelvis_matrix-output">
        <float_array id="node-Bip01_Pelvis_matrix-output-array" count="320">-0.009626686 0.9912359 0.1317526 0 -0.1217413 -0.1319404 0.9837533 0 0.992515 -0.006569385 0.1219445 0 0 0 0 1 3.3692e-4 0.993488 0.1139364 0 -0.08625018 -0.1134831 0.9897892 0 0.9962732 -0.0101605 0.08565026 0 0 0 0 1 0.01557433 0.9966856 0.07984268 0 -0.01887136 -0.07954525 0.9966526 0 0.9997005 -0.01702892 0.01756995 0 0 0 0 1 0.02575212 0.9989731 0.03727841 0 0.05289494 -0.03860026 0.9978538 0 0.9982678 -0.02372503 -0.05383467 0 0 0 0 1 0.02655941 0.9996403 -0.003710687 0 0.1011759 0.001004755 0.994868 0 0.9945138 -0.02679854 -0.1011128 0 0 0 0 1 0.01961016 0.9992693 -0.03280448 0 0.09777802 0.03073668 0.9947334 0 0.995015 -0.02271443 -0.09710383 0 0 0 0 1 0.002594053 0.9969925 -0.0774526 0 -0.003658533 0.07746177 0.9969885 0 0.9999899 -0.002302885 0.003848493 0 0 0 0 1 -0.005906403 0.9940371 -0.1088817 0 -0.09394544 0.1078504 0.9897184 0 0.9955598 0.01607465 0.09274822 0 0 0 0 1 -0.01098757 0.998886 -0.04588818 0 -0.06137633 0.04513078 0.9970938 0 0.9980541 0.01377213 0.06081211 0 0 0 0 1 -0.001704335 0.9979964 0.06324774 0 0.02237069 -0.06319397 0.9977504 0 0.9997482 0.003115415 -0.02221816 0 0 0 0 1 0.0176382 0.9912359 0.130921 0 0.08289796 -0.1319404 0.9877852 0 0.9964017 -0.006569683 -0.08449864 0 0 0 0 1 0.03198403 0.9883254 0.1489623 0 0.08951538 -0.1512722 0.9844306 0 0.9954717 -0.01815164 -0.09330862 0 0 0 0 1 0.04792416 0.9854956 0.1627932 0 0.06937026 -0.1658709 0.9837045 0 0.996439 -0.03585016 -0.07631331 0 0 0 0 1 0.05963724 0.9838025 0.1690437 0 0.03499561 -0.1713016 0.9845969 0 0.9976063 -0.05280286 -0.04464477 0 0 0 0 1 0.06289762 0.9846532 0.1627936 0 -0.001739442 -0.1630082 0.9866232 0 0.9980183 -0.06233942 -0.008540034 0 0 0 0 1 0.05400121 0.9890416 0.1374058 0 -0.02888631 -0.1360018 0.9902873 0 0.9981228 -0.05744588 0.02122551 0 0 0 0 1 0.01844632 0.9984799 0.05193555 0 -0.07381546 -0.05044269 0.9959954 0 0.9971011 -0.02220612 0.07277274 0 0 0 0 1 -0.008875668 0.9996627 -0.02440351 0 -0.1161357 0.02320885 0.9929621 0 0.9931936 0.01164728 0.1158905 0 0 0 0 1 -0.01313292 0.9999018 0.004865884 0 -0.1235544 -0.006451785 0.9923169 0 0.9922508 0.01243084 0.123627 0 0 0 0 1 -0.0115239 0.9968551 0.07840335 0 -0.1232314 -0.07922661 0.9892103 0 0.992311 0.001737773 0.1237568 0 0 0 0 1</float_array>
        <technique_common>
          <accessor source="#node-Bip01_Pelvis_matrix-output-array" count="20" stride="16">
            <param name="TRANSFORM" type="float4x4"/>
          </accessor>
        </technique_common>
      </source>
      <source id="node-Bip01_Pelvis_matrix-interpolation">
        <Name_array id="node-Bip01_Pelvis_matrix-interpolation-array" count="20">LINEAR LINEAR LINEAR LINEAR LINEAR LINEAR LINEAR LINEAR LINEAR LINEAR LINEAR LINEAR LINEAR LINEAR LINEAR LINEAR LINEAR LINEAR LINEAR LINEAR</Name_array>
        <technique_common>
          <accessor source="#node-Bip01_Pelvis_matrix-interpolation-array" count="20" stride="1">
            <param name="INTERPOLATION" type="name"/>
          </accessor>
        </technique_common>
      </source>
      <source id="node-Bip01_Spine_matrix-input">
        <float_array id="node-Bip01_Spine_matrix-input-array" count="20">4.333333 4.366667 4.4 4.433333 4.466667 4.5 4.533333 4.566667 4.6 4.633333 4.666667 4.7 4.733333 4.766667 4.8 4.833333 4.866667 4.9 4.933333 4.966667</float_array>
        <technique_common>
          <accessor source="#node-Bip01_Spine_matrix-input-array" count="20" stride="1">
            <param name="TIME" type="float"/>
          </accessor>
        </technique_common>
      </source>
      <source id="node-Bip01_Spine_matrix-output">
        <float_array id="node-Bip01_Spine_matrix-output-array" count="320">0.9142389 -0.1596022 -0.372417 0.1975122 0.1756539 0.9844077 0.009333372 0.02499341 0.3651207 -0.07394951 0.9280185 0.02780967 0 0 0 1 0.9279138 -0.1571173 -0.3380683 0.198526 0.1768678 0.9838298 0.02822339 0.02433788 0.3281673 -0.08598226 0.9406982 0.02010494 0 0 0 1 0.949565 -0.1553137 -0.2724039 0.1996141 0.1786463 0.981901 0.06289756 0.02305465 0.2577049 -0.1083892 0.960125 0.005634605 0 0 0 1 0.9665019 -0.1583645 -0.2019774 0.1995999 0.1819688 0.9777771 0.1041105 0.02178168 0.1810016 -0.1373766 0.9738409 -0.009723067 0 0 0 1 0.9739544 -0.1657757 -0.1546982 0.1988742 0.1880888 0.9717018 0.1428933 0.02118754 0.1266323 -0.1682684 0.9775736 -0.02023154 0 0 0 1 0.972184 -0.1719643 -0.1590175 0.1987894 0.1985738 0.9651857 0.1702502 0.02199196 0.1242045 -0.1970914 0.9724857 -0.02020472 0 0 0 1 0.9504885 -0.1707104 -0.2596725 0.1993277 0.2279942 0.9508734 0.2094249 0.02599942 0.2111647 -0.2582597 0.9427151 -0.001273632 0 0 0 1 0.9241737 -0.1616243 -0.3460934 0.1982179 0.2516649 0.9392506 0.2333946 0.02958339 0.2873463 -0.3027967 0.9087058 0.0156064 0 0 0 1 0.9327796 -0.1729412 -0.3162496 0.1985807 0.2364167 0.9558331 0.1746147 0.02925235 0.2720839 -0.2376438 0.9324678 0.0109145 0 0 0 1 0.9551904 -0.1795961 -0.2352799 0.1991659 0.2017529 0.9766705 0.07355594 0.02710366 0.2165807 -0.1177284 0.9691404 -0.002733945 0 0 0 1 0.9697381 -0.1713874 -0.1738806 0.1990131 0.1756536 0.9844078 0.009333491 0.02499336 0.1695699 -0.03959381 0.9847226 -0.01334834 0 0 0 1 0.9734024 -0.1585573 -0.1653707 0.1992087 0.1596766 0.9871473 -0.006590187 0.02260798 0.1642902 -0.01999092 0.9862095 -0.01462507 0 0 0 1 0.9731973 -0.1396117 -0.182745 0.1998242 0.138965 0.9901614 -0.01640397 0.01900607 0.1832374 -0.009430706 0.9830235 -0.01087158 0 0 0 1 0.9690826 -0.122184 -0.2143602 0.200367 0.1212654 0.9924663 -0.01748138 0.01558303 0.2148813 -0.009053528 0.9765983 -0.004395365 0 0 0 1 0.9619151 -0.112371 -0.2491827 0.2005352 0.1142435 0.9934282 -0.006982922 0.01370549 0.2483298 -0.02175045 0.9684312 0.002632975 0 0 0 1 0.9540157 -0.1160238 -0.2763924 0.2003195 0.1259014 0.9918758 0.01820105 0.01479744 0.2720352 -0.05216217 0.9608725 0.007890462 0 0 0 1 0.9353601 -0.142017 -0.3239333 0.1991719 0.1806466 0.9792057 0.09232062 0.02207106 0.3040863 -0.1448704 0.9415648 0.01589375 0 0 0 1 0.9163039 -0.1600205 -0.3671247 0.1976674 0.2296361 0.9609703 0.1542842 0.02884924 0.3281074 -0.2256764 0.9172872 0.02245956 0 0 0 1 0.9128319 -0.1626167 -0.3745581 0.1973664 0.2237671 0.9664992 0.1257288 0.02901124 0.3415645 -0.198583 0.9186395 0.02477788 0 0 0 1 0.913305 -0.1611294 -0.3740471 0.1974211 0.1965968 0.978743 0.05841112 0.0267986 0.3566843 -0.1268836 0.9255684 0.02675515 0 0 0 1</float_array>
        <technique_common>
          <accessor source="#node-Bip01_Spine_matrix-output-array" count="20" stride="16">
            <param name="TRANSFORM" type="float4x4"/>
          </accessor>
        </technique_common>
      </source>
      <source id="node-Bip01_Spine_matrix-interpolation">
        <Name_array id="node-Bip01_Spine_matrix-interpolation-array" count="20">LINEAR LINEAR LINEAR LINEAR LINEAR LINEAR LINEAR LINEAR LINEAR LINEAR LINEAR LINEAR LINEAR LINEAR LINEAR LINEAR LINEAR LINEAR LINEAR LINEAR</Name_array>
        <technique_common>
          <accessor source="#node-Bip01_Spine_matrix-interpolation-array" count="20" stride="1">
            <param name="INTERPOLATION" type="name"/>
          </accessor>
        </technique_common>
      </source>
      <source id="node-Bip01_Spine1_matrix-input">
        <float_array id="node-Bip01_Spine1_matrix-input-array" count="20">4.333333 4.366667 4.4 4.433333 4.466667 4.5 4.533333 4.566667 4.6 4.633333 4.666667 4.7 4.733333 4.766667 4.8 4.833333 4.866667 4.9 4.933333 4.966667</float_array>
        <technique_common>
          <accessor source="#node-Bip01_Spine1_matrix-input-array" count="20" stride="1">
            <param name="TIME" type="float"/>
          </accessor>
        </technique_common>
      </source>
      <source id="node-Bip01_Spine1_matrix-output">
        <float_array id="node-Bip01_Spine1_matrix-output-array" count="320">0.9786781 0.06511253 -0.1948072 0.1022231 -0.06634986 0.9977964 1.73911e-4 -1.00806e-4 0.1943892 0.01275527 0.9808416 -1.3113e-6 0 0 0 1 0.9810954 0.05307686 -0.1861043 0.1022244 -0.0522052 0.9985904 0.009584486 -1.00896e-4 0.1863506 3.12343e-4 0.9824833 0 0 0 0 1 0.9830987 0.04116827 -0.1783885 0.1022257 -0.03850835 0.9990898 0.01834917 -1.0094e-4 0.1789814 -0.01116955 0.9837891 1.10269e-6 0 0 0 1 0.9846916 0.02983391 -0.1717342 0.1022268 -0.02568852 0.9993237 0.02631056 -1.00985e-4 0.1724029 -0.02149617 0.984792 2.11596e-6 0 0 0 1 0.9858993 0.01951342 -0.1661989 0.1022281 -0.01416701 0.9993453 0.03329378 -1.01e-4 0.1667395 -0.03046977 0.9855301 2.98023e-6 0 0 0 1 0.9867616 0.01064664 -0.161829 0.1022288 -0.004366993 0.9992254 0.03911018 -1.00955e-4 0.1621199 -0.03788566 0.9860436 3.8147e-6 0 0 0 1 0.9873248 0.003681242 -0.1586701 0.1022297 0.003275573 0.9990455 0.04356068 -1.0097e-4 0.158679 -0.04352819 0.9863704 4.32134e-6 0 0 0 1 0.9876337 -9.18031e-4 -0.1567775 0.10223 0.008300244 0.9988866 0.04643946 -1.00926e-4 0.1565602 -0.04716646 0.9865416 4.67896e-6 0 0 0 1 0.9877173 -0.002658784 -0.1562296 0.10223 0.01020789 0.9988175 0.04753816 -1.00896e-4 0.1559184 -0.04854893 0.9865762 4.88758e-6 0 0 0 1 0.9874868 -4.21464e-4 -0.157702 0.10223 0.007630109 0.9989531 0.04510813 -1.0094e-4 0.1575178 -0.04574692 0.986456 4.52995e-6 0 0 0 1 0.9868727 0.005766153 -0.1613976 0.1022292 4.51326e-4 0.9992602 0.0384593 -1.0094e-4 0.1614999 -0.03802722 0.9861399 3.8147e-6 0 0 0 1 0.9858859 0.01474493 -0.1667692 0.1022282 -0.01005291 0.9995305 0.02894395 -1.00985e-4 0.1671176 -0.02685886 0.9855711 2.68221e-6 0 0 0 1 0.9845474 0.02539217 -0.1732684 0.1022274 -0.02263706 0.9995843 0.01785856 -1.01e-4 0.1736497 -0.01366025 0.9847128 1.37091e-6 0 0 0 1 0.9829336 0.03660398 -0.1802829 0.1022262 -0.03603541 0.99933 0.006428956 -1.0097e-4 0.1803974 1.77231e-4 0.9835938 0 0 0 0 1 0.9812015 0.0472843 -0.1871039 0.1022251 -0.04893189 0.9987934 -0.004194438 -1.00926e-4 0.1866798 0.01327091 0.9823313 -1.43051e-6 0 0 0 1 0.9795963 0.05633533 -0.1929193 0.1022241 -0.05994629 0.998118 -0.01292699 -1.00836e-4 0.1918279 0.02422803 0.9811295 -2.5034e-6 0 0 0 1 0.9784342 0.06264507 -0.19683 0.1022235 -0.0676335 0.9975348 -0.0187183 -1.00791e-4 0.1951721 0.03162699 0.9802589 -3.21865e-6 0 0 0 1 0.9780624 0.06506687 -0.19789 0.1022233 -0.0704934 0.9973018 -0.02049458 -1.00762e-4 0.1960223 0.03399491 0.9800101 -3.45707e-6 0 0 0 1 0.9777051 0.06703341 -0.1989962 0.102223 -0.07170975 0.9972912 -0.01637804 -1.00747e-4 0.1973592 0.03028291 0.9798633 -3.06964e-6 0 0 0 1 0.9774022 0.06894397 -0.1998299 0.1022229 -0.07201379 0.9973706 -0.008125364 -1.00777e-4 0.1987441 0.02233225 0.979797 -2.29478e-6 0 0 0 1</float_array>
        <technique_common>
          <accessor source="#node-Bip01_Spine1_matrix-output-array" count="20" stride="16">
            <param name="TRANSFORM" type="float4x4"/>
          </accessor>
        </technique_common>
      </source>
      <source id="node-Bip01_Spine1_matrix-interpolation">
        <Name_array id="node-Bip01_Spine1_matrix-interpolation-array" count="20">LINEAR LINEAR LINEAR LINEAR LINEAR LINEAR LINEAR LINEAR LINEAR LINEAR LINEAR LINEAR LINEAR LINEAR LINEAR LINEAR LINEAR LINEAR LINEAR LINEAR</Name_array>
        <technique_common>
          <accessor source="#node-Bip01_Spine1_matrix-interpolation-array" count="20" stride="1">
            <param name="INTERPOLATION" type="name"/>
          </accessor>
        </technique_common>
      </source>
      <source id="node-Bip01_Head_matrix-input">
