<?xml version="1.0" encoding="utf-8"?>
<COLLADA xmlns="http://www.collada.org/2005/11/COLLADASchema" version="1.4.1">
  <asset>
    <contributor>
      <author>MattO</author>
      <authoring_tool>OpenCOLLADA for 3ds Max;  Version: 1.3.0;  Revision: 839M;  Platform: x64;  Configuration: Release_Max2012</authoring_tool>
      <source_data>file:///C:/Dropbox/Prj/GGStout/Disposition_SourceArt/Soldier_TP_Disposition_Animation_Master03.max</source_data>
    </contributor>
    <created>2011-10-07T14:38:47</created>
    <modified>2011-10-07T14:38:47</modified>
    <unit name="meter" meter="1"/>
    <up_axis>Z_UP</up_axis>
  </asset>
  <library_effects>
    <effect id="ShapeBounds">
      <profile_COMMON>
        <technique sid="common">
          <blinn>
            <emission>
              <color>0 0 0 1</color>
            </emission>
            <ambient>
              <color>0.1647059 1 0 1</color>
            </ambient>
            <diffuse>
              <color>0.1647059 1 0 1</color>
            </diffuse>
            <specular>
              <color>0.9 0.9 0.9 1</color>
            </specular>
            <shininess>
              <float>10</float>
            </shininess>
            <reflective>
              <color>0 0 0 1</color>
            </reflective>
            <transparent opaque="A_ONE">
              <color>1 1 1 1</color>
            </transparent>
            <transparency>
              <float>1</float>
            </transparency>
          </blinn>
        </technique>
      </profile_COMMON>
      <extra>
        <technique profile="OpenCOLLADA3dsMax">
          <extended_shader>
            <apply_reflection_dimming>0</apply_reflection_dimming>
            <dim_level>0</dim_level>
            <falloff_type>0</falloff_type>
            <index_of_refraction>1.5</index_of_refraction>
            <opacity_type>0</opacity_type>
            <reflection_level>3</reflection_level>
            <wire_size>1</wire_size>
            <wire_units>0</wire_units>
          </extended_shader>
          <shader>
            <ambient_diffuse_lock>1</ambient_diffuse_lock>
            <ambient_diffuse_texture_lock>1</ambient_diffuse_texture_lock>
            <diffuse_specular_lock>0</diffuse_specular_lock>
            <soften>0.1</soften>
            <use_self_illum_color>0</use_self_illum_color>
          </shader>
        </technique>
      </extra>
    </effect>
  </library_effects>
  <library_materials>
    <material id="ShapeBounds-material" name="ShapeBounds">
      <instance_effect url="#ShapeBounds"/>
    </material>
  </library_materials>
  <library_geometries>
    <geometry id="geom-Bounds" name="Bounds">
      <mesh>
        <source id="geom-Bounds-positions">
          <float_array id="geom-Bounds-positions-array" count="24">-0.425 -0.425 0 0.425 -0.425 0 -0.425 0.425 0 0.425 0.425 0 -0.425 -0.425 1.84 0.425 -0.425 1.84 -0.425 0.425 1.84 0.425 0.425 1.84</float_array>
          <technique_common>
            <accessor source="#geom-Bounds-positions-array" count="8" stride="3">
              <param name="X" type="float"/>
              <param name="Y" type="float"/>
              <param name="Z" type="float"/>
            </accessor>
          </technique_common>
        </source>
        <source id="geom-Bounds-normals">
          <float_array id="geom-Bounds-normals-array" count="72">0 0 -1 0 0 -1 0 0 -1 0 0 -1 0 0 1 0 0 1 0 0 1 0 0 1 0 -1 0 0 -1 0 0 -1 0 0 -1 0 1 0 0 1 0 0 1 0 0 1 0 0 0 1 0 0 1 0 0 1 0 0 1 0 -1 0 0 -1 0 0 -1 0 0 -1 0 0</float_array>
          <technique_common>
            <accessor source="#geom-Bounds-normals-array" count="24" stride="3">
              <param name="X" type="float"/>
              <param name="Y" type="float"/>
              <param name="Z" type="float"/>
            </accessor>
          </technique_common>
        </source>
        <source id="geom-Bounds-map1">
          <float_array id="geom-Bounds-map1-array" count="36">0 0 0 1 0 0 0 1 0 1 1 0 0 0 0 1 0 0 0 1 0 1 1 0 0 0 0 1 0 0 0 1 0 1 1 0</float_array>
          <technique_common>
            <accessor source="#geom-Bounds-map1-array" count="12" stride="3">
              <param name="S" type="float"/>
              <param name="T" type="float"/>
              <param name="P" type="float"/>
            </accessor>
          </technique_common>
        </source>
        <vertices id="geom-Bounds-vertices">
          <input semantic="POSITION" source="#geom-Bounds-positions"/>
        </vertices>
        <triangles material="ShapeBounds" count="12">
          <input semantic="VERTEX" source="#geom-Bounds-vertices" offset="0"/>
          <input semantic="NORMAL" source="#geom-Bounds-normals" offset="1"/>
          <input semantic="TEXCOORD" source="#geom-Bounds-map1" offset="2" set="0"/>
          <p>0 0 9 2 1 11 3 2 10 3 2 10 1 3 8 0 0 9 4 4 8 5 5 9 7 6 11 7 6 11 6 7 10 4 4 8 0 8 4 1 9 5 5 10 7 5 10 7 4 11 6 0 8 4 1 12 0 3 13 1 7 14 3 7 14 3 5 15 2 1 12 0 3 16 4 2 17 5 6 18 7 6 18 7 7 19 6 3 16 4 2 20 0 0 21 1 4 22 3 4 22 3 6 23 2 2 20 0</p>
        </triangles>
      </mesh>
      <extra>
        <technique profile="OpenCOLLADA3dsMax">
          <max_box>
            <generateuvs>1</generateuvs>
            <height>1.84</height>
            <heightsegments>1</heightsegments>
            <length>0.85</length>
            <lengthsegments>1</lengthsegments>
            <width>0.85</width>
            <widthsegments>1</widthsegments>
          </max_box>
        </technique>
      </extra>
    </geometry>
  </library_geometries>
  <library_lights>
    <light id="EnvironmentAmbientLight" name="EnvironmentAmbientLight">
      <technique_common>
        <ambient>
          <color>0 0 0</color>
        </ambient>
      </technique_common>
    </light>
  </library_lights>
  <library_visual_scenes>
    <visual_scene id="MaxScene">
      <node name="EnvironmentAmbientLight">
        <instance_light url="#EnvironmentAmbientLight"/>
      </node>
      <node id="node-Bip01" name="Bip01">
        <matrix>0.7792376 -0.6267173 0.003750267 -8.10623e-5 0.6267178 0.7792454 0.001183462 0.009366653 -0.003664074 0.001428161 0.9999923 0.9109396 0 0 0 1</matrix>
        <node id="node-Bip01_Pelvis" name="Bip01_Pelvis">
          <matrix sid="matrix">0.1747649 0.9844434 0.0181178 0 0.2778892 -0.06696887 0.9582759 0 0.9445817 -0.1624383 -0.28527 0 0 0 0 1</matrix>
          <node id="node-Bip01_Spine" name="Bip01_Spine">
            <matrix sid="matrix">0.9976643 0.06778117 -0.008484572 0.1928509 -0.06579357 0.9868717 0.1474981 -0.006243914 0.01837063 -0.1465954 0.989026 -0.05634508 0 0 0 1</matrix>
            <node id="node-Bip01_Spine1" name="Bip01_Spine1">
              <matrix>0.9850423 0.02363086 -0.1706849 0.1022273 -0.01319329 0.9979871 0.06202858 -1.0081e-4 0.1718071 -0.05884882 0.9833714 5.93066e-6 0 0 0 1</matrix>
              <node id="node-Bip01_Spine2" name="Bip01_Spine2">
                <matrix sid="matrix">0.9118832 -0.1827258 0.367533 0.1268973 0.1518599 0.9820942 0.111488 -1.68217e-4 -0.3813238 -0.04585054 0.9233038 7.86781e-6 0 0 0 1</matrix>
                <node id="node-Bip01_Neck" name="Bip01_Neck">
                  <matrix>0.840708 -0.4308255 0.3280236 0.2151071 0.413622 0.9019013 0.1244631 -4.96805e-5 -0.3494668 0.03104065 0.9364344 -1.69873e-6 0 0 0 1</matrix>
                  <node id="node-Bip01_Head" name="Bip01_Head">
                    <matrix sid="matrix">0.8256276 -0.1322618 -0.5484942 0.07051837 -0.4566819 0.4142266 -0.7873107 -0.01395917 0.331332 0.9005129 0.2815953 2.98023e-8 0 0 0 1</matrix>
                    <node id="node-AltEye" name="AltEye">
                      <matrix>0.0820687 0.1570575 0.9841738 0.06454706 0.1160627 0.9792798 -0.1659546 0.2214611 -0.9898458 0.1278452 0.06213956 0.04716256 0 0 0 1</matrix>
                    </node>
                  </node>
                  <node id="node-Bip01_L_Clavicle" name="Bip01_L_Clavicle">
                    <matrix>-0.5778346 -0.4531802 0.6787746 -0.04690349 0.2838091 -0.8913432 -0.3534966 -0.01204765 0.7652187 -0.01162019 0.6436656 0.05588403 0 0 0 1</matrix>
                    <node id="node-Bip01_L_UpperArm" name="Bip01_L_UpperArm">
                      <matrix sid="matrix">0.8689759 -0.1269597 0.4782913 0.1824006 -0.2815028 0.6680834 0.6887823 0 -0.4069859 -0.7331755 0.5448087 2.38419e-7 0 0 0 1</matrix>
                      <node id="node-Bip01_L_Forearm" name="Bip01_L_Forearm">
                        <matrix sid="matrix">0.3559697 0.9344974 0 0.2843689 -0.9344975 0.3559696 1.49012e-8 5.96046e-8 -1.86265e-8 -5.96046e-8 0.9999999 0 0 0 0 1</matrix>
                        <node id="node-Bip01_L_Hand" name="Bip01_L_Hand">
                          <matrix sid="matrix">0.9826464 -0.06125082 -0.1750844 0.2810681 -0.1088742 -0.9546608 -0.2770727 -1.19209e-7 -0.1501752 0.2913267 -0.9447625 0 0 0 0 1</matrix>
                          <node id="node-Bip01_L_Finger0" name="Bip01_L_Finger0">
                            <matrix>0.6413842 0.3141903 0.6999362 0.02119672 0.7352948 0.008702919 -0.6776915 -0.004734278 -0.2190156 0.9493201 -0.2254407 -0.02572197 0 0 0 1</matrix>
                            <node id="node-Bip01_L_Finger01" name="Bip01_L_Finger01">
                              <matrix>0.997564 -0.06975639 0 0.04982853 0.06975647 0.9975641 2.79397e-9 5.96046e-8 2.98023e-8 2.6077e-8 1 -5.96046e-8 0 0 0 1</matrix>
                              <node id="node-Bip01_L_Finger02" name="Bip01_L_Finger02">
                                <matrix>0.9203137 0.3911815 0 0.05202246 -0.3911815 0.9203136 1.86265e-8 0 0 -4.47035e-8 1 0 0 0 0 1</matrix>
                              </node>
                            </node>
                          </node>
                          <node id="node-Bip01_L_Finger1" name="Bip01_L_Finger1">
                            <matrix>0.9592717 -0.2819768 -0.01693495 0.1199946 0.2798395 0.9567645 -0.07931916 -0.008367538 0.0385689 0.07134951 0.9967054 -0.0410139 0 0 0 1</matrix>
                            <node id="node-Bip01_L_Finger11" name="Bip01_L_Finger11">
                              <matrix>0.7001771 -0.7139691 7.45058e-9 0.03644168 0.713969 0.7001772 1.49012e-8 1.19209e-7 5.96046e-8 -5.21541e-8 1 0 0 0 0 1</matrix>
                              <node id="node-Bip01_L_Finger12" name="Bip01_L_Finger12">
                                <matrix>0.8757259 -0.4828088 -2.98023e-8 0.03117549 0.4828088 0.8757258 -7.45058e-9 0 -4.47035e-8 8.9407e-8 0.9999999 0 0 0 0 1</matrix>
                              </node>
                            </node>
                          </node>
                          <node id="node-Bip01_L_Finger2" name="Bip01_L_Finger2">
                            <matrix>0.6611331 -0.7495597 -0.03260927 0.1229538 0.7489769 0.656822 0.08728345 -0.008802176 -0.04400567 -0.08212955 0.9956497 -0.01328242 0 0 0 1</matrix>
                            <node id="node-Bip01_L_Finger21" name="Bip01_L_Finger21">
                              <matrix>0.8156037 -0.5786111 2.79397e-8 0.03895521 0.5786113 0.8156035 2.70084e-8 0 -2.6077e-8 5.11063e-8 1 0 0 0 0 1</matrix>
                              <node id="node-Bip01_L_Finger22" name="Bip01_L_Finger22">
                                <matrix>0.9762958 -0.2164396 -3.72529e-9 0.03800547 0.2164396 0.976296 5.69271e-8 -5.96046e-8 0 -4.28408e-8 0.9999998 5.96046e-8 0 0 0 1</matrix>
                              </node>
                            </node>
                          </node>
                          <node id="node-Bip01_L_Finger3" name="Bip01_L_Finger3">
                            <matrix>0.4124629 -0.9064791 -0.09038851 0.1211882 0.9061532 0.3980611 0.1429456 -0.001191378 -0.09359706 -0.1408656 0.9855944 0.01196855 0 0 0 1</matrix>
                            <node id="node-Bip01_L_Finger31" name="Bip01_L_Finger31">
                              <matrix>0.9381479 -0.3462352 1.11759e-8 0.03155851 0.3462351 0.9381478 -3.21306e-8 2.98023e-8 9.31323e-9 -4.65661e-10 1 1.19209e-7 0 0 0 1</matrix>
                              <node id="node-Bip01_L_Finger32" name="Bip01_L_Finger32">
                                <matrix>0.9636306 -0.2672384 9.31323e-9 0.03366601 0.2672385 0.9636306 1.72295e-8 5.96046e-8 3.72529e-9 -1.11759e-8 1 -5.96046e-8 0 0 0 1</matrix>
                              </node>
                            </node>
                          </node>
                          <node id="node-Bip01_L_Finger4" name="Bip01_L_Finger4">
                            <matrix>0.07120568 -0.9696807 0.2337719 0.1136796 0.9750153 0.1171046 0.1887628 0.005147219 -0.2104155 0.2144903 0.953792 0.03886569 0 0 0 1</matrix>
                            <node id="node-Bip01_L_Finger41" name="Bip01_L_Finger41">
                              <matrix>0.9790114 -0.2038069 0 0.03661621 0.2038069 0.9790112 9.31323e-9 0 -2.98023e-8 -1.00583e-7 1 -2.98023e-8 0 0 0 1</matrix>
                              <node id="node-Bip01_L_Finger42" name="Bip01_L_Finger42">
                                <matrix>0.9645151 0.2640274 0 0.0177263 -0.2640274 0.964515 -1.86265e-8 0 0 9.31323e-10 0.9999999 5.96046e-8 0 0 0 1</matrix>
                              </node>
                            </node>
                          </node>
                        </node>
                      </node>
                    </node>
                  </node>
                  <node id="node-Bip01_R_Clavicle" name="Bip01_R_Clavicle">
                    <matrix>0.2073931 -0.1669672 -0.9639037 8.67128e-4 0.5679266 -0.781728 0.2576058 -0.01629043 -0.7965222 -0.6008521 -0.06729989 -0.07212147 0 0 0 1</matrix>
                    <node id="node-Bip01_R_UpperArm" name="Bip01_R_UpperArm">
                      <matrix sid="matrix">0.5833396 0.8093008 -0.06889692 0.1824007 -0.647678 0.5146701 0.5618077 -1.49012e-8 0.4901305 -0.2831017 0.8243938 0 0 0 0 1</matrix>
                      <node id="node-Bip01_R_Forearm" name="Bip01_R_Forearm">
                        <matrix>-0.07265081 0.9973576 2.98023e-8 0.2843689 -0.9973575 -0.0726508 7.45058e-9 0 1.49012e-8 -2.98023e-8 1 -1.19209e-7 0 0 0 1</matrix>
                        <node id="node-Bip01_R_Hand" name="Bip01_R_Hand">
                          <matrix>0.9247895 0.3771958 -0.04987458 0.2810681 0.2033487 -0.6007847 -0.7731152 5.96046e-8 -0.3215797 0.704827 -0.6323017 1.19209e-7 0 0 0 1</matrix>
                          <node id="node-Bip01_R_Finger0" name="Bip01_R_Finger0">
                            <matrix>0.5215105 0.269013 -0.8097276 0.02119675 0.7250717 0.3605265 0.5867639 -0.004734248 0.4497753 -0.893114 -0.00703546 0.02572179 0 0 0 1</matrix>
                            <node id="node-Bip01_R_Finger01" name="Bip01_R_Finger01">
                              <matrix>0.6423534 -0.7636236 0.06527573 0.04982859 0.7605615 0.6456373 0.06854747 0 -0.09448878 0.00561447 0.99551 -2.98023e-8 0 0 0 1</matrix>
                              <node id="node-Bip01_R_Finger02" name="Bip01_R_Finger02">
                                <matrix>0.9505157 -0.3106764 -2.42144e-8 0.05202243 0.3106764 0.9505158 1.11759e-8 0 -2.79397e-8 5.21541e-8 0.9999999 0 0 0 0 1</matrix>
                              </node>
                            </node>
                          </node>
                          <node id="node-Bip01_R_Finger1" name="Bip01_R_Finger1">
                            <matrix>0.9820225 -0.1733428 -0.07472673 0.1199946 0.1795577 0.9799358 0.08651492 -0.008367538 0.05823066 -0.09837736 0.9934441 0.04101396 0 0 0 1</matrix>
                            <node id="node-Bip01_R_Finger11" name="Bip01_R_Finger11">
                              <matrix>0.8240548 -0.5665103 3.72529e-9 0.03644177 0.5665103 0.8240548 -7.45058e-9 0 -1.30385e-8 2.98023e-8 1 1.19209e-7 0 0 0 1</matrix>
                              <node id="node-Bip01_R_Finger12" name="Bip01_R_Finger12">
                                <matrix>0.8146397 -0.5796779 0.01831834 0.0311755 0.5799672 0.8142334 -0.0257305 0 1.49012e-8 0.0315851 0.999501 -1.19209e-7 0 0 0 1</matrix>
                              </node>
                            </node>
                          </node>
                          <node id="node-Bip01_R_Finger2" name="Bip01_R_Finger2">
                            <matrix>0.6754014 -0.7374504 -1.52119e-4 0.1229538 0.7368314 0.6748428 -0.04082685 -0.008802012 0.03021043 0.02746242 0.9991663 0.0132823 0 0 0 1</matrix>
                            <node id="node-Bip01_R_Finger21" name="Bip01_R_Finger21">
                              <matrix>0.5508358 -0.8338859 -0.03484871 0.03895519 0.832222 0.5519371 -0.05265062 0 0.0631389 -1.02445e-8 0.9980047 -1.19209e-7 0 0 0 1</matrix>
                              <node id="node-Bip01_R_Finger22" name="Bip01_R_Finger22">
                                <matrix>0.1984734 -0.9799246 0.01886612 0.03800537 0.9755272 0.199368 0.09272984 -2.98023e-8 -0.09462957 0 0.9955125 0 0 0 0 1</matrix>
                              </node>
                            </node>
                          </node>
                          <node id="node-Bip01_R_Finger3" name="Bip01_R_Finger3">
                            <matrix>0.7159052 -0.6949216 0.06755453 0.1211881 0.6883786 0.6863563 -0.234627 -0.001191258 0.1166809 0.2144739 0.9697352 -0.01196873 0 0 0 1</matrix>
                            <node id="node-Bip01_R_Finger31" name="Bip01_R_Finger31">
                              <matrix>0.4441952 -0.8949346 0.04222354 0.03155845 0.8909186 0.4461976 0.08468728 -5.96046e-8 -0.09462957 2.07219e-8 0.9955127 0 0 0 0 1</matrix>
                              <node id="node-Bip01_R_Finger32" name="Bip01_R_Finger32">
                                <matrix>0.1993681 -0.9794358 -0.03095101 0.03366596 0.9799249 0.1992686 0.006297074 -2.98023e-8 -2.23517e-8 -0.03158513 0.9995011 -1.19209e-7 0 0 0 1</matrix>
                              </node>
                            </node>
                          </node>
                          <node id="node-Bip01_R_Finger4" name="Bip01_R_Finger4">
                            <matrix>0.5925791 -0.789795 -0.1583476 0.1136796 0.7783523 0.6120424 -0.1399001 0.005147427 0.2074078 -0.04034829 0.9774221 -0.0388658 0 0 0 1</matrix>
                            <node id="node-Bip01_R_Finger41" name="Bip01_R_Finger41">
                              <matrix>0.4202557 -0.9064696 0.04120626 0.03661624 0.9068531 0.4211511 0.01578783 -2.98023e-8 -0.03166523 0.030733 0.999026 0 0 0 0 1</matrix>
                              <node id="node-Bip01_R_Finger42" name="Bip01_R_Finger42">
                                <matrix>0.4024471 -0.9138246 -0.05441486 0.0177263 0.9154232 0.4021218 0.0172832 2.98023e-8 0.006087616 -0.05676817 0.9983689 0 0 0 0 1</matrix>
                              </node>
                            </node>
                          </node>
                          <node id="node-mount0" name="mount0">
                            <matrix>-0.004997193 0.9999837 -0.002795181 0.09410724 -0.9999509 -0.00502095 -0.008545232 0.01837561 -0.008559125 0.002752355 0.9999596 0.01120651 0 0 0 1</matrix>
                          </node>
                        </node>
                      </node>
                    </node>
                  </node>
                </node>
                <node id="node-Bip01_L_Pauldron_Upper" name="Bip01_L_Pauldron_Upper">
                  <matrix>0.9726267 0.1182923 0.2000106 0.176903 0.1448455 -0.9816829 -0.1237686 -0.03908369 0.1817062 0.1493513 -0.9719449 0.2290199 0 0 0 1</matrix>
                </node>
                <node id="node-Bip01_R_Pauldron_Lower" name="Bip01_R_Pauldron_Lower">
                  <matrix>-0.1156724 -0.940376 -0.3198653 0.1729059 0.9097751 -0.2295502 0.3458564 -0.1133294 -0.3986598 -0.2509995 0.8820828 -0.2351095 0 0 0 1</matrix>
                </node>
                <node id="node-Bip01_L_Pauldron_Lower" name="Bip01_L_Pauldron_Lower">
                  <matrix>-0.2099968 -0.7687202 0.6041282 0.1529202 0.4002343 -0.6313506 -0.6642357 -0.1054225 0.8920281 0.1023054 0.4402496 0.2344801 0 0 0 1</matrix>
                </node>
              </node>
            </node>
            <node id="node-Bip01_L_Thigh" name="Bip01_L_Thigh">
              <matrix sid="matrix">-0.8850567 0.4448141 -0.1371681 -0.1894344 0.1636954 0.5732816 0.8028398 -0.0338584 0.4357505 0.6881052 -0.5802007 0.1843713 0 0 0 1</matrix>
              <node id="node-Bip01_L_Calf" name="Bip01_L_Calf">
                <matrix sid="matrix">0.6722202 0.7403512 -1.39698e-9 0.4629987 -0.7403511 0.6722202 -2.32831e-10 -1.49012e-8 1.76951e-8 6.28643e-9 1 -7.45058e-9 0 0 0 1</matrix>
                <node id="node-Bip01_L_Foot" name="Bip01_L_Foot">
                  <matrix sid="matrix">0.8826411 0.4698961 -0.01193694 0.3610501 -0.4690472 0.8821346 0.04281813 2.98023e-8 0.03065017 -0.03219409 0.9990116 -7.45058e-9 0 0 0 1</matrix>
                  <node id="node-Bip01_L_Toe0" name="Bip01_L_Toe0">
                    <matrix>4.47035e-7 -1 1.39e-6 0.1486307 1 5.36442e-7 1.95578e-8 0.1543275 -2.70084e-8 1.37929e-6 1 1.49012e-8 0 0 0 1</matrix>
                  </node>
                </node>
              </node>
            </node>
            <node id="node-Bip01_R_Thigh" name="Bip01_R_Thigh">
              <matrix sid="matrix">-0.3184249 0.9295205 -0.1860027 -0.1941181 0.8122199 0.3687012 0.4520598 0.003519092 0.4887784 -0.007127911 -0.8723789 -0.06780353 0 0 0 1</matrix>
              <node id="node-Bip01_R_Calf" name="Bip01_R_Calf">
                <matrix sid="matrix">-0.3497468 0.9368443 7.45058e-9 0.4629987 -0.9368442 -0.3497469 0 -5.96046e-8 -6.70552e-8 -5.21541e-8 0.9999999 0 0 0 0 1</matrix>
                <node id="node-Bip01_R_Foot" name="Bip01_R_Foot">
                  <matrix sid="matrix">0.8885838 0.4383284 -0.1352313 0.3610501 -0.4156698 0.8940976 0.1667578 0 0.1940047 -0.0919667 0.9766803 2.98023e-8 0 0 0 1</matrix>
                  <node id="node-Bip01_R_Toe0" name="Bip01_R_Toe0">
                    <matrix>-0.2644269 -0.9539025 0.1419446 0.1486307 0.9630893 -0.2535029 0.09052613 0.1543274 -0.05036974 0.1606429 0.9857264 0 0 0 0 1</matrix>
                  </node>
                </node>
              </node>
            </node>
          </node>
          <node id="node-Bip01_FannyPack" name="Bip01_FannyPack">
            <matrix sid="matrix">-0.8322091 -0.4771122 0.2824754 0.2028494 -0.4932149 0.8697607 0.0159855 -0.1504242 -0.2533128 -0.1260178 -0.9591415 -0.008565158 0 0 0 1</matrix>
          </node>
        </node>
        <node id="node-Eye" name="Eye">
          <matrix>0.7792379 0.6267178 -0.003664054 0.05980452 -0.6267173 0.7792453 0.001428261 0.07219034 0.003750313 0.001183372 0.9999919 0.6594559 0 0 0 1</matrix>
          <node id="node-cam" name="cam">
            <matrix>1 -6.03104e-8 0 4.86616e-8 6.03104e-8 1 -2.32832e-9 -0.104 0 2.32832e-9 1 0.30056 0 0 0 1</matrix>
          </node>
        </node>
      </node>
      <node id="node-nulldetail1" name="nulldetail1">
        <matrix>1 0 0 0 0 1 0 0 0 0 1 0 0 0 0 1</matrix>
      </node>
      <node id="node-Bounds" name="Bounds">
        <matrix>0.9999915 0.001706907 0.003750479 0 -0.001711356 0.9999978 0.001183292 0.1035326 -0.003748452 -0.0011897 0.9999923 -8.93474e-5 0 0 0 1</matrix>
        <instance_geometry url="#geom-Bounds">
          <bind_material>
            <technique_common>
              <instance_material symbol="ShapeBounds" target="#ShapeBounds-material"/>
            </technique_common>
          </bind_material>
        </instance_geometry>
      </node>
    </visual_scene>
  </library_visual_scenes>
  <library_animations>
    <animation>
      <source id="node-Bip01_Pelvis_matrix-input">
        <float_array id="node-Bip01_Pelvis_matrix-input-array" count="30">31 31.03333 31.06667 31.1 31.13333 31.16667 31.2 31.23333 31.26667 31.3 31.33333 31.36667 31.4 31.43333 31.46667 31.5 31.53333 31.56667 31.6 31.63333 31.66667 31.7 31.73333 31.76667 31.8 31.83333 31.86667 31.9 31.93333 31.96667</float_array>
        <technique_common>
          <accessor source="#node-Bip01_Pelvis_matrix-input-array" count="30" stride="1">
            <param name="TIME" type="float"/>
          </accessor>
        </technique_common>
      </source>
      <source id="node-Bip01_Pelvis_matrix-output">
        <float_array id="node-Bip01_Pelvis_matrix-output-array" count="480">0.1747649 0.9844434 0.01811778 0 0.2778892 -0.06696885 0.9582759 0 0.9445818 -0.1624383 -0.28527 0 0 0 0 1 0.1789557 0.9838078 0.00985831 0 0.2785211 -0.0602684 0.9585373 0 0.9436105 -0.1687899 -0.2847966 0 0 0 0 1 0.1898162 0.9817355 -0.01284992 0 0.280152 -0.04161363 0.9590533 0 0.941002 -0.1856438 -0.282934 0 0 0 0 1 0.2048299 0.9776705 -0.04696047 0 0.2823363 -0.01307713 0.9592264 0 0.9371931 -0.2097368 -0.2787104 0 0 0 0 1 0.2215867 0.9710286 -0.08945786 0 0.2846034 0.02334487 0.958361 0 0.9326844 -0.23782 -0.2711852 0 0 0 0 1 0.2378091 0.9615512 -0.1373539 0 0.2864979 0.06568014 0.9558269 0 0.9280979 -0.266656 -0.2598631 0 0 0 0 1 0.2513462 0.9495118 -0.1877564 0 0.2876154 0.1119514 0.9511805 0 0.9241766 -0.2930772 -0.2449556 0 0 0 0 1 0.2601318 0.9357883 -0.2379741 0 0.287633 0.1601699 0.9442526 0 0.9217367 -0.3140793 -0.2274982 0 0 0 0 1 0.2621051 0.9218068 -0.28561 0 0.2863317 0.2083458 0.9352037 0 0.9215829 -0.3269009 -0.209334 0 0 0 0 1 0.2550977 0.9093707 -0.3285879 0 0.2836105 0.2545131 0.9245476 0 0.9243863 -0.3290409 -0.1929813 0 0 0 0 1 0.2328014 0.9054015 -0.3550373 0 0.2565313 0.2949686 0.9204267 0 0.9380806 -0.3053548 -0.1635947 0 0 0 0 1 0.1951585 0.9107606 -0.3639071 0 0.1949468 0.3276156 0.9244803 0 0.9612017 -0.2513628 -0.113613 0 0 0 0 1 0.1471728 0.918314 -0.3674774 0 0.1167336 0.3528006 0.9283884 0 0.9821982 -0.1795305 -0.05527538 0 0 0 0 1 0.09401375 0.9231251 -0.3728289 0 0.0393061 0.3707538 0.927899 0 0.9947947 -0.1018897 -0.001428425 0 0 0 0 1 0.04135423 0.923831 -0.3805604 0 -0.02001005 0.3815757 0.924121 0 0.9989442 -0.03060126 0.03426569 0 0 0 0 1 -0.005489885 0.9225638 -0.3858054 0 -0.04379582 0.3852193 0.9217852 0 0.9990254 0.02195715 0.0382896 0 0 0 0 1 -0.039303 0.9243866 -0.3794268 0 -0.04341113 0.3777821 0.9248763 0 0.9982838 0.05282175 0.02528065 0 0 0 0 1 -0.05886483 0.9313927 -0.3592251 0 -0.04169738 0.357241 0.933081 0 0.9973947 0.06990438 0.01780772 0 0 0 0 1 -0.06772583 0.9422668 -0.3279429 0 -0.03777039 0.3260405 0.9446009 0 0.9969887 0.0763604 0.01350843 0 0 0 0 1 -0.06905865 0.9551399 -0.2879907 0 -0.03069365 0.2865089 0.9575857 0 0.9971403 0.07496905 0.009530782 0 0 0 0 1 -0.06571167 0.9681034 -0.2417806 0 -0.01950407 0.2410119 0.9703263 0 0.997648 0.06847751 0.003044664 0 0 0 0 1 -0.06031262 0.9795624 -0.1918848 0 -0.00324577 0.1920413 0.9813815 0 0.9981742 0.05981248 -0.008403062 0 0 0 0 1 -0.05541366 0.9884553 -0.1410164 0 0.01900225 0.1422519 0.9896481 0 0.9982826 0.05216038 -0.02666556 0 0 0 0 1 -0.05367696 0.994324 -0.0918619 0 0.04811728 0.09446322 0.9943648 0 0.9973983 0.04895436 -0.05291467 0 0 0 0 1 -0.04155457 0.9979579 -0.04851222 0 0.0852015 0.05191671 0.9950102 0 0.9954968 0.03721392 -0.0871849 0 0 0 0 1 -0.008765816 0.9998509 -0.01487582 0 0.1277694 0.01587444 0.9916769 0 0.9917651 0.006792187 -0.1278895 0 0 0 0 1 0.03646862 0.9993063 0.007549047 0 0.1714664 -0.01369911 0.9850948 0 0.9845147 -0.03463065 -0.1718471 0 0 0 0 1 0.08559006 0.99615 0.01896148 0 0.2121841 -0.03681915 0.9765358 0 0.9734743 -0.07955843 -0.2145185 0 0 0 0 1 0.1301858 0.9912528 0.02166408 0 0.2460329 -0.05346381 0.9677858 0 0.9604787 -0.1206619 -0.2508412 0 0 0 0 1 0.1623808 0.9865304 0.01975685 0 0.2692317 -0.06356006 0.9609758 0 0.9492875 -0.1507248 -0.2759261 0 0 0 0 1</float_array>
        <technique_common>
          <accessor source="#node-Bip01_Pelvis_matrix-output-array" count="30" stride="16">
            <param name="TRANSFORM" type="float4x4"/>
          </accessor>
        </technique_common>
      </source>
      <source id="node-Bip01_Pelvis_matrix-interpolation">
        <Name_array id="node-Bip01_Pelvis_matrix-interpolation-array" count="30">LINEAR LINEAR LINEAR LINEAR LINEAR LINEAR LINEAR LINEAR LINEAR LINEAR LINEAR LINEAR LINEAR LINEAR LINEAR LINEAR LINEAR LINEAR LINEAR LINEAR LINEAR LINEAR LINEAR LINEAR LINEAR LINEAR LINEAR LINEAR LINEAR LINEAR</Name_array>
        <technique_common>
          <accessor source="#node-Bip01_Pelvis_matrix-interpolation-array" count="30" stride="1">
            <param name="INTERPOLATION" type="name"/>
          </accessor>
        </technique_common>
      </source>
      <source id="node-Bip01_Spine_matrix-input">
        <float_array id="node-Bip01_Spine_matrix-input-array" count="30">31 31.03333 31.06667 31.1 31.13333 31.16667 31.2 31.23333 31.26667 31.3 31.33333 31.36667 31.4 31.43333 31.46667 31.5 31.53333 31.56667 31.6 31.63333 31.66667 31.7 31.73333 31.76667 31.8 31.83333 31.86667 31.9 31.93333 31.96667</float_array>
        <technique_common>
          <accessor source="#node-Bip01_Spine_matrix-input-array" count="30" stride="1">
            <param name="TIME" type="float"/>
          </accessor>
        </technique_common>
      </source>
      <source id="node-Bip01_Spine_matrix-output">
        <float_array id="node-Bip01_Spine_matrix-output-array" count="480">0.9976643 0.06778115 -0.008484542 0.1928508 -0.06579357 0.9868717 0.147498 -0.006243884 0.01837062 -0.1465954 0.989026 -0.05634504 0 0 0 1 0.9973933 0.07182532 -0.00691086 0.1927685 -0.06987851 0.9853361 0.1556589 -0.007526218 0.01798969 -0.1547703 0.9877867 -0.05646985 0 0 0 1 0.9966027 0.08231228 -0.002810359 0.1925371 -0.08049839 0.9807198 0.17807 -0.01093912 0.01741337 -0.1772388 0.9840138 -0.0567013 0 0 0 1 0.9952965 0.09683364 0.002856433 0.1921765 -0.0952416 0.9726879 0.2116774 -0.01584714 0.01771903 -0.2109538 0.9773355 -0.0567649 0 0 0 1 0.9935435 0.1130871 0.009102165 0.1917229 -0.1116902 0.9608663 0.253499 -0.02161842 0.01992148 -0.2528789 0.967293 -0.0563932 0 0 0 1 0.9915463 0.1288908 0.01493734 0.1912395 -0.1273944 0.9451943 0.3006303 -0.02761489 0.02462971 -0.2999919 0.9536238 -0.05540829 0 0 0 1 0.989652 0.1421705 0.01940268 0.1908174 -0.1399137 0.9261393 0.3502715 -0.03319811 0.03182864 -0.3493617 0.9364472 -0.05377554 0 0 0 1 0.9883106 0.1509162 0.02160555 0.1905643 -0.1468991 0.9047723 0.3997598 -0.03774625 0.04078203 -0.3982608 0.9163652 -0.05162978 0 0 0 1 0.9879921 0.1531041 0.02075558 0.1905862 -0.1461718 0.8827146 0.446597 -0.04067122 0.05005455 -0.4442684 0.8944945 -0.04927474 0 0 0 1 0.9890648 0.1465901 0.01619648 0.1909587 -0.1357516 0.8619678 0.4884496 -0.04142695 0.05764096 -0.4853071 0.8724417 -0.0471571 0 0 0 1 0.9914902 0.1290616 -0.01704221 0.1930952 -0.1016312 0.8491905 0.5182151 -0.03681212 0.08135372 -0.5120732 0.8550806 -0.04200369 0 0 0 1 0.9908381 0.1024472 -0.08800321 0.1967023 -0.04009771 0.8453766 0.5326638 -0.02591145 0.1289657 -0.5242548 0.8417391 -0.03228002 0 0 0 1 0.9820592 0.06892693 -0.1755253 0.1996114 0.03635329 0.8441443 0.5348826 -0.01139795 0.1850364 -0.5316672 0.8264936 -0.02075088 0 0 0 1 0.9649848 0.03064298 -0.2605099 0.2007094 0.1158443 0.8412638 0.5280678 0.004199922 0.2353391 -0.5397561 0.8082568 -0.01016384 0 0 0 1 0.9453792 -0.010091 -0.3258169 0.2001379 0.1867291 0.8360419 0.5159133 0.01842314 0.2671904 -0.5485733 0.7922607 -0.003256916 0 0 0 1 0.9331892 -0.05157059 -0.3556664 0.1989107 0.2374963 0.8312527 0.5026078 0.02886193 0.2697288 -0.5534977 0.7879637 -0.002594411 0 0 0 1 0.9288848 -0.08476322 -0.3605391 0.1978658 0.2647252 0.8327555 0.4862498 0.03505998 0.2590248 -0.547114 0.7959728 -0.005017101 0 0 0 1 0.9264045 -0.104221 -0.3618186 0.1971695 0.2755397 0.8425523 0.4627997 0.03864932 0.2566176 -0.5284352 0.8092612 -0.005969941 0 0 0 1 0.9262211 -0.1136262 -0.3594496 0.1968535 0.2735174 0.8587225 0.4333407 0.04022377 0.2594286 -0.4996849 0.8264454 -0.005996286 0 0 0 1 0.9283357 -0.1162701 -0.3530921 0.1968485 0.2617838 0.8788444 0.3988758 0.04028755 0.2639357 -0.4627245 0.8463002 -0.005728483 0 0 0 1 0.9325334 -0.115116 -0.3422425 0.1970385 0.2434408 0.9004526 0.3604467 0.03933739 0.2666799 -0.4194445 0.8677259 -0.005794405 0 0 0 1 0.9384909 -0.112902 -0.3263251 0.197287 0.2218331 0.9213561 0.3192076 0.03791421 0.2646223 -0.3719632 0.8897294 -0.006751179 0 0 0 1 0.9457901 -0.1122801 -0.3047537 0.1974389 0.2006582 0.939841 0.2764694 0.03662478 0.2553779 -0.3226333 0.911422 -0.009040057 0 0 0 1 0.9538553 -0.1159946 -0.2769573 0.1973091 0.1839638 0.9547427 0.2337176 0.03614097 0.2373129 -0.2738829 0.9320251 -0.01296579 0 0 0 1 0.964483 -0.1109644 -0.2397074 0.1972525 0.1605033 0.9669332 0.1981895 0.03389745 0.2097889 -0.2296243 0.9504007 -0.01864385 0 0 0 1 0.9772887 -0.08659642 -0.193412 0.1973798 0.1210914 0.977213 0.174333 0.02788555 0.173908 -0.1937943 0.9655051 -0.02586174 0 0 0 1 0.9884651 -0.05004298 -0.1429432 0.1971361 0.07291996 0.9844868 0.1595895 0.01961708 0.1327393 -0.1681722 0.9767796 -0.03402537 0 0 0 1 0.9955849 -0.008911907 -0.09344291 0.1962403 0.02307087 0.9881786 0.1515625 0.01058107 0.0909875 -0.1530492 0.984021 -0.04222506 0 0 0 1 0.9982986 0.02917671 -0.05048596 0.194835 -0.02140706 0.9887393 0.1481105 0.002260923 0.05423885 -0.1467778 0.9876814 -0.04939079 0 0 0 1 0.9981723 0.05700492 -0.02006369 0.1934598 -0.05344176 0.9876403 0.1473452 -0.003854572 0.02821505 -0.1460037 0.9888816 -0.05443972 0 0 0 1</float_array>
        <technique_common>
          <accessor source="#node-Bip01_Spine_matrix-output-array" count="30" stride="16">
            <param name="TRANSFORM" type="float4x4"/>
          </accessor>
        </technique_common>
      </source>
      <source id="node-Bip01_Spine_matrix-interpolation">
        <Name_array id="node-Bip01_Spine_matrix-interpolation-array" count="30">LINEAR LINEAR LINEAR LINEAR LINEAR LINEAR LINEAR LINEAR LINEAR LINEAR LINEAR LINEAR LINEAR LINEAR LINEAR LINEAR LINEAR LINEAR LINEAR LINEAR LINEAR LINEAR LINEAR LINEAR LINEAR LINEAR LINEAR LINEAR LINEAR LINEAR</Name_array>
        <technique_common>
          <accessor source="#node-Bip01_Spine_matrix-interpolation-array" count="30" stride="1">
            <param name="INTERPOLATION" type="name"/>
          </accessor>
        </technique_common>
      </source>
      <source id="node-Bip01_Spine2_matrix-input">
        <float_array id="node-Bip01_Spine2_matrix-input-array" count="30">31 31.03333 31.06667 31.1 31.13333 31.16667 31.2 31.23333 31.26667 31.3 31.33333 31.36667 31.4 31.43333 31.46667 31.5 31.53333 31.56667 31.6 31.63333 31.66667 31.7 31.73333 31.76667 31.8 31.83333 31.86667 31.9 31.93333 31.96667</float_array>
        <technique_common>
          <accessor source="#node-Bip01_Spine2_matrix-input-array" count="30" stride="1">
            <param name="TIME" type="float"/>
          </accessor>
        </technique_common>
      </source>
      <source id="node-Bip01_Spine2_matrix-output">
        <float_array id="node-Bip01_Spine2_matrix-output-array" count="480">0.9118832 -0.1827258 0.367533 0.1268973 0.1518599 0.9820942 0.111488 -1.68217e-4 -0.3813238 -0.04585051 0.9233038 7.86781e-6 0 0 0 1 0.9122965 -0.1832538 0.3662421 0.1268973 0.1525693 0.9820041 0.1113131 -1.68206e-4 -0.3800498 -0.04567313 0.9238378 7.86781e-6 0 0 0 1 0.9134423 -0.1847317 0.3626261 0.1268978 0.1545542 0.9817501 0.110814 -1.68163e-4 -0.3764791 -0.0451768 0.925323 7.80821e-6 0 0 0 1 0.9151715 -0.1870041 0.3570587 0.1268982 0.1576031 0.9813547 0.1100197 -1.68098e-4 -0.3709753 -0.04441326 0.9275801 7.62939e-6 0 0 0 1 0.9173325 -0.1899197 0.3499025 0.1268987 0.1615093 0.9808384 0.1089526 -1.68003e-4 -0.36389 -0.04343318 0.9304288 7.39098e-6 0 0 0 1 0.9197786 -0.1933308 0.3415124 0.1268993 0.1660706 0.980222 0.1076356 -1.67893e-4 -0.3555672 -0.04228574 0.9336938 7.27177e-6 0 0 0 1 0.9223731 -0.1970927 0.3322387 0.1268998 0.1710887 0.9795263 0.1060978 -1.6778e-4 -0.3463476 -0.04101943 0.9372091 7.09295e-6 0 0 0 1 0.9249935 -0.2010625 0.3224297 0.1269005 0.1763691 0.9787743 0.1043776 -1.67644e-4 -0.3365723 -0.03968197 0.9408213 6.85453e-6 0 0 0 1 0.9275343 -0.2050991 0.3124335 0.1269011 0.181721 0.9779908 0.1025263 -1.67511e-4 -0.3265849 -0.03832083 0.9443907 6.61612e-6 0 0 0 1 0.929907 -0.2090621 0.3025989 0.1269018 0.1869565 0.9772027 0.1006081 -1.67381e-4 -0.3167337 -0.03698325 0.9477933 6.3777e-6 0 0 0 1 0.9320406 -0.2128114 0.2932774 0.1269025 0.1918914 0.9764403 0.09870195 -1.67241e-4 -0.3073726 -0.03571677 0.9509188 6.13928e-6 0 0 0 1 0.9338792 -0.216206 0.2848241 0.126903 0.1963429 0.9757356 0.09689944 -1.67131e-4 -0.2988632 -0.03456914 0.9536697 5.96046e-6 0 0 0 1 0.9353783 -0.2191035 0.2775991 0.1269036 0.2001295 0.9751232 0.09530329 -1.67029e-4 -0.2915745 -0.03358882 0.9559583 5.78165e-6 0 0 0 1 0.9365006 -0.2213593 0.2719687 0.126904 0.2030687 0.9746398 0.09402394 -1.66947e-4 -0.2858844 -0.03282517 0.9577019 5.66244e-6 0 0 0 1 0.9372088 -0.2228252 0.268307 0.1269042 0.2049745 0.9743221 0.09317535 -1.66886e-4 -0.2821792 -0.03232854 0.958817 5.54323e-6 0 0 0 1 0.9374577 -0.2233487 0.2669991 0.1269042 0.2056543 0.9742082 0.09286904 -1.66856e-4 -0.2808548 -0.03215116 0.9592117 5.60284e-6 0 0 0 1 0.9372088 -0.2228252 0.2683072 0.1269042 0.2049745 0.9743221 0.09317535 -1.66886e-4 -0.2821793 -0.03232854 0.958817 5.54323e-6 0 0 0 1 0.9365006 -0.2213593 0.2719687 0.126904 0.2030687 0.9746398 0.09402394 -1.66947e-4 -0.2858844 -0.03282517 0.9577019 5.66244e-6 0 0 0 1 0.9353782 -0.2191035 0.2775991 0.1269036 0.2001296 0.9751232 0.09530329 -1.67029e-4 -0.2915745 -0.03358882 0.9559583 5.78165e-6 0 0 0 1 0.9338792 -0.216206 0.2848241 0.126903 0.1963429 0.9757356 0.09689944 -1.67131e-4 -0.2988632 -0.03456914 0.9536697 5.96046e-6 0 0 0 1 0.9320406 -0.2128114 0.2932774 0.1269025 0.1918914 0.9764403 0.09870195 -1.67241e-4 -0.3073726 -0.03571677 0.9509188 6.13928e-6 0 0 0 1 0.929907 -0.2090621 0.3025989 0.1269018 0.1869565 0.9772027 0.1006081 -1.67381e-4 -0.3167337 -0.03698325 0.9477933 6.3777e-6 0 0 0 1 0.9275343 -0.2050991 0.3124335 0.1269011 0.1817209 0.9779907 0.1025263 -1.67519e-4 -0.3265849 -0.03832077 0.9443907 6.61612e-6 0 0 0 1 0.9249935 -0.2010625 0.3224297 0.1269005 0.1763691 0.9787743 0.1043776 -1.67644e-4 -0.3365723 -0.03968197 0.9408213 6.85453e-6 0 0 0 1 0.9223731 -0.1970927 0.3322387 0.1268998 0.1710887 0.9795263 0.1060978 -1.6778e-4 -0.3463476 -0.04101943 0.9372091 7.09295e-6 0 0 0 1 0.9197786 -0.1933308 0.3415124 0.1268993 0.1660706 0.980222 0.1076356 -1.67893e-4 -0.3555672 -0.04228574 0.9336938 7.27177e-6 0 0 0 1 0.9173325 -0.1899197 0.3499025 0.1268987 0.1615093 0.9808384 0.1089526 -1.68003e-4 -0.36389 -0.04343318 0.9304288 7.39098e-6 0 0 0 1 0.9151715 -0.1870041 0.3570587 0.1268982 0.1576031 0.9813547 0.1100198 -1.68087e-4 -0.3709754 -0.04441326 0.9275802 7.62939e-6 0 0 0 1 0.9134423 -0.1847317 0.3626261 0.1268978 0.1545542 0.9817501 0.110814 -1.68163e-4 -0.3764791 -0.0451768 0.925323 7.80821e-6 0 0 0 1 0.9122965 -0.1832538 0.3662421 0.1268973 0.1525693 0.9820041 0.1113131 -1.68206e-4 -0.3800498 -0.04567313 0.9238378 7.86781e-6 0 0 0 1</float_array>
        <technique_common>
          <accessor source="#node-Bip01_Spine2_matrix-output-array" count="30" stride="16">
            <param name="TRANSFORM" type="float4x4"/>
          </accessor>
        </technique_common>
      </source>
      <source id="node-Bip01_Spine2_matrix-interpolation">
        <Name_array id="node-Bip01_Spine2_matrix-interpolation-array" count="30">LINEAR LINEAR LINEAR LINEAR LINEAR LINEAR LINEAR LINEAR LINEAR LINEAR LINEAR LINEAR LINEAR LINEAR LINEAR LINEAR LINEAR LINEAR LINEAR LINEAR LINEAR LINEAR LINEAR LINEAR LINEAR LINEAR LINEAR LINEAR LINEAR LINEAR</Name_array>
        <technique_common>
          <accessor source="#node-Bip01_Spine2_matrix-interpolation-array" count="30" stride="1">
            <param name="INTERPOLATION" type="name"/>
          </accessor>
        </technique_common>
      </source>
      <source id="node-Bip01_Head_matrix-input">
