<?xml version="1.0" encoding="utf-8"?>
<COLLADA xmlns="http://www.collada.org/2005/11/COLLADASchema" version="1.4.1">
  <asset>
    <contributor>
      <author>MattO</author>
      <authoring_tool>OpenCOLLADA for 3ds Max;  Version: 1.3.0;  Revision: 839M;  Platform: x64;  Configuration: Release_Max2012</authoring_tool>
      <source_data>file:///C:/Dropbox/Prj/GGStout/Disposition_SourceArt/Soldier_TP_Disposition_Animation_Master03.max</source_data>
    </contributor>
    <created>2011-10-07T14:38:46</created>
    <modified>2011-10-07T14:38:46</modified>
    <unit name="meter" meter="1"/>
    <up_axis>Z_UP</up_axis>
  </asset>
  <library_effects>
    <effect id="ShapeBounds">
      <profile_COMMON>
        <technique sid="common">
          <blinn>
            <emission>
              <color>0 0 0 1</color>
            </emission>
            <ambient>
              <color>0.1647059 1 0 1</color>
            </ambient>
            <diffuse>
              <color>0.1647059 1 0 1</color>
            </diffuse>
            <specular>
              <color>0.9 0.9 0.9 1</color>
            </specular>
            <shininess>
              <float>10</float>
            </shininess>
            <reflective>
              <color>0 0 0 1</color>
            </reflective>
            <transparent opaque="A_ONE">
              <color>1 1 1 1</color>
            </transparent>
            <transparency>
              <float>1</float>
            </transparency>
          </blinn>
        </technique>
      </profile_COMMON>
      <extra>
        <technique profile="OpenCOLLADA3dsMax">
          <extended_shader>
            <apply_reflection_dimming>0</apply_reflection_dimming>
            <dim_level>0</dim_level>
            <falloff_type>0</falloff_type>
            <index_of_refraction>1.5</index_of_refraction>
            <opacity_type>0</opacity_type>
            <reflection_level>3</reflection_level>
            <wire_size>1</wire_size>
            <wire_units>0</wire_units>
          </extended_shader>
          <shader>
            <ambient_diffuse_lock>1</ambient_diffuse_lock>
            <ambient_diffuse_texture_lock>1</ambient_diffuse_texture_lock>
            <diffuse_specular_lock>0</diffuse_specular_lock>
            <soften>0.1</soften>
            <use_self_illum_color>0</use_self_illum_color>
          </shader>
        </technique>
      </extra>
    </effect>
  </library_effects>
  <library_materials>
    <material id="ShapeBounds-material" name="ShapeBounds">
      <instance_effect url="#ShapeBounds"/>
    </material>
  </library_materials>
  <library_geometries>
    <geometry id="geom-Bounds" name="Bounds">
      <mesh>
        <source id="geom-Bounds-positions">
          <float_array id="geom-Bounds-positions-array" count="24">-0.425 -0.425 0 0.425 -0.425 0 -0.425 0.425 0 0.425 0.425 0 -0.425 -0.425 1.84 0.425 -0.425 1.84 -0.425 0.425 1.84 0.425 0.425 1.84</float_array>
          <technique_common>
            <accessor source="#geom-Bounds-positions-array" count="8" stride="3">
              <param name="X" type="float"/>
              <param name="Y" type="float"/>
              <param name="Z" type="float"/>
            </accessor>
          </technique_common>
        </source>
        <source id="geom-Bounds-normals">
          <float_array id="geom-Bounds-normals-array" count="72">0 0 -1 0 0 -1 0 0 -1 0 0 -1 0 0 1 0 0 1 0 0 1 0 0 1 0 -1 0 0 -1 0 0 -1 0 0 -1 0 1 0 0 1 0 0 1 0 0 1 0 0 0 1 0 0 1 0 0 1 0 0 1 0 -1 0 0 -1 0 0 -1 0 0 -1 0 0</float_array>
          <technique_common>
            <accessor source="#geom-Bounds-normals-array" count="24" stride="3">
              <param name="X" type="float"/>
              <param name="Y" type="float"/>
              <param name="Z" type="float"/>
            </accessor>
          </technique_common>
        </source>
        <source id="geom-Bounds-map1">
          <float_array id="geom-Bounds-map1-array" count="36">0 0 0 1 0 0 0 1 0 1 1 0 0 0 0 1 0 0 0 1 0 1 1 0 0 0 0 1 0 0 0 1 0 1 1 0</float_array>
          <technique_common>
            <accessor source="#geom-Bounds-map1-array" count="12" stride="3">
              <param name="S" type="float"/>
              <param name="T" type="float"/>
              <param name="P" type="float"/>
            </accessor>
          </technique_common>
        </source>
        <vertices id="geom-Bounds-vertices">
          <input semantic="POSITION" source="#geom-Bounds-positions"/>
        </vertices>
        <triangles material="ShapeBounds" count="12">
          <input semantic="VERTEX" source="#geom-Bounds-vertices" offset="0"/>
          <input semantic="NORMAL" source="#geom-Bounds-normals" offset="1"/>
          <input semantic="TEXCOORD" source="#geom-Bounds-map1" offset="2" set="0"/>
          <p>0 0 9 2 1 11 3 2 10 3 2 10 1 3 8 0 0 9 4 4 8 5 5 9 7 6 11 7 6 11 6 7 10 4 4 8 0 8 4 1 9 5 5 10 7 5 10 7 4 11 6 0 8 4 1 12 0 3 13 1 7 14 3 7 14 3 5 15 2 1 12 0 3 16 4 2 17 5 6 18 7 6 18 7 7 19 6 3 16 4 2 20 0 0 21 1 4 22 3 4 22 3 6 23 2 2 20 0</p>
        </triangles>
      </mesh>
      <extra>
        <technique profile="OpenCOLLADA3dsMax">
          <max_box>
            <generateuvs>1</generateuvs>
            <height>1.84</height>
            <heightsegments>1</heightsegments>
            <length>0.85</length>
            <lengthsegments>1</lengthsegments>
            <width>0.85</width>
            <widthsegments>1</widthsegments>
          </max_box>
        </technique>
      </extra>
    </geometry>
  </library_geometries>
  <library_lights>
    <light id="EnvironmentAmbientLight" name="EnvironmentAmbientLight">
      <technique_common>
        <ambient>
          <color>0 0 0</color>
        </ambient>
      </technique_common>
    </light>
  </library_lights>
  <library_visual_scenes>
    <visual_scene id="MaxScene">
      <node name="EnvironmentAmbientLight">
        <instance_light url="#EnvironmentAmbientLight"/>
      </node>
      <node id="node-Bip01" name="Bip01">
        <matrix sid="matrix">0.7792376 -0.6267173 0.003750267 -8.10623e-5 0.6267178 0.7792454 0.001183462 0.009366653 -0.003664074 0.001428161 0.9999923 0.7990584 0 0 0 1</matrix>
        <node id="node-Bip01_Pelvis" name="Bip01_Pelvis">
          <matrix sid="matrix">-0.009626742 0.991236 0.1317526 0 -0.1217414 -0.1319404 0.9837534 0 0.9925151 -0.006569401 0.1219446 0 0 0 0 1</matrix>
          <node id="node-Bip01_Spine" name="Bip01_Spine">
            <matrix sid="matrix">0.9142389 -0.1596023 -0.3724172 0.1975123 0.1756539 0.9844078 0.009333353 0.02499345 0.3651208 -0.0739495 0.9280187 0.02780976 0 0 0 1</matrix>
            <node id="node-Bip01_Spine1" name="Bip01_Spine1">
              <matrix sid="matrix">0.9850424 0.02363086 -0.1706849 0.1022274 -0.01319331 0.9979873 0.06202858 -1.00836e-4 0.1718071 -0.05884882 0.9833715 5.93066e-6 0 0 0 1</matrix>
              <node id="node-Bip01_Spine2" name="Bip01_Spine2">
                <matrix sid="matrix">0.9369743 -0.3477308 -0.03409588 0.1269256 0.3490361 0.9270918 0.1366547 -1.58779e-4 -0.01590914 -0.1399428 0.9900318 2.40505e-5 0 0 0 1</matrix>
                <node id="node-Bip01_Neck" name="Bip01_Neck">
                  <matrix>0.8407081 -0.4308254 0.3280236 0.2151071 0.4136219 0.9019013 0.1244631 -4.97103e-5 -0.3494668 0.03104058 0.9364344 -1.75834e-6 0 0 0 1</matrix>
                  <node id="node-Bip01_Head" name="Bip01_Head">
                    <matrix sid="matrix">0.9475709 -0.06889567 -0.3120295 0.07051814 -0.2855059 0.2560087 -0.9235507 -0.01395923 0.1435108 0.9642163 0.2229164 -1.49012e-8 0 0 0 1</matrix>
                    <node id="node-AltEye" name="AltEye">
                      <matrix sid="matrix">0.4506336 0.3792481 0.8081467 0.06454694 0.04412826 0.8947042 -0.4444743 0.221461 -0.8916178 0.2359567 0.3864482 0.04716253 0 0 0 1</matrix>
                    </node>
                  </node>
                  <node id="node-Bip01_L_Clavicle" name="Bip01_L_Clavicle">
                    <matrix sid="matrix">-0.5778345 -0.4531802 0.6787746 -0.04690331 0.2838089 -0.8913432 -0.3534966 -0.01204771 0.7652188 -0.0116202 0.6436654 0.05588406 0 0 0 1</matrix>
                    <node id="node-Bip01_L_UpperArm" name="Bip01_L_UpperArm">
                      <matrix sid="matrix">0.8909844 0.428422 0.1503375 0.1824007 -0.3034187 0.3155114 0.8991048 -2.98023e-8 0.3377633 -0.8467035 0.4111069 0 0 0 0 1</matrix>
                      <node id="node-Bip01_L_Forearm" name="Bip01_L_Forearm">
                        <matrix sid="matrix">0.3454596 0.9384336 -1.49012e-8 0.2843689 -0.9384335 0.3454596 0 -5.96046e-8 5.96046e-8 -2.98023e-8 0.9999999 0 0 0 0 1</matrix>
                        <node id="node-Bip01_L_Hand" name="Bip01_L_Hand">
                          <matrix sid="matrix">0.951355 0.2418769 -0.1908387 0.2810681 0.1384906 -0.8890302 -0.4364011 2.98023e-8 -0.2752165 0.388743 -0.8792809 0 0 0 0 1</matrix>
                          <node id="node-Bip01_L_Finger0" name="Bip01_L_Finger0">
                            <matrix>0.6413842 0.3141903 0.6999363 0.02119684 0.7352949 0.008702911 -0.6776915 -0.004734218 -0.2190156 0.9493201 -0.2254407 -0.02572191 0 0 0 1</matrix>
                            <node id="node-Bip01_L_Finger01" name="Bip01_L_Finger01">
                              <matrix>0.9975641 -0.06975646 -2.98023e-8 0.04982865 0.06975642 0.997564 9.31323e-10 0 2.98023e-8 -2.98023e-8 0.9999999 0 0 0 0 1</matrix>
                              <node id="node-Bip01_L_Finger02" name="Bip01_L_Finger02">
                                <matrix>0.9203137 0.3911815 -5.96046e-8 0.05202246 -0.3911815 0.9203137 7.45058e-9 5.96046e-8 0 5.96046e-8 1 -5.96046e-8 0 0 0 1</matrix>
                              </node>
                            </node>
                          </node>
                          <node id="node-Bip01_L_Finger1" name="Bip01_L_Finger1">
                            <matrix>0.9592717 -0.2819769 -0.01693493 0.1199946 0.2798395 0.9567646 -0.07931916 -0.008367658 0.03856894 0.07134952 0.9967055 -0.04101384 0 0 0 1</matrix>
                            <node id="node-Bip01_L_Finger11" name="Bip01_L_Finger11">
                              <matrix>0.7001773 -0.7139691 2.23517e-8 0.03644156 0.7139691 0.7001772 2.98023e-8 -1.19209e-7 1.49012e-8 -3.72529e-9 1 5.96046e-8 0 0 0 1</matrix>
                              <node id="node-Bip01_L_Finger12" name="Bip01_L_Finger12">
                                <matrix>0.8757259 -0.4828088 0 0.03117561 0.4828089 0.8757259 0 -5.96046e-8 0 4.09782e-8 0.9999999 0 0 0 0 1</matrix>
                              </node>
                            </node>
                          </node>
                          <node id="node-Bip01_L_Finger2" name="Bip01_L_Finger2">
                            <matrix>0.6611331 -0.7495598 -0.03260916 0.1229538 0.7489769 0.656822 0.08728343 -0.008802116 -0.04400573 -0.08212957 0.9956496 -0.01328248 0 0 0 1</matrix>
                            <node id="node-Bip01_L_Finger21" name="Bip01_L_Finger21">
                              <matrix>0.8156036 -0.5786112 -1.30385e-8 0.03895533 0.5786111 0.8156036 2.70084e-8 0 2.6077e-8 -7.72998e-8 0.9999999 5.96046e-8 0 0 0 1</matrix>
                              <node id="node-Bip01_L_Finger22" name="Bip01_L_Finger22">
                                <matrix>0.9762961 -0.2164396 0 0.03800523 0.2164397 0.9762961 4.42378e-8 0 9.31323e-9 -1.30385e-8 0.9999999 5.96046e-8 0 0 0 1</matrix>
                              </node>
                            </node>
                          </node>
                          <node id="node-Bip01_L_Finger3" name="Bip01_L_Finger3">
                            <matrix>0.4124629 -0.9064789 -0.09038846 0.1211882 0.9061533 0.3980612 0.1429456 -0.001191378 -0.09359705 -0.1408656 0.9855944 0.01196861 0 0 0 1</matrix>
                            <node id="node-Bip01_L_Finger31" name="Bip01_L_Finger31">
                              <matrix>0.9381478 -0.3462352 -3.72529e-9 0.03155839 0.3462351 0.9381478 -2.04891e-8 2.98023e-8 1.86265e-9 -7.68341e-9 1 -1.19209e-7 0 0 0 1</matrix>
                              <node id="node-Bip01_L_Finger32" name="Bip01_L_Finger32">
                                <matrix>0.9636306 -0.2672384 7.45058e-9 0.03366601 0.2672384 0.9636303 1.46683e-8 -5.96046e-8 -3.72529e-9 1.58325e-8 0.9999999 1.19209e-7 0 0 0 1</matrix>
                              </node>
                            </node>
                          </node>
                          <node id="node-Bip01_L_Finger4" name="Bip01_L_Finger4">
                            <matrix>0.07120568 -0.9696807 0.2337719 0.1136797 0.9750155 0.1171046 0.1887629 0.005147338 -0.2104155 0.2144902 0.953792 0.03886563 0 0 0 1</matrix>
                            <node id="node-Bip01_L_Finger41" name="Bip01_L_Finger41">
                              <matrix>0.9790112 -0.2038069 1.49012e-8 0.03661633 0.2038069 0.9790112 7.45058e-9 5.96046e-8 1.49012e-8 3.72529e-9 1 8.9407e-8 0 0 0 1</matrix>
                              <node id="node-Bip01_L_Finger42" name="Bip01_L_Finger42">
                                <matrix>0.964515 0.2640274 0 0.0177263 -0.2640274 0.9645151 -4.47035e-8 0 1.49012e-8 -3.77186e-8 0.9999999 7.45058e-8 0 0 0 1</matrix>
                              </node>
                            </node>
                          </node>
                        </node>
                      </node>
                    </node>
                  </node>
                  <node id="node-Bip01_R_Clavicle" name="Bip01_R_Clavicle">
                    <matrix sid="matrix">0.2073931 -0.1669672 -0.9639034 8.67009e-4 0.5679266 -0.781728 0.2576056 -0.01629043 -0.7965223 -0.6008521 -0.06729987 -0.0721215 0 0 0 1</matrix>
                    <node id="node-Bip01_R_UpperArm" name="Bip01_R_UpperArm">
                      <matrix sid="matrix">0.3444382 0.9301254 -0.1273917 0.1824006 -0.8985945 0.3659246 0.2421301 0 0.2718272 0.03107467 0.9618442 0 0 0 0 1</matrix>
                      <node id="node-Bip01_R_Forearm" name="Bip01_R_Forearm">
                        <matrix sid="matrix">-0.07265081 0.9973576 2.98023e-8 0.2843689 -0.9973575 -0.0726508 7.45058e-9 1.49012e-8 1.49012e-8 -2.98023e-8 1 -1.19209e-7 0 0 0 1</matrix>
                        <node id="node-Bip01_R_Hand" name="Bip01_R_Hand">
                          <matrix sid="matrix">0.9247895 0.3771958 -0.04987458 0.2810681 0.2033487 -0.6007847 -0.7731152 5.96046e-8 -0.3215797 0.704827 -0.6323017 1.19209e-7 0 0 0 1</matrix>
                          <node id="node-Bip01_R_Finger0" name="Bip01_R_Finger0">
                            <matrix>0.5215105 0.269013 -0.8097276 0.02119675 0.7250717 0.3605265 0.5867639 -0.004734248 0.4497753 -0.893114 -0.00703546 0.02572179 0 0 0 1</matrix>
                            <node id="node-Bip01_R_Finger01" name="Bip01_R_Finger01">
                              <matrix>0.6423534 -0.7636236 0.06527573 0.04982853 0.7605615 0.6456373 0.06854747 0 -0.09448878 0.00561447 0.99551 0 0 0 0 1</matrix>
                              <node id="node-Bip01_R_Finger02" name="Bip01_R_Finger02">
                                <matrix>0.9505157 -0.3106764 -2.42144e-8 0.0520224 0.3106764 0.9505158 1.11759e-8 1.19209e-7 -2.79397e-8 5.21541e-8 0.9999999 2.98023e-8 0 0 0 1</matrix>
                              </node>
                            </node>
                          </node>
                          <node id="node-Bip01_R_Finger1" name="Bip01_R_Finger1">
                            <matrix>0.9820225 -0.1733428 -0.07472673 0.1199946 0.1795577 0.9799358 0.08651492 -0.008367568 0.05823066 -0.09837736 0.9934441 0.04101396 0 0 0 1</matrix>
                            <node id="node-Bip01_R_Finger11" name="Bip01_R_Finger11">
                              <matrix>0.8240548 -0.5665103 3.72529e-9 0.03644174 0.5665103 0.8240548 -7.45058e-9 0 -1.30385e-8 2.98023e-8 1 -1.19209e-7 0 0 0 1</matrix>
                              <node id="node-Bip01_R_Finger12" name="Bip01_R_Finger12">
                                <matrix>0.8146397 -0.5796779 0.01831834 0.03117546 0.5799672 0.8142334 -0.0257305 0 1.49012e-8 0.0315851 0.999501 1.19209e-7 0 0 0 1</matrix>
                              </node>
                            </node>
                          </node>
                          <node id="node-Bip01_R_Finger2" name="Bip01_R_Finger2">
                            <matrix>0.6754014 -0.7374504 -1.52119e-4 0.1229537 0.7368314 0.6748428 -0.04082685 -0.008802056 0.03021043 0.02746242 0.9991663 0.01328242 0 0 0 1</matrix>
                            <node id="node-Bip01_R_Finger21" name="Bip01_R_Finger21">
                              <matrix>0.5508358 -0.8338859 -0.03484871 0.03895518 0.832222 0.5519371 -0.05265062 5.96046e-8 0.0631389 -1.02445e-8 0.9980047 -1.19209e-7 0 0 0 1</matrix>
                              <node id="node-Bip01_R_Finger22" name="Bip01_R_Finger22">
                                <matrix>0.1984734 -0.9799246 0.01886612 0.03800538 0.9755272 0.199368 0.09272984 0 -0.09462957 0 0.9955125 1.19209e-7 0 0 0 1</matrix>
                              </node>
                            </node>
                          </node>
                          <node id="node-Bip01_R_Finger3" name="Bip01_R_Finger3">
                            <matrix>0.7159052 -0.6949216 0.06755453 0.1211881 0.6883786 0.6863563 -0.234627 -0.001191258 0.1166809 0.2144739 0.9697352 -0.01196873 0 0 0 1</matrix>
                            <node id="node-Bip01_R_Finger31" name="Bip01_R_Finger31">
                              <matrix>0.4441952 -0.8949346 0.04222354 0.03155845 0.8909186 0.4461976 0.08468728 1.49012e-8 -0.09462957 2.07219e-8 0.9955127 0 0 0 0 1</matrix>
                              <node id="node-Bip01_R_Finger32" name="Bip01_R_Finger32">
                                <matrix>0.1993681 -0.9794358 -0.03095101 0.03366594 0.9799249 0.1992686 0.006297074 0 -2.23517e-8 -0.03158513 0.9995011 -1.19209e-7 0 0 0 1</matrix>
                              </node>
                            </node>
                          </node>
                          <node id="node-Bip01_R_Finger4" name="Bip01_R_Finger4">
                            <matrix>0.5925791 -0.789795 -0.1583476 0.1136796 0.7783523 0.6120424 -0.1399001 0.005147427 0.2074078 -0.04034829 0.9774221 -0.0388658 0 0 0 1</matrix>
                            <node id="node-Bip01_R_Finger41" name="Bip01_R_Finger41">
                              <matrix>0.4202557 -0.9064696 0.04120626 0.03661621 0.9068531 0.4211511 0.01578783 -5.96046e-8 -0.03166523 0.030733 0.999026 0 0 0 0 1</matrix>
                              <node id="node-Bip01_R_Finger42" name="Bip01_R_Finger42">
                                <matrix>0.4024471 -0.9138246 -0.05441486 0.01772633 0.9154232 0.4021218 0.0172832 0 0.006087616 -0.05676817 0.9983689 0 0 0 0 1</matrix>
                              </node>
                            </node>
                          </node>
                          <node id="node-mount0" name="mount0">
                            <matrix>-0.004997193 0.9999837 -0.002795181 0.09410724 -0.9999509 -0.00502095 -0.008545232 0.01837561 -0.008559125 0.002752355 0.9999596 0.01120639 0 0 0 1</matrix>
                          </node>
                        </node>
                      </node>
                    </node>
                  </node>
                </node>
                <node id="node-Bip01_L_Pauldron_Upper" name="Bip01_L_Pauldron_Upper">
                  <matrix sid="matrix">0.9726268 0.1182922 0.2000107 0.176903 0.1448453 -0.9816829 -0.1237685 -0.03908372 0.1817063 0.1493511 -0.9719449 0.2290199 0 0 0 1</matrix>
                </node>
                <node id="node-Bip01_R_Pauldron_Lower" name="Bip01_R_Pauldron_Lower">
                  <matrix sid="matrix">-0.1156724 -0.9403759 -0.3198653 0.172906 0.909775 -0.2295502 0.3458564 -0.1133294 -0.3986599 -0.2509996 0.8820826 -0.2351095 0 0 0 1</matrix>
                </node>
                <node id="node-Bip01_L_Pauldron_Lower" name="Bip01_L_Pauldron_Lower">
                  <matrix sid="matrix">-0.2099968 -0.7687201 0.6041283 0.1529202 0.4002343 -0.6313505 -0.6642359 -0.1054225 0.892028 0.1023054 0.4402497 0.2344801 0 0 0 1</matrix>
                </node>
              </node>
            </node>
            <node id="node-Bip01_L_Thigh" name="Bip01_L_Thigh">
              <matrix sid="matrix">-0.4488805 0.8921266 -0.05115211 -0.1485698 0.5193908 0.3070598 0.7974632 -4.51207e-4 0.7271448 0.3313977 -0.6011955 0.1658256 0 0 0 1</matrix>
              <node id="node-Bip01_L_Calf" name="Bip01_L_Calf">
                <matrix sid="matrix">0.3964405 0.9180605 -7.45058e-9 0.4629988 -0.9180604 0.3964406 7.45058e-9 0 -3.72529e-8 -8.10251e-8 1 -2.98023e-8 0 0 0 1</matrix>
                <node id="node-Bip01_L_Foot" name="Bip01_L_Foot">
                  <matrix sid="matrix">0.9291644 -0.3606358 -0.08121332 0.3610502 0.368625 0.9203925 0.1303583 7.45058e-8 0.02773622 -0.1510614 0.9881353 7.45058e-9 0 0 0 1</matrix>
                  <node id="node-Bip01_L_Toe0" name="Bip01_L_Toe0">
                    <matrix sid="matrix">-1.62981e-9 -1 1.50874e-6 0.1486307 1 -1.16415e-9 3.82155e-7 0.1543275 -3.81478e-7 1.50874e-6 1 -7.45058e-9 0 0 0 1</matrix>
                  </node>
                </node>
              </node>
            </node>
            <node id="node-Bip01_R_Thigh" name="Bip01_R_Thigh">
              <matrix sid="matrix">-0.9150354 0.3601458 0.1816733 -0.2416654 0.4023432 0.8470569 0.3472961 0.01840352 -0.02881035 0.3908832 -0.9199893 -0.07079414 0 0 0 1</matrix>
              <node id="node-Bip01_R_Calf" name="Bip01_R_Calf">
                <matrix sid="matrix">0.4439669 0.8960432 0 0.4629988 -0.8960431 0.4439668 0 -3.72529e-9 -5.96046e-8 0 1 0 0 0 0 1</matrix>
                <node id="node-Bip01_R_Foot" name="Bip01_R_Foot">
                  <matrix sid="matrix">0.64703 -0.7364007 0.1976518 0.3610501 0.712363 0.6762673 0.1876201 0 -0.2718289 0.01940398 0.96215 0 0 0 0 1</matrix>
                  <node id="node-Bip01_R_Toe0" name="Bip01_R_Toe0">
                    <matrix sid="matrix">-0.1805812 -0.9786913 0.09774507 0.1486307 0.9833315 -0.1817883 -0.003513669 0.1543274 0.02120764 0.09548129 0.9952054 0 0 0 0 1</matrix>
                  </node>
                </node>
              </node>
            </node>
          </node>
          <node id="node-Bip01_FannyPack" name="Bip01_FannyPack">
            <matrix>-0.9629919 -0.2062317 0.1735378 0.2299508 -0.2083318 0.9780385 0.00622708 -0.1378937 -0.1710108 -0.03015684 -0.9848076 0.01013964 0 0 0 1</matrix>
          </node>
        </node>
        <node id="node-Eye" name="Eye">
          <matrix sid="matrix">0.7792379 0.6267178 -0.003664112 0.05939459 -0.6267175 0.7792453 0.001428192 0.07235012 0.003750314 0.001183283 0.9999921 0.7713363 0 0 0 1</matrix>
          <node id="node-cam" name="cam">
            <matrix>1 -6.03104e-8 0 4.84288e-8 6.03104e-8 1 -2.32831e-9 -0.104 3.55271e-15 2.32832e-9 1 0.30056 0 0 0 1</matrix>
          </node>
        </node>
      </node>
      <node id="node-nulldetail1" name="nulldetail1">
        <matrix>1 0 0 0 0 1 0 0 0 0 1 0 0 0 0 1</matrix>
      </node>
      <node id="node-Bounds" name="Bounds">
        <matrix>0.9999915 0.001706907 0.003750479 0 -0.001711356 0.9999978 0.001183292 0.1035326 -0.003748452 -0.0011897 0.9999923 -8.93474e-5 0 0 0 1</matrix>
        <instance_geometry url="#geom-Bounds">
          <bind_material>
            <technique_common>
              <instance_material symbol="ShapeBounds" target="#ShapeBounds-material"/>
            </technique_common>
          </bind_material>
        </instance_geometry>
      </node>
    </visual_scene>
  </library_visual_scenes>
  <library_animations>
    <animation>
      <source id="node-Bip01_matrix-input">
        <float_array id="node-Bip01_matrix-input-array" count="41">34.33333 34.36666 34.4 34.43333 34.46667 34.5 34.53333 34.56667 34.6 34.63334 34.66667 34.7 34.73333 34.76667 34.8 34.83333 34.86666 34.9 34.93333 34.96667 35 35.03333 35.06667 35.1 35.13334 35.16667 35.2 35.23333 35.26667 35.3 35.33333 35.36666 35.4 35.43333 35.46667 35.5 35.53333 35.56667 35.6 35.63334 35.66667</float_array>
        <technique_common>
          <accessor source="#node-Bip01_matrix-input-array" count="41" stride="1">
            <param name="TIME" type="float"/>
          </accessor>
        </technique_common>
      </source>
      <source id="node-Bip01_matrix-output">
        <float_array id="node-Bip01_matrix-output-array" count="656">0.7792376 -0.6267173 0.003750264 -8.10623e-5 0.6267178 0.7792454 0.00118345 0.009366631 -0.003664016 0.001428127 0.9999923 0.7990584 0 0 0 1 0.7467151 -0.6650905 0.008444547 -8.10623e-5 0.6632043 0.7435084 -0.08576357 0.006706058 0.05076193 0.06964141 0.9962797 0.8210911 0 0 0 1 0.6646322 -0.7459933 0.04192781 -8.10623e-5 0.726415 0.6320165 -0.2699562 -0.002529203 0.1748865 0.2098786 0.9619593 0.8616856 0 0 0 1 0.5636242 -0.8191857 0.1061253 -8.10623e-5 0.7583962 0.462271 -0.4595004 -0.02045482 0.3273575 0.3394706 0.8818145 0.8837164 0 0 0 1 0.4826301 -0.8645077 0.1403374 -8.10623e-5 0.6958534 0.2811989 -0.6608443 -0.04808688 0.5318423 0.4165976 0.7372857 0.8607014 0 0 0 1 0.3717999 -0.9173503 0.1422432 -8.10623e-5 0.5310178 0.08448421 -0.8431385 -0.08060532 0.7614361 0.3890125 0.5185406 0.8095726 0 0 0 1 0.2494555 -0.9625535 0.1061254 -8.10623e-5 0.3161079 -0.02264809 -0.9484528 -0.1119998 0.9153402 0.2701439 0.2986212 0.7558156 0 0 0 1 0.1678473 -0.9850707 0.03824931 -8.10623e-5 0.1072015 -0.02033102 -0.9940295 -0.139921 0.9799669 0.1709457 0.1021885 0.7120018 0 0 0 1 0.1063736 -0.9943234 0.002395272 -8.10623e-5 -0.08900082 -0.01192069 -0.9959602 -0.1662601 0.9903351 0.1057307 -0.08976364 0.6728217 0 0 0 1 0.06751728 -0.9975666 -0.01738423 -8.10623e-5 -0.2626882 -9.64522e-4 -0.9648802 -0.1912443 0.9625156 0.06971269 -0.2621141 0.6371581 0 0 0 1 0.04661566 -0.9984383 -0.03078848 -8.10623e-5 -0.4080252 0.00910145 -0.9129253 -0.2150781 0.9117798 0.05511909 -0.4069637 0.6039624 0 0 0 1 0.03643375 -0.9985044 -0.04076218 -8.10623e-5 -0.5226056 0.01572996 -0.8524294 -0.2379511 0.8517957 0.0523597 -0.5212509 0.5722186 0 0 0 1 0.02990388 -0.9985546 -0.04465997 -8.10623e-5 -0.6064448 0.01739186 -0.7949354 -0.2600392 0.794563 0.05085545 -0.6050482 0.5409155 0 0 0 1 0.02079099 -0.9990102 -0.03932261 -8.10623e-5 -0.6497861 0.01638942 -0.7599403 -0.28104 0.7598326 0.04135119 -0.6488022 0.5087897 0 0 0 1 0.008695363 -0.9995633 -0.02824211 -8.10623e-5 -0.6579499 0.01554924 -0.7529011 -0.3002076 0.7530115 0.0251286 -0.6575272 0.4752495 0 0 0 1 -0.004338264 -0.9998714 -0.01543879 -8.10623e-5 -0.6500211 0.01455181 -0.7597768 -0.3170352 0.7599038 0.006739437 -0.6500008 0.4402186 0 0 0 1 -0.01558446 -0.9998707 -0.003965854 -8.10623e-5 -0.6433579 0.01306378 -0.7654541 -0.3309487 0.765407 -0.009377717 -0.6434783 0.4035684 0 0 0 1 -0.02275276 -0.999741 5.93007e-4 -8.10623e-5 -0.547676 0.01196795 -0.836605 -0.3405263 0.8363811 -0.01935976 -0.5478065 0.3651006 0 0 0 1 -0.02604007 -0.9996584 -0.00223422 -8.10623e-5 -0.331676 0.01074814 -0.9433321 -0.3467864 0.9430339 -0.02382332 -0.3318426 0.3271192 0 0 0 1 -0.02665567 -0.9996301 -0.005399405 -8.10623e-5 -0.1418288 0.00912851 -0.9898491 -0.352563 0.9895322 -0.0256192 -0.1420197 0.2932197 0 0 0 1 -0.02793121 -0.9995889 -0.006476223 -8.10623e-5 -0.05185931 0.007919013 -0.998623 -0.3592722 0.9982637 -0.02755695 -0.05205917 0.2637873 0 0 0 1 -0.02968454 -0.9995356 -0.006883084 -8.10623e-5 -0.003651559 0.006994545 -0.9999689 -0.3661471 0.9995526 -0.02965855 -0.003857493 0.2373388 0 0 0 1 -0.03168249 -0.9994749 -0.006808221 -8.10623e-5 0.01433348 0.006356596 -0.9998772 -0.3727701 0.9993953 -0.03177613 0.01412451 0.2148677 0 0 0 1 -0.03359079 -0.9994151 -0.006410598 -8.10623e-5 0.01338893 0.005963683 -0.9998926 -0.3787281 0.999346 -0.03367292 0.01318079 0.1973999 0 0 0 1 -0.03502893 -0.9993688 -0.005921185 -8.10623e-5 0.004579484 0.005764245 -0.9999729 -0.3835995 0.9993758 -0.03505504 0.004374623 0.1860283 0 0 0 1 -0.03559923 -0.9993501 -0.005672633 -8.10623e-5 -9.11266e-4 0.005708694 -0.9999833 -0.3869389 0.9993658 -0.0355935 -0.001113891 0.1819497 0 0 0 1 -0.03559923 -0.9993501 -0.005672633 -8.10623e-5 -9.11266e-4 0.005708694 -0.9999833 -0.3888287 0.9993658 -0.0355935 -0.001113891 0.1819497 0 0 0 1 -0.03559923 -0.9993501 -0.005672633 -8.10623e-5 -9.11266e-4 0.005708694 -0.9999833 -0.3898121 0.9993658 -0.0355935 -0.001113891 0.1819497 0 0 0 1 -0.03559923 -0.9993501 -0.005672633 -8.10623e-5 -9.11266e-4 0.005708694 -0.9999833 -0.390101 0.9993658 -0.0355935 -0.001113891 0.1819497 0 0 0 1 -0.03559923 -0.9993501 -0.005672633 -8.10623e-5 -9.11266e-4 0.005708694 -0.9999833 -0.3898973 0.9993658 -0.0355935 -0.001113891 0.1819497 0 0 0 1 -0.03559923 -0.9993501 -0.005672633 -8.10623e-5 -9.11266e-4 0.005708694 -0.9999833 -0.3893973 0.9993658 -0.0355935 -0.001113891 0.1819497 0 0 0 1 -0.03559923 -0.9993501 -0.005672633 -8.10623e-5 -9.11266e-4 0.005708694 -0.9999833 -0.388795 0.9993658 -0.0355935 -0.001113891 0.1819497 0 0 0 1 -0.03559923 -0.9993501 -0.005672633 -8.10623e-5 -9.11266e-4 0.005708694 -0.9999833 -0.3882858 0.9993658 -0.0355935 -0.001113891 0.1819497 0 0 0 1 -0.03559923 -0.9993501 -0.005672633 -8.10623e-5 -9.11266e-4 0.005708694 -0.9999833 -0.3880701 0.9993658 -0.0355935 -0.001113891 0.1819497 0 0 0 1 -0.03559923 -0.9993501 -0.005672633 -8.10623e-5 -9.11266e-4 0.005708694 -0.9999833 -0.3880701 0.9993658 -0.0355935 -0.001113891 0.1819497 0 0 0 1 -0.03559923 -0.9993501 -0.005672633 -8.10623e-5 -9.11266e-4 0.005708694 -0.9999833 -0.3880701 0.9993658 -0.0355935 -0.001113891 0.1819497 0 0 0 1 -0.03559923 -0.9993501 -0.005672633 -8.10623e-5 -9.11266e-4 0.005708694 -0.9999833 -0.3880701 0.9993658 -0.0355935 -0.001113891 0.1819497 0 0 0 1 -0.03559923 -0.9993501 -0.005672633 -8.10623e-5 -9.11266e-4 0.005708694 -0.9999833 -0.3880701 0.9993658 -0.0355935 -0.001113891 0.1819497 0 0 0 1 -0.03559923 -0.9993501 -0.005672633 -8.10623e-5 -9.11266e-4 0.005708694 -0.9999833 -0.3880701 0.9993658 -0.0355935 -0.001113891 0.1819497 0 0 0 1 -0.03559923 -0.9993501 -0.005672633 -8.10623e-5 -9.11266e-4 0.005708694 -0.9999833 -0.3880701 0.9993658 -0.0355935 -0.001113891 0.1819497 0 0 0 1 -0.03559923 -0.9993501 -0.005672633 -8.10623e-5 -9.11266e-4 0.005708694 -0.9999833 -0.3880701 0.9993658 -0.0355935 -0.001113891 0.1819497 0 0 0 1</float_array>
        <technique_common>
          <accessor source="#node-Bip01_matrix-output-array" count="41" stride="16">
            <param name="TRANSFORM" type="float4x4"/>
          </accessor>
        </technique_common>
      </source>
      <source id="node-Bip01_matrix-interpolation">
        <Name_array id="node-Bip01_matrix-interpolation-array" count="41">LINEAR LINEAR LINEAR LINEAR LINEAR LINEAR LINEAR LINEAR LINEAR LINEAR LINEAR LINEAR LINEAR LINEAR LINEAR LINEAR LINEAR LINEAR LINEAR LINEAR LINEAR LINEAR LINEAR LINEAR LINEAR LINEAR LINEAR LINEAR LINEAR LINEAR LINEAR LINEAR LINEAR LINEAR LINEAR LINEAR LINEAR LINEAR LINEAR LINEAR LINEAR</Name_array>
        <technique_common>
          <accessor source="#node-Bip01_matrix-interpolation-array" count="41" stride="1">
            <param name="INTERPOLATION" type="name"/>
          </accessor>
        </technique_common>
      </source>
      <source id="node-Bip01_Pelvis_matrix-input">
        <float_array id="node-Bip01_Pelvis_matrix-input-array" count="41">34.33333 34.36666 34.4 34.43333 34.46667 34.5 34.53333 34.56667 34.6 34.63334 34.66667 34.7 34.73333 34.76667 34.8 34.83333 34.86666 34.9 34.93333 34.96667 35 35.03333 35.06667 35.1 35.13334 35.16667 35.2 35.23333 35.26667 35.3 35.33333 35.36666 35.4 35.43333 35.46667 35.5 35.53333 35.56667 35.6 35.63334 35.66667</float_array>
        <technique_common>
          <accessor source="#node-Bip01_Pelvis_matrix-input-array" count="41" stride="1">
            <param name="TIME" type="float"/>
          </accessor>
        </technique_common>
      </source>
      <source id="node-Bip01_Pelvis_matrix-output">
        <float_array id="node-Bip01_Pelvis_matrix-output-array" count="656">-0.009626686 0.991236 0.1317526 0 -0.1217414 -0.1319403 0.9837534 0 0.9925152 -0.006569385 0.1219446 0 0 0 0 1 -0.009626388 0.9913521 0.1308757 0 -0.1217461 -0.1310699 0.9838692 0 0.9925147 -0.006462454 0.121955 0 0 0 0 1 -0.009625375 0.9916759 0.1283987 0 -0.1217588 -0.1286115 0.984192 0 0.992513 -0.006160378 0.1219831 0 0 0 0 1 -0.009623944 0.9921669 0.1245473 0 -0.1217769 -0.1247889 0.9846817 0 0.9925108 -0.005690395 0.122024 0 0 0 0 1 -0.009622216 0.9927827 0.1195411 0 -0.1217978 -0.1198201 0.9852963 0 0.9925084 -0.00507909 0.1220716 0 0 0 0 1 -0.009620487 0.9934808 0.1135921 0 -0.1218184 -0.1139158 0.9859935 0 0.9925056 -0.004351854 0.1221202 0 0 0 0 1 -0.009618759 0.9942217 0.1069149 0 -0.1218364 -0.1072885 0.9867345 0 0.9925037 -0.003534913 0.1221644 0 0 0 0 1 -0.009617388 0.9949694 0.09971529 0 -0.1218497 -0.1001428 0.9874837 0 0.992502 -0.002653241 0.1221998 0 0 0 0 1 -0.009616434 0.9956939 0.09220093 0 -0.1218566 -0.09268486 0.9882107 0 0.9925011 -0.00173223 0.1222232 0 0 0 0 1 -0.009616076 0.9963706 0.08457821 0 -0.1218566 -0.08511936 0.9888913 0 0.9925012 -7.97138e-4 0.1222328 0 0 0 0 1 -0.009616374 0.9969806 0.07705366 0 -0.1218495 -0.07765132 0.9895065 0 0.992502 1.2657e-4 0.1222283 0 0 0 0 1 -0.009617269 0.9975122 0.06983482 0 -0.1218363 -0.07048672 0.9900443 0 0.9925036 0.001013159 0.122211 0 0 0 0 1 -0.009618937 0.997959 0.06313139 0 -0.1218183 -0.06383353 0.9904977 0 0.9925059 0.001836895 0.1221836 0 0 0 0 1 -0.009620785 0.9983192 0.05715245 0 -0.1217976 -0.05789947 0.9908649 0 0.9925083 0.002571821 0.1221499 0 0 0 0 1 -0.009622752 0.9985948 0.05211603 0 -0.1217768 -0.05290079 0.9911468 0 0.9925109 0.003190994 0.1221147 0 0 0 0 1 -0.009624481 0.9987896 0.04823827 0 -0.1217587 -0.04905211 0.991347 0 0.992513 0.003667771 0.1220834 0 0 0 0 1 -0.009625792 0.9989069 0.04574304 0 -0.121746 -0.0465756 0.991468 0 0.9925146 0.003974616 0.1220613 0 0 0 0 1 -0.009626328 0.9989469 0.04485934 0 -0.1217414 -0.04569846 0.9915093 0 0.9925151 0.004083335 0.1220531 0 0 0 0 1 -0.00966978 0.9989383 0.04504227 0 -0.1217057 -0.0458852 0.991505 0 0.9925191 0.004105746 0.1220201 0 0 0 0 1 -0.009796142 0.9989127 0.04557752 0 -0.1216015 -0.04643148 0.9914923 0 0.9925305 0.004170477 0.1219242 0 0 0 0 1 -0.009999394 0.9988707 0.04644584 0 -0.1214339 -0.04731738 0.9914711 0 0.9925491 0.00427401 0.12177 0 0 0 0 1 -0.01027339 0.9988123 0.0476275 0 -0.1212075 -0.04852265 0.9914404 0 0.992574 0.004412651 0.121562 0 0 0 0 1 -0.01061195 0.9987373 0.04910272 0 -0.1209269 -0.05002689 0.9914 0 0.9926046 0.004582822 0.1213051 0 0 0 0 1 -0.01100903 0.9986454 0.05085331 0 -0.1205967 -0.05181121 0.9913486 0 0.9926405 0.004781007 0.1210038 0 0 0 0 1 -0.01145845 0.9985361 0.0528599 0 -0.1202214 -0.05385565 0.9912852 0 0.992681 0.00500369 0.1206626 0 0 0 0 1 -0.011954 0.9984091 0.055103 0 -0.1198058 -0.05614006 0.9912088 0 0.9927254 0.005247235 0.1202863 0 0 0 0 1 -0.01248991 0.9982637 0.05756521 0 -0.1193539 -0.0586465 0.9911183 0 0.9927732 0.005508363 0.1198791 0 0 0 0 1 -0.01306015 0.9980993 0.06022739 0 -0.1188704 -0.06135517 0.9910124 0 0.9928239 0.005783498 0.1194458 0 0 0 0 1 -0.01365846 0.9979157 0.06307023 0 -0.1183598 -0.06424623 0.9908902 0 0.9928769 0.006069064 0.1189906 0 0 0 0 1 -0.0142796 0.9977124 0.06607705 0 -0.1178264 -0.06730234 0.990751 0 0.9929316 0.006361901 0.1185179 0 0 0 0 1 -0.01491755 0.9974893 0.06922882 0 -0.1172745 -0.07050406 0.9905937 0 0.9929875 0.006658434 0.1180319 0 0 0 0 1 -0.01556652 0.9972465 0.0725063 0 -0.1167089 -0.07383161 0.9904181 0 0.9930442 0.006955206 0.1175368 0 0 0 0 1 -0.0162214 0.9969841 0.0758934 0 -0.1161336 -0.0772683 0.9902236 0 0.9931012 0.007249057 0.1170367 0 0 0 0 1 -0.01687663 0.9967023 0.07937115 0 -0.1155532 -0.08079481 0.99001 0 0.993158 0.00753647 0.1165356 0 0 0 0 1 -0.0175268 0.996402 0.08292043 0 -0.1149722 -0.08439147 0.9897775 0 0.9932141 0.007814049 0.1160376 0 0 0 0 1 -0.01816701 0.996084 0.08652549 0 -0.1143949 -0.08804225 0.9895263 0 0.9932693 0.008078634 0.1155464 0 0 0 0 1 -0.01879209 0.9957493 0.09016734 0 -0.1138257 -0.09172761 0.9892572 0 0.993323 0.008326828 0.1150656 0 0 0 0 1 -0.0193969 0.9953996 0.09382706 0 -0.1132695 -0.09542834 0.9889709 0 0.9933751 0.008555233 0.1145994 0 0 0 0 1 -0.01997703 0.9950361 0.09748899 0 -0.1127302 -0.09912842 0.9886686 0 0.9934248 0.00876069 0.1141509 0 0 0 0 1 -0.02052754 0.9946611 0.1011344 0 -0.1122127 -0.1028087 0.9883517 0 0.9934722 0.008939862 0.1137239 0 0 0 0 1 -0.02104365 0.9942765 0.1047443 0 -0.1117215 -0.1064499 0.9880217 0 0.9935167 0.00908935 0.1133221 0 0 0 0 1</float_array>
        <technique_common>
          <accessor source="#node-Bip01_Pelvis_matrix-output-array" count="41" stride="16">
            <param name="TRANSFORM" type="float4x4"/>
          </accessor>
        </technique_common>
      </source>
      <source id="node-Bip01_Pelvis_matrix-interpolation">
        <Name_array id="node-Bip01_Pelvis_matrix-interpolation-array" count="41">LINEAR LINEAR LINEAR LINEAR LINEAR LINEAR LINEAR LINEAR LINEAR LINEAR LINEAR LINEAR LINEAR LINEAR LINEAR LINEAR LINEAR LINEAR LINEAR LINEAR LINEAR LINEAR LINEAR LINEAR LINEAR LINEAR LINEAR LINEAR LINEAR LINEAR LINEAR LINEAR LINEAR LINEAR LINEAR LINEAR LINEAR LINEAR LINEAR LINEAR LINEAR</Name_array>
        <technique_common>
          <accessor source="#node-Bip01_Pelvis_matrix-interpolation-array" count="41" stride="1">
            <param name="INTERPOLATION" type="name"/>
          </accessor>
        </technique_common>
      </source>
      <source id="node-Bip01_Spine_matrix-input">
        <float_array id="node-Bip01_Spine_matrix-input-array" count="41">34.33333 34.36666 34.4 34.43333 34.46667 34.5 34.53333 34.56667 34.6 34.63334 34.66667 34.7 34.73333 34.76667 34.8 34.83333 34.86666 34.9 34.93333 34.96667 35 35.03333 35.06667 35.1 35.13334 35.16667 35.2 35.23333 35.26667 35.3 35.33333 35.36666 35.4 35.43333 35.46667 35.5 35.53333 35.56667 35.6 35.63334 35.66667</float_array>
        <technique_common>
          <accessor source="#node-Bip01_Spine_matrix-input-array" count="41" stride="1">
            <param name="TIME" type="float"/>
          </accessor>
        </technique_common>
      </source>
      <source id="node-Bip01_Spine_matrix-output">
