<?xml version="1.0" encoding="utf-8"?>
<COLLADA xmlns="http://www.collada.org/2005/11/COLLADASchema" version="1.4.1">
  <asset>
    <contributor>
      <author>MattO</author>
      <authoring_tool>OpenCOLLADA for 3ds Max;  Version: 1.3.0;  Revision: 839M;  Platform: x64;  Configuration: Release_Max2012</authoring_tool>
      <source_data>file:///C:/Dropbox/Prj/GGStout/Disposition_SourceArt/Soldier_TP_Disposition_Animation_Master03.max</source_data>
    </contributor>
    <created>2011-10-07T14:38:47</created>
    <modified>2011-10-07T14:38:47</modified>
    <unit name="meter" meter="1"/>
    <up_axis>Z_UP</up_axis>
  </asset>
  <library_effects>
    <effect id="ShapeBounds">
      <profile_COMMON>
        <technique sid="common">
          <blinn>
            <emission>
              <color>0 0 0 1</color>
            </emission>
            <ambient>
              <color>0.1647059 1 0 1</color>
            </ambient>
            <diffuse>
              <color>0.1647059 1 0 1</color>
            </diffuse>
            <specular>
              <color>0.9 0.9 0.9 1</color>
            </specular>
            <shininess>
              <float>10</float>
            </shininess>
            <reflective>
              <color>0 0 0 1</color>
            </reflective>
            <transparent opaque="A_ONE">
              <color>1 1 1 1</color>
            </transparent>
            <transparency>
              <float>1</float>
            </transparency>
          </blinn>
        </technique>
      </profile_COMMON>
      <extra>
        <technique profile="OpenCOLLADA3dsMax">
          <extended_shader>
            <apply_reflection_dimming>0</apply_reflection_dimming>
            <dim_level>0</dim_level>
            <falloff_type>0</falloff_type>
            <index_of_refraction>1.5</index_of_refraction>
            <opacity_type>0</opacity_type>
            <reflection_level>3</reflection_level>
            <wire_size>1</wire_size>
            <wire_units>0</wire_units>
          </extended_shader>
          <shader>
            <ambient_diffuse_lock>1</ambient_diffuse_lock>
            <ambient_diffuse_texture_lock>1</ambient_diffuse_texture_lock>
            <diffuse_specular_lock>0</diffuse_specular_lock>
            <soften>0.1</soften>
            <use_self_illum_color>0</use_self_illum_color>
          </shader>
        </technique>
      </extra>
    </effect>
  </library_effects>
  <library_materials>
    <material id="ShapeBounds-material" name="ShapeBounds">
      <instance_effect url="#ShapeBounds"/>
    </material>
  </library_materials>
  <library_geometries>
    <geometry id="geom-Bounds" name="Bounds">
      <mesh>
        <source id="geom-Bounds-positions">
          <float_array id="geom-Bounds-positions-array" count="24">-0.425 -0.425 0 0.425 -0.425 0 -0.425 0.425 0 0.425 0.425 0 -0.425 -0.425 1.84 0.425 -0.425 1.84 -0.425 0.425 1.84 0.425 0.425 1.84</float_array>
          <technique_common>
            <accessor source="#geom-Bounds-positions-array" count="8" stride="3">
              <param name="X" type="float"/>
              <param name="Y" type="float"/>
              <param name="Z" type="float"/>
            </accessor>
          </technique_common>
        </source>
        <source id="geom-Bounds-normals">
          <float_array id="geom-Bounds-normals-array" count="72">0 0 -1 0 0 -1 0 0 -1 0 0 -1 0 0 1 0 0 1 0 0 1 0 0 1 0 -1 0 0 -1 0 0 -1 0 0 -1 0 1 0 0 1 0 0 1 0 0 1 0 0 0 1 0 0 1 0 0 1 0 0 1 0 -1 0 0 -1 0 0 -1 0 0 -1 0 0</float_array>
          <technique_common>
            <accessor source="#geom-Bounds-normals-array" count="24" stride="3">
              <param name="X" type="float"/>
              <param name="Y" type="float"/>
              <param name="Z" type="float"/>
            </accessor>
          </technique_common>
        </source>
        <source id="geom-Bounds-map1">
          <float_array id="geom-Bounds-map1-array" count="36">0 0 0 1 0 0 0 1 0 1 1 0 0 0 0 1 0 0 0 1 0 1 1 0 0 0 0 1 0 0 0 1 0 1 1 0</float_array>
          <technique_common>
            <accessor source="#geom-Bounds-map1-array" count="12" stride="3">
              <param name="S" type="float"/>
              <param name="T" type="float"/>
              <param name="P" type="float"/>
            </accessor>
          </technique_common>
        </source>
        <vertices id="geom-Bounds-vertices">
          <input semantic="POSITION" source="#geom-Bounds-positions"/>
        </vertices>
        <triangles material="ShapeBounds" count="12">
          <input semantic="VERTEX" source="#geom-Bounds-vertices" offset="0"/>
          <input semantic="NORMAL" source="#geom-Bounds-normals" offset="1"/>
          <input semantic="TEXCOORD" source="#geom-Bounds-map1" offset="2" set="0"/>
          <p>0 0 9 2 1 11 3 2 10 3 2 10 1 3 8 0 0 9 4 4 8 5 5 9 7 6 11 7 6 11 6 7 10 4 4 8 0 8 4 1 9 5 5 10 7 5 10 7 4 11 6 0 8 4 1 12 0 3 13 1 7 14 3 7 14 3 5 15 2 1 12 0 3 16 4 2 17 5 6 18 7 6 18 7 7 19 6 3 16 4 2 20 0 0 21 1 4 22 3 4 22 3 6 23 2 2 20 0</p>
        </triangles>
      </mesh>
      <extra>
        <technique profile="OpenCOLLADA3dsMax">
          <max_box>
            <generateuvs>1</generateuvs>
            <height>1.84</height>
            <heightsegments>1</heightsegments>
            <length>0.85</length>
            <lengthsegments>1</lengthsegments>
            <width>0.85</width>
            <widthsegments>1</widthsegments>
          </max_box>
        </technique>
      </extra>
    </geometry>
  </library_geometries>
  <library_lights>
    <light id="EnvironmentAmbientLight" name="EnvironmentAmbientLight">
      <technique_common>
        <ambient>
          <color>0 0 0</color>
        </ambient>
      </technique_common>
    </light>
  </library_lights>
  <library_visual_scenes>
    <visual_scene id="MaxScene">
      <node name="EnvironmentAmbientLight">
        <instance_light url="#EnvironmentAmbientLight"/>
      </node>
      <node id="node-Bip01" name="Bip01">
        <matrix sid="matrix">0.7792376 -0.6267173 0.003750267 -8.10623e-5 0.6267178 0.7792454 0.001183462 0.009375022 -0.003664074 0.001428161 0.9999923 0.5868064 0 0 0 1</matrix>
        <node id="node-Bip01_Pelvis" name="Bip01_Pelvis">
          <matrix sid="matrix">0.1508857 0.9873852 0.04799922 0 0.2176438 -0.08054425 0.9726992 0 0.964295 -0.1363196 -0.2270513 0 0 0 0 1</matrix>
          <node id="node-Bip01_Spine" name="Bip01_Spine">
            <matrix sid="matrix">0.9978501 0.03780198 -0.05353534 0.1961456 -0.0315062 0.9929907 0.113916 -9.62056e-4 0.05746631 -0.1119844 0.992047 -0.04395264 0 0 0 1</matrix>
            <node id="node-Bip01_Spine1" name="Bip01_Spine1">
              <matrix>0.9850425 0.02363084 -0.1706849 0.1022274 -0.01319333 0.9979872 0.06202854 -1.00814e-4 0.1718071 -0.05884888 0.9833714 5.93066e-6 0 0 0 1</matrix>
              <node id="node-Bip01_Spine2" name="Bip01_Spine2">
                <matrix sid="matrix">0.9534501 -0.279847 0.1123319 0.1269141 0.2635519 0.9543508 0.1405529 -1.63473e-4 -0.1465373 -0.1044049 0.9836801 1.78516e-5 0 0 0 1</matrix>
                <node id="node-Bip01_Neck" name="Bip01_Neck">
                  <matrix>0.840708 -0.4308255 0.3280236 0.2151071 0.4136219 0.9019014 0.1244631 -4.97252e-5 -0.3494669 0.03104062 0.9364345 -1.72853e-6 0 0 0 1</matrix>
                  <node id="node-Bip01_Head" name="Bip01_Head">
                    <matrix sid="matrix">0.8823743 -0.1674474 -0.4397464 0.07051808 -0.3379925 0.424652 -0.8398997 -0.01395911 0.3273782 0.8897372 0.3181061 -4.47035e-8 0 0 0 1</matrix>
                    <node id="node-AltEye" name="AltEye">
                      <matrix sid="matrix">0.2364714 0.409759 0.8810108 0.06454706 0.1405346 0.8827685 -0.4482973 0.2214611 -0.9614216 0.2298216 0.1511641 0.04716256 0 0 0 1</matrix>
                    </node>
                  </node>
                  <node id="node-Bip01_L_Clavicle" name="Bip01_L_Clavicle">
                    <matrix>-0.5778345 -0.4531803 0.6787746 -0.04690349 0.2838089 -0.8913431 -0.3534965 -0.01204765 0.7652187 -0.01162022 0.6436656 0.05588403 0 0 0 1</matrix>
                    <node id="node-Bip01_L_UpperArm" name="Bip01_L_UpperArm">
                      <matrix sid="matrix">0.9657681 0.1334032 0.2224766 0.1824007 -0.2594033 0.5014786 0.825366 -1.49012e-8 -0.001460671 -0.8548231 0.5189173 -5.96046e-8 0 0 0 1</matrix>
                      <node id="node-Bip01_L_Forearm" name="Bip01_L_Forearm">
                        <matrix sid="matrix">0.2330016 0.9724764 -2.98023e-8 0.284369 -0.9724764 0.2330016 1.49012e-8 0 1.19209e-7 -2.98023e-8 1 5.96046e-8 0 0 0 1</matrix>
                        <node id="node-Bip01_L_Hand" name="Bip01_L_Hand">
                          <matrix sid="matrix">0.9606099 0.2057031 -0.1868555 0.281068 0.1194585 -0.9127421 -0.3906812 -1.19209e-7 -0.2509151 0.3529707 -0.901362 0 0 0 0 1</matrix>
                          <node id="node-Bip01_L_Finger0" name="Bip01_L_Finger0">
                            <matrix>0.6413841 0.3141903 0.6999362 0.02119678 0.7352948 0.008702977 -0.6776913 -0.004734278 -0.2190156 0.9493201 -0.2254407 -0.02572191 0 0 0 1</matrix>
                            <node id="node-Bip01_L_Finger01" name="Bip01_L_Finger01">
                              <matrix>0.9975641 -0.06975645 -2.98023e-8 0.04982865 0.06975645 0.997564 1.95578e-8 2.98023e-8 0 -7.45058e-9 0.9999999 -2.98023e-8 0 0 0 1</matrix>
                              <node id="node-Bip01_L_Finger02" name="Bip01_L_Finger02">
                                <matrix>0.9203137 0.3911815 0 0.0520221 -0.3911815 0.9203135 -2.23517e-8 0 -5.96046e-8 -1.49012e-8 0.9999999 8.9407e-8 0 0 0 1</matrix>
                              </node>
                            </node>
                          </node>
                          <node id="node-Bip01_L_Finger1" name="Bip01_L_Finger1">
                            <matrix>0.9592716 -0.2819767 -0.01693498 0.1199946 0.2798395 0.9567645 -0.07931913 -0.008367538 0.03856898 0.07134952 0.9967054 -0.0410139 0 0 0 1</matrix>
                            <node id="node-Bip01_L_Finger11" name="Bip01_L_Finger11">
                              <matrix>0.7001772 -0.7139692 -1.49012e-8 0.03644168 0.7139691 0.7001772 2.98023e-8 -5.96046e-8 0 1.11759e-8 1 0 0 0 0 1</matrix>
                              <node id="node-Bip01_L_Finger12" name="Bip01_L_Finger12">
                                <matrix>0.8757258 -0.4828087 0 0.03117549 0.4828088 0.8757258 3.35276e-8 2.98023e-8 -2.98023e-8 4.47035e-8 1 5.96046e-8 0 0 0 1</matrix>
                              </node>
                            </node>
                          </node>
                          <node id="node-Bip01_L_Finger2" name="Bip01_L_Finger2">
                            <matrix>0.6611331 -0.7495596 -0.03260916 0.1229538 0.7489769 0.6568219 0.08728343 -0.008802056 -0.04400575 -0.08212951 0.9956496 -0.01328242 0 0 0 1</matrix>
                            <node id="node-Bip01_L_Finger21" name="Bip01_L_Finger21">
                              <matrix>0.8156036 -0.5786111 -7.45058e-9 0.03895521 0.5786111 0.8156036 -4.28408e-8 0 1.67638e-8 -5.86733e-8 1 -1.19209e-7 0 0 0 1</matrix>
                              <node id="node-Bip01_L_Finger22" name="Bip01_L_Finger22">
                                <matrix>0.9762959 -0.2164396 -7.45058e-9 0.03800547 0.2164396 0.9762961 1.04774e-8 0 -1.86265e-9 6.79865e-8 0.9999999 1.19209e-7 0 0 0 1</matrix>
                              </node>
                            </node>
                          </node>
                          <node id="node-Bip01_L_Finger3" name="Bip01_L_Finger3">
                            <matrix>0.4124629 -0.9064789 -0.09038838 0.1211882 0.9061532 0.3980611 0.1429456 -0.001191318 -0.09359704 -0.1408656 0.9855943 0.01196855 0 0 0 1</matrix>
                            <node id="node-Bip01_L_Finger31" name="Bip01_L_Finger31">
                              <matrix>0.938148 -0.3462352 7.45058e-9 0.03155839 0.3462352 0.9381478 -2.70084e-8 5.96046e-8 -7.45058e-9 7.40401e-8 1 5.96046e-8 0 0 0 1</matrix>
                              <node id="node-Bip01_L_Finger32" name="Bip01_L_Finger32">
                                <matrix>0.9636303 -0.2672384 1.86265e-9 0.03366578 0.2672384 0.9636304 1.35042e-8 5.96046e-8 -7.45058e-9 -2.79397e-8 0.9999999 -5.96046e-8 0 0 0 1</matrix>
                              </node>
                            </node>
                          </node>
                          <node id="node-Bip01_L_Finger4" name="Bip01_L_Finger4">
                            <matrix>0.07120566 -0.9696805 0.2337719 0.1136797 0.9750153 0.1171045 0.1887628 0.005147338 -0.2104155 0.2144902 0.953792 0.03886569 0 0 0 1</matrix>
                            <node id="node-Bip01_L_Finger41" name="Bip01_L_Finger41">
                              <matrix>0.9790111 -0.2038069 0 0.03661609 0.2038069 0.9790111 1.86265e-9 -5.96046e-8 -1.49012e-8 -5.21541e-8 0.9999999 0 0 0 0 1</matrix>
                              <node id="node-Bip01_L_Finger42" name="Bip01_L_Finger42">
                                <matrix>0.9645151 0.2640274 2.98023e-8 0.01772642 -0.2640274 0.9645151 -4.84288e-8 0 1.49012e-8 -3.58559e-8 1 2.98023e-8 0 0 0 1</matrix>
                              </node>
                            </node>
                          </node>
                        </node>
                      </node>
                    </node>
                  </node>
                  <node id="node-Bip01_R_Clavicle" name="Bip01_R_Clavicle">
                    <matrix>0.2073932 -0.1669672 -0.9639034 8.6689e-4 0.5679265 -0.781728 0.2576056 -0.01629031 -0.7965222 -0.6008521 -0.06729987 -0.07212149 0 0 0 1</matrix>
                    <node id="node-Bip01_R_UpperArm" name="Bip01_R_UpperArm">
                      <matrix sid="matrix">0.4172924 0.8997783 -0.1275386 0.1824006 -0.7979748 0.4299452 0.4223545 2.98023e-8 0.4348601 -0.07447278 0.8974134 -1.19209e-7 0 0 0 1</matrix>
                      <node id="node-Bip01_R_Forearm" name="Bip01_R_Forearm">
                        <matrix>-0.07265081 0.9973576 2.98023e-8 0.2843689 -0.9973575 -0.0726508 7.45058e-9 -1.49012e-8 1.49012e-8 -2.98023e-8 1 -5.96046e-8 0 0 0 1</matrix>
                        <node id="node-Bip01_R_Hand" name="Bip01_R_Hand">
                          <matrix>0.9247895 0.3771958 -0.04987458 0.2810681 0.2033487 -0.6007847 -0.7731152 -5.96046e-8 -0.3215797 0.704827 -0.6323017 0 0 0 0 1</matrix>
                          <node id="node-Bip01_R_Finger0" name="Bip01_R_Finger0">
                            <matrix>0.5215105 0.269013 -0.8097276 0.02119678 0.7250717 0.3605265 0.5867639 -0.004734263 0.4497753 -0.893114 -0.00703546 0.02572185 0 0 0 1</matrix>
                            <node id="node-Bip01_R_Finger01" name="Bip01_R_Finger01">
                              <matrix>0.6423534 -0.7636236 0.06527573 0.04982859 0.7605615 0.6456373 0.06854747 -5.96046e-8 -0.09448878 0.005614471 0.99551 2.98023e-8 0 0 0 1</matrix>
                              <node id="node-Bip01_R_Finger02" name="Bip01_R_Finger02">
                                <matrix>0.9505159 -0.3106765 -2.42144e-8 0.0520224 0.3106765 0.950516 1.86265e-8 0 1.86265e-9 -3.72529e-9 1 0 0 0 0 1</matrix>
                              </node>
                            </node>
                          </node>
                          <node id="node-Bip01_R_Finger1" name="Bip01_R_Finger1">
                            <matrix>0.9820225 -0.1733428 -0.07472673 0.1199947 0.1795577 0.9799358 0.08651492 -0.008367568 0.05823066 -0.09837736 0.9934441 0.0410139 0 0 0 1</matrix>
                            <node id="node-Bip01_R_Finger11" name="Bip01_R_Finger11">
                              <matrix>0.8240548 -0.5665103 3.72529e-9 0.03644174 0.5665103 0.8240548 -7.45058e-9 -2.98023e-8 -1.30385e-8 2.98023e-8 1 5.96046e-8 0 0 0 1</matrix>
                              <node id="node-Bip01_R_Finger12" name="Bip01_R_Finger12">
                                <matrix>0.8146397 -0.5796779 0.01831834 0.03117546 0.5799672 0.8142334 -0.0257305 0 1.49012e-8 0.0315851 0.999501 0 0 0 0 1</matrix>
                              </node>
                            </node>
                          </node>
                          <node id="node-Bip01_R_Finger2" name="Bip01_R_Finger2">
                            <matrix>0.6754013 -0.7374504 -1.5212e-4 0.1229538 0.7368314 0.6748428 -0.04082685 -0.008802041 0.03021043 0.02746242 0.9991663 0.01328242 0 0 0 1</matrix>
                            <node id="node-Bip01_R_Finger21" name="Bip01_R_Finger21">
                              <matrix>0.5508358 -0.8338858 -0.03484871 0.03895518 0.8322219 0.551937 -0.05265062 2.98023e-8 0.0631389 -9.77889e-9 0.9980047 0 0 0 0 1</matrix>
                              <node id="node-Bip01_R_Finger22" name="Bip01_R_Finger22">
                                <matrix>0.1984734 -0.9799246 0.01886612 0.03800532 0.9755272 0.199368 0.09272985 -2.98023e-8 -0.09462957 -7.45058e-9 0.9955125 -5.96046e-8 0 0 0 1</matrix>
                              </node>
                            </node>
                          </node>
                          <node id="node-Bip01_R_Finger3" name="Bip01_R_Finger3">
                            <matrix>0.7159052 -0.6949216 0.06755453 0.1211881 0.6883786 0.6863563 -0.234627 -0.001191258 0.1166809 0.2144738 0.9697352 -0.01196867 0 0 0 1</matrix>
                            <node id="node-Bip01_R_Finger31" name="Bip01_R_Finger31">
                              <matrix>0.4441952 -0.8949346 0.04222353 0.03155848 0.8909186 0.4461976 0.08468727 -4.47035e-8 -0.09462957 3.93484e-8 0.9955127 0 0 0 0 1</matrix>
                              <node id="node-Bip01_R_Finger32" name="Bip01_R_Finger32">
                                <matrix>0.1993681 -0.9794359 -0.03095101 0.03366594 0.9799249 0.1992686 0.006297071 -2.98023e-8 -1.86265e-8 -0.03158513 0.9995011 -5.96046e-8 0 0 0 1</matrix>
                              </node>
                            </node>
                          </node>
                          <node id="node-Bip01_R_Finger4" name="Bip01_R_Finger4">
                            <matrix>0.5925791 -0.789795 -0.1583476 0.1136796 0.7783523 0.6120424 -0.1399001 0.005147412 0.2074078 -0.04034829 0.9774221 -0.0388658 0 0 0 1</matrix>
                            <node id="node-Bip01_R_Finger41" name="Bip01_R_Finger41">
                              <matrix>0.4202557 -0.9064696 0.04120626 0.03661624 0.9068531 0.4211511 0.01578783 -8.9407e-8 -0.03166523 0.030733 0.999026 0 0 0 0 1</matrix>
                              <node id="node-Bip01_R_Finger42" name="Bip01_R_Finger42">
                                <matrix>0.4024471 -0.9138246 -0.05441486 0.01772633 0.9154232 0.4021218 0.0172832 2.98023e-8 0.006087616 -0.05676817 0.9983689 0 0 0 0 1</matrix>
                              </node>
                            </node>
                          </node>
                          <node id="node-mount0" name="mount0">
                            <matrix>-0.004997193 0.9999837 -0.002795181 0.09410727 -0.9999509 -0.00502095 -0.008545232 0.01837559 -0.008559125 0.002752355 0.9999596 0.01120633 0 0 0 1</matrix>
                          </node>
                        </node>
                      </node>
                    </node>
                  </node>
                </node>
                <node id="node-Bip01_L_Pauldron_Upper" name="Bip01_L_Pauldron_Upper">
                  <matrix>0.9726267 0.1182922 0.2000106 0.1769031 0.1448454 -0.9816831 -0.1237685 -0.0390837 0.1817062 0.1493511 -0.9719453 0.2290199 0 0 0 1</matrix>
                </node>
                <node id="node-Bip01_R_Pauldron_Lower" name="Bip01_R_Pauldron_Lower">
                  <matrix>-0.1156725 -0.940376 -0.3198653 0.172906 0.909775 -0.2295502 0.3458564 -0.1133294 -0.3986599 -0.2509996 0.8820827 -0.2351094 0 0 0 1</matrix>
                </node>
                <node id="node-Bip01_L_Pauldron_Lower" name="Bip01_L_Pauldron_Lower">
                  <matrix>-0.2099969 -0.7687201 0.6041284 0.1529202 0.4002343 -0.6313505 -0.6642359 -0.1054225 0.892028 0.1023055 0.4402497 0.2344802 0 0 0 1</matrix>
                </node>
              </node>
            </node>
            <node id="node-Bip01_L_Thigh" name="Bip01_L_Thigh">
              <matrix sid="matrix">-0.04354542 0.9871927 -0.1534751 -0.1859024 0.5767174 0.1502789 0.8030026 -0.0256577 0.8157824 -0.05354464 -0.5758753 0.180686 0 0 0 1</matrix>
              <node id="node-Bip01_L_Calf" name="Bip01_L_Calf">
                <matrix sid="matrix">-0.4703795 0.8824643 -9.31323e-10 0.4629987 -0.8824642 -0.4703796 0 0 6.51926e-8 3.91155e-8 1 0 0 0 0 1</matrix>
                <node id="node-Bip01_L_Foot" name="Bip01_L_Foot">
                  <matrix sid="matrix">0.735502 -0.6664098 -0.1222079 0.3610501 0.6764325 0.7325015 0.07668345 -1.49012e-8 0.03841486 -0.1390662 0.9895377 -1.49012e-8 0 0 0 1</matrix>
                  <node id="node-Bip01_L_Toe0" name="Bip01_L_Toe0">
                    <matrix>4.76837e-7 -1 1.38767e-6 0.1486307 0.9999999 4.76837e-7 2.21189e-8 0.1543275 -2.21189e-8 1.38953e-6 1 0 0 0 0 1</matrix>
                  </node>
                </node>
              </node>
            </node>
            <node id="node-Bip01_R_Thigh" name="Bip01_R_Thigh">
              <matrix sid="matrix">-0.689873 0.6893606 0.2210369 -0.2005544 0.7047662 0.5697502 0.4227166 0.002894923 0.1654683 0.4474002 -0.8788934 -0.07225917 0 0 0 1</matrix>
              <node id="node-Bip01_R_Calf" name="Bip01_R_Calf">
                <matrix sid="matrix">-0.4964825 0.8680469 -2.98023e-8 0.4629988 -0.8680466 -0.4964826 -2.98023e-8 -1.49012e-8 7.45058e-9 0 1 -5.96046e-8 0 0 0 1</matrix>
                <node id="node-Bip01_R_Foot" name="Bip01_R_Foot">
                  <matrix sid="matrix">0.8600164 -0.505658 0.06842423 0.3610501 0.4843563 0.8511608 0.2022969 -1.49012e-8 -0.1605331 -0.1408369 0.9769309 -2.98023e-8 0 0 0 1</matrix>
                  <node id="node-Bip01_R_Toe0" name="Bip01_R_Toe0">
                    <matrix sid="matrix">-0.4769143 -0.8369298 0.2685164 0.1486307 0.8723611 -0.488046 0.02823371 0.1543275 0.1074187 0.2477084 0.9628612 0 0 0 0 1</matrix>
                  </node>
                </node>
              </node>
            </node>
          </node>
          <node id="node-Bip01_FannyPack" name="Bip01_FannyPack">
            <matrix sid="matrix">-0.832209 -0.4771122 0.2824753 0.2028495 -0.4932149 0.8697606 0.0159855 -0.1504242 -0.2533128 -0.1260177 -0.9591415 -0.008565143 0 0 0 1</matrix>
          </node>
        </node>
        <node id="node-Eye" name="Eye">
          <matrix sid="matrix">0.7792378 0.6267177 -0.003664054 0.05861162 -0.6267172 0.7792453 0.001428261 0.07264672 0.003750313 0.001183372 0.9999919 0.9835865 0 0 0 1</matrix>
          <node id="node-cam" name="cam">
            <matrix>1 -6.03104e-8 -3.55271e-15 4.84288e-8 6.03104e-8 1 -2.32831e-9 -0.104 3.55271e-15 2.32831e-9 1 0.30056 0 0 0 1</matrix>
          </node>
        </node>
      </node>
      <node id="node-nulldetail1" name="nulldetail1">
        <matrix>1 0 0 0 0 1 0 0 0 0 1 0 0 0 0 1</matrix>
      </node>
      <node id="node-Bounds" name="Bounds">
        <matrix>0.9999915 0.001706907 0.003750479 0 -0.001711356 0.9999978 0.001183292 0.1035326 -0.003748452 -0.0011897 0.9999923 -8.93474e-5 0 0 0 1</matrix>
        <instance_geometry url="#geom-Bounds">
          <bind_material>
            <technique_common>
              <instance_material symbol="ShapeBounds" target="#ShapeBounds-material"/>
            </technique_common>
          </bind_material>
        </instance_geometry>
      </node>
    </visual_scene>
  </library_visual_scenes>
  <library_animations>
    <animation>
      <source id="node-Bip01_matrix-input">
        <float_array id="node-Bip01_matrix-input-array" count="16">33 33.03333 33.06667 33.1 33.13334 33.16667 33.2 33.23333 33.26667 33.3 33.33333 33.36666 33.4 33.43333 33.46667 33.5</float_array>
        <technique_common>
          <accessor source="#node-Bip01_matrix-input-array" count="16" stride="1">
            <param name="TIME" type="float"/>
          </accessor>
        </technique_common>
      </source>
      <source id="node-Bip01_matrix-output">
        <float_array id="node-Bip01_matrix-output-array" count="256">0.7792376 -0.6267173 0.003750264 -8.10623e-5 0.6267178 0.7792454 0.00118345 0.009374976 -0.003664016 0.001428127 0.9999923 0.5868064 0 0 0 1 0.7792376 -0.6267173 0.003750264 -8.10623e-5 0.6267178 0.7792454 0.00118345 0.009376823 -0.003664016 0.001428127 0.9999923 0.5605884 0 0 0 1 0.780694 -0.624903 0.003629565 -8.10623e-5 0.6244516 0.780327 0.03391247 0.009377777 -0.0240243 -0.02420878 0.9994182 0.5639826 0 0 0 1 0.7819938 -0.6232751 0.003733396 -8.10623e-5 0.6194963 0.7778844 0.1054524 0.009377837 -0.06863003 -0.08015024 0.9944174 0.5738868 0 0 0 1 0.7807034 -0.6248899 0.003854274 -8.10623e-5 0.6145163 0.7688339 0.1768168 0.009377479 -0.1134544 -0.1356729 0.9842362 0.5900369 0 0 0 1 0.7792376 -0.6267175 0.003750383 -8.10623e-5 0.6122217 0.762467 0.2093532 0.009377241 -0.1340649 -0.1608397 0.9778329 0.6123613 0 0 0 1 0.7795429 -0.6263374 0.003780901 -8.10623e-5 0.6126361 0.7637187 0.2034965 0.0093773 -0.130345 -0.1563179 0.9790684 0.6381702 0 0 0 1 0.7802764 -0.6254231 0.003836274 -8.10623e-5 0.6137525 0.7668675 0.1876755 0.009377419 -0.1203185 -0.1440842 0.9822236 0.6642576 0 0 0 1 0.7811157 -0.6243744 0.003858268 -8.10623e-5 0.6153861 0.7708871 0.1644173 0.009377479 -0.1056323 -0.1260546 0.9863833 0.6899189 0 0 0 1 0.7817579 -0.6235704 0.003818333 -8.10623e-5 0.6173584 0.7748039 0.1361895 0.009377419 -0.08788222 -0.10411 0.9906755 0.7144626 0 0 0 1 0.7819938 -0.6232751 0.003733396 -8.10623e-5 0.6194961 0.7778843 0.1054543 0.009377062 -0.06863123 -0.08015179 0.9944171 0.7372016 0 0 0 1 0.781751 -0.62358 0.003651797 -8.10623e-5 0.6216293 0.7797428 0.074687 0.009376227 -0.04942083 -0.05611652 0.9972003 0.7574454 0 0 0 1 0.7811059 -0.6243881 0.003620386 -8.10623e-5 0.6235893 0.7803755 0.04637253 0.009374916 -0.0317797 -0.03396421 0.9989176 0.7744913 0 0 0 1 0.7802689 -0.6254336 0.003652751 -8.10623e-5 0.6252067 0.7801203 0.02300119 0.009373009 -0.01723533 -0.01566338 0.9997287 0.7876166 0 0 0 1 0.7795404 -0.626341 0.003716468 -8.10623e-5 0.626309 0.7795427 0.007081329 0.009370267 -0.007332503 -0.003192484 0.999968 0.7960693 0 0 0 1 0.7792376 -0.6267173 0.003750264 -8.10623e-5 0.6267178 0.7792454 0.00118345 0.009366631 -0.003664016 0.001428127 0.9999923 0.7990584 0 0 0 1</float_array>
        <technique_common>
          <accessor source="#node-Bip01_matrix-output-array" count="16" stride="16">
            <param name="TRANSFORM" type="float4x4"/>
          </accessor>
        </technique_common>
      </source>
      <source id="node-Bip01_matrix-interpolation">
        <Name_array id="node-Bip01_matrix-interpolation-array" count="16">LINEAR LINEAR LINEAR LINEAR LINEAR LINEAR LINEAR LINEAR LINEAR LINEAR LINEAR LINEAR LINEAR LINEAR LINEAR LINEAR</Name_array>
        <technique_common>
          <accessor source="#node-Bip01_matrix-interpolation-array" count="16" stride="1">
            <param name="INTERPOLATION" type="name"/>
          </accessor>
        </technique_common>
      </source>
      <source id="node-Bip01_Pelvis_matrix-input">
        <float_array id="node-Bip01_Pelvis_matrix-input-array" count="16">33 33.03333 33.06667 33.1 33.13334 33.16667 33.2 33.23333 33.26667 33.3 33.33333 33.36666 33.4 33.43333 33.46667 33.5</float_array>
        <technique_common>
          <accessor source="#node-Bip01_Pelvis_matrix-input-array" count="16" stride="1">
            <param name="TIME" type="float"/>
          </accessor>
        </technique_common>
      </source>
      <source id="node-Bip01_Pelvis_matrix-output">
        <float_array id="node-Bip01_Pelvis_matrix-output-array" count="256">0.1508857 0.9873852 0.0479992 0 0.2176438 -0.08054423 0.9726992 0 0.964295 -0.1363196 -0.2270513 0 0 0 0 1 0.141036 0.9882762 0.05847215 0 0.1944875 -0.08556997 0.9771655 0 0.9707129 -0.1264434 -0.2042757 0 0 0 0 1 0.129762 0.9891144 0.06938672 0 0.1689165 -0.09100711 0.9814199 0 0.9770513 -0.1156305 -0.178887 0 0 0 0 1 0.117235 0.9898502 0.08032804 0 0.1414842 -0.09670799 0.9852054 0 0.9829741 -0.1041354 -0.1513857 0 0 0 0 1 0.1036807 0.9904468 0.0909149 0 0.1127659 -0.102524 0.9883182 0 0.9881975 -0.09221744 -0.1223184 0 0 0 0 1 0.08936941 0.9908826 0.1008203 0 0.08333283 -0.1083093 0.9906184 0 0.9925063 -0.08012932 -0.09225267 0 0 0 0 1 0.07462704 0.9911514 0.1097704 0 0.05377608 -0.1139171 0.9920337 0 0.9957603 -0.06812947 -0.06180155 0 0 0 0 1 0.05982315 0.9912629 0.1175554 0 0.02468973 -0.1191997 0.9925634 0 0.9979036 -0.05647587 -0.03160488 0 0 0 0 1 0.04535585 0.9912407 0.1240364 0 -0.003347814 -0.1240127 0.9922751 0 0.9989652 -0.0454207 -0.002306163 0 0 0 0 1 0.03165572 0.9911218 0.1291347 0 -0.02974855 -0.1282079 0.9913011 0 0.9990561 -0.03522193 0.02542591 0 0 0 0 1 0.01916307 0.9909533 0.1328319 0 -0.05394291 -0.1316381 0.9898291 0 0.9983603 -0.02613353 0.05093228 0 0 0 0 1 0.008330821 0.9907898 0.1351537 0 -0.07535451 -0.1341521 0.9880917 0 0.9971221 -0.01841604 0.07354283 0 0 0 0 1 -3.91766e-4 0.9906874 0.1361562 0 -0.09341228 -0.1355971 0.9863507 0 0.9956275 -0.0123322 0.09259545 0 0 0 0 1 -0.006569862 0.9907004 0.1359031 0 -0.1075527 -0.1358177 0.9848787 0 0.9941777 -0.008146166 0.1074448 0 0 0 0 1 -0.009780883 0.9908738 0.1344381 0 -0.1171942 -0.1346539 0.983938 0 0.9930608 -0.006131529 0.1174417 0 0 0 0 1 -0.009626686 0.991236 0.1317526 0 -0.1217414 -0.1319403 0.9837534 0 0.9925152 -0.006569385 0.1219446 0 0 0 0 1</float_array>
        <technique_common>
          <accessor source="#node-Bip01_Pelvis_matrix-output-array" count="16" stride="16">
            <param name="TRANSFORM" type="float4x4"/>
          </accessor>
        </technique_common>
      </source>
      <source id="node-Bip01_Pelvis_matrix-interpolation">
        <Name_array id="node-Bip01_Pelvis_matrix-interpolation-array" count="16">LINEAR LINEAR LINEAR LINEAR LINEAR LINEAR LINEAR LINEAR LINEAR LINEAR LINEAR LINEAR LINEAR LINEAR LINEAR LINEAR</Name_array>
        <technique_common>
          <accessor source="#node-Bip01_Pelvis_matrix-interpolation-array" count="16" stride="1">
            <param name="INTERPOLATION" type="name"/>
          </accessor>
        </technique_common>
      </source>
      <source id="node-Bip01_Spine_matrix-input">
        <float_array id="node-Bip01_Spine_matrix-input-array" count="16">33 33.03333 33.06667 33.1 33.13334 33.16667 33.2 33.23333 33.26667 33.3 33.33333 33.36666 33.4 33.43333 33.46667 33.5</float_array>
        <technique_common>
          <accessor source="#node-Bip01_Spine_matrix-input-array" count="16" stride="1">
            <param name="TIME" type="float"/>
          </accessor>
        </technique_common>
      </source>
      <source id="node-Bip01_Spine_matrix-output">
        <float_array id="node-Bip01_Spine_matrix-output-array" count="256">0.9978501 0.03780198 -0.05353534 0.1961455 -0.03150618 0.9929907 0.1139159 -9.62056e-4 0.05746626 -0.1119844 0.992047 -0.04395264 0 0 0 1 0.9971103 0.02524876 -0.07164776 0.1971632 -0.01783615 0.9945963 0.1022745 0.001029312 0.07384294 -0.1007012 0.9921726 -0.03913682 0 0 0 1 0.995688 0.01081657 -0.09213256 0.1981272 -0.002477169 0.995925 0.09015297 0.003205955 0.09273225 -0.08953607 0.9916572 -0.03378862 0 0 0 1 0.9933816 -0.005248308 -0.1147408 0.1989752 0.01427572 0.9968513 0.07799756 0.005515813 0.1139702 -0.07911956 0.9903286 -0.02801871 0 0 0 1 0.9900016 -0.02261054 -0.1392335 0.1996567 0.03209114 0.9972885 0.06622719 0.007906258 0.1373584 -0.07003307 0.9880426 -0.02194613 0 0 0 1 0.9853776 -0.04085248 -0.1654146 0.2001357 0.05061215 0.9971907 0.05522048 0.01032638 0.1626941 -0.06278502 0.9846768 -0.01569259 0 0 0 1 0.9793992 -0.05946373 -0.1929799 0.2003932 0.06940168 0.9965667 0.04514658 0.01272451 0.1896328 -0.05760961 0.9801635 -0.009387493 0 0 0 1 0.9721198 -0.07789576 -0.2211689 0.2004277 0.08795285 0.9954748 0.03597915 0.01504951 0.2173653 -0.05442845 0.9745716 -0.003163933 0 0 0 1 0.9637354 -0.0956158 -0.2491428 0.2002556 0.1058033 0.9939987 0.0277931 0.01725178 0.2449901 -0.05314528 0.968068 0.002846062 0 0 0 1 0.9545766 -0.1121016 -0.2760732 0.1999105 0.1225097 0.9922516 0.0206896 0.01928079 0.2716149 -0.05357152 0.9609138 0.008507311 0 0 0 1 0.9450939 -0.1268613 -0.3011702 0.1994404 0.1376524 0.9903702 0.01479172 0.02108734 0.2963936 -0.05543637 0.9534558 0.01368796 0 0 0 1 0.9358453 -0.1394308 -0.323655 0.1989064 0.1508217 0.9885078 0.01024961 0.02262079 0.3185064 -0.05840617 0.9461197 0.01825511 0 0 0 1 0.9274664 -0.1493809 -0.3427704 0.1983774 0.1616158 0.9868274 0.007235288 0.02383041 0.3371744 -0.06210756 0.9393914 0.02207827 0 0 0 1 0.9206312 -0.1563136 -0.3577774 0.1979246 0.1696339 0.9854894 0.005939126 0.02466493 0.3516575 -0.06615895 0.9337881 0.02503049 0 0 0 1 0.9160153 -0.1598469 -0.3679202 0.1976169 0.1744602 0.9846425 0.006567239 0.02507102 0.36122 -0.07020312 0.9298343 0.02698373 0 0 0 1 0.9142389 -0.1596022 -0.3724172 0.1975123 0.1756539 0.9844078 0.009333312 0.02499341 0.3651208 -0.07394945 0.9280187 0.02780973 0 0 0 1</float_array>
        <technique_common>
          <accessor source="#node-Bip01_Spine_matrix-output-array" count="16" stride="16">
            <param name="TRANSFORM" type="float4x4"/>
          </accessor>
        </technique_common>
      </source>
      <source id="node-Bip01_Spine_matrix-interpolation">
        <Name_array id="node-Bip01_Spine_matrix-interpolation-array" count="16">LINEAR LINEAR LINEAR LINEAR LINEAR LINEAR LINEAR LINEAR LINEAR LINEAR LINEAR LINEAR LINEAR LINEAR LINEAR LINEAR</Name_array>
        <technique_common>
          <accessor source="#node-Bip01_Spine_matrix-interpolation-array" count="16" stride="1">
            <param name="INTERPOLATION" type="name"/>
          </accessor>
        </technique_common>
      </source>
      <source id="node-Bip01_Spine2_matrix-input">
        <float_array id="node-Bip01_Spine2_matrix-input-array" count="16">33 33.03333 33.06667 33.1 33.13334 33.16667 33.2 33.23333 33.26667 33.3 33.33333 33.36666 33.4 33.43333 33.46667 33.5</float_array>
        <technique_common>
          <accessor source="#node-Bip01_Spine2_matrix-input-array" count="16" stride="1">
            <param name="TIME" type="float"/>
          </accessor>
        </technique_common>
      </source>
      <source id="node-Bip01_Spine2_matrix-output">
        <float_array id="node-Bip01_Spine2_matrix-output-array" count="256">0.9534501 -0.279847 0.1123318 0.126914 0.2635519 0.9543508 0.1405529 -1.63473e-4 -0.1465373 -0.1044049 0.9836801 1.78516e-5 0 0 0 1 0.9508895 -0.3075824 0.03467154 0.1269186 0.3002014 0.9437196 0.1388248 -1.61644e-4 -0.07542032 -0.1215986 0.9897097 2.08616e-5 0 0 0 1 0.942319 -0.3326879 -0.0367943 0.126923 0.3345718 0.9329742 0.1327436 -1.59834e-4 -0.00983417 -0.1373971 0.9904673 2.35438e-5 0 0 0 1 0.9307016 -0.3531043 -0.09545457 0.1269265 0.3630961 0.9234107 0.1243935 -1.58172e-4 0.04421979 -0.1504324 0.9876309 2.57492e-5 0 0 0 1 0.920418 -0.3668508 -0.1350984 0.1269289 0.3824698 0.9165367 0.1169504 -1.56984e-4 0.0809192 -0.1593142 0.9839062 2.72691e-5 0 0 0 1 0.9161182 -0.3719102 -0.1497007 0.1269297 0.3896166 0.9139156 0.1138284 -1.56552e-4 0.09447991 -0.162606 0.9821572 2.78652e-5 0 0 0 1 0.916917 -0.3712328 -0.1464566 0.1269295 0.3884783 0.9143052 0.1145889 -1.56604e-4 0.09136676 -0.1619636 0.982558 2.77758e-5 0 0 0 1 0.9190103 -0.3694041 -0.1376986 0.1269293 0.3854045 0.9153505 0.1166062 -1.5682e-4 0.08296757 -0.1602319 0.9835865 2.74181e-5 0 0 0 1 0.9219192 -0.3667176 -0.1248322 0.1269288 0.3808868 0.91687 0.1194754 -1.57051e-4 0.07064127 -0.1576937 0.984958 2.70605e-5 0 0 0 1 0.9251866 -0.363457 -0.1092192 0.1269283 0.3754025 0.9186899 0.1228086 -1.57371e-4 0.0557028 -0.1546221 0.9864019 2.64943e-5 0 0 0 1 0.9284227 -0.359902 -0.09220439 0.1269276 0.3694253 0.920643 0.126259 -1.57692e-4 0.03944659 -0.1512843 0.987703 2.59876e-5 0 0 0 1 0.9313333 -0.3563327 -0.0751366 0.126927 0.3634309 0.9225721 0.1295324 -1.58034e-4 0.0231623 -0.1479448 0.9887244 2.53022e-5 0 0 0 1 0.9337242 -0.3530341 -0.05938053 0.1269264 0.3579004 0.9243268 0.1323906 -1.58317e-4 0.00814861 -0.1448686 0.9894173 2.48253e-5 0 0 0 1 0.9354917 -0.350298 -0.04632794 0.126926 0.3533223 0.9257618 0.134641 -1.58563e-4 -0.004275798 -0.1423242 0.9898109 2.43783e-5 0 0 0 1 0.9365893 -0.3484262 -0.03740745 0.1269258 0.350196 0.926733 0.1361186 -1.5875e-4 -0.01276069 -0.1405872 0.9899859 2.41101e-5 0 0 0 1 0.9369743 -0.3477308 -0.03409588 0.1269255 0.349036 0.9270918 0.1366547 -1.58779e-4 -0.01590913 -0.1399427 0.9900318 2.40505e-5 0 0 0 1</float_array>
        <technique_common>
          <accessor source="#node-Bip01_Spine2_matrix-output-array" count="16" stride="16">
            <param name="TRANSFORM" type="float4x4"/>
          </accessor>
        </technique_common>
      </source>
      <source id="node-Bip01_Spine2_matrix-interpolation">
        <Name_array id="node-Bip01_Spine2_matrix-interpolation-array" count="16">LINEAR LINEAR LINEAR LINEAR LINEAR LINEAR LINEAR LINEAR LINEAR LINEAR LINEAR LINEAR LINEAR LINEAR LINEAR LINEAR</Name_array>
        <technique_common>
          <accessor source="#node-Bip01_Spine2_matrix-interpolation-array" count="16" stride="1">
            <param name="INTERPOLATION" type="name"/>
          </accessor>
        </technique_common>
      </source>
      <source id="node-Bip01_Head_matrix-input">
        <float_array id="node-Bip01_Head_matrix-input-array" count="16">33 33.03333 33.06667 33.1 33.13334 33.16667 33.2 33.23333 33.26667 33.3 33.33333 33.36666 33.4 33.43333 33.46667 33.5</float_array>
        <technique_common>
          <accessor source="#node-Bip01_Head_matrix-input-array" count="16" stride="1">
            <param name="TIME" type="float"/>
          </accessor>
        </technique_common>
      </source>
      <source id="node-Bip01_Head_matrix-output">
