<?xml version="1.0" encoding="utf-8"?>
<COLLADA xmlns="http://www.collada.org/2005/11/COLLADASchema" version="1.4.1">
  <asset>
    <contributor>
      <author>MattO</author>
      <authoring_tool>OpenCOLLADA for 3ds Max;  Version: 1.3.0;  Revision: 839M;  Platform: x64;  Configuration: Release_Max2012</authoring_tool>
      <source_data>file:///C:/Dropbox/Prj/GGStout/Disposition_SourceArt/Soldier_TP_Disposition_Animation_Master03.max</source_data>
    </contributor>
    <created>2011-10-07T14:38:51</created>
    <modified>2011-10-07T14:38:51</modified>
    <unit name="meter" meter="1"/>
    <up_axis>Z_UP</up_axis>
  </asset>
  <library_effects>
    <effect id="ShapeBounds">
      <profile_COMMON>
        <technique sid="common">
          <blinn>
            <emission>
              <color>0 0 0 1</color>
            </emission>
            <ambient>
              <color>0.1647059 1 0 1</color>
            </ambient>
            <diffuse>
              <color>0.1647059 1 0 1</color>
            </diffuse>
            <specular>
              <color>0.9 0.9 0.9 1</color>
            </specular>
            <shininess>
              <float>10</float>
            </shininess>
            <reflective>
              <color>0 0 0 1</color>
            </reflective>
            <transparent opaque="A_ONE">
              <color>1 1 1 1</color>
            </transparent>
            <transparency>
              <float>1</float>
            </transparency>
          </blinn>
        </technique>
      </profile_COMMON>
      <extra>
        <technique profile="OpenCOLLADA3dsMax">
          <extended_shader>
            <apply_reflection_dimming>0</apply_reflection_dimming>
            <dim_level>0</dim_level>
            <falloff_type>0</falloff_type>
            <index_of_refraction>1.5</index_of_refraction>
            <opacity_type>0</opacity_type>
            <reflection_level>3</reflection_level>
            <wire_size>1</wire_size>
            <wire_units>0</wire_units>
          </extended_shader>
          <shader>
            <ambient_diffuse_lock>1</ambient_diffuse_lock>
            <ambient_diffuse_texture_lock>1</ambient_diffuse_texture_lock>
            <diffuse_specular_lock>0</diffuse_specular_lock>
            <soften>0.1</soften>
            <use_self_illum_color>0</use_self_illum_color>
          </shader>
        </technique>
      </extra>
    </effect>
  </library_effects>
  <library_materials>
    <material id="ShapeBounds-material" name="ShapeBounds">
      <instance_effect url="#ShapeBounds"/>
    </material>
  </library_materials>
  <library_geometries>
    <geometry id="geom-Bounds" name="Bounds">
      <mesh>
        <source id="geom-Bounds-positions">
          <float_array id="geom-Bounds-positions-array" count="24">-0.425 -0.425 0 0.425 -0.425 0 -0.425 0.425 0 0.425 0.425 0 -0.425 -0.425 1.84 0.425 -0.425 1.84 -0.425 0.425 1.84 0.425 0.425 1.84</float_array>
          <technique_common>
            <accessor source="#geom-Bounds-positions-array" count="8" stride="3">
              <param name="X" type="float"/>
              <param name="Y" type="float"/>
              <param name="Z" type="float"/>
            </accessor>
          </technique_common>
        </source>
        <source id="geom-Bounds-normals">
          <float_array id="geom-Bounds-normals-array" count="72">0 0 -1 0 0 -1 0 0 -1 0 0 -1 0 0 1 0 0 1 0 0 1 0 0 1 0 -1 0 0 -1 0 0 -1 0 0 -1 0 1 0 0 1 0 0 1 0 0 1 0 0 0 1 0 0 1 0 0 1 0 0 1 0 -1 0 0 -1 0 0 -1 0 0 -1 0 0</float_array>
          <technique_common>
            <accessor source="#geom-Bounds-normals-array" count="24" stride="3">
              <param name="X" type="float"/>
              <param name="Y" type="float"/>
              <param name="Z" type="float"/>
            </accessor>
          </technique_common>
        </source>
        <source id="geom-Bounds-map1">
          <float_array id="geom-Bounds-map1-array" count="36">0 0 0 1 0 0 0 1 0 1 1 0 0 0 0 1 0 0 0 1 0 1 1 0 0 0 0 1 0 0 0 1 0 1 1 0</float_array>
          <technique_common>
            <accessor source="#geom-Bounds-map1-array" count="12" stride="3">
              <param name="S" type="float"/>
              <param name="T" type="float"/>
              <param name="P" type="float"/>
            </accessor>
          </technique_common>
        </source>
        <vertices id="geom-Bounds-vertices">
          <input semantic="POSITION" source="#geom-Bounds-positions"/>
        </vertices>
        <triangles material="ShapeBounds" count="12">
          <input semantic="VERTEX" source="#geom-Bounds-vertices" offset="0"/>
          <input semantic="NORMAL" source="#geom-Bounds-normals" offset="1"/>
          <input semantic="TEXCOORD" source="#geom-Bounds-map1" offset="2" set="0"/>
          <p>0 0 9 2 1 11 3 2 10 3 2 10 1 3 8 0 0 9 4 4 8 5 5 9 7 6 11 7 6 11 6 7 10 4 4 8 0 8 4 1 9 5 5 10 7 5 10 7 4 11 6 0 8 4 1 12 0 3 13 1 7 14 3 7 14 3 5 15 2 1 12 0 3 16 4 2 17 5 6 18 7 6 18 7 7 19 6 3 16 4 2 20 0 0 21 1 4 22 3 4 22 3 6 23 2 2 20 0</p>
        </triangles>
      </mesh>
      <extra>
        <technique profile="OpenCOLLADA3dsMax">
          <max_box>
            <generateuvs>1</generateuvs>
            <height>1.84</height>
            <heightsegments>1</heightsegments>
            <length>0.85</length>
            <lengthsegments>1</lengthsegments>
            <width>0.85</width>
            <widthsegments>1</widthsegments>
          </max_box>
        </technique>
      </extra>
    </geometry>
  </library_geometries>
  <library_lights>
    <light id="EnvironmentAmbientLight" name="EnvironmentAmbientLight">
      <technique_common>
        <ambient>
          <color>0 0 0</color>
        </ambient>
      </technique_common>
    </light>
  </library_lights>
  <library_visual_scenes>
    <visual_scene id="MaxScene">
      <node name="EnvironmentAmbientLight">
        <instance_light url="#EnvironmentAmbientLight"/>
      </node>
      <node id="node-Bip01" name="Bip01">
        <matrix sid="matrix">0.7792376 -0.6267173 0.003750267 -8.10623e-5 0.6267178 0.7792454 0.001183462 0.009366653 -0.003664074 0.001428161 0.9999923 0.7990584 0 0 0 1</matrix>
        <node id="node-Bip01_Pelvis" name="Bip01_Pelvis">
          <matrix>-0.009626727 0.991236 0.1317526 0 -0.1217413 -0.1319404 0.9837534 0 0.9925151 -0.0065694 0.1219445 0 0 0 0 1</matrix>
          <node id="node-Bip01_Spine" name="Bip01_Spine">
            <matrix sid="matrix">0.9142389 -0.1596023 -0.3724171 0.1975123 0.1756539 0.9844078 0.009333353 0.02499345 0.3651207 -0.07394949 0.9280187 0.02780973 0 0 0 1</matrix>
            <node id="node-Bip01_Spine1" name="Bip01_Spine1">
              <matrix sid="matrix">0.9850424 0.02363086 -0.1706849 0.1022274 -0.01319331 0.9979873 0.06202858 -1.00836e-4 0.1718071 -0.05884882 0.9833715 5.93066e-6 0 0 0 1</matrix>
              <node id="node-Bip01_Spine2" name="Bip01_Spine2">
                <matrix>0.9369743 -0.3477308 -0.03409588 0.1269256 0.3490361 0.9270918 0.1366547 -1.58779e-4 -0.01590914 -0.1399428 0.9900318 2.40505e-5 0 0 0 1</matrix>
                <node id="node-Bip01_Neck" name="Bip01_Neck">
                  <matrix>0.8407081 -0.4308254 0.3280237 0.2151071 0.4136219 0.9019013 0.1244631 -4.97103e-5 -0.3494668 0.03104055 0.9364344 -1.75834e-6 0 0 0 1</matrix>
                  <node id="node-Bip01_Head" name="Bip01_Head">
                    <matrix sid="matrix">0.9475709 -0.06889567 -0.3120295 0.07051814 -0.2855059 0.2560087 -0.9235507 -0.01395917 0.1435108 0.9642163 0.2229163 1.49012e-8 0 0 0 1</matrix>
                    <node id="node-AltEye" name="AltEye">
                      <matrix sid="matrix">0.4506336 0.3792481 0.8081467 0.06454694 0.04412826 0.8947042 -0.4444743 0.221461 -0.8916178 0.2359567 0.3864482 0.04716253 0 0 0 1</matrix>
                    </node>
                  </node>
                  <node id="node-Bip01_L_Clavicle" name="Bip01_L_Clavicle">
                    <matrix sid="matrix">-0.5778345 -0.4531802 0.6787746 -0.04690331 0.2838089 -0.8913432 -0.3534966 -0.01204771 0.7652188 -0.01162021 0.6436654 0.05588409 0 0 0 1</matrix>
                    <node id="node-Bip01_L_UpperArm" name="Bip01_L_UpperArm">
                      <matrix sid="matrix">0.8910002 0.4283909 0.150332 0.1824007 -0.3034042 0.3155272 0.8991041 -2.98023e-8 0.3377345 -0.8467133 0.4111105 0 0 0 0 1</matrix>
                      <node id="node-Bip01_L_Forearm" name="Bip01_L_Forearm">
                        <matrix sid="matrix">0.3454336 0.9384432 0 0.284369 -0.9384433 0.3454335 0 5.96046e-8 -7.45058e-8 0 1 0 0 0 0 1</matrix>
                        <node id="node-Bip01_L_Hand" name="Bip01_L_Hand">
                          <matrix sid="matrix">0.9513581 0.2418655 -0.1908372 0.2810681 0.138477 -0.8890269 -0.4364117 0 -0.2752124 0.3887572 -0.8792758 5.96046e-8 0 0 0 1</matrix>
                          <node id="node-Bip01_L_Finger0" name="Bip01_L_Finger0">
                            <matrix>0.6413842 0.3141903 0.6999362 0.02119672 0.7352948 0.008702921 -0.6776915 -0.004734337 -0.2190156 0.9493203 -0.2254407 -0.02572185 0 0 0 1</matrix>
                            <node id="node-Bip01_L_Finger01" name="Bip01_L_Finger01">
                              <matrix>0.997564 -0.06975641 0 0.04982853 0.06975645 0.9975641 1.02445e-8 2.98023e-8 -2.98023e-8 -1.11759e-8 1 0 0 0 0 1</matrix>
                              <node id="node-Bip01_L_Finger02" name="Bip01_L_Finger02">
                                <matrix>0.9203135 0.3911814 2.98023e-8 0.05202222 -0.3911814 0.9203135 1.49012e-8 2.98023e-8 -2.98023e-8 -4.47035e-8 0.9999999 5.96046e-8 0 0 0 1</matrix>
                              </node>
                            </node>
                          </node>
                          <node id="node-Bip01_L_Finger1" name="Bip01_L_Finger1">
                            <matrix>0.9592717 -0.2819768 -0.01693507 0.1199946 0.2798395 0.9567646 -0.07931915 -0.008367717 0.03856889 0.07134949 0.9967055 -0.04101384 0 0 0 1</matrix>
                            <node id="node-Bip01_L_Finger11" name="Bip01_L_Finger11">
                              <matrix>0.7001772 -0.7139691 -1.49012e-8 0.03644168 0.7139691 0.7001772 1.49012e-8 5.96046e-8 4.47035e-8 -6.33299e-8 1 1.19209e-7 0 0 0 1</matrix>
                              <node id="node-Bip01_L_Finger12" name="Bip01_L_Finger12">
                                <matrix>0.8757258 -0.4828088 0 0.03117549 0.4828088 0.8757258 2.6077e-8 -8.9407e-8 0 -1.49012e-8 1 -1.19209e-7 0 0 0 1</matrix>
                              </node>
                            </node>
                          </node>
                          <node id="node-Bip01_L_Finger2" name="Bip01_L_Finger2">
                            <matrix sid="matrix">0.6611331 -0.7495598 -0.03260925 0.1229538 0.7489769 0.656822 0.08728345 -0.008801997 -0.04400571 -0.08212955 0.9956497 -0.01328242 0 0 0 1</matrix>
                            <node id="node-Bip01_L_Finger21" name="Bip01_L_Finger21">
                              <matrix sid="matrix">0.8156037 -0.5786112 -1.86265e-9 0.03895521 0.5786112 0.8156036 3.25963e-8 5.96046e-8 -1.86265e-8 1.29221e-8 1 0 0 0 0 1</matrix>
                              <node id="node-Bip01_L_Finger22" name="Bip01_L_Finger22">
                                <matrix sid="matrix">0.9762961 -0.2164397 3.72529e-9 0.03800523 0.2164397 0.9762961 -2.11876e-8 -5.96046e-8 -1.86265e-9 -3.25963e-9 1 5.96046e-8 0 0 0 1</matrix>
                              </node>
                            </node>
                          </node>
                          <node id="node-Bip01_L_Finger3" name="Bip01_L_Finger3">
                            <matrix sid="matrix">0.412463 -0.9064791 -0.09038857 0.1211882 0.9061534 0.3980612 0.1429456 -0.001191199 -0.09359709 -0.1408656 0.9855943 0.01196867 0 0 0 1</matrix>
                            <node id="node-Bip01_L_Finger31" name="Bip01_L_Finger31">
                              <matrix sid="matrix">0.9381477 -0.3462351 -1.86265e-9 0.03155839 0.346235 0.9381477 4.65661e-9 8.9407e-8 0 3.9814e-8 1 0 0 0 0 1</matrix>
                              <node id="node-Bip01_L_Finger32" name="Bip01_L_Finger32">
                                <matrix sid="matrix">0.9636305 -0.2672383 0 0.0336659 0.2672384 0.9636304 4.91273e-8 -1.19209e-7 7.45058e-9 1.21072e-8 0.9999999 0 0 0 0 1</matrix>
                              </node>
                            </node>
                          </node>
                          <node id="node-Bip01_L_Finger4" name="Bip01_L_Finger4">
                            <matrix sid="matrix">0.07120569 -0.9696807 0.2337719 0.1136796 0.9750155 0.1171045 0.1887628 0.005147398 -0.2104155 0.2144902 0.9537922 0.03886575 0 0 0 1</matrix>
                            <node id="node-Bip01_L_Finger41" name="Bip01_L_Finger41">
                              <matrix sid="matrix">0.9790113 -0.2038069 -1.49012e-8 0.03661609 0.203807 0.9790113 5.58794e-8 -1.19209e-7 1.49012e-8 5.21541e-8 1 1.49012e-8 0 0 0 1</matrix>
                              <node id="node-Bip01_L_Finger42" name="Bip01_L_Finger42">
                                <matrix sid="matrix">0.9645153 0.2640274 1.49012e-8 0.0177263 -0.2640274 0.9645152 2.98023e-8 0 1.49012e-8 -1.09896e-7 1 -1.49012e-8 0 0 0 1</matrix>
                              </node>
                            </node>
                          </node>
                        </node>
                      </node>
                    </node>
                  </node>
                  <node id="node-Bip01_R_Clavicle" name="Bip01_R_Clavicle">
                    <matrix sid="matrix">0.2073931 -0.1669672 -0.9639034 8.67009e-4 0.5679266 -0.7817281 0.2576056 -0.01629043 -0.7965223 -0.6008521 -0.06729986 -0.07212147 0 0 0 1</matrix>
                    <node id="node-Bip01_R_UpperArm" name="Bip01_R_UpperArm">
                      <matrix sid="matrix">0.3444382 0.9301254 -0.1273917 0.1824006 -0.8985945 0.3659246 0.2421301 0 0.2718272 0.03107467 0.9618442 0 0 0 0 1</matrix>
                      <node id="node-Bip01_R_Forearm" name="Bip01_R_Forearm">
                        <matrix sid="matrix">-0.07265081 0.9973576 2.98023e-8 0.2843689 -0.9973575 -0.0726508 7.45058e-9 1.49012e-8 1.49012e-8 -2.98023e-8 1 -1.19209e-7 0 0 0 1</matrix>
                        <node id="node-Bip01_R_Hand" name="Bip01_R_Hand">
                          <matrix sid="matrix">0.9247895 0.3771958 -0.04987458 0.2810681 0.2033487 -0.6007847 -0.7731152 5.96046e-8 -0.3215797 0.704827 -0.6323017 1.19209e-7 0 0 0 1</matrix>
                          <node id="node-Bip01_R_Finger0" name="Bip01_R_Finger0">
                            <matrix>0.5215105 0.269013 -0.8097276 0.02119675 0.7250717 0.3605265 0.5867639 -0.004734248 0.4497753 -0.893114 -0.00703546 0.02572179 0 0 0 1</matrix>
                            <node id="node-Bip01_R_Finger01" name="Bip01_R_Finger01">
                              <matrix>0.6423534 -0.7636236 0.06527573 0.04982853 0.7605615 0.6456373 0.06854747 0 -0.09448878 0.00561447 0.99551 0 0 0 0 1</matrix>
                              <node id="node-Bip01_R_Finger02" name="Bip01_R_Finger02">
                                <matrix>0.9505157 -0.3106764 -2.42144e-8 0.0520224 0.3106764 0.9505158 1.11759e-8 1.19209e-7 -2.79397e-8 5.21541e-8 0.9999999 2.98023e-8 0 0 0 1</matrix>
                              </node>
                            </node>
                          </node>
                          <node id="node-Bip01_R_Finger1" name="Bip01_R_Finger1">
                            <matrix>0.9820225 -0.1733428 -0.07472673 0.1199946 0.1795577 0.9799358 0.08651492 -0.008367568 0.05823066 -0.09837736 0.9934441 0.04101396 0 0 0 1</matrix>
                            <node id="node-Bip01_R_Finger11" name="Bip01_R_Finger11">
                              <matrix>0.8240548 -0.5665103 3.72529e-9 0.03644174 0.5665103 0.8240548 -7.45058e-9 0 -1.30385e-8 2.98023e-8 1 -1.19209e-7 0 0 0 1</matrix>
                              <node id="node-Bip01_R_Finger12" name="Bip01_R_Finger12">
                                <matrix>0.8146397 -0.5796779 0.01831834 0.03117546 0.5799672 0.8142334 -0.0257305 0 1.49012e-8 0.0315851 0.999501 1.19209e-7 0 0 0 1</matrix>
                              </node>
                            </node>
                          </node>
                          <node id="node-Bip01_R_Finger2" name="Bip01_R_Finger2">
                            <matrix>0.6754014 -0.7374504 -1.52119e-4 0.1229537 0.7368314 0.6748428 -0.04082685 -0.008802056 0.03021043 0.02746242 0.9991663 0.01328242 0 0 0 1</matrix>
                            <node id="node-Bip01_R_Finger21" name="Bip01_R_Finger21">
                              <matrix>0.5508358 -0.8338859 -0.03484871 0.03895518 0.832222 0.5519371 -0.05265062 5.96046e-8 0.0631389 -1.02445e-8 0.9980047 -1.19209e-7 0 0 0 1</matrix>
                              <node id="node-Bip01_R_Finger22" name="Bip01_R_Finger22">
                                <matrix>0.1984734 -0.9799246 0.01886612 0.03800538 0.9755272 0.199368 0.09272984 0 -0.09462957 0 0.9955125 1.19209e-7 0 0 0 1</matrix>
                              </node>
                            </node>
                          </node>
                          <node id="node-Bip01_R_Finger3" name="Bip01_R_Finger3">
                            <matrix>0.7159052 -0.6949216 0.06755453 0.1211881 0.6883786 0.6863563 -0.234627 -0.001191258 0.1166809 0.2144739 0.9697352 -0.01196873 0 0 0 1</matrix>
                            <node id="node-Bip01_R_Finger31" name="Bip01_R_Finger31">
                              <matrix>0.4441952 -0.8949346 0.04222354 0.03155845 0.8909186 0.4461976 0.08468728 1.49012e-8 -0.09462957 2.07219e-8 0.9955127 0 0 0 0 1</matrix>
                              <node id="node-Bip01_R_Finger32" name="Bip01_R_Finger32">
                                <matrix>0.1993681 -0.9794358 -0.03095101 0.03366594 0.9799249 0.1992686 0.006297074 0 -2.23517e-8 -0.03158513 0.9995011 -1.19209e-7 0 0 0 1</matrix>
                              </node>
                            </node>
                          </node>
                          <node id="node-Bip01_R_Finger4" name="Bip01_R_Finger4">
                            <matrix>0.5925791 -0.789795 -0.1583476 0.1136796 0.7783523 0.6120424 -0.1399001 0.005147427 0.2074078 -0.04034829 0.9774221 -0.0388658 0 0 0 1</matrix>
                            <node id="node-Bip01_R_Finger41" name="Bip01_R_Finger41">
                              <matrix>0.4202557 -0.9064696 0.04120626 0.03661621 0.9068531 0.4211511 0.01578783 -5.96046e-8 -0.03166523 0.030733 0.999026 0 0 0 0 1</matrix>
                              <node id="node-Bip01_R_Finger42" name="Bip01_R_Finger42">
                                <matrix>0.4024471 -0.9138246 -0.05441486 0.01772633 0.9154232 0.4021218 0.0172832 0 0.006087616 -0.05676817 0.9983689 0 0 0 0 1</matrix>
                              </node>
                            </node>
                          </node>
                          <node id="node-mount0" name="mount0">
                            <matrix>-0.004997193 0.9999837 -0.002795181 0.09410724 -0.9999509 -0.00502095 -0.008545232 0.01837561 -0.008559125 0.002752355 0.9999596 0.01120639 0 0 0 1</matrix>
                          </node>
                        </node>
                      </node>
                    </node>
                  </node>
                </node>
                <node id="node-Bip01_L_Pauldron_Upper" name="Bip01_L_Pauldron_Upper">
                  <matrix sid="matrix">0.9726268 0.1182922 0.2000107 0.176903 0.1448453 -0.9816829 -0.1237685 -0.03908372 0.1817063 0.1493511 -0.9719449 0.2290199 0 0 0 1</matrix>
                </node>
                <node id="node-Bip01_R_Pauldron_Lower" name="Bip01_R_Pauldron_Lower">
                  <matrix sid="matrix">-0.1156724 -0.9403759 -0.3198653 0.172906 0.909775 -0.2295502 0.3458564 -0.1133294 -0.3986599 -0.2509996 0.8820826 -0.2351095 0 0 0 1</matrix>
                </node>
                <node id="node-Bip01_L_Pauldron_Lower" name="Bip01_L_Pauldron_Lower">
                  <matrix sid="matrix">-0.2099968 -0.7687201 0.6041283 0.1529202 0.4002343 -0.6313505 -0.6642359 -0.1054225 0.892028 0.1023054 0.4402497 0.2344801 0 0 0 1</matrix>
                </node>
              </node>
            </node>
            <node id="node-Bip01_L_Thigh" name="Bip01_L_Thigh">
              <matrix sid="matrix">-0.4488791 0.8921273 -0.05115134 -0.1485698 0.5193912 0.3070584 0.7974636 -4.51207e-4 0.7271454 0.3313971 -0.6011951 0.1658256 0 0 0 1</matrix>
              <node id="node-Bip01_L_Calf" name="Bip01_L_Calf">
                <matrix sid="matrix">0.3964404 0.9180604 -1.86265e-9 0.4629987 -0.9180604 0.3964405 -3.72529e-9 0 -1.11759e-8 -4.37722e-8 1 -7.45058e-9 0 0 0 1</matrix>
                <node id="node-Bip01_L_Foot" name="Bip01_L_Foot">
                  <matrix sid="matrix">0.9291645 -0.3606355 -0.08121213 0.3610501 0.3686246 0.9203926 0.130358 4.47035e-8 0.02773535 -0.1510609 0.9881353 0 0 0 0 1</matrix>
                  <node id="node-Bip01_L_Toe0" name="Bip01_L_Toe0">
                    <matrix>4.76837e-7 -1 1.39046e-6 0.1486307 1 4.7707e-7 2.30575e-8 0.1543275 -2.30466e-8 1.38953e-6 1 0 0 0 0 1</matrix>
                  </node>
                </node>
              </node>
            </node>
            <node id="node-Bip01_R_Thigh" name="Bip01_R_Thigh">
              <matrix sid="matrix">-0.9150352 0.3601503 0.181665 -0.2416654 0.4023442 0.8470567 0.3472959 0.01840352 -0.0288018 0.3908798 -0.919991 -0.07079414 0 0 0 1</matrix>
              <node id="node-Bip01_R_Calf" name="Bip01_R_Calf">
                <matrix>0.4439933 0.8960304 0 0.4629988 -0.8960301 0.4439933 -6.70552e-8 3.72529e-9 0 2.98023e-8 1 -2.98023e-8 0 0 0 1</matrix>
                <node id="node-Bip01_R_Foot" name="Bip01_R_Foot">
                  <matrix sid="matrix">0.6470548 -0.7363791 0.1976512 0.3610501 0.712344 0.6762909 0.1876077 1.49012e-8 -0.2718202 0.01940326 0.9621525 0 0 0 0 1</matrix>
                  <node id="node-Bip01_R_Toe0" name="Bip01_R_Toe0">
                    <matrix sid="matrix">-0.1805807 -0.9786912 0.09774576 0.1486306 0.9833316 -0.1817878 -0.003513475 0.1543275 0.02120755 0.09548199 0.9952052 -2.98023e-8 0 0 0 1</matrix>
                  </node>
                </node>
              </node>
            </node>
          </node>
          <node id="node-Bip01_FannyPack" name="Bip01_FannyPack">
            <matrix>-0.9629918 -0.2062317 0.1735378 0.2299508 -0.2083319 0.9780385 0.006227079 -0.1378937 -0.1710108 -0.03015682 -0.9848076 0.01013964 0 0 0 1</matrix>
          </node>
        </node>
        <node id="node-Eye" name="Eye">
          <matrix sid="matrix">0.7792379 0.6267177 -0.003664111 0.05939458 -0.6267173 0.7792452 0.001428191 0.07235012 0.003750314 0.001183282 0.999992 0.7713361 0 0 0 1</matrix>
          <node id="node-cam" name="cam">
            <matrix>1 -6.03104e-8 3.55271e-15 4.84288e-8 6.03104e-8 1 -2.32831e-9 -0.104 -3.55271e-15 2.32832e-9 1 0.3005601 0 0 0 1</matrix>
          </node>
        </node>
      </node>
      <node id="node-nulldetail1" name="nulldetail1">
        <matrix>1 0 0 0 0 1 0 0 0 0 1 0 0 0 0 1</matrix>
      </node>
      <node id="node-Bounds" name="Bounds">
        <matrix>0.9999915 0.001706907 0.003750479 0 -0.001711356 0.9999978 0.001183292 0.1035326 -0.003748452 -0.0011897 0.9999923 -8.93474e-5 0 0 0 1</matrix>
        <instance_geometry url="#geom-Bounds">
          <bind_material>
            <technique_common>
              <instance_material symbol="ShapeBounds" target="#ShapeBounds-material"/>
            </technique_common>
          </bind_material>
        </instance_geometry>
      </node>
    </visual_scene>
  </library_visual_scenes>
  <library_animations>
    <animation>
      <source id="node-Bip01_matrix-input">
        <float_array id="node-Bip01_matrix-input-array" count="91">18.33333 18.36667 18.4 18.43333 18.46667 18.5 18.53333 18.56667 18.6 18.63333 18.66667 18.7 18.73333 18.76667 18.8 18.83333 18.86667 18.9 18.93333 18.96667 19 19.03333 19.06667 19.1 19.13333 19.16667 19.2 19.23333 19.26667 19.3 19.33333 19.36667 19.4 19.43333 19.46667 19.5 19.53333 19.56667 19.6 19.63333 19.66667 19.7 19.73333 19.76667 19.8 19.83333 19.86667 19.9 19.93333 19.96667 20 20.03333 20.06667 20.1 20.13333 20.16667 20.2 20.23333 20.26667 20.3 20.33333 20.36667 20.4 20.43333 20.46667 20.5 20.53333 20.56667 20.6 20.63333 20.66667 20.7 20.73333 20.76667 20.8 20.83333 20.86667 20.9 20.93333 20.96667 21 21.03333 21.06667 21.1 21.13333 21.16667 21.2 21.23333 21.26667 21.3 21.33333</float_array>
        <technique_common>
          <accessor source="#node-Bip01_matrix-input-array" count="91" stride="1">
            <param name="TIME" type="float"/>
          </accessor>
        </technique_common>
      </source>
      <source id="node-Bip01_matrix-output">
        <float_array id="node-Bip01_matrix-output-array" count="1456">0.7792376 -0.6267173 0.003750264 -8.10623e-5 0.6267178 0.7792454 0.00118345 0.009366631 -0.003664016 0.001428127 0.9999923 0.7990584 0 0 0 1 0.7792376 -0.6267173 0.003750264 -8.10623e-5 0.6267178 0.7792454 0.00118345 0.009377002 -0.003664016 0.001428127 0.9999923 0.7990541 0 0 0 1 0.7792376 -0.6267173 0.003750264 -8.10623e-5 0.6267178 0.7792454 0.00118345 0.009401857 -0.003664016 0.001428127 0.9999923 0.7990356 0 0 0 1 0.7792376 -0.6267173 0.003750264 -8.10623e-5 0.6267178 0.7792454 0.00118345 0.009440422 -0.003664016 0.001428127 0.9999923 0.7990036 0 0 0 1 0.7792376 -0.6267173 0.003750264 -8.10623e-5 0.6267178 0.7792454 0.00118345 0.00949198 -0.003664016 0.001428127 0.9999923 0.7989588 0 0 0 1 0.7792376 -0.6267173 0.003750264 -8.10623e-5 0.6267178 0.7792454 0.00118345 0.009555876 -0.003664016 0.001428127 0.9999923 0.798902 0 0 0 1 0.7792376 -0.6267173 0.003750264 -8.10623e-5 0.6267178 0.7792454 0.00118345 0.009631335 -0.003664016 0.001428127 0.9999923 0.7988339 0 0 0 1 0.7792376 -0.6267173 0.003750264 -8.10623e-5 0.6267178 0.7792454 0.00118345 0.009717643 -0.003664016 0.001428127 0.9999923 0.798755 0 0 0 1 0.7792376 -0.6267173 0.003750264 -8.10623e-5 0.6267178 0.7792454 0.00118345 0.009814143 -0.003664016 0.001428127 0.9999923 0.7986662 0 0 0 1 0.7792376 -0.6267173 0.003750264 -8.10623e-5 0.6267178 0.7792454 0.00118345 0.00992012 -0.003664016 0.001428127 0.9999923 0.798568 0 0 0 1 0.7792376 -0.6267173 0.003750264 -8.10623e-5 0.6267178 0.7792454 0.00118345 0.01003491 -0.003664016 0.001428127 0.9999923 0.7984611 0 0 0 1 0.7792376 -0.6267173 0.003750264 -8.10623e-5 0.6267178 0.7792454 0.00118345 0.01015788 -0.003664016 0.001428127 0.9999923 0.7983462 0 0 0 1 0.7792376 -0.6267173 0.003750264 -8.10623e-5 0.6267178 0.7792454 0.00118345 0.01028823 -0.003664016 0.001428127 0.9999923 0.798224 0 0 0 1 0.7792376 -0.6267173 0.003750264 -8.10623e-5 0.6267178 0.7792454 0.00118345 0.01042538 -0.003664016 0.001428127 0.9999923 0.7980951 0 0 0 1 0.7792376 -0.6267173 0.003750264 -8.10623e-5 0.6267178 0.7792454 0.00118345 0.01056867 -0.003664016 0.001428127 0.9999923 0.79796 0 0 0 1 0.7792376 -0.6267173 0.003750264 -8.10623e-5 0.6267178 0.7792454 0.00118345 0.01071745 -0.003664016 0.001428127 0.9999923 0.7978196 0 0 0 1 0.7792376 -0.6267173 0.003750264 -8.10623e-5 0.6267178 0.7792454 0.00118345 0.01087105 -0.003664016 0.001428127 0.9999923 0.7976743 0 0 0 1 0.7792376 -0.6267173 0.003750264 -8.10623e-5 0.6267178 0.7792454 0.00118345 0.01102876 -0.003664016 0.001428127 0.9999923 0.7975249 0 0 0 1 0.7792376 -0.6267173 0.003750264 -8.10623e-5 0.6267178 0.7792454 0.00118345 0.01118999 -0.003664016 0.001428127 0.9999923 0.7973719 0 0 0 1 0.7792376 -0.6267173 0.003750264 -8.10623e-5 0.6267178 0.7792454 0.00118345 0.01135402 -0.003664016 0.001428127 0.9999923 0.7972161 0 0 0 1 0.7792376 -0.6267173 0.003750264 -8.10623e-5 0.6267178 0.7792454 0.00118345 0.01152026 -0.003664016 0.001428127 0.9999923 0.7970581 0 0 0 1 0.7792376 -0.6267173 0.003750264 -8.10623e-5 0.6267178 0.7792454 0.00118345 0.01168811 -0.003664016 0.001428127 0.9999923 0.7968984 0 0 0 1 0.7792376 -0.6267173 0.003750264 -8.10623e-5 0.6267178 0.7792454 0.00118345 0.01185679 -0.003664016 0.001428127 0.9999923 0.7967377 0 0 0 1 0.7792376 -0.6267173 0.003750264 -8.10623e-5 0.6267178 0.7792454 0.00118345 0.01202577 -0.003664016 0.001428127 0.9999923 0.7965766 0 0 0 1 0.7792376 -0.6267173 0.003750264 -8.10623e-5 0.6267178 0.7792454 0.00118345 0.01219439 -0.003664016 0.001428127 0.9999923 0.7964158 0 0 0 1 0.7792376 -0.6267173 0.003750264 -8.10623e-5 0.6267178 0.7792454 0.00118345 0.01236194 -0.003664016 0.001428127 0.9999923 0.7962558 0 0 0 1 0.7792376 -0.6267173 0.003750264 -8.10623e-5 0.6267178 0.7792454 0.00118345 0.01252782 -0.003664016 0.001428127 0.9999923 0.7960973 0 0 0 1 0.7792376 -0.6267173 0.003750264 -8.10623e-5 0.6267178 0.7792454 0.00118345 0.01269137 -0.003664016 0.001428127 0.9999923 0.795941 0 0 0 1 0.7792376 -0.6267173 0.003750264 -8.10623e-5 0.6267178 0.7792454 0.00118345 0.01285195 -0.003664016 0.001428127 0.9999923 0.7957874 0 0 0 1 0.7792376 -0.6267173 0.003750264 -8.10623e-5 0.6267178 0.7792454 0.00118345 0.01300889 -0.003664016 0.001428127 0.9999923 0.7956373 0 0 0 1 0.7792376 -0.6267173 0.003750264 -8.10623e-5 0.6267178 0.7792454 0.00118345 0.01316159 -0.003664016 0.001428127 0.9999923 0.7954911 0 0 0 1 0.7792376 -0.6267173 0.003750264 -8.10623e-5 0.6267178 0.7792454 0.00118345 0.01330929 -0.003664016 0.001428127 0.9999923 0.7953496 0 0 0 1 0.7792376 -0.6267173 0.003750264 -8.10623e-5 0.6267178 0.7792454 0.00118345 0.01345151 -0.003664016 0.001428127 0.9999923 0.7952134 0 0 0 1 0.7792376 -0.6267173 0.003750264 -8.10623e-5 0.6267178 0.7792454 0.00118345 0.01358735 -0.003664016 0.001428127 0.9999923 0.7950832 0 0 0 1 0.7792376 -0.6267173 0.003750264 -8.10623e-5 0.6267178 0.7792454 0.00118345 0.01371634 -0.003664016 0.001428127 0.9999923 0.7949595 0 0 0 1 0.7792376 -0.6267173 0.003750264 -8.10623e-5 0.6267178 0.7792454 0.00118345 0.01383775 -0.003664016 0.001428127 0.9999923 0.794843 0 0 0 1 0.7792376 -0.6267173 0.003750264 -8.10623e-5 0.6267178 0.7792454 0.00118345 0.01395088 -0.003664016 0.001428127 0.9999923 0.7947345 0 0 0 1 0.7792376 -0.6267173 0.003750264 -8.10623e-5 0.6267178 0.7792454 0.00118345 0.01405513 -0.003664016 0.001428127 0.9999923 0.7946345 0 0 0 1 0.7792376 -0.6267173 0.003750264 -8.10623e-5 0.6267178 0.7792454 0.00118345 0.01414972 -0.003664016 0.001428127 0.9999923 0.7945437 0 0 0 1 0.7792376 -0.6267173 0.003750264 -8.10623e-5 0.6267178 0.7792454 0.00118345 0.01423394 -0.003664016 0.001428127 0.9999923 0.7944628 0 0 0 1 0.7792376 -0.6267173 0.003750264 -8.10623e-5 0.6267178 0.7792454 0.00118345 0.01430726 -0.003664016 0.001428127 0.9999923 0.7943924 0 0 0 1 0.7792376 -0.6267173 0.003750264 -8.10623e-5 0.6267178 0.7792454 0.00118345 0.01436877 -0.003664016 0.001428127 0.9999923 0.7943332 0 0 0 1 0.7792376 -0.6267173 0.003750264 -8.10623e-5 0.6267178 0.7792454 0.00118345 0.01441794 -0.003664016 0.001428127 0.9999923 0.794286 0 0 0 1 0.7792376 -0.6267173 0.003750264 -8.10623e-5 0.6267178 0.7792454 0.00118345 0.01445394 -0.003664016 0.001428127 0.9999923 0.7942515 0 0 0 1 0.7792376 -0.6267173 0.003750264 -8.10623e-5 0.6267178 0.7792454 0.00118345 0.01447606 -0.003664016 0.001428127 0.9999923 0.7942302 0 0 0 1 0.7792376 -0.6267173 0.003750264 -8.10623e-5 0.6267178 0.7792454 0.00118345 0.01448363 -0.003664016 0.001428127 0.9999923 0.7942228 0 0 0 1 0.7792376 -0.6267173 0.003750264 -8.10623e-5 0.6267178 0.7792454 0.00118345 0.01457518 -0.003664016 0.001428127 0.9999923 0.7941513 0 0 0 1 0.7792376 -0.6267173 0.003750264 -8.10623e-5 0.6267178 0.7792454 0.00118345 0.01482832 -0.003664016 0.001428127 0.9999923 0.7939534 0 0 0 1 0.7792376 -0.6267173 0.003750264 -8.10623e-5 0.6267178 0.7792454 0.00118345 0.0152114 -0.003664016 0.001428127 0.9999923 0.7936544 0 0 0 1 0.7792376 -0.6267173 0.003750264 -8.10623e-5 0.6267178 0.7792454 0.00118345 0.01569324 -0.003664016 0.001428127 0.9999923 0.7932788 0 0 0 1 0.7792376 -0.6267173 0.003750264 -8.10623e-5 0.6267178 0.7792454 0.00118345 0.01624333 -0.003664016 0.001428127 0.9999923 0.7928507 0 0 0 1 0.7792376 -0.6267173 0.003750264 -8.10623e-5 0.6267178 0.7792454 0.00118345 0.01683145 -0.003664016 0.001428127 0.9999923 0.7923941 0 0 0 1 0.7792376 -0.6267173 0.003750264 -8.10623e-5 0.6267178 0.7792454 0.00118345 0.01742768 -0.003664016 0.001428127 0.9999923 0.7919325 0 0 0 1 0.7792376 -0.6267173 0.003750264 -8.10623e-5 0.6267178 0.7792454 0.00118345 0.01800256 -0.003664016 0.001428127 0.9999923 0.7914893 0 0 0 1 0.7792376 -0.6267173 0.003750264 -8.10623e-5 0.6267178 0.7792454 0.00118345 0.01852637 -0.003664016 0.001428127 0.9999923 0.791088 0 0 0 1 0.7792376 -0.6267173 0.003750264 -8.10623e-5 0.6267178 0.7792454 0.00118345 0.01896977 -0.003664016 0.001428127 0.9999923 0.7907516 0 0 0 1 0.7792376 -0.6267173 0.003750264 -8.10623e-5 0.6267178 0.7792454 0.00118345 0.01930314 -0.003664016 0.001428127 0.9999923 0.7905037 0 0 0 1 0.7792376 -0.6267173 0.003750264 -8.10623e-5 0.6267178 0.7792454 0.00118345 0.01949697 -0.003664016 0.001428127 0.9999923 0.7903677 0 0 0 1 0.7792376 -0.6267173 0.003750264 -8.10623e-5 0.6267178 0.7792454 0.00118345 0.01952135 -0.003664016 0.001428127 0.9999923 0.790367 0 0 0 1 0.7792376 -0.6267173 0.003750264 -8.10623e-5 0.6267178 0.7792454 0.00118345 0.01934611 -0.003664016 0.001428127 0.9999923 0.7905257 0 0 0 1 0.7792376 -0.6267173 0.003750264 -8.10623e-5 0.6267178 0.7792454 0.00118345 0.01894062 -0.003664016 0.001428127 0.9999923 0.7908678 0 0 0 1 0.7792376 -0.6267173 0.003750264 -8.10623e-5 0.6267178 0.7792454 0.00118345 0.01827394 -0.003664016 0.001428127 0.9999923 0.791418 0 0 0 1 0.7792376 -0.6267173 0.003750264 -8.10623e-5 0.6267178 0.7792454 0.00118345 0.01731443 -0.003664016 0.001428127 0.9999923 0.7922011 0 0 0 1 0.7792376 -0.6267173 0.003750264 -8.10623e-5 0.6267178 0.7792454 0.00118345 0.01602953 -0.003664016 0.001428127 0.9999923 0.7932431 0 0 0 1 0.7792376 -0.6267173 0.003750264 -8.10623e-5 0.6267178 0.7792454 0.00118345 0.01438641 -0.003664016 0.001428127 0.9999923 0.7945697 0 0 0 1 0.7792376 -0.6267173 0.003750264 -8.10623e-5 0.6267178 0.7792454 0.00118345 0.01235079 -0.003664016 0.001428127 0.9999923 0.796208 0 0 0 1 0.7793631 -0.6265603 0.003915369 -8.10623e-5 0.6265696 0.7793633 -0.001833558 0.009145855 -0.001902639 0.003882288 0.9999907 0.7987751 0 0 0 1 0.7796774 -0.6261664 0.004348993 -8.10623e-5 0.6261753 0.7796199 -0.009862542 0.004385411 0.002784967 0.01041287 0.9999419 0.8025771 0 0 0 1 0.7800798 -0.6256604 0.004960238 -8.10623e-5 0.6256074 0.7798438 -0.02142763 -0.001399517 0.009538173 0.01981848 0.9997581 0.8071918 0 0 0 1 0.7804793 -0.6251561 0.005665481 -8.10623e-5 0.624936 0.7798865 -0.03510069 -0.007694959 0.01752495 0.03093594 0.9993677 0.8122103 0 0 0 1 0.7808102 -0.6247357 0.00639081 -8.10623e-5 0.6242301 0.7796722 -0.04947841 -0.01399672 0.02592813 0.04262256 0.9987547 0.8172317 0 0 0 1 0.7810404 -0.6244405 0.007069766 -8.10623e-5 0.6235579 0.7792214 -0.06316322 -0.01980286 0.03393268 0.05374145 0.9979782 0.8218569 0 0 0 1 0.7811707 -0.6242708 0.007638871 -8.10623e-5 0.6229886 0.7786515 -0.07474732 -0.0246064 0.0407145 0.06314933 0.9971733 0.8256826 0 0 0 1 0.7812263 -0.6241963 0.0080325 -8.10623e-5 0.6225927 0.7781538 -0.08279454 -0.02788764 0.04542952 0.06968224 0.9965343 0.8282954 0 0 0 1 0.7812399 -0.6241773 0.00818032 -8.10623e-5 0.6224437 0.7779452 -0.08582025 -0.02910655 0.04720318 0.07213801 0.996277 0.829266 0 0 0 1 0.7812311 -0.6241897 0.008079826 -8.10623e-5 0.622545 0.7780883 -0.08376353 -0.02819299 0.0459975 0.07046878 0.9964529 0.8285474 0 0 0 1 0.7811978 -0.6242347 0.007805883 -8.10623e-5 0.6228206 0.7784507 -0.07816052 -0.02570438 0.04271394 0.06592053 0.9969102 0.82659 0 0 0 1 0.7811228 -0.6243337 0.007397949 -8.10623e-5 0.62323 0.7789144 -0.06983375 -0.02200675 0.0378372 0.05915939 0.9975312 0.8236816 0 0 0 1 0.7809882 -0.6245078 0.0068928 -8.10623e-5 0.6237339 0.7793628 -0.05957967 -0.01745384 0.03183591 0.0508303 0.9981998 0.8201006 0 0 0 1 0.780784 -0.624769 0.00632584 -8.10623e-5 0.6242939 0.7797024 -0.04817914 -0.01239174 0.02516853 0.04156666 0.9988187 0.816119 0 0 0 1 0.7805129 -0.6251134 0.005731642 -8.10623e-5 0.6248722 0.7798781 -0.03639954 -0.007160007 0.01828384 0.03199189 0.9993209 0.8120039 0 0 0 1 0.7801923 -0.6255185 0.005146563 -8.10623e-5 0.6254316 0.7798781 -0.02500712 -0.002097845 0.01162868 0.02272921 0.999674 0.8080223 0 0 0 1 0.7798553 -0.6259429 0.004610061 -8.10623e-5 0.6259344 0.7797359 -0.01476716 0.002455055 0.005648732 0.01440185 0.9998803 0.8044412 0 0 0 1 0.7795476 -0.6263292 0.004166066 -8.10623e-5 0.6263425 0.7795212 -0.006456732 0.006152689 7.96504e-4 0.007642686 0.9999705 0.8015328 0 0 0 1 0.7793235 -0.6266099 0.003862619 -8.10623e-5 0.626617 0.7793269 -8.67269e-4 0.008641183 -0.002466797 0.003096222 0.9999922 0.7995755 0 0 0 1 0.7792376 -0.6267173 0.003750264 -8.10623e-5 0.6267178 0.7792454 0.00118345 0.009554564 -0.003664016 0.001428127 0.9999923 0.7988572 0 0 0 1 0.7792376 -0.6267173 0.003750264 -8.10623e-5 0.6267178 0.7792454 0.00118345 0.009534895 -0.003664016 0.001428127 0.9999923 0.7988772 0 0 0 1 0.7792376 -0.6267173 0.003750264 -8.10623e-5 0.6267178 0.7792454 0.00118345 0.009488582 -0.003664016 0.001428127 0.9999923 0.7989249 0 0 0 1 0.7792376 -0.6267173 0.003750264 -8.10623e-5 0.6267178 0.7792454 0.00118345 0.009433329 -0.003664016 0.001428127 0.9999923 0.7989826 0 0 0 1 0.7792376 -0.6267173 0.003750264 -8.10623e-5 0.6267178 0.7792454 0.00118345 0.009386718 -0.003664016 0.001428127 0.9999923 0.7990329 0 0 0 1 0.7792376 -0.6267173 0.003750264 -8.10623e-5 0.6267178 0.7792454 0.00118345 0.009366631 -0.003664016 0.001428127 0.9999923 0.7990584 0 0 0 1</float_array>
        <technique_common>
          <accessor source="#node-Bip01_matrix-output-array" count="91" stride="16">
            <param name="TRANSFORM" type="float4x4"/>
          </accessor>
        </technique_common>
      </source>
      <source id="node-Bip01_matrix-interpolation">
        <Name_array id="node-Bip01_matrix-interpolation-array" count="91">LINEAR LINEAR LINEAR LINEAR LINEAR LINEAR LINEAR LINEAR LINEAR LINEAR LINEAR LINEAR LINEAR LINEAR LINEAR LINEAR LINEAR LINEAR LINEAR LINEAR LINEAR LINEAR LINEAR LINEAR LINEAR LINEAR LINEAR LINEAR LINEAR LINEAR LINEAR LINEAR LINEAR LINEAR LINEAR LINEAR LINEAR LINEAR LINEAR LINEAR LINEAR LINEAR LINEAR LINEAR LINEAR LINEAR LINEAR LINEAR LINEAR LINEAR LINEAR LINEAR LINEAR LINEAR LINEAR LINEAR LINEAR LINEAR LINEAR LINEAR LINEAR LINEAR LINEAR LINEAR LINEAR LINEAR LINEAR LINEAR LINEAR LINEAR LINEAR LINEAR LINEAR LINEAR LINEAR LINEAR LINEAR LINEAR LINEAR LINEAR LINEAR LINEAR LINEAR LINEAR LINEAR LINEAR LINEAR LINEAR LINEAR LINEAR LINEAR</Name_array>
        <technique_common>
          <accessor source="#node-Bip01_matrix-interpolation-array" count="91" stride="1">
            <param name="INTERPOLATION" type="name"/>
          </accessor>
        </technique_common>
      </source>
      <source id="node-Bip01_Spine_matrix-input">
        <float_array id="node-Bip01_Spine_matrix-input-array" count="91">18.33333 18.36667 18.4 18.43333 18.46667 18.5 18.53333 18.56667 18.6 18.63333 18.66667 18.7 18.73333 18.76667 18.8 18.83333 18.86667 18.9 18.93333 18.96667 19 19.03333 19.06667 19.1 19.13333 19.16667 19.2 19.23333 19.26667 19.3 19.33333 19.36667 19.4 19.43333 19.46667 19.5 19.53333 19.56667 19.6 19.63333 19.66667 19.7 19.73333 19.76667 19.8 19.83333 19.86667 19.9 19.93333 19.96667 20 20.03333 20.06667 20.1 20.13333 20.16667 20.2 20.23333 20.26667 20.3 20.33333 20.36667 20.4 20.43333 20.46667 20.5 20.53333 20.56667 20.6 20.63333 20.66667 20.7 20.73333 20.76667 20.8 20.83333 20.86667 20.9 20.93333 20.96667 21 21.03333 21.06667 21.1 21.13333 21.16667 21.2 21.23333 21.26667 21.3 21.33333</float_array>
        <technique_common>
          <accessor source="#node-Bip01_Spine_matrix-input-array" count="91" stride="1">
            <param name="TIME" type="float"/>
