<?xml version="1.0" encoding="utf-8"?>
<COLLADA xmlns="http://www.collada.org/2005/11/COLLADASchema" version="1.4.1">
  <asset>
    <contributor>
      <author>MattO</author>
      <authoring_tool>OpenCOLLADA for 3ds Max;  Version: 1.3.0;  Revision: 839M;  Platform: x64;  Configuration: Release_Max2012</authoring_tool>
      <source_data>file:///C:/Dropbox/Prj/GGStout/Disposition_SourceArt/Soldier_TP_Disposition_Animation_Master03.max</source_data>
    </contributor>
    <created>2011-10-07T14:38:57</created>
    <modified>2011-10-07T14:38:57</modified>
    <unit name="meter" meter="1"/>
    <up_axis>Z_UP</up_axis>
  </asset>
  <library_effects>
    <effect id="ShapeBounds">
      <profile_COMMON>
        <technique sid="common">
          <blinn>
            <emission>
              <color>0 0 0 1</color>
            </emission>
            <ambient>
              <color>0.1647059 1 0 1</color>
            </ambient>
            <diffuse>
              <color>0.1647059 1 0 1</color>
            </diffuse>
            <specular>
              <color>0.9 0.9 0.9 1</color>
            </specular>
            <shininess>
              <float>10</float>
            </shininess>
            <reflective>
              <color>0 0 0 1</color>
            </reflective>
            <transparent opaque="A_ONE">
              <color>1 1 1 1</color>
            </transparent>
            <transparency>
              <float>1</float>
            </transparency>
          </blinn>
        </technique>
      </profile_COMMON>
      <extra>
        <technique profile="OpenCOLLADA3dsMax">
          <extended_shader>
            <apply_reflection_dimming>0</apply_reflection_dimming>
            <dim_level>0</dim_level>
            <falloff_type>0</falloff_type>
            <index_of_refraction>1.5</index_of_refraction>
            <opacity_type>0</opacity_type>
            <reflection_level>3</reflection_level>
            <wire_size>1</wire_size>
            <wire_units>0</wire_units>
          </extended_shader>
          <shader>
            <ambient_diffuse_lock>1</ambient_diffuse_lock>
            <ambient_diffuse_texture_lock>1</ambient_diffuse_texture_lock>
            <diffuse_specular_lock>0</diffuse_specular_lock>
            <soften>0.1</soften>
            <use_self_illum_color>0</use_self_illum_color>
          </shader>
        </technique>
      </extra>
    </effect>
  </library_effects>
  <library_materials>
    <material id="ShapeBounds-material" name="ShapeBounds">
      <instance_effect url="#ShapeBounds"/>
    </material>
  </library_materials>
  <library_geometries>
    <geometry id="geom-Bounds" name="Bounds">
      <mesh>
        <source id="geom-Bounds-positions">
          <float_array id="geom-Bounds-positions-array" count="24">-0.425 -0.425 0 0.425 -0.425 0 -0.425 0.425 0 0.425 0.425 0 -0.425 -0.425 1.84 0.425 -0.425 1.84 -0.425 0.425 1.84 0.425 0.425 1.84</float_array>
          <technique_common>
            <accessor source="#geom-Bounds-positions-array" count="8" stride="3">
              <param name="X" type="float"/>
              <param name="Y" type="float"/>
              <param name="Z" type="float"/>
            </accessor>
          </technique_common>
        </source>
        <source id="geom-Bounds-normals">
          <float_array id="geom-Bounds-normals-array" count="72">0 0 -1 0 0 -1 0 0 -1 0 0 -1 0 0 1 0 0 1 0 0 1 0 0 1 0 -1 0 0 -1 0 0 -1 0 0 -1 0 1 0 0 1 0 0 1 0 0 1 0 0 0 1 0 0 1 0 0 1 0 0 1 0 -1 0 0 -1 0 0 -1 0 0 -1 0 0</float_array>
          <technique_common>
            <accessor source="#geom-Bounds-normals-array" count="24" stride="3">
              <param name="X" type="float"/>
              <param name="Y" type="float"/>
              <param name="Z" type="float"/>
            </accessor>
          </technique_common>
        </source>
        <source id="geom-Bounds-map1">
          <float_array id="geom-Bounds-map1-array" count="36">0 0 0 1 0 0 0 1 0 1 1 0 0 0 0 1 0 0 0 1 0 1 1 0 0 0 0 1 0 0 0 1 0 1 1 0</float_array>
          <technique_common>
            <accessor source="#geom-Bounds-map1-array" count="12" stride="3">
              <param name="S" type="float"/>
              <param name="T" type="float"/>
              <param name="P" type="float"/>
            </accessor>
          </technique_common>
        </source>
        <vertices id="geom-Bounds-vertices">
          <input semantic="POSITION" source="#geom-Bounds-positions"/>
        </vertices>
        <triangles material="ShapeBounds" count="12">
          <input semantic="VERTEX" source="#geom-Bounds-vertices" offset="0"/>
          <input semantic="NORMAL" source="#geom-Bounds-normals" offset="1"/>
          <input semantic="TEXCOORD" source="#geom-Bounds-map1" offset="2" set="0"/>
          <p>0 0 9 2 1 11 3 2 10 3 2 10 1 3 8 0 0 9 4 4 8 5 5 9 7 6 11 7 6 11 6 7 10 4 4 8 0 8 4 1 9 5 5 10 7 5 10 7 4 11 6 0 8 4 1 12 0 3 13 1 7 14 3 7 14 3 5 15 2 1 12 0 3 16 4 2 17 5 6 18 7 6 18 7 7 19 6 3 16 4 2 20 0 0 21 1 4 22 3 4 22 3 6 23 2 2 20 0</p>
        </triangles>
      </mesh>
      <extra>
        <technique profile="OpenCOLLADA3dsMax">
          <max_box>
            <generateuvs>1</generateuvs>
            <height>1.84</height>
            <heightsegments>1</heightsegments>
            <length>0.85</length>
            <lengthsegments>1</lengthsegments>
            <width>0.85</width>
            <widthsegments>1</widthsegments>
          </max_box>
        </technique>
      </extra>
    </geometry>
  </library_geometries>
  <library_lights>
    <light id="EnvironmentAmbientLight" name="EnvironmentAmbientLight">
      <technique_common>
        <ambient>
          <color>0 0 0</color>
        </ambient>
      </technique_common>
    </light>
  </library_lights>
  <library_visual_scenes>
    <visual_scene id="MaxScene">
      <node name="EnvironmentAmbientLight">
        <instance_light url="#EnvironmentAmbientLight"/>
      </node>
      <node id="node-Bip01" name="Bip01">
        <matrix sid="matrix">0.7792375 -0.6267248 0.002196277 -8.10623e-5 0.6267179 0.7792399 0.003115636 0.009366653 -0.003664073 -0.001051374 0.9999927 0.8572094 0 0 0 1</matrix>
        <node id="node-Bip01_Pelvis" name="Bip01_Pelvis">
          <matrix sid="matrix">-0.01362202 0.9946365 -0.10253 0 -0.08326685 0.1010548 0.9913901 0 0.996434 0.02204208 0.0814437 0 0 0 0 1</matrix>
          <node id="node-Bip01_Spine" name="Bip01_Spine">
            <matrix sid="matrix">0.9257579 -0.1711981 -0.3371402 0.1981877 0.2559395 0.940038 0.2254411 0.0307883 0.2783296 -0.2949914 0.9140639 0.01352244 0 0 0 1</matrix>
            <node id="node-Bip01_Spine1" name="Bip01_Spine1">
              <matrix sid="matrix">0.9850424 0.02363086 -0.1706849 0.1022276 -0.01319331 0.9979873 0.06202851 -1.00851e-4 0.1718071 -0.05884885 0.9833714 5.90086e-6 0 0 0 1</matrix>
              <node id="node-Bip01_Spine2" name="Bip01_Spine2">
                <matrix>0.9369742 -0.3477308 -0.03409582 0.1269253 0.349036 0.9270917 0.1366548 -1.58787e-4 -0.01590917 -0.1399427 0.9900317 2.40207e-5 0 0 0 1</matrix>
                <node id="node-Bip01_Neck" name="Bip01_Neck">
                  <matrix>0.8407082 -0.4308256 0.3280237 0.2151071 0.4136219 0.9019014 0.1244631 -4.96805e-5 -0.3494667 0.03104061 0.9364346 -1.66893e-6 0 0 0 1</matrix>
                  <node id="node-Bip01_Head" name="Bip01_Head">
                    <matrix sid="matrix">0.9445353 -0.09663762 -0.313869 0.07051826 -0.2756742 0.2861071 -0.9176852 -0.01395923 0.1784831 0.9533121 0.2435978 -1.49012e-8 0 0 0 1</matrix>
                    <node id="node-AltEye" name="AltEye">
                      <matrix sid="matrix">0.4510097 0.4130588 0.791185 0.06454694 0.04764073 0.8740576 -0.4834816 0.2214611 -0.891247 0.2557472 0.3745297 0.04716259 0 0 0 1</matrix>
                    </node>
                  </node>
                  <node id="node-Bip01_L_Clavicle" name="Bip01_L_Clavicle">
                    <matrix>-0.5778345 -0.4531803 0.6787745 -0.04690337 0.2838089 -0.8913432 -0.3534965 -0.01204771 0.7652187 -0.01162019 0.6436654 0.05588408 0 0 0 1</matrix>
                    <node id="node-Bip01_L_UpperArm" name="Bip01_L_UpperArm">
                      <matrix sid="matrix">0.8950723 0.4180135 0.1552755 0.1824007 -0.3065449 0.3239156 0.8950468 0 0.3238456 -0.8487304 0.4180678 1.19209e-7 0 0 0 1</matrix>
                      <node id="node-Bip01_L_Forearm" name="Bip01_L_Forearm">
                        <matrix sid="matrix">0.3553874 0.9347191 0 0.284369 -0.9347192 0.3553875 0 0 -1.49012e-8 -1.19209e-7 1 0 0 0 0 1</matrix>
                        <node id="node-Bip01_L_Hand" name="Bip01_L_Hand">
                          <matrix sid="matrix">0.9545466 0.226892 -0.1932896 0.2810681 0.1237702 -0.8916655 -0.4354465 -5.96046e-8 -0.271149 0.3917305 -0.8792188 5.96046e-8 0 0 0 1</matrix>
                          <node id="node-Bip01_L_Finger0" name="Bip01_L_Finger0">
                            <matrix>0.6413842 0.3141903 0.6999363 0.02119672 0.7352949 0.008702922 -0.6776914 -0.004734159 -0.2190156 0.9493201 -0.2254408 -0.02572191 0 0 0 1</matrix>
                            <node id="node-Bip01_L_Finger01" name="Bip01_L_Finger01">
                              <matrix>0.9975641 -0.06975643 -2.98023e-8 0.04982829 0.06975643 0.9975641 -4.65661e-9 0 0 -1.49012e-8 1 1.19209e-7 0 0 0 1</matrix>
                              <node id="node-Bip01_L_Finger02" name="Bip01_L_Finger02">
                                <matrix>0.9203137 0.3911815 2.98023e-8 0.05202234 -0.3911814 0.9203135 -2.23517e-8 -2.98023e-8 -5.96046e-8 -8.9407e-8 1 0 0 0 0 1</matrix>
                              </node>
                            </node>
                          </node>
                          <node id="node-Bip01_L_Finger1" name="Bip01_L_Finger1">
                            <matrix>0.9592717 -0.2819768 -0.01693497 0.1199946 0.2798395 0.9567645 -0.07931917 -0.008367479 0.038569 0.07134952 0.9967055 -0.04101384 0 0 0 1</matrix>
                            <node id="node-Bip01_L_Finger11" name="Bip01_L_Finger11">
                              <matrix>0.7001772 -0.7139691 2.23517e-8 0.03644168 0.7139691 0.7001772 -1.49012e-8 -1.19209e-7 1.49012e-8 -4.84288e-8 1 -1.19209e-7 0 0 0 1</matrix>
                              <node id="node-Bip01_L_Finger12" name="Bip01_L_Finger12">
                                <matrix>0.8757259 -0.4828088 -1.49012e-8 0.03117561 0.4828088 0.8757257 -3.72529e-9 2.98023e-8 -1.49012e-8 1.49012e-7 1 1.19209e-7 0 0 0 1</matrix>
                              </node>
                            </node>
                          </node>
                          <node id="node-Bip01_L_Finger2" name="Bip01_L_Finger2">
                            <matrix>0.6611331 -0.7495597 -0.03260927 0.1229537 0.748977 0.6568219 0.08728345 -0.008801997 -0.04400568 -0.08212955 0.9956497 -0.01328236 0 0 0 1</matrix>
                            <node id="node-Bip01_L_Finger21" name="Bip01_L_Finger21">
                              <matrix>0.8156037 -0.5786111 3.25963e-9 0.03895545 0.5786112 0.8156036 -3.1665e-8 0 -1.76951e-8 3.23635e-8 0.9999999 -5.96046e-8 0 0 0 1</matrix>
                              <node id="node-Bip01_L_Finger22" name="Bip01_L_Finger22">
                                <matrix>0.976296 -0.2164396 1.39698e-9 0.03800523 0.2164396 0.9762962 7.33417e-9 -1.19209e-7 -7.45058e-9 -4.00469e-8 1 0 0 0 0 1</matrix>
                              </node>
                            </node>
                          </node>
                          <node id="node-Bip01_L_Finger3" name="Bip01_L_Finger3">
                            <matrix>0.4124629 -0.906479 -0.09038851 0.1211881 0.9061533 0.3980612 0.1429456 -0.001191139 -0.09359704 -0.1408657 0.9855945 0.01196873 0 0 0 1</matrix>
                            <node id="node-Bip01_L_Finger31" name="Bip01_L_Finger31">
                              <matrix>0.9381478 -0.3462351 0 0.03155851 0.3462351 0.9381478 -1.86265e-9 2.98023e-8 -2.6077e-8 6.79865e-8 1 -5.96046e-8 0 0 0 1</matrix>
                              <node id="node-Bip01_L_Finger32" name="Bip01_L_Finger32">
                                <matrix>0.9636304 -0.2672384 3.72529e-9 0.03366601 0.2672383 0.9636305 -1.35042e-8 5.96046e-8 7.45058e-9 -4.19095e-8 0.9999999 0 0 0 0 1</matrix>
                              </node>
                            </node>
                          </node>
                          <node id="node-Bip01_L_Finger4" name="Bip01_L_Finger4">
                            <matrix>0.07120565 -0.9696807 0.2337719 0.1136797 0.9750156 0.1171045 0.1887628 0.005147576 -0.2104155 0.2144902 0.9537921 0.03886575 0 0 0 1</matrix>
                            <node id="node-Bip01_L_Finger41" name="Bip01_L_Finger41">
                              <matrix>0.9790112 -0.2038069 0 0.03661621 0.2038069 0.9790112 -3.72529e-8 5.96046e-8 4.47035e-8 -6.70552e-8 1 1.49012e-8 0 0 0 1</matrix>
                              <node id="node-Bip01_L_Finger42" name="Bip01_L_Finger42">
                                <matrix>0.964515 0.2640274 -2.98023e-8 0.0177263 -0.2640274 0.9645151 1.86265e-8 1.19209e-7 -1.49012e-8 6.10016e-8 1 4.47035e-8 0 0 0 1</matrix>
                              </node>
                            </node>
                          </node>
                        </node>
                      </node>
                    </node>
                  </node>
                  <node id="node-Bip01_R_Clavicle" name="Bip01_R_Clavicle">
                    <matrix>0.2073931 -0.1669672 -0.9639034 8.67128e-4 0.5679265 -0.781728 0.2576056 -0.01629055 -0.796522 -0.600852 -0.06729987 -0.07212146 0 0 0 1</matrix>
                    <node id="node-Bip01_R_UpperArm" name="Bip01_R_UpperArm">
                      <matrix sid="matrix">0.3421125 0.9314811 -0.1237022 0.1824007 -0.8983711 0.3628283 0.2475577 0 0.2754778 0.02643792 0.9609437 0 0 0 0 1</matrix>
                      <node id="node-Bip01_R_Forearm" name="Bip01_R_Forearm">
                        <matrix sid="matrix">-0.06097475 0.9981394 0 0.2843689 -0.9981393 -0.06097479 -7.45058e-9 -1.49012e-8 -4.09782e-8 1.19209e-7 1 1.19209e-7 0 0 0 1</matrix>
                        <node id="node-Bip01_R_Hand" name="Bip01_R_Hand">
                          <matrix>0.9247896 0.3771959 -0.04987456 0.2810681 0.2033486 -0.6007847 -0.7731153 -1.19209e-7 -0.3215797 0.7048269 -0.6323019 0 0 0 0 1</matrix>
                          <node id="node-Bip01_R_Finger0" name="Bip01_R_Finger0">
                            <matrix>0.5215106 0.269013 -0.8097275 0.02119672 0.7250717 0.3605265 0.5867638 -0.004734218 0.4497753 -0.8931139 -0.007035487 0.02572191 0 0 0 1</matrix>
                            <node id="node-Bip01_R_Finger01" name="Bip01_R_Finger01">
                              <matrix>0.6423534 -0.7636236 0.06527566 0.04982853 0.7605615 0.6456373 0.06854744 1.19209e-7 -0.09448879 0.005614528 0.9955102 -2.98023e-8 0 0 0 1</matrix>
                              <node id="node-Bip01_R_Finger02" name="Bip01_R_Finger02">
                                <matrix>0.9505156 -0.3106766 -2.04891e-8 0.0520224 0.3106764 0.9505156 1.86265e-9 0 -5.96046e-8 4.65661e-8 0.9999999 2.98023e-8 0 0 0 1</matrix>
                              </node>
                            </node>
                          </node>
                          <node id="node-Bip01_R_Finger1" name="Bip01_R_Finger1">
                            <matrix>0.9820224 -0.1733427 -0.07472671 0.1199946 0.1795577 0.9799358 0.08651493 -0.008367568 0.05823064 -0.09837732 0.993444 0.04101384 0 0 0 1</matrix>
                            <node id="node-Bip01_R_Finger11" name="Bip01_R_Finger11">
                              <matrix>0.8240547 -0.5665102 0 0.03644174 0.5665103 0.8240547 0 2.98023e-8 -3.72529e-9 -1.49012e-8 1 0 0 0 0 1</matrix>
                              <node id="node-Bip01_R_Finger12" name="Bip01_R_Finger12">
                                <matrix>0.8146397 -0.5796778 0.01831833 0.03117537 0.5799671 0.8142334 -0.02573051 0 0 0.03158512 0.9995011 -1.19209e-7 0 0 0 1</matrix>
                              </node>
                            </node>
                          </node>
                          <node id="node-Bip01_R_Finger2" name="Bip01_R_Finger2">
                            <matrix>0.6754013 -0.7374503 -1.52117e-4 0.1229538 0.7368312 0.6748427 -0.04082685 -0.008802027 0.03021043 0.02746242 0.9991661 0.01328242 0 0 0 1</matrix>
                            <node id="node-Bip01_R_Finger21" name="Bip01_R_Finger21">
                              <matrix>0.5508358 -0.8338857 -0.0348487 0.03895517 0.832222 0.551937 -0.05265062 -2.98023e-8 0.06313889 -1.39698e-8 0.9980047 0 0 0 0 1</matrix>
                              <node id="node-Bip01_R_Finger22" name="Bip01_R_Finger22">
                                <matrix>0.1984734 -0.9799247 0.01886612 0.03800543 0.9755272 0.199368 0.09272984 0 -0.09462957 0 0.9955125 1.19209e-7 0 0 0 1</matrix>
                              </node>
                            </node>
                          </node>
                          <node id="node-Bip01_R_Finger3" name="Bip01_R_Finger3">
                            <matrix>0.7159052 -0.6949216 0.06755452 0.1211881 0.6883786 0.6863562 -0.234627 -0.001191258 0.1166809 0.2144738 0.9697351 -0.01196861 0 0 0 1</matrix>
                            <node id="node-Bip01_R_Finger31" name="Bip01_R_Finger31">
                              <matrix>0.4441952 -0.8949346 0.04222352 0.03155842 0.8909186 0.4461976 0.08468726 2.98023e-8 -0.0946296 5.30854e-8 0.9955127 -2.38419e-7 0 0 0 1</matrix>
                              <node id="node-Bip01_R_Finger32" name="Bip01_R_Finger32">
                                <matrix>0.1993681 -0.9794358 -0.03095104 0.03366597 0.9799247 0.1992685 0.006297067 2.98023e-8 -1.86265e-8 -0.03158511 0.9995011 1.19209e-7 0 0 0 1</matrix>
                              </node>
                            </node>
                          </node>
                          <node id="node-Bip01_R_Finger4" name="Bip01_R_Finger4">
                            <matrix>0.5925791 -0.7897949 -0.1583476 0.1136796 0.7783521 0.6120423 -0.1399001 0.005147427 0.2074078 -0.04034829 0.9774219 -0.03886569 0 0 0 1</matrix>
                            <node id="node-Bip01_R_Finger41" name="Bip01_R_Finger41">
                              <matrix>0.4202556 -0.9064696 0.04120623 0.03661621 0.9068531 0.421151 0.01578782 0 -0.03166521 0.03073305 0.999026 0 0 0 0 1</matrix>
                              <node id="node-Bip01_R_Finger42" name="Bip01_R_Finger42">
                                <matrix>0.4024471 -0.9138248 -0.05441484 0.01772636 0.9154232 0.4021219 0.01728319 0 0.006087601 -0.0567682 0.998369 0 0 0 0 1</matrix>
                              </node>
                            </node>
                          </node>
                          <node id="node-mount0" name="mount0">
                            <matrix>-0.004997195 0.9999837 -0.002795181 0.09410727 -0.9999507 -0.005020953 -0.00854523 0.01837559 -0.008559123 0.002752353 0.9999594 0.01120639 0 0 0 1</matrix>
                          </node>
                        </node>
                      </node>
                    </node>
                  </node>
                </node>
                <node id="node-Bip01_L_Pauldron_Upper" name="Bip01_L_Pauldron_Upper">
                  <matrix>0.9726269 0.1182924 0.2000107 0.176903 0.1448456 -0.9816831 -0.1237686 -0.03908369 0.1817063 0.1493513 -0.9719453 0.2290199 0 0 0 1</matrix>
                </node>
                <node id="node-Bip01_R_Pauldron_Lower" name="Bip01_R_Pauldron_Lower">
                  <matrix sid="matrix">-0.1156726 -0.940376 -0.3198654 0.1729062 0.9097751 -0.2295503 0.3458564 -0.1133294 -0.39866 -0.2509995 0.8820827 -0.2351094 0 0 0 1</matrix>
                </node>
                <node id="node-Bip01_L_Pauldron_Lower" name="Bip01_L_Pauldron_Lower">
                  <matrix>-0.2099969 -0.7687201 0.6041284 0.1529204 0.4002344 -0.6313505 -0.6642358 -0.1054225 0.892028 0.1023054 0.4402498 0.2344802 0 0 0 1</matrix>
                </node>
              </node>
            </node>
            <node id="node-Bip01_L_Thigh" name="Bip01_L_Thigh">
              <matrix sid="matrix">-0.6558758 0.7546024 -0.02005854 -0.1596344 0.4623974 0.4226205 0.7794745 -0.02863106 0.5966706 0.5019635 -0.6261127 0.1640465 0 0 0 1</matrix>
              <node id="node-Bip01_L_Calf" name="Bip01_L_Calf">
                <matrix sid="matrix">0.5146794 0.8573827 -1.02445e-8 0.4629988 -0.8573825 0.5146794 5.82077e-9 -5.96046e-8 1.19209e-7 3.79514e-8 1 3.72529e-8 0 0 0 1</matrix>
                <node id="node-Bip01_L_Foot" name="Bip01_L_Foot">
                  <matrix sid="matrix">0.8800119 -0.4698649 -0.06932707 0.3610502 0.474766 0.866164 0.1560683 5.21541e-8 -0.0132825 -0.170256 0.9853104 -1.49012e-8 0 0 0 1</matrix>
                  <node id="node-Bip01_L_Toe0" name="Bip01_L_Toe0">
                    <matrix sid="matrix">3.56231e-7 -1 1.3886e-6 0.1486307 1 3.56464e-7 8.19346e-8 0.1543275 -8.16435e-8 1.3886e-6 1 0 0 0 0 1</matrix>
                  </node>
                </node>
              </node>
            </node>
            <node id="node-Bip01_R_Thigh" name="Bip01_R_Thigh">
              <matrix sid="matrix">-0.3379635 0.816572 0.4679649 -0.2306007 0.9280947 0.2065952 0.3097719 0.04658336 0.1562718 0.5390073 -0.8276778 -0.06901512 0 0 0 1</matrix>
              <node id="node-Bip01_R_Calf" name="Bip01_R_Calf">
                <matrix sid="matrix">-0.004213542 0.9999912 0 0.4629988 -0.999991 -0.004213572 -2.98023e-8 2.98023e-8 -8.9407e-8 0 1 5.96046e-8 0 0 0 1</matrix>
                <node id="node-Bip01_R_Foot" name="Bip01_R_Foot">
                  <matrix sid="matrix">0.9574753 -0.01522902 -0.2881134 0.3610501 0.06356579 0.9852027 0.1591704 0 0.2814262 -0.1707158 0.9442751 5.96046e-8 0 0 0 1</matrix>
                  <node id="node-Bip01_R_Toe0" name="Bip01_R_Toe0">
                    <matrix sid="matrix">-0.3051539 -0.9472734 0.09774533 0.1486306 0.9517196 -0.3069488 -0.003514051 0.1543275 0.03333154 0.09195381 0.9952053 0 0 0 0 1</matrix>
                  </node>
                </node>
              </node>
            </node>
          </node>
          <node id="node-Bip01_FannyPack" name="Bip01_FannyPack">
            <matrix sid="matrix">-0.9629917 -0.2062316 0.1735378 0.2299507 -0.2083318 0.9780384 0.006227066 -0.1378937 -0.1710108 -0.03015691 -0.9848075 0.01013964 0 0 0 1</matrix>
          </node>
        </node>
        <node id="node-Eye" name="Eye">
          <matrix sid="matrix">0.7792377 0.6267179 -0.003663999 0.05960766 -0.6267248 0.7792398 -0.001051203 0.07049845 0.002196324 0.003115397 0.9999924 0.7133625 0 0 0 1</matrix>
          <node id="node-cam" name="cam">
            <matrix>1 -6.03104e-8 0 4.81959e-8 6.03104e-8 1 -2.32832e-9 -0.104 0 2.32831e-9 1 0.3005601 0 0 0 1</matrix>
          </node>
        </node>
      </node>
      <node id="node-nulldetail1" name="nulldetail1">
        <matrix>1 0 0 0 0 1 0 0 0 0 1 0 0 0 0 1</matrix>
      </node>
      <node id="node-Bounds" name="Bounds">
        <matrix>0.9999915 0.001706907 0.003750479 0 -0.001711356 0.9999978 0.001183292 0.1035326 -0.003748452 -0.0011897 0.9999923 -8.93474e-5 0 0 0 1</matrix>
        <instance_geometry url="#geom-Bounds">
          <bind_material>
            <technique_common>
              <instance_material symbol="ShapeBounds" target="#ShapeBounds-material"/>
            </technique_common>
          </bind_material>
        </instance_geometry>
      </node>
    </visual_scene>
  </library_visual_scenes>
  <library_animations>
    <animation>
      <source id="node-Bip01_matrix-input">
        <float_array id="node-Bip01_matrix-input-array" count="20">6 6.033333 6.066667 6.1 6.133333 6.166667 6.2 6.233333 6.266667 6.3 6.333333 6.366667 6.4 6.433333 6.466667 6.5 6.533333 6.566667 6.6 6.633333</float_array>
        <technique_common>
          <accessor source="#node-Bip01_matrix-input-array" count="20" stride="1">
            <param name="TIME" type="float"/>
          </accessor>
        </technique_common>
      </source>
      <source id="node-Bip01_matrix-output">
        <float_array id="node-Bip01_matrix-output-array" count="320">0.7792375 -0.6267248 0.002196252 -8.10623e-5 0.6267179 0.7792399 0.003115594 0.009366631 -0.003664016 -0.001051366 0.9999927 0.8572095 0 0 0 1 0.7792375 -0.6267248 0.002196252 -6.66586e-5 0.6267179 0.7792399 0.003115594 0.009366631 -0.003664016 -0.001051366 0.9999927 0.8662772 0 0 0 1 0.7792375 -0.6267248 0.002196252 -4.01191e-5 0.6267179 0.7792399 0.003115594 0.009366631 -0.003664016 -0.001051366 0.9999927 0.8765813 0 0 0 1 0.7792375 -0.6267248 0.002196252 -2.57152e-5 0.6267179 0.7792399 0.003115594 0.009366631 -0.003664016 -0.001051366 0.9999927 0.8815412 0 0 0 1 0.7792375 -0.6267248 0.002196252 -2.57152e-5 0.6267179 0.7792399 0.003115594 0.009366631 -0.003664016 -0.001051366 0.9999927 0.8815412 0 0 0 1 0.7792375 -0.6267248 0.002196252 -2.57152e-5 0.6267179 0.7792399 0.003115594 0.009366631 -0.003664016 -0.001051366 0.9999927 0.8815412 0 0 0 1 0.7792375 -0.6267248 0.002196252 -2.167e-5 0.6267179 0.7792399 0.003115594 0.009366631 -0.003664016 -0.001051366 0.9999927 0.8745067 0 0 0 1 0.7792375 -0.6267248 0.002196252 -1.28575e-5 0.6267179 0.7792399 0.003115594 0.009366631 -0.003664016 -0.001051366 0.9999927 0.8591816 0 0 0 1 0.7792375 -0.6267248 0.002196252 -4.04498e-6 0.6267179 0.7792399 0.003115594 0.009366631 -0.003664016 -0.001051366 0.9999927 0.8438565 0 0 0 1 0.7792375 -0.6267248 0.002196252 0 0.6267179 0.7792399 0.003115594 0.009366631 -0.003664016 -0.001051366 0.9999927 0.8368222 0 0 0 1 0.7792375 -0.6267248 0.002196252 0 0.6267179 0.7792399 0.003115594 0.009366631 -0.003664016 -0.001051366 0.9999927 0.8483738 0 0 0 1 0.7792375 -0.6267248 0.002196252 0 0.6267179 0.7792399 0.003115594 0.009366631 -0.003664016 -0.001051366 0.9999927 0.8696579 0 0 0 1 0.7792375 -0.6267248 0.002196252 0 0.6267179 0.7792399 0.003115594 0.009366631 -0.003664016 -0.001051366 0.9999927 0.8812097 0 0 0 1 0.7792375 -0.6267248 0.002196252 0 0.6267179 0.7792399 0.003115594 0.009366631 -0.003664016 -0.001051366 0.9999927 0.8812097 0 0 0 1 0.7792375 -0.6267248 0.002196252 0 0.6267179 0.7792399 0.003115594 0.009366631 -0.003664016 -0.001051366 0.9999927 0.8812097 0 0 0 1 0.7792375 -0.6267248 0.002196252 0 0.6267179 0.7792399 0.003115594 0.009366631 -0.003664016 -0.001051366 0.9999927 0.8812097 0 0 0 1 0.7792375 -0.6267248 0.002196252 0 0.6267179 0.7792399 0.003115594 0.009366631 -0.003664016 -0.001051366 0.9999927 0.8697456 0 0 0 1 0.7792375 -0.6267248 0.002196252 0 0.6267179 0.7792399 0.003115594 0.009366631 -0.003664016 -0.001051366 0.9999927 0.8486227 0 0 0 1 0.7792375 -0.6267248 0.002196252 0 0.6267179 0.7792399 0.003115594 0.009366631 -0.003664016 -0.001051366 0.9999927 0.8371585 0 0 0 1 0.7792375 -0.6267248 0.002196252 -4.05313e-5 0.6267179 0.7792399 0.003115594 0.009366631 -0.003664016 -0.001051366 0.9999927 0.8445785 0 0 0 1</float_array>
        <technique_common>
          <accessor source="#node-Bip01_matrix-output-array" count="20" stride="16">
            <param name="TRANSFORM" type="float4x4"/>
          </accessor>
        </technique_common>
      </source>
      <source id="node-Bip01_matrix-interpolation">
        <Name_array id="node-Bip01_matrix-interpolation-array" count="20">LINEAR LINEAR LINEAR LINEAR LINEAR LINEAR LINEAR LINEAR LINEAR LINEAR LINEAR LINEAR LINEAR LINEAR LINEAR LINEAR LINEAR LINEAR LINEAR LINEAR</Name_array>
        <technique_common>
          <accessor source="#node-Bip01_matrix-interpolation-array" count="20" stride="1">
            <param name="INTERPOLATION" type="name"/>
          </accessor>
        </technique_common>
      </source>
      <source id="node-Bip01_Pelvis_matrix-input">
        <float_array id="node-Bip01_Pelvis_matrix-input-array" count="20">6 6.033333 6.066667 6.1 6.133333 6.166667 6.2 6.233333 6.266667 6.3 6.333333 6.366667 6.4 6.433333 6.466667 6.5 6.533333 6.566667 6.6 6.633333</float_array>
        <technique_common>
          <accessor source="#node-Bip01_Pelvis_matrix-input-array" count="20" stride="1">
            <param name="TIME" type="float"/>
          </accessor>
        </technique_common>
      </source>
      <source id="node-Bip01_Pelvis_matrix-output">
        <float_array id="node-Bip01_Pelvis_matrix-output-array" count="320">-0.01362198 0.9946365 -0.10253 0 -0.08326685 0.1010548 0.9913901 0 0.996434 0.02204203 0.08144366 0 0 0 0 1 -0.004669606 0.9930713 -0.1174199 0 -0.08750319 0.1165649 0.9893209 0 0.9961531 0.01489436 0.08635258 0 0 0 0 1 0.01385092 0.9923299 -0.1228386 0 -0.1016108 0.1236114 0.9871147 0 0.9947277 -0.001190721 0.1025436 0 0 0 0 1 0.03733432 0.9917742 -0.1224338 0 -0.1187884 0.126055 0.9848854 0 0.9922173 -0.02222633 0.1225175 0 0 0 0 1 0.06134819 0.9908326 -0.1203616 0 -0.1324347 0.1276031 0.9829438 0 0.9892912 -0.04436177 0.1390489 0 0 0 0 1 0.081743 0.9892059 -0.1216124 0 -0.1359216 0.1319453 0.9818938 0 0.9873415 -0.06373316 0.1452401 0 0 0 0 1 0.09415888 0.9867918 -0.1318184 0 -0.1223493 0.1428728 0.9821497 0 0.9880104 -0.07635021 0.134186 0 0 0 0 1 0.0939598 0.9792771 -0.1794083 0 -0.05891346 0.1853588 0.9809032 0 0.9938312 -0.08159589 0.07510894 0 0 0 0 1 0.07610446 0.9642407 -0.2538658 0 0.03398132 0.2519481 0.9671438 0 0.9965205 -0.08223068 -0.01359176 0 0 0 0 1 0.05554223 0.9504532 -0.3058651 0 0.08792746 0.3004918 0.9497228 0 0.9945772 -0.07964366 -0.06688094 0 0 0 0 1 0.04752624 0.9382511 -0.3426748 0 0.0702641 0.3390724 0.9381325 0 0.9963954 -0.06866365 -0.04981052 0 0 0 0 1 0.0468834 0.9197213 -0.3897622 0 0.01523065 0.3894878 0.9209055 0 0.9987841 -0.04911154 0.004252493 0 0 0 0 1 0.05395537 0.9011585 -0.4301186 0 -0.04409372 0.4324761 0.9005665 0 0.9975692 -0.02962487 0.06306982 0 0 0 0 1 0.05960202 0.8928354 -0.4464216 0 -0.07885563 0.4500305 0.8895249 0 0.9951027 -0.01781463 0.09722781 0 0 0 0 1 0.05590653 0.9017856 -0.4285522 0 -0.0892561 0.4320191 0.8974368 0 0.9944384 -0.01192164 0.1046425 0 0 0 0 1 0.04549115 0.9220579 -0.3843694 0 -0.09454762 0.3870145 0.9172133 0 0.9944804 -0.005383908 0.1047841 0 0 0 0 1 0.03112393 0.9459854 -0.3227117 0 -0.09561413 0.3242053 0.9411422 0 0.9949318 0.001563668 0.1005401 0 0 0 0 1 0.01575553 0.967364 -0.2529001 0 -0.0933873 0.2532496 0.9628829 0 0.9955051 0.008446872 0.09432959 0 0 0 0 1 0.001969695 0.9826779 -0.1853113 0 -0.08927178 0.1847445 0.9787237 0 0.9960052 0.01461523 0.08808928 0 0 0 0 1 -0.00829184 0.9913165 -0.131235 0 -0.08516794 0.1300625 0.9878411 0 0.9963319 0.01936805 0.08334994 0 0 0 0 1</float_array>
        <technique_common>
          <accessor source="#node-Bip01_Pelvis_matrix-output-array" count="20" stride="16">
            <param name="TRANSFORM" type="float4x4"/>
          </accessor>
        </technique_common>
      </source>
      <source id="node-Bip01_Pelvis_matrix-interpolation">
        <Name_array id="node-Bip01_Pelvis_matrix-interpolation-array" count="20">LINEAR LINEAR LINEAR LINEAR LINEAR LINEAR LINEAR LINEAR LINEAR LINEAR LINEAR LINEAR LINEAR LINEAR LINEAR LINEAR LINEAR LINEAR LINEAR LINEAR</Name_array>
        <technique_common>
          <accessor source="#node-Bip01_Pelvis_matrix-interpolation-array" count="20" stride="1">
            <param name="INTERPOLATION" type="name"/>
          </accessor>
        </technique_common>
      </source>
      <source id="node-Bip01_Spine_matrix-input">
        <float_array id="node-Bip01_Spine_matrix-input-array" count="20">6 6.033333 6.066667 6.1 6.133333 6.166667 6.2 6.233333 6.266667 6.3 6.333333 6.366667 6.4 6.433333 6.466667 6.5 6.533333 6.566667 6.6 6.633333</float_array>
        <technique_common>
          <accessor source="#node-Bip01_Spine_matrix-input-array" count="20" stride="1">
            <param name="TIME" type="float"/>
          </accessor>
        </technique_common>
      </source>
      <source id="node-Bip01_Spine_matrix-output">
        <float_array id="node-Bip01_Spine_matrix-output-array" count="320">0.9257579 -0.171198 -0.3371402 0.1981877 0.2559394 0.940038 0.2254411 0.0307883 0.2783296 -0.2949914 0.9140639 0.01352238 0 0 0 1 0.9264497 -0.161711 -0.3399131 0.1983693 0.2522949 0.936925 0.2419071 0.02932274 0.279354 -0.3098731 0.9088125 0.01410543 0 0 0 1 0.9258767 -0.1409586 -0.3505468 0.1985763 0.2384269 0.9377138 0.2526769 0.02609801 0.2930957 -0.3175275 0.9018157 0.01718783 0 0 0 1 0.9246418 -0.1146532 -0.36317 0.1986991 0.2188575 0.9403863 0.2603368 0.02189171 0.3116717 -0.3202006 0.8946131 0.02117854 0 0 0 1 0.9239183 -0.08840912 -0.3722351 0.1987532 0.1979587 0.943041 0.2673694 0.01745605 0.3273951 -0.3207146 0.888794 0.0245276 0 0 0 1 0.9256334 -0.06769782 -0.3723165 0.1989057 0.1801697 0.9440399 0.2762746 0.01355296 0.3327785 -0.3228091 0.886032 0.02572798 0 0 0 1 0.9319691 -0.05828732 -0.3578213 0.1993688 0.170114 0.9418959 0.2896429 0.01097494 0.320148 -0.3308088 0.8877335 0.02325451 0 0 0 1 0.9517158 -0.07111358 -0.2986303 0.2005243 0.17307 0.9277542 0.3306348 0.009730935 0.2535429 -0.3663543 0.8952659 0.01021987 0 0 0 1 0.9713365 -0.105876 -0.2128276 0.2005876 0.1842208 0.901116 0.392495 0.009206414 0.1502266 -0.4204521 0.8947916 -0.009430766 0 0 0 1 0.9772226 -0.1353166 -0.163478 0.1996557 0.1946463 0.8784327 0.4364273 0.009356737 0.08454865 -0.4583072 0.8847633 -0.02142935 0 0 0 1 0.9732719 -0.1401529 -0.1819322 0.1998049 0.2111511 0.8576489 0.4688857 0.0112214 0.09031832 -0.4947683 0.8643189 -0.01900488 0 0 0 1 0.963039 -0.1311081 -0.2353015 0.2002631 0.237115 0.8270838 0.5096166 0.01462638 0.1277993 -0.5465741 0.8276016 -0.009482026 0 0 0 1 0.9500622 -0.1131859 -0.2908107 0.2002077 0.2613406 0.7978588 0.5432518 0.01801735 0.1705375 -0.5921236 0.7875955 0.001166641 0 0 0 1 0.9411106 -0.1009249 -0.3226839 0.1998655 0.2747377 0.7845359 0.5558979 0.02015006 0.1970531 -0.6118149 0.7660631 0.007540225 0 0 0 1 0.9373533 -0.1024798 -0.3329666 0.199635 0.2782034 0.7954709 0.5383577 0.02156156 0.2096945 -0.5972639 0.7741474 0.00949198 0 0 0 1 0.9339812 -0.1115952 -0.3394487 0.1993668 0.2786327 0.8221936 0.4963481 0.02340155 0.2237026 -0.5581613 0.7990076 0.01069295 0 0 0 1 0.9311046 -0.1253797 -0.3425263 0.1990755 0.2762309 0.855644 0.4376872 0.02542001 0.2382035 -0.5021488 0.8313278 0.01148384 0 0 0 1 0.9288702 -0.1407575 -0.3426186 0.198782 0.2713931 0.8881317 0.3709017 0.02735781 0.2520833 -0.4375039 0.8631595 0.01209926 0 0 0 1 0.9273283 -0.1549372 -0.3406707 0.1985157 0.2651321 0.9144263 0.3058257 0.02899229 0.2641345 -0.3739235 0.8890523 0.01264965 0 0 0 1 0.9263714 -0.1656748 -0.3382134 0.1983087 0.259207 0.9319763 0.2534403 0.03016781 0.2732183 -0.322447 0.9063002 0.01314043 0 0 0 1</float_array>
        <technique_common>
          <accessor source="#node-Bip01_Spine_matrix-output-array" count="20" stride="16">
            <param name="TRANSFORM" type="float4x4"/>
          </accessor>
        </technique_common>
      </source>
      <source id="node-Bip01_Spine_matrix-interpolation">
        <Name_array id="node-Bip01_Spine_matrix-interpolation-array" count="20">LINEAR LINEAR LINEAR LINEAR LINEAR LINEAR LINEAR LINEAR LINEAR LINEAR LINEAR LINEAR LINEAR LINEAR LINEAR LINEAR LINEAR LINEAR LINEAR LINEAR</Name_array>
        <technique_common>
          <accessor source="#node-Bip01_Spine_matrix-interpolation-array" count="20" stride="1">
            <param name="INTERPOLATION" type="name"/>
          </accessor>
        </technique_common>
      </source>
      <source id="node-Bip01_Spine1_matrix-input">
        <float_array id="node-Bip01_Spine1_matrix-input-array" count="20">6 6.033333 6.066667 6.1 6.133333 6.166667 6.2 6.233333 6.266667 6.3 6.333333 6.366667 6.4 6.433333 6.466667 6.5 6.533333 6.566667 6.6 6.633333</float_array>
        <technique_common>
          <accessor source="#node-Bip01_Spine1_matrix-input-array" count="20" stride="1">
            <param name="TIME" type="float"/>
          </accessor>
        </technique_common>
      </source>
      <source id="node-Bip01_Spine1_matrix-output">
        <float_array id="node-Bip01_Spine1_matrix-output-array" count="320">0.9850424 0.02363085 -0.1706849 0.1022275 -0.0131933 0.9979873 0.06202846 -1.00851e-4 0.1718071 -0.05884885 0.9833714 5.90086e-6 0 0 0 1 0.9850946 0.02392345 -0.1703421 0.1022274 -0.01351773 0.9979856 0.0619868 -1.00851e-4 0.1714818 -0.05876022 0.9834334 5.90086e-6 0 0 0 1 0.9850218 0.02476751 -0.1706423 0.1022273 -0.0147916 0.9981196 0.05948632 -1.00866e-4 0.1717947 -0.05607122 0.9835358 5.60284e-6 0 0 0 1 0.9848721 0.02587831 -0.1713405 0.1022272 -0.01654815 0.9983128 0.05565994 -1.00851e-4 0.1724917 -0.05198246 0.9836384 5.21541e-6 0 0 0 1 0.9846933 0.02697992 -0.1721965 0.1022272 -0.01833474 0.9984996 0.05159997 -1.00881e-4 0.1733301 -0.0476529 0.9837103 4.76837e-6 0 0 0 1 0.9845361 0.02779638 -0.1729633 0.102227 -0.01969259 0.9986343 0.04839366 -1.00896e-4 0.1740721 -0.04423922 0.9837387 4.41074e-6 0 0 0 1 0.9844555 0.02804261 -0.1733819 0.102227 -0.02014219 0.9986844 0.04715967 -1.00911e-4 0.1744762 -0.04293429 0.983725 4.29153e-6 0 0 0 1 0.9844106 0.02740198 -0.1737387 0.1022269 -0.0192753 0.9986474 0.04829144 -1.00881e-4 0.1748269 -0.04418975 0.9836071 4.47035e-6 0 0 0 1 0.9843295 0.02593129 -0.1744226 0.1022272 -0.01725536 0.9985457 0.05107504 -1.00896e-4 0.1754933 -0.04726493 0.9833455 4.73857e-6 0 0 0 1 0.9842213 0.02388358 -0.1753233 0.1022275 -0.01442396 0.9983804 0.05503273 -1.00896e-4 0.1763536 -0.05163562 0.9829717 5.1856e-6 0 0 0 1 0.9840959 0.02150279 -0.1763322 0.1022276 -0.01111185 0.9981543 0.05970525 -1.00851e-4 0.1772906 -0.05679631 0.9825183 5.75185e-6 0 0 0 1 0.9839665 0.019028 -0.1773364 0.102228 -0.007646143 0.997879 0.06464612 -1.00821e-4 0.1781902 -0.06225365 0.9820248 6.25849e-6 0 0 0 1 0.9838501 0.01669621 -0.1782139 0.1022282 -0.004355311 0.9975783 0.0694155 -1.00821e-4 0.1789413 -0.06751823 0.9815404 6.73532e-6 0 0 0 1 0.9837691 0.01474601 -0.1788328 0.1022284 -0.001574158 0.9972886 0.073574 -1.00762e-4 0.1794327 -0.07209831 0.9811248 7.24196e-6 0 0 0 1 0.9837484 0.01342111 -0.1790511 0.1022285 3.52785e-4 0.9970561 0.07667493 -1.00732e-4 0.179553 -0.07549202 0.9808474 7.56979e-6 0 0 0 1 0.9838148 0.01297402 -0.1787186 0.1022286 0.001068592 0.9969329 0.07825493 -1.00747e-4 0.1791857 -0.07717937 0.9807834 7.7188e-6 0 0 0 1 0.9840004 0.01412218 -0.177606 0.1022286 -4.8247e-4 0.9970611 0.0766077 -1.00762e-4 0.1781658 -0.07529622 0.9811154 7.56979e-6 0 0 0 1 0.9842713 0.01672947 -0.1758706 0.1022282 -0.004103124 0.9974025 0.07191336 -1.00777e-4 0.1766167 -0.07006055 0.981783 6.97374e-6 0 0 0 1 0.9845619 0.01982241 -0.1739112 0.1022278 -0.008354961 0.9977566 0.0664246 -1.00821e-4 0.1748376 -0.06394606 0.9825186 6.4075e-6 0 0 0 1 0.9848279 0.02244842 -0.1720764 0.1022275 -0.0118516 0.9979832 0.0623635 -1.00836e-4 0.1731293 -0.05937796 0.9831077 5.93066e-6 0 0 0 1</float_array>
        <technique_common>
          <accessor source="#node-Bip01_Spine1_matrix-output-array" count="20" stride="16">
            <param name="TRANSFORM" type="float4x4"/>
          </accessor>
        </technique_common>
      </source>
      <source id="node-Bip01_Spine1_matrix-interpolation">
        <Name_array id="node-Bip01_Spine1_matrix-interpolation-array" count="20">LINEAR LINEAR LINEAR LINEAR LINEAR LINEAR LINEAR LINEAR LINEAR LINEAR LINEAR LINEAR LINEAR LINEAR LINEAR LINEAR LINEAR LINEAR LINEAR LINEAR</Name_array>
        <technique_common>
          <accessor source="#node-Bip01_Spine1_matrix-interpolation-array" count="20" stride="1">
            <param name="INTERPOLATION" type="name"/>
          </accessor>
        </technique_common>
      </source>
      <source id="node-Bip01_Head_matrix-input">
        <float_array id="node-Bip01_Head_matrix-input-array" count="20">6 6.033333 6.066667 6.1 6.133333 6.166667 6.2 6.233333 6.266667 6.3 6.333333 6.366667 6.4 6.433333 6.466667 6.5 6.533333 6.566667 6.6 6.633333</float_array>
