<?xml version="1.0" encoding="utf-8"?>
<COLLADA xmlns="http://www.collada.org/2005/11/COLLADASchema" version="1.4.1">
  <asset>
    <contributor>
      <author>MattO</author>
      <authoring_tool>OpenCOLLADA for 3ds Max;  Version: 1.3.0;  Revision: 839M;  Platform: x64;  Configuration: Release_Max2012</authoring_tool>
      <source_data>file:///C:/Dropbox/Prj/GGStout/Disposition_SourceArt/Soldier_TP_Disposition_Animation_Master03.max</source_data>
    </contributor>
    <created>2011-10-07T14:38:46</created>
    <modified>2011-10-07T14:38:46</modified>
    <unit name="meter" meter="1"/>
    <up_axis>Z_UP</up_axis>
  </asset>
  <library_effects>
    <effect id="ShapeBounds">
      <profile_COMMON>
        <technique sid="common">
          <blinn>
            <emission>
              <color>0 0 0 1</color>
            </emission>
            <ambient>
              <color>0.1647059 1 0 1</color>
            </ambient>
            <diffuse>
              <color>0.1647059 1 0 1</color>
            </diffuse>
            <specular>
              <color>0.9 0.9 0.9 1</color>
            </specular>
            <shininess>
              <float>10</float>
            </shininess>
            <reflective>
              <color>0 0 0 1</color>
            </reflective>
            <transparent opaque="A_ONE">
              <color>1 1 1 1</color>
            </transparent>
            <transparency>
              <float>1</float>
            </transparency>
          </blinn>
        </technique>
      </profile_COMMON>
      <extra>
        <technique profile="OpenCOLLADA3dsMax">
          <extended_shader>
            <apply_reflection_dimming>0</apply_reflection_dimming>
            <dim_level>0</dim_level>
            <falloff_type>0</falloff_type>
            <index_of_refraction>1.5</index_of_refraction>
            <opacity_type>0</opacity_type>
            <reflection_level>3</reflection_level>
            <wire_size>1</wire_size>
            <wire_units>0</wire_units>
          </extended_shader>
          <shader>
            <ambient_diffuse_lock>1</ambient_diffuse_lock>
            <ambient_diffuse_texture_lock>1</ambient_diffuse_texture_lock>
            <diffuse_specular_lock>0</diffuse_specular_lock>
            <soften>0.1</soften>
            <use_self_illum_color>0</use_self_illum_color>
          </shader>
        </technique>
      </extra>
    </effect>
  </library_effects>
  <library_materials>
    <material id="ShapeBounds-material" name="ShapeBounds">
      <instance_effect url="#ShapeBounds"/>
    </material>
  </library_materials>
  <library_geometries>
    <geometry id="geom-Bounds" name="Bounds">
      <mesh>
        <source id="geom-Bounds-positions">
          <float_array id="geom-Bounds-positions-array" count="24">-0.425 -0.425 0 0.425 -0.425 0 -0.425 0.425 0 0.425 0.425 0 -0.425 -0.425 1.84 0.425 -0.425 1.84 -0.425 0.425 1.84 0.425 0.425 1.84</float_array>
          <technique_common>
            <accessor source="#geom-Bounds-positions-array" count="8" stride="3">
              <param name="X" type="float"/>
              <param name="Y" type="float"/>
              <param name="Z" type="float"/>
            </accessor>
          </technique_common>
        </source>
        <source id="geom-Bounds-normals">
          <float_array id="geom-Bounds-normals-array" count="72">0 0 -1 0 0 -1 0 0 -1 0 0 -1 0 0 1 0 0 1 0 0 1 0 0 1 0 -1 0 0 -1 0 0 -1 0 0 -1 0 1 0 0 1 0 0 1 0 0 1 0 0 0 1 0 0 1 0 0 1 0 0 1 0 -1 0 0 -1 0 0 -1 0 0 -1 0 0</float_array>
          <technique_common>
            <accessor source="#geom-Bounds-normals-array" count="24" stride="3">
              <param name="X" type="float"/>
              <param name="Y" type="float"/>
              <param name="Z" type="float"/>
            </accessor>
          </technique_common>
        </source>
        <source id="geom-Bounds-map1">
          <float_array id="geom-Bounds-map1-array" count="36">0 0 0 1 0 0 0 1 0 1 1 0 0 0 0 1 0 0 0 1 0 1 1 0 0 0 0 1 0 0 0 1 0 1 1 0</float_array>
          <technique_common>
            <accessor source="#geom-Bounds-map1-array" count="12" stride="3">
              <param name="S" type="float"/>
              <param name="T" type="float"/>
              <param name="P" type="float"/>
            </accessor>
          </technique_common>
        </source>
        <vertices id="geom-Bounds-vertices">
          <input semantic="POSITION" source="#geom-Bounds-positions"/>
        </vertices>
        <triangles material="ShapeBounds" count="12">
          <input semantic="VERTEX" source="#geom-Bounds-vertices" offset="0"/>
          <input semantic="NORMAL" source="#geom-Bounds-normals" offset="1"/>
          <input semantic="TEXCOORD" source="#geom-Bounds-map1" offset="2" set="0"/>
          <p>0 0 9 2 1 11 3 2 10 3 2 10 1 3 8 0 0 9 4 4 8 5 5 9 7 6 11 7 6 11 6 7 10 4 4 8 0 8 4 1 9 5 5 10 7 5 10 7 4 11 6 0 8 4 1 12 0 3 13 1 7 14 3 7 14 3 5 15 2 1 12 0 3 16 4 2 17 5 6 18 7 6 18 7 7 19 6 3 16 4 2 20 0 0 21 1 4 22 3 4 22 3 6 23 2 2 20 0</p>
        </triangles>
      </mesh>
      <extra>
        <technique profile="OpenCOLLADA3dsMax">
          <max_box>
            <generateuvs>1</generateuvs>
            <height>1.84</height>
            <heightsegments>1</heightsegments>
            <length>0.85</length>
            <lengthsegments>1</lengthsegments>
            <width>0.85</width>
            <widthsegments>1</widthsegments>
          </max_box>
        </technique>
      </extra>
    </geometry>
  </library_geometries>
  <library_lights>
    <light id="EnvironmentAmbientLight" name="EnvironmentAmbientLight">
      <technique_common>
        <ambient>
          <color>0 0 0</color>
        </ambient>
      </technique_common>
    </light>
  </library_lights>
  <library_visual_scenes>
    <visual_scene id="MaxScene">
      <node name="EnvironmentAmbientLight">
        <instance_light url="#EnvironmentAmbientLight"/>
      </node>
      <node id="node-Bip01" name="Bip01">
        <matrix sid="matrix">0.7792375 -0.6267175 0.003750266 -8.10623e-5 0.626718 0.7792453 0.001183461 0.009366653 -0.003664073 0.001428162 0.9999923 0.7990584 0 0 0 1</matrix>
        <node id="node-Bip01_Pelvis" name="Bip01_Pelvis">
          <matrix>-0.009626744 0.991236 0.1317526 0 -0.1217414 -0.1319404 0.9837534 0 0.9925151 -0.006569401 0.1219446 0 0 0 0 1</matrix>
          <node id="node-Bip01_Spine" name="Bip01_Spine">
            <matrix sid="matrix">0.9142389 -0.1596023 -0.3724172 0.1975123 0.1756539 0.9844078 0.009333325 0.02499345 0.3651208 -0.07394947 0.9280187 0.02780976 0 0 0 1</matrix>
            <node id="node-Bip01_Spine1" name="Bip01_Spine1">
              <matrix sid="matrix">0.9850424 0.02363087 -0.1706849 0.1022274 -0.01319331 0.9979873 0.06202859 -1.00851e-4 0.1718071 -0.05884885 0.9833715 5.93066e-6 0 0 0 1</matrix>
              <node id="node-Bip01_Spine2" name="Bip01_Spine2">
                <matrix sid="matrix">0.9369742 -0.3477308 -0.03409588 0.1269256 0.349036 0.9270917 0.1366548 -1.58772e-4 -0.01590917 -0.1399427 0.9900318 2.40505e-5 0 0 0 1</matrix>
                <node id="node-Bip01_Neck" name="Bip01_Neck">
                  <matrix sid="matrix">0.8407083 -0.4308256 0.3280236 0.2151071 0.4136218 0.9019014 0.1244632 -4.97699e-5 -0.3494669 0.03104064 0.9364345 -1.75834e-6 0 0 0 1</matrix>
                  <node id="node-Bip01_Head" name="Bip01_Head">
                    <matrix sid="matrix">0.947571 -0.06889565 -0.3120295 0.07051814 -0.2855058 0.2560087 -0.9235507 -0.01395917 0.1435109 0.9642162 0.2229163 0 0 0 0 1</matrix>
                    <node id="node-AltEye" name="AltEye">
                      <matrix sid="matrix">0.4506336 0.3792482 0.8081468 0.06454694 0.04412797 0.8947043 -0.4444743 0.2214611 -0.891618 0.2359566 0.3864483 0.04716253 0 0 0 1</matrix>
                    </node>
                  </node>
                  <node id="node-Bip01_L_Clavicle" name="Bip01_L_Clavicle">
                    <matrix sid="matrix">-0.5778345 -0.4531802 0.6787746 -0.04690331 0.2838089 -0.8913432 -0.3534966 -0.01204771 0.7652189 -0.01162019 0.6436655 0.05588406 0 0 0 1</matrix>
                    <node id="node-Bip01_L_UpperArm" name="Bip01_L_UpperArm">
                      <matrix sid="matrix">0.890983 0.4284254 0.1503363 0.1824008 -0.3034168 0.3155056 0.8991077 -2.98023e-8 0.3377686 -0.8467042 0.4111014 -5.96046e-8 0 0 0 1</matrix>
                      <node id="node-Bip01_L_Forearm" name="Bip01_L_Forearm">
                        <matrix sid="matrix">0.3454632 0.9384322 -1.49012e-8 0.2843689 -0.9384321 0.3454632 2.98023e-8 -5.96046e-8 -4.47035e-8 2.98023e-8 0.9999999 -5.96046e-8 0 0 0 1</matrix>
                        <node id="node-Bip01_L_Hand" name="Bip01_L_Hand">
                          <matrix sid="matrix">0.9513552 0.2418753 -0.1908397 0.281068 0.1384844 -0.8890245 -0.4364144 -5.96046e-8 -0.2752191 0.3887566 -0.8792741 0 0 0 0 1</matrix>
                          <node id="node-Bip01_L_Finger0" name="Bip01_L_Finger0">
                            <matrix>0.6413842 0.3141903 0.6999362 0.02119678 0.7352949 0.00870291 -0.6776914 -0.004734159 -0.2190156 0.94932 -0.2254407 -0.02572191 0 0 0 1</matrix>
                            <node id="node-Bip01_L_Finger01" name="Bip01_L_Finger01">
                              <matrix>0.9975641 -0.06975645 0 0.04982829 0.06975645 0.9975641 -2.70084e-8 8.9407e-8 5.96046e-8 -7.82311e-8 1 -5.96046e-8 0 0 0 1</matrix>
                              <node id="node-Bip01_L_Finger02" name="Bip01_L_Finger02">
                                <matrix sid="matrix">0.9203137 0.3911814 2.98023e-8 0.05202246 -0.3911815 0.9203137 3.72529e-9 -8.9407e-8 -2.98023e-8 1.49012e-8 1 5.96046e-8 0 0 0 1</matrix>
                              </node>
                            </node>
                          </node>
                          <node id="node-Bip01_L_Finger1" name="Bip01_L_Finger1">
                            <matrix>0.9592717 -0.2819768 -0.01693501 0.1199945 0.2798395 0.9567645 -0.07931916 -0.008367598 0.03856898 0.07134953 0.9967055 -0.04101378 0 0 0 1</matrix>
                            <node id="node-Bip01_L_Finger11" name="Bip01_L_Finger11">
                              <matrix>0.7001772 -0.7139691 2.23517e-8 0.03644168 0.7139691 0.7001772 2.98023e-8 -1.19209e-7 -2.98023e-8 -3.72529e-8 0.9999999 -5.96046e-8 0 0 0 1</matrix>
                              <node id="node-Bip01_L_Finger12" name="Bip01_L_Finger12">
                                <matrix>0.8757257 -0.4828088 0 0.03117561 0.4828088 0.8757258 -4.84288e-8 -2.98023e-8 7.45058e-8 3.72529e-8 1 5.96046e-8 0 0 0 1</matrix>
                              </node>
                            </node>
                          </node>
                          <node id="node-Bip01_L_Finger2" name="Bip01_L_Finger2">
                            <matrix>0.6611331 -0.7495596 -0.03260923 0.1229538 0.7489769 0.656822 0.08728343 -0.008802056 -0.0440057 -0.08212957 0.9956496 -0.01328242 0 0 0 1</matrix>
                            <node id="node-Bip01_L_Finger21" name="Bip01_L_Finger21">
                              <matrix>0.8156035 -0.5786111 9.31323e-9 0.03895509 0.5786112 0.8156036 -1.49012e-8 5.96046e-8 3.1665e-8 1.36206e-8 1 -5.96046e-8 0 0 0 1</matrix>
                              <node id="node-Bip01_L_Finger22" name="Bip01_L_Finger22">
                                <matrix>0.9762959 -0.2164397 1.86265e-9 0.03800547 0.2164396 0.9762961 -1.88593e-8 0 -5.02914e-8 -7.03149e-8 1 0 0 0 0 1</matrix>
                              </node>
                            </node>
                          </node>
                          <node id="node-Bip01_L_Finger3" name="Bip01_L_Finger3">
                            <matrix>0.4124629 -0.9064789 -0.09038858 0.1211881 0.9061532 0.3980611 0.1429456 -0.001191139 -0.09359707 -0.1408655 0.9855943 0.01196873 0 0 0 1</matrix>
                            <node id="node-Bip01_L_Finger31" name="Bip01_L_Finger31">
                              <matrix>0.9381478 -0.3462352 0 0.03155851 0.3462351 0.938148 -5.30854e-8 2.98023e-8 1.86265e-8 -4.65661e-8 1 -5.96046e-8 0 0 0 1</matrix>
                              <node id="node-Bip01_L_Finger32" name="Bip01_L_Finger32">
                                <matrix>0.9636306 -0.2672384 -3.72529e-9 0.03366578 0.2672385 0.9636304 -1.7928e-8 0 -2.04891e-8 3.63216e-8 1 0 0 0 0 1</matrix>
                              </node>
                            </node>
                          </node>
                          <node id="node-Bip01_L_Finger4" name="Bip01_L_Finger4">
                            <matrix>0.07120569 -0.9696806 0.2337718 0.1136796 0.9750154 0.1171046 0.1887628 0.005147398 -0.2104155 0.2144902 0.953792 0.03886575 0 0 0 1</matrix>
                            <node id="node-Bip01_L_Finger41" name="Bip01_L_Finger41">
                              <matrix>0.9790112 -0.2038069 0 0.03661621 0.2038069 0.9790112 2.23517e-8 -5.96046e-8 0 -7.07805e-8 1 -7.45058e-8 0 0 0 1</matrix>
                              <node id="node-Bip01_L_Finger42" name="Bip01_L_Finger42">
                                <matrix>0.9645151 0.2640274 1.49012e-8 0.01772636 -0.2640274 0.9645151 -5.21541e-8 0 0 4.42378e-8 0.9999999 1.49012e-8 0 0 0 1</matrix>
                              </node>
                            </node>
                          </node>
                        </node>
                      </node>
                    </node>
                  </node>
                  <node id="node-Bip01_R_Clavicle" name="Bip01_R_Clavicle">
                    <matrix sid="matrix">0.2073931 -0.1669672 -0.9639034 8.67009e-4 0.5679266 -0.7817281 0.2576055 -0.01629043 -0.7965222 -0.6008521 -0.06729983 -0.07212146 0 0 0 1</matrix>
                    <node id="node-Bip01_R_UpperArm" name="Bip01_R_UpperArm">
                      <matrix sid="matrix">0.3444383 0.9301256 -0.1273917 0.1824007 -0.8985946 0.3659246 0.2421302 0 0.2718273 0.03107464 0.9618443 0 0 0 0 1</matrix>
                      <node id="node-Bip01_R_Forearm" name="Bip01_R_Forearm">
                        <matrix sid="matrix">-0.07265079 0.9973575 2.98023e-8 0.2843689 -0.9973574 -0.07265078 0 2.98023e-8 4.47035e-8 0 1 -1.19209e-7 0 0 0 1</matrix>
                        <node id="node-Bip01_R_Hand" name="Bip01_R_Hand">
                          <matrix sid="matrix">0.9247896 0.3771958 -0.04987455 0.2810681 0.2033487 -0.6007847 -0.7731152 5.96046e-8 -0.3215797 0.704827 -0.6323017 0 0 0 0 1</matrix>
                          <node id="node-Bip01_R_Finger0" name="Bip01_R_Finger0">
                            <matrix sid="matrix">0.5215106 0.2690131 -0.8097275 0.02119672 0.7250716 0.3605265 0.5867639 -0.004734248 0.4497753 -0.893114 -0.00703546 0.02572179 0 0 0 1</matrix>
                            <node id="node-Bip01_R_Finger01" name="Bip01_R_Finger01">
                              <matrix>0.6423534 -0.7636236 0.06527567 0.04982859 0.7605616 0.6456373 0.06854742 1.19209e-7 -0.09448883 0.005614466 0.99551 -2.98023e-8 0 0 0 1</matrix>
                              <node id="node-Bip01_R_Finger02" name="Bip01_R_Finger02">
                                <matrix>0.9505159 -0.3106765 9.31323e-9 0.0520224 0.3106765 0.950516 3.72529e-9 1.19209e-7 -1.67638e-8 1.00583e-7 1 0 0 0 0 1</matrix>
                              </node>
                            </node>
                          </node>
                          <node id="node-Bip01_R_Finger1" name="Bip01_R_Finger1">
                            <matrix>0.9820225 -0.1733428 -0.07472672 0.1199946 0.1795577 0.9799358 0.08651491 -0.008367568 0.05823066 -0.09837736 0.9934441 0.04101396 0 0 0 1</matrix>
                            <node id="node-Bip01_R_Finger11" name="Bip01_R_Finger11">
                              <matrix>0.8240548 -0.5665103 0 0.03644168 0.5665103 0.8240547 0 2.98023e-8 -5.58794e-9 3.72529e-8 1 -1.19209e-7 0 0 0 1</matrix>
                              <node id="node-Bip01_R_Finger12" name="Bip01_R_Finger12">
                                <matrix>0.8146397 -0.5796779 0.01831833 0.03117546 0.5799673 0.8142334 -0.02573051 -5.96046e-8 1.49012e-8 0.0315851 0.9995011 1.19209e-7 0 0 0 1</matrix>
                              </node>
                            </node>
                          </node>
                          <node id="node-Bip01_R_Finger2" name="Bip01_R_Finger2">
                            <matrix>0.6754014 -0.7374504 -1.52119e-4 0.1229538 0.7368314 0.6748428 -0.04082685 -0.008801997 0.03021043 0.02746242 0.9991663 0.01328242 0 0 0 1</matrix>
                            <node id="node-Bip01_R_Finger21" name="Bip01_R_Finger21">
                              <matrix>0.5508358 -0.8338858 -0.0348487 0.03895515 0.8322219 0.5519371 -0.05265062 0 0.0631389 -1.21072e-8 0.9980047 0 0 0 0 1</matrix>
                              <node id="node-Bip01_R_Finger22" name="Bip01_R_Finger22">
                                <matrix>0.1984735 -0.9799246 0.01886613 0.03800538 0.9755273 0.199368 0.09272985 -2.98023e-8 -0.09462957 -1.49012e-8 0.9955125 1.19209e-7 0 0 0 1</matrix>
                              </node>
                            </node>
                          </node>
                          <node id="node-Bip01_R_Finger3" name="Bip01_R_Finger3">
                            <matrix>0.7159052 -0.6949217 0.06755453 0.121188 0.6883786 0.6863563 -0.234627 -0.001191229 0.1166809 0.2144739 0.9697352 -0.01196873 0 0 0 1</matrix>
                            <node id="node-Bip01_R_Finger31" name="Bip01_R_Finger31">
                              <matrix>0.4441953 -0.8949345 0.0422235 0.03155851 0.8909185 0.4461976 0.08468726 -4.47035e-8 -0.09462962 2.84053e-8 0.9955126 0 0 0 0 1</matrix>
                              <node id="node-Bip01_R_Finger32" name="Bip01_R_Finger32">
                                <matrix>0.1993681 -0.9794358 -0.03095102 0.03366598 0.9799248 0.1992685 0.006297071 2.98023e-8 -2.23517e-8 -0.0315851 0.999501 -1.19209e-7 0 0 0 1</matrix>
                              </node>
                            </node>
                          </node>
                          <node id="node-Bip01_R_Finger4" name="Bip01_R_Finger4">
                            <matrix>0.5925791 -0.789795 -0.1583476 0.1136796 0.7783522 0.6120424 -0.1399001 0.005147427 0.2074078 -0.04034829 0.9774221 -0.0388658 0 0 0 1</matrix>
                            <node id="node-Bip01_R_Finger41" name="Bip01_R_Finger41">
                              <matrix>0.4202556 -0.9064697 0.04120624 0.03661624 0.906853 0.421151 0.01578783 0 -0.03166522 0.03073302 0.999026 0 0 0 0 1</matrix>
                              <node id="node-Bip01_R_Finger42" name="Bip01_R_Finger42">
                                <matrix>0.402447 -0.9138244 -0.05441485 0.0177263 0.915423 0.4021218 0.01728316 0 0.006087616 -0.05676818 0.9983687 -1.19209e-7 0 0 0 1</matrix>
                              </node>
                            </node>
                          </node>
                          <node id="node-mount0" name="mount0">
                            <matrix>-0.004997193 0.9999837 -0.002795183 0.09410724 -0.9999509 -0.005020959 -0.008545233 0.01837562 -0.008559125 0.002752355 0.9999596 0.01120639 0 0 0 1</matrix>
                          </node>
                        </node>
                      </node>
                    </node>
                  </node>
                </node>
                <node id="node-Bip01_L_Pauldron_Upper" name="Bip01_L_Pauldron_Upper">
                  <matrix sid="matrix">0.972627 0.1182923 0.2000108 0.176903 0.1448454 -0.9816833 -0.1237686 -0.03908369 0.1817062 0.1493512 -0.9719453 0.2290199 0 0 0 1</matrix>
                </node>
                <node id="node-Bip01_R_Pauldron_Lower" name="Bip01_R_Pauldron_Lower">
                  <matrix sid="matrix">-0.1156726 -0.940376 -0.3198656 0.172906 0.9097751 -0.2295503 0.3458564 -0.1133294 -0.3986599 -0.2509995 0.8820828 -0.2351095 0 0 0 1</matrix>
                </node>
                <node id="node-Bip01_L_Pauldron_Lower" name="Bip01_L_Pauldron_Lower">
                  <matrix sid="matrix">-0.2099968 -0.7687201 0.6041285 0.1529202 0.4002344 -0.6313506 -0.6642359 -0.1054225 0.8920282 0.1023055 0.4402497 0.2344801 0 0 0 1</matrix>
                </node>
              </node>
            </node>
            <node id="node-Bip01_L_Thigh" name="Bip01_L_Thigh">
              <matrix sid="matrix">-0.4488808 0.8921265 -0.051151 -0.1485698 0.5193902 0.3070589 0.7974641 -4.51207e-4 0.7271451 0.3313989 -0.6011946 0.1658256 0 0 0 1</matrix>
              <node id="node-Bip01_L_Calf" name="Bip01_L_Calf">
                <matrix sid="matrix">0.3964429 0.9180593 -3.72529e-9 0.4629987 -0.9180592 0.3964429 -9.31323e-9 -5.96046e-8 -5.58794e-8 -8.3819e-9 1 1.49012e-8 0 0 0 1</matrix>
                <node id="node-Bip01_L_Foot" name="Bip01_L_Foot">
                  <matrix sid="matrix">0.9291645 -0.3606352 -0.08121236 0.3610501 0.3686243 0.9203929 0.1303571 7.45058e-8 0.02773589 -0.15106 0.9881353 -1.49012e-8 0 0 0 1</matrix>
                  <node id="node-Bip01_L_Toe0" name="Bip01_L_Toe0">
                    <matrix sid="matrix">7.14092e-7 -1 1.74902e-6 0.1486307 1 7.14324e-7 -1.00208e-7 0.1543275 1.00521e-7 1.74809e-6 1 -1.11759e-8 0 0 0 1</matrix>
                  </node>
                </node>
              </node>
            </node>
            <node id="node-Bip01_R_Thigh" name="Bip01_R_Thigh">
              <matrix sid="matrix">-0.9150373 0.3601425 0.1816705 -0.2416654 0.4023392 0.8470592 0.3472955 0.01840352 -0.02880983 0.3908815 -0.9199901 -0.07079411 0 0 0 1</matrix>
              <node id="node-Bip01_R_Calf" name="Bip01_R_Calf">
                <matrix sid="matrix">0.4439807 0.8960363 0 0.4629987 -0.8960363 0.4439808 -1.86265e-8 0 8.9407e-8 2.98023e-8 1 -2.98023e-8 0 0 0 1</matrix>
                <node id="node-Bip01_R_Foot" name="Bip01_R_Foot">
                  <matrix sid="matrix">0.6470402 -0.7363918 0.197651 0.3610501 0.7123546 0.676277 0.1876169 -1.49012e-8 -0.2718264 0.01940195 0.9621508 0 0 0 0 1</matrix>
                  <node id="node-Bip01_R_Toe0" name="Bip01_R_Toe0">
                    <matrix sid="matrix">-0.1805813 -0.9786911 0.09774493 0.1486307 0.9833314 -0.1817885 -0.003514536 0.1543275 0.02120845 0.09548099 0.9952053 0 0 0 0 1</matrix>
                  </node>
                </node>
              </node>
            </node>
          </node>
          <node id="node-Bip01_FannyPack" name="Bip01_FannyPack">
            <matrix sid="matrix">-0.9629919 -0.2062316 0.1735378 0.2299508 -0.2083319 0.9780385 0.00622708 -0.1378937 -0.1710108 -0.03015684 -0.9848077 0.01013964 0 0 0 1</matrix>
          </node>
        </node>
        <node id="node-Eye" name="Eye">
          <matrix sid="matrix">0.7792377 0.6267179 -0.00366411 0.05939458 -0.6267176 0.7792451 0.001428192 0.07235011 0.003750313 0.001183282 0.999992 0.7713361 0 0 0 1</matrix>
          <node id="node-cam" name="cam">
            <matrix>1 -6.03104e-8 3.55271e-15 4.84288e-8 6.03104e-8 1 -2.32831e-9 -0.104 -3.55271e-15 2.32832e-9 1 0.3005601 0 0 0 1</matrix>
          </node>
        </node>
      </node>
      <node id="node-nulldetail1" name="nulldetail1">
        <matrix>1 0 0 0 0 1 0 0 0 0 1 0 0 0 0 1</matrix>
      </node>
      <node id="node-Bounds" name="Bounds">
        <matrix>0.9999915 0.001706907 0.003750479 0 -0.001711356 0.9999978 0.001183292 0.1035326 -0.003748452 -0.0011897 0.9999923 -8.93474e-5 0 0 0 1</matrix>
        <instance_geometry url="#geom-Bounds">
          <bind_material>
            <technique_common>
              <instance_material symbol="ShapeBounds" target="#ShapeBounds-material"/>
            </technique_common>
          </bind_material>
        </instance_geometry>
      </node>
    </visual_scene>
  </library_visual_scenes>
  <library_animations>
    <animation>
      <source id="node-Bip01_matrix-input">
        <float_array id="node-Bip01_matrix-input-array" count="41">36.66667 36.7 36.73333 36.76667 36.8 36.83333 36.86666 36.9 36.93333 36.96667 37 37.03333 37.06667 37.1 37.13334 37.16667 37.2 37.23333 37.26667 37.3 37.33333 37.36666 37.4 37.43333 37.46667 37.5 37.53333 37.56667 37.6 37.63334 37.66667 37.7 37.73333 37.76667 37.8 37.83333 37.86666 37.9 37.93333 37.96667 38</float_array>
        <technique_common>
          <accessor source="#node-Bip01_matrix-input-array" count="41" stride="1">
            <param name="TIME" type="float"/>
          </accessor>
        </technique_common>
      </source>
      <source id="node-Bip01_matrix-output">
        <float_array id="node-Bip01_matrix-output-array" count="656">0.7792375 -0.6267175 0.003750264 -8.10623e-5 0.626718 0.7792453 0.00118345 0.009366631 -0.003664016 0.001428127 0.9999923 0.7990584 0 0 0 1 0.7103123 -0.7029607 0.03609174 0.003791391 0.6999188 0.7108158 0.06967538 0.06229513 -0.07463365 -0.02422994 0.9969166 0.8298113 0 0 0 1 0.5170368 -0.8533766 0.06649422 0.01222777 0.8352955 0.5199957 0.1785664 0.1917263 -0.1869611 -0.03678303 0.9816784 0.8968039 0 0 0 1 0.2869148 -0.9561411 0.05894172 0.02066397 0.932781 0.2928584 0.2101278 0.356314 -0.2181734 -0.005309045 0.9758956 0.9637946 0 0 0 1 0.1589148 -0.9857273 0.05556797 0.02453708 0.9635628 0.167115 0.2088524 0.515804 -0.2151578 0.02035349 0.9763672 0.99455 0 0 0 1 0.1252228 -0.9900655 0.06394815 0.02433115 0.954607 0.1377949 0.2640797 0.6377465 -0.2702679 0.02797651 0.9623786 0.9866169 0 0 0 1 0.1155886 -0.9902768 0.07740259 0.02367097 0.9220222 0.135954 0.3624796 0.7257934 -0.3694784 0.02946841 0.928772 0.9645758 0 0 0 1 0.1139065 -0.9884967 0.09949654 0.02248388 0.8486245 0.1488822 0.5076126 0.7916669 -0.5165867 0.02661478 0.8558212 0.9306925 0 0 0 1 0.1054179 -0.9857274 0.1312582 0.02068138 0.7069828 0.1671148 0.6872031 0.8464309 -0.69933 0.02035373 0.7145091 0.8868678 0 0 0 1 0.07005941 -0.9836733 0.1657662 0.01800519 0.4553065 0.179388 0.8720757 0.8989554 -0.8875741 0.01437729 0.4604407 0.8324886 0 0 0 1 0.008480966 -0.9841937 0.1768925 0.01468402 0.1267377 0.1765301 0.9761018 0.9492659 -0.9919001 0.01414054 0.1262314 0.7700598 0 0 0 1 -0.04705238 -0.9857273 0.1616407 0.01131123 -0.1573962 0.1671148 0.9732929 0.995074 -0.986414 0.02035415 -0.1630129 0.7055955 0 0 0 1 -0.08170068 -0.986267 0.1435356 0.008229196 -0.3455955 0.1631164 0.9240978 1.03641 -0.9348202 0.0258941 -0.3541761 0.6431597 0 0 0 1 -0.1027983 -0.9863442 0.1286762 0.005445539 -0.4763742 0.1623793 0.8641183 1.074593 -0.8732126 0.02753174 -0.4865614 0.5839604 0 0 0 1 -0.1141825 -0.9861813 0.1200369 0.003060102 -0.5598908 0.16369 0.8122364 1.108994 -0.8206612 0.02553558 -0.5708444 0.5297642 0 0 0 1 -0.1195167 -0.9859057 0.1170712 0.001178801 -0.6054637 0.1658291 0.7784051 1.138918 -0.7868478 0.02215003 -0.6167494 0.482408 0 0 0 1 -0.1210724 -0.9857274 0.1169745 -8.10623e-5 -0.6196999 0.1671146 0.7668408 1.163576 -0.7754442 0.02035409 -0.6310881 0.4438872 0 0 0 1 -0.1144664 -0.9837875 0.1380561 -7.45568e-4 -0.5455282 0.1783891 0.8188872 1.183538 -0.8302388 0.01842159 -0.5571034 0.4140642 0 0 0 1 -0.08696222 -0.9797589 0.1803054 -0.001003921 -0.3436245 0.1993839 0.9176972 1.201421 -0.9350721 0.01784765 -0.3540081 0.3902676 0 0 0 1 -0.0354104 -0.9773373 0.2087059 -9.64995e-4 -0.05815577 0.210498 0.975863 1.21934 -0.9976794 0.02241814 -0.06429171 0.3709695 0 0 0 1 0.0211817 -0.9789447 0.2030236 -7.31323e-4 0.2322586 0.2023317 0.9513768 1.239365 -0.9724234 0.02700221 0.231654 0.3547316 0 0 0 1 0.05912518 -0.9829415 0.1741561 -4.03042e-4 0.4445274 0.1821338 0.8770535 1.263599 -0.893812 0.02556115 0.447713 0.3401561 0 0 0 1 0.07137703 -0.9857273 0.1524696 -8.10657e-5 0.5243641 0.1671148 0.8349341 1.294234 -0.8484973 0.02035444 0.5288081 0.3258421 0 0 0 1 0.06750273 -0.986875 0.1467009 9.32777e-5 0.4933823 0.1608177 0.8548167 1.337172 -0.8671894 0.0146771 0.4977623 0.3099972 0 0 0 1 0.05643713 -0.9880586 0.1433702 1.0151e-4 0.4148285 0.1538233 0.896803 1.390959 -0.9081477 0.008861005 0.4185562 0.2923844 0 0 0 1 0.03935605 -0.9896611 0.1379202 1.91425e-5 0.3099449 0.1433099 0.9398917 1.447335 -0.9499396 0.005757212 0.3123806 0.2738341 0 0 0 1 0.0194711 -0.9916096 0.1277942 -8.10659e-5 0.2037477 0.1290715 0.9704779 1.498128 -0.9788298 0.00714147 0.2045513 0.2551445 0 0 0 1 0.002456784 -0.9934019 0.1146592 -1.22808e-4 0.1301002 0.1140025 0.9849252 1.533463 -0.9914979 0.0124973 0.1295217 0.237812 0 0 0 1 -0.008428692 -0.9945631 0.1037947 -1.08858e-4 0.09498363 0.1025327 0.9901844 1.559753 -0.9954432 0.01820462 0.09360295 0.2249147 0 0 0 1 -0.01227486 -0.9949692 0.09942656 -8.10691e-5 0.0859428 0.09801626 0.9914669 1.592391 -0.9962245 0.02071505 0.08430731 0.219794 0 0 0 1 -0.01227486 -0.9949692 0.09942656 -7.19208e-5 0.0859428 0.09801626 0.9914669 1.640536 -0.9962245 0.02071505 0.08430731 0.219794 0 0 0 1 -0.01227486 -0.9949692 0.09942656 -7.64803e-5 0.0859428 0.09801626 0.9914669 1.68694 -0.9962245 0.02071505 0.08430731 0.219794 0 0 0 1 -0.01227486 -0.9949692 0.09942656 -8.10712e-5 0.0859428 0.09801626 0.9914669 1.707951 -0.9962245 0.02071505 0.08430731 0.219794 0 0 0 1 -0.01227486 -0.9949692 0.09942656 -8.10712e-5 0.0859428 0.09801626 0.9914669 1.707951 -0.9962245 0.02071505 0.08430731 0.219794 0 0 0 1 -0.01227486 -0.9949692 0.09942656 -8.10712e-5 0.0859428 0.09801626 0.9914669 1.707951 -0.9962245 0.02071505 0.08430731 0.219794 0 0 0 1 -0.01227486 -0.9949692 0.09942656 -8.10712e-5 0.0859428 0.09801626 0.9914669 1.707951 -0.9962245 0.02071505 0.08430731 0.219794 0 0 0 1 -0.01227486 -0.9949692 0.09942656 -8.10712e-5 0.0859428 0.09801626 0.9914669 1.707951 -0.9962245 0.02071505 0.08430731 0.219794 0 0 0 1 -0.01227486 -0.9949692 0.09942656 -8.10712e-5 0.0859428 0.09801626 0.9914669 1.707951 -0.9962245 0.02071505 0.08430731 0.219794 0 0 0 1 -0.01227486 -0.9949692 0.09942656 -8.10712e-5 0.0859428 0.09801626 0.9914669 1.707951 -0.9962245 0.02071505 0.08430731 0.219794 0 0 0 1 -0.01227486 -0.9949692 0.09942656 -8.10712e-5 0.0859428 0.09801626 0.9914669 1.707951 -0.9962245 0.02071505 0.08430731 0.219794 0 0 0 1 -0.01227486 -0.9949692 0.09942656 -8.10712e-5 0.0859428 0.09801626 0.9914669 1.707951 -0.9962245 0.02071505 0.08430731 0.219794 0 0 0 1</float_array>
        <technique_common>
          <accessor source="#node-Bip01_matrix-output-array" count="41" stride="16">
            <param name="TRANSFORM" type="float4x4"/>
          </accessor>
        </technique_common>
      </source>
      <source id="node-Bip01_matrix-interpolation">
        <Name_array id="node-Bip01_matrix-interpolation-array" count="41">LINEAR LINEAR LINEAR LINEAR LINEAR LINEAR LINEAR LINEAR LINEAR LINEAR LINEAR LINEAR LINEAR LINEAR LINEAR LINEAR LINEAR LINEAR LINEAR LINEAR LINEAR LINEAR LINEAR LINEAR LINEAR LINEAR LINEAR LINEAR LINEAR LINEAR LINEAR LINEAR LINEAR LINEAR LINEAR LINEAR LINEAR LINEAR LINEAR LINEAR LINEAR</Name_array>
        <technique_common>
          <accessor source="#node-Bip01_matrix-interpolation-array" count="41" stride="1">
            <param name="INTERPOLATION" type="name"/>
          </accessor>
        </technique_common>
      </source>
      <source id="node-Bip01_Spine_matrix-input">
        <float_array id="node-Bip01_Spine_matrix-input-array" count="41">36.66667 36.7 36.73333 36.76667 36.8 36.83333 36.86666 36.9 36.93333 36.96667 37 37.03333 37.06667 37.1 37.13334 37.16667 37.2 37.23333 37.26667 37.3 37.33333 37.36666 37.4 37.43333 37.46667 37.5 37.53333 37.56667 37.6 37.63334 37.66667 37.7 37.73333 37.76667 37.8 37.83333 37.86666 37.9 37.93333 37.96667 38</float_array>
        <technique_common>
          <accessor source="#node-Bip01_Spine_matrix-input-array" count="41" stride="1">
            <param name="TIME" type="float"/>
          </accessor>
        </technique_common>
      </source>
      <source id="node-Bip01_Spine_matrix-output">
        <float_array id="node-Bip01_Spine_matrix-output-array" count="656">0.9142389 -0.1596023 -0.3724172 0.1975123 0.1756539 0.9844078 0.009333312 0.02499341 0.3651208 -0.07394945 0.9280187 0.02780973 0 0 0 1 0.9328007 -0.141391 -0.3314988 0.1975107 0.1530585 0.9881741 0.00921297 0.02499312 0.3262759 -0.0593326 0.9434107 0.02780854 0 0 0 1 0.9653415 -0.1018152 -0.2403115 0.1975075 0.1042895 0.994544 -0.002433478 0.02499264 0.2392482 -0.0227127 0.9706928 0.02780556 0 0 0 1 0.9870002 -0.06308579 -0.1478195 0.1975044 0.05852723 0.9976722 -0.03499251 0.02499234 0.1496829 0.02588611 0.9883951 0.02780163 0 0 0 1 0.9933267 -0.04871958 -0.1045395 0.1975033 0.04023236 0.9958353 -0.08181381 0.02499246 0.1080901 0.07706201 0.9911499 0.02779746 0 0 0 1 0.9911957 -0.05664122 -0.1196791 0.197504 0.04080057 0.9905566 -0.1308916 0.02499282 0.1259628 0.1248562 0.9841465 0.02779352 0 0 0 1 0.9856701 -0.06595033 -0.1552587 0.1975047 0.03836977 0.9839342 -0.1743592 0.02499359 0.1642633 0.1659033 0.9723652 0.0277903 0 0 0 1 0.9788345 -0.07369935 -0.190923 0.1975052 0.03355705 0.9780791 -0.2055124 0.02499395 0.201884 0.1947557 0.9598505 0.02778786 0 0 0 1 0.9752551 -0.07696723 -0.2072528 0.1975055 0.03076863 0.9755726 -0.217512 0.02499419 0.2189314 0.2057528 0.9538003 0.02778702 0 0 0 1 0.9752551 -0.07696735 -0.2072528 0.1975054 0.03076869 0.9755727 -0.217512 0.02499401 0.2189314 0.2057528 0.9538003 0.02778697 0 0 0 1 0.9752551 -0.07696735 -0.2072528 0.1975055 0.03076863 0.9755727 -0.217512 0.02499413 0.2189314 0.2057528 0.9538003 0.02778702 0 0 0 1 0.9752551 -0.07696735 -0.2072528 0.1975056 0.03076863 0.9755727 -0.217512 0.02499419 0.2189314 0.2057527 0.9538003 0.02778697 0 0 0 1 0.9752551 -0.07696741 -0.2072528 0.1975054 0.03076875 0.9755727 -0.217512 0.02499413 0.2189314 0.2057527 0.9538003 0.02778697 0 0 0 1 0.9752551 -0.07696729 -0.2072528 0.1975054 0.03076863 0.9755726 -0.217512 0.02499425 0.2189314 0.2057527 0.9538003 0.02778697 0 0 0 1 0.9752551 -0.07696729 -0.2072528 0.1975055 0.03076869 0.9755725 -0.217512 0.02499413 0.2189314 0.2057527 0.9538002 0.02778697 0 0 0 1 0.9752549 -0.07696735 -0.2072528 0.1975055 0.03076851 0.9755724 -0.2175119 0.02499413 0.2189314 0.2057527 0.9538002 0.02778697 0 0 0 1 0.9752551 -0.07696747 -0.2072528 0.1975055 0.03076875 0.9755725 -0.217512 0.02499425 0.2189314 0.2057527 0.9538004 0.02778702 0 0 0 1 0.9734709 -0.09748589 -0.2070044 0.1975072 0.05140614 0.9747502 -0.2172998 0.02499419 0.2229613 0.2008938 0.9539027 0.02778744 0 0 0 1 0.9671475 -0.1481509 -0.2065842 0.1975114 0.1023825 0.9708108 -0.2168973 0.02499449 0.2326876 0.1886211 0.9540852 0.0277884 0 0 0 1 0.954965 -0.2131461 -0.2064232 0.1975167 0.1678164 0.9617121 -0.2166736 0.0249952 0.2447029 0.1722745 0.954171 0.02778977 0 0 0 1 0.9383087 -0.2772626 -0.2066455 0.1975216 0.2324126 0.9481381 -0.2168371 0.02499622 0.2560493 0.155433 0.9540856 0.02779108 0 0 0 1 0.9224033 -0.3260444 -0.207044 0.1975257 0.2815936 0.9346136 -0.2172616 0.02499747 0.264343 0.1421005 0.9539026 0.02779215 0 0 0 1 0.9152455 -0.3455019 -0.2072536 0.1975274 0.3012189 0.9284156 -0.2175121 0.024998 0.2675684 0.1366482 0.9537999 0.02779257 0 0 0 1 0.9235122 -0.3229436 -0.2069607 0.1975256 0.2784749 0.9355562 -0.2172244 0.02499735 0.2637748 0.142976 0.953929 0.02779209 0 0 0 1 0.9414324 -0.2666358 -0.2064234 0.197521 0.2217485 0.9507176 -0.216711 0.02499604 0.2540333 0.1582447 0.9541624 0.02779084 0 0 0 1 0.9594064 -0.1924612 -0.2061505 0.1975148 0.1471167 0.9651573 -0.2163982 0.0249949 0.2406159 0.1772856 0.9542925 0.02778923 0 0 0 1 0.9714202 -0.1172324 -0.2063962 0.1975088 0.07153075 0.9736842 -0.2163842 0.02499425 0.226332 0.1954364 0.9542423 0.02778786 0 0 0 1 0.9765914 -0.05867427 -0.2069461 0.1975041 0.01271545 0.9761431 -0.2167555 0.02499407 0.214727 0.20905 0.954039 0.02778673 0 0 0 1 0.9776643 -0.03490895 -0.2072527 0.1975023 -0.01126068 0.9759927 -0.2175124 0.02499407 0.2098703 0.2149879 0.9537999 0.02778625 0 0 0 1 0.977667 -0.03501135 -0.2072235 0.1975022 -0.01133561 0.9758054 -0.2183475 0.02499407 0.2098544 0.2158201 0.9536157 0.02778619 0 0 0 1 0.9776687 -0.03508394 -0.2072027 0.1975023 -0.01138877 0.9756721 -0.2189394 0.02499407 0.2098432 0.2164101 0.9534845 0.02778613 0 0 0 1 0.9776699 -0.03513032 -0.2071894 0.1975022 -0.01142269 0.9755867 -0.2193177 0.02499407 0.2098359 0.216787 0.9534005 0.02778613 0 0 0 1 0.9776705 -0.03515398 -0.2071827 0.1975021 -0.01143997 0.9755432 -0.2195104 0.02499407 0.2098323 0.2169791 0.9533576 0.02778607 0 0 0 1 0.9776706 -0.03515815 -0.2071814 0.1975021 -0.01144307 0.9755353 -0.2195448 0.02499407 0.2098316 0.2170133 0.9533499 0.02778607 0 0 0 1 0.9776703 -0.03514617 -0.2071849 0.1975021 -0.01143431 0.9755575 -0.219447 0.02499407 0.2098335 0.2169159 0.9533717 0.02778607 0 0 0 1 0.9776697 -0.03512114 -0.207192 0.1975021 -0.01141595 0.9756037 -0.2192428 0.02499407 0.2098373 0.2167123 0.9534171 0.02778607 0 0 0 1 0.9776688 -0.03508615 -0.2072021 0.1975021 -0.01139038 0.9756681 -0.2189574 0.02499407 0.2098428 0.216428 0.9534804 0.02778613 0 0 0 1 0.9776678 -0.03504431 -0.2072141 0.1975021 -0.01135975 0.9757449 -0.2186163 0.02499407 0.2098493 0.216088 0.9535562 0.02778613 0 0 0 1 0.9776666 -0.03499871 -0.2072271 0.1975021 -0.01132637 0.9758286 -0.2182446 0.02499407 0.2098564 0.2157176 0.9536385 0.02778613 0 0 0 1 0.9776655 -0.03495252 -0.2072403 0.1975021 -0.01129257 0.9759131 -0.2178679 0.02499407 0.2098636 0.2153422 0.9537218 0.02778619 0 0 0 1 0.9776644 -0.03490895 -0.2072528 0.1975023 -0.01126068 0.9759928 -0.2175124 0.02499407 0.2098703 0.214988 0.9538002 0.02778625 0 0 0 1</float_array>
        <technique_common>
          <accessor source="#node-Bip01_Spine_matrix-output-array" count="41" stride="16">
            <param name="TRANSFORM" type="float4x4"/>
          </accessor>
        </technique_common>
      </source>
      <source id="node-Bip01_Spine_matrix-interpolation">
        <Name_array id="node-Bip01_Spine_matrix-interpolation-array" count="41">LINEAR LINEAR LINEAR LINEAR LINEAR LINEAR LINEAR LINEAR LINEAR LINEAR LINEAR LINEAR LINEAR LINEAR LINEAR LINEAR LINEAR LINEAR LINEAR LINEAR LINEAR LINEAR LINEAR LINEAR LINEAR LINEAR LINEAR LINEAR LINEAR LINEAR LINEAR LINEAR LINEAR LINEAR LINEAR LINEAR LINEAR LINEAR LINEAR LINEAR LINEAR</Name_array>
        <technique_common>
          <accessor source="#node-Bip01_Spine_matrix-interpolation-array" count="41" stride="1">
            <param name="INTERPOLATION" type="name"/>
          </accessor>
        </technique_common>
      </source>
      <source id="node-Bip01_Spine1_matrix-input">
        <float_array id="node-Bip01_Spine1_matrix-input-array" count="41">36.66667 36.7 36.73333 36.76667 36.8 36.83333 36.86666 36.9 36.93333 36.96667 37 37.03333 37.06667 37.1 37.13334 37.16667 37.2 37.23333 37.26667 37.3 37.33333 37.36666 37.4 37.43333 37.46667 37.5 37.53333 37.56667 37.6 37.63334 37.66667 37.7 37.73333 37.76667 37.8 37.83333 37.86666 37.9 37.93333 37.96667 38</float_array>
        <technique_common>
          <accessor source="#node-Bip01_Spine1_matrix-input-array" count="41" stride="1">
            <param name="TIME" type="float"/>
          </accessor>
        </technique_common>
      </source>
      <source id="node-Bip01_Spine1_matrix-output">
