<?xml version="1.0" encoding="utf-8"?>
<COLLADA xmlns="http://www.collada.org/2005/11/COLLADASchema" version="1.4.1">
  <asset>
    <contributor>
      <author>MattO</author>
      <authoring_tool>OpenCOLLADA for 3ds Max;  Version: 1.3.0;  Revision: 839M;  Platform: x64;  Configuration: Release_Max2012</authoring_tool>
      <source_data>file:///C:/Dropbox/Prj/GGStout/Disposition_SourceArt/Soldier_TP_Disposition_Animation_Master03.max</source_data>
    </contributor>
    <created>2011-10-07T14:38:55</created>
    <modified>2011-10-07T14:38:55</modified>
    <unit name="meter" meter="1"/>
    <up_axis>Z_UP</up_axis>
  </asset>
  <library_effects>
    <effect id="ShapeBounds">
      <profile_COMMON>
        <technique sid="common">
          <blinn>
            <emission>
              <color>0 0 0 1</color>
            </emission>
            <ambient>
              <color>0.1647059 1 0 1</color>
            </ambient>
            <diffuse>
              <color>0.1647059 1 0 1</color>
            </diffuse>
            <specular>
              <color>0.9 0.9 0.9 1</color>
            </specular>
            <shininess>
              <float>10</float>
            </shininess>
            <reflective>
              <color>0 0 0 1</color>
            </reflective>
            <transparent opaque="A_ONE">
              <color>1 1 1 1</color>
            </transparent>
            <transparency>
              <float>1</float>
            </transparency>
          </blinn>
        </technique>
      </profile_COMMON>
      <extra>
        <technique profile="OpenCOLLADA3dsMax">
          <extended_shader>
            <apply_reflection_dimming>0</apply_reflection_dimming>
            <dim_level>0</dim_level>
            <falloff_type>0</falloff_type>
            <index_of_refraction>1.5</index_of_refraction>
            <opacity_type>0</opacity_type>
            <reflection_level>3</reflection_level>
            <wire_size>1</wire_size>
            <wire_units>0</wire_units>
          </extended_shader>
          <shader>
            <ambient_diffuse_lock>1</ambient_diffuse_lock>
            <ambient_diffuse_texture_lock>1</ambient_diffuse_texture_lock>
            <diffuse_specular_lock>0</diffuse_specular_lock>
            <soften>0.1</soften>
            <use_self_illum_color>0</use_self_illum_color>
          </shader>
        </technique>
      </extra>
    </effect>
  </library_effects>
  <library_materials>
    <material id="ShapeBounds-material" name="ShapeBounds">
      <instance_effect url="#ShapeBounds"/>
    </material>
  </library_materials>
  <library_geometries>
    <geometry id="geom-Bounds" name="Bounds">
      <mesh>
        <source id="geom-Bounds-positions">
          <float_array id="geom-Bounds-positions-array" count="24">-0.425 -0.425 0 0.425 -0.425 0 -0.425 0.425 0 0.425 0.425 0 -0.425 -0.425 1.84 0.425 -0.425 1.84 -0.425 0.425 1.84 0.425 0.425 1.84</float_array>
          <technique_common>
            <accessor source="#geom-Bounds-positions-array" count="8" stride="3">
              <param name="X" type="float"/>
              <param name="Y" type="float"/>
              <param name="Z" type="float"/>
            </accessor>
          </technique_common>
        </source>
        <source id="geom-Bounds-normals">
          <float_array id="geom-Bounds-normals-array" count="72">0 0 -1 0 0 -1 0 0 -1 0 0 -1 0 0 1 0 0 1 0 0 1 0 0 1 0 -1 0 0 -1 0 0 -1 0 0 -1 0 1 0 0 1 0 0 1 0 0 1 0 0 0 1 0 0 1 0 0 1 0 0 1 0 -1 0 0 -1 0 0 -1 0 0 -1 0 0</float_array>
          <technique_common>
            <accessor source="#geom-Bounds-normals-array" count="24" stride="3">
              <param name="X" type="float"/>
              <param name="Y" type="float"/>
              <param name="Z" type="float"/>
            </accessor>
          </technique_common>
        </source>
        <source id="geom-Bounds-map1">
          <float_array id="geom-Bounds-map1-array" count="36">0 0 0 1 0 0 0 1 0 1 1 0 0 0 0 1 0 0 0 1 0 1 1 0 0 0 0 1 0 0 0 1 0 1 1 0</float_array>
          <technique_common>
            <accessor source="#geom-Bounds-map1-array" count="12" stride="3">
              <param name="S" type="float"/>
              <param name="T" type="float"/>
              <param name="P" type="float"/>
            </accessor>
          </technique_common>
        </source>
        <vertices id="geom-Bounds-vertices">
          <input semantic="POSITION" source="#geom-Bounds-positions"/>
        </vertices>
        <triangles material="ShapeBounds" count="12">
          <input semantic="VERTEX" source="#geom-Bounds-vertices" offset="0"/>
          <input semantic="NORMAL" source="#geom-Bounds-normals" offset="1"/>
          <input semantic="TEXCOORD" source="#geom-Bounds-map1" offset="2" set="0"/>
          <p>0 0 9 2 1 11 3 2 10 3 2 10 1 3 8 0 0 9 4 4 8 5 5 9 7 6 11 7 6 11 6 7 10 4 4 8 0 8 4 1 9 5 5 10 7 5 10 7 4 11 6 0 8 4 1 12 0 3 13 1 7 14 3 7 14 3 5 15 2 1 12 0 3 16 4 2 17 5 6 18 7 6 18 7 7 19 6 3 16 4 2 20 0 0 21 1 4 22 3 4 22 3 6 23 2 2 20 0</p>
        </triangles>
      </mesh>
      <extra>
        <technique profile="OpenCOLLADA3dsMax">
          <max_box>
            <generateuvs>1</generateuvs>
            <height>1.84</height>
            <heightsegments>1</heightsegments>
            <length>0.85</length>
            <lengthsegments>1</lengthsegments>
            <width>0.85</width>
            <widthsegments>1</widthsegments>
          </max_box>
        </technique>
      </extra>
    </geometry>
  </library_geometries>
  <library_lights>
    <light id="EnvironmentAmbientLight" name="EnvironmentAmbientLight">
      <technique_common>
        <ambient>
          <color>0 0 0</color>
        </ambient>
      </technique_common>
    </light>
  </library_lights>
  <library_visual_scenes>
    <visual_scene id="MaxScene">
      <node name="EnvironmentAmbientLight">
        <instance_light url="#EnvironmentAmbientLight"/>
      </node>
      <node id="node-Bip01" name="Bip01">
        <matrix sid="matrix">0.783339 -0.6214251 0.01452155 -8.10623e-5 0.6215313 0.7833791 -0.004010662 0.009366653 -0.008883555 0.01216731 0.9998865 0.561098 0 0 0 1</matrix>
        <node id="node-Bip01_Pelvis" name="Bip01_Pelvis">
          <matrix sid="matrix">-0.009626743 0.9912359 0.1317526 0 -0.1217413 -0.1319403 0.9837534 0 0.9925151 -0.006569399 0.1219445 0 0 0 0 1</matrix>
          <node id="node-Bip01_Spine" name="Bip01_Spine">
            <matrix sid="matrix">0.9142387 -0.1596022 -0.372417 0.1975123 0.1756539 0.9844077 0.00933337 0.02499345 0.3651206 -0.07394959 0.9280183 0.02780973 0 0 0 1</matrix>
            <node id="node-Bip01_Spine1" name="Bip01_Spine1">
              <matrix sid="matrix">0.9850423 0.02363084 -0.1706849 0.1022275 -0.01319331 0.9979871 0.06202853 -1.00836e-4 0.1718071 -0.05884882 0.9833713 5.91576e-6 0 0 0 1</matrix>
              <node id="node-Bip01_Spine2" name="Bip01_Spine2">
                <matrix>0.9369742 -0.3477308 -0.03409585 0.1269255 0.349036 0.9270918 0.1366548 -1.58772e-4 -0.01590914 -0.1399426 0.9900318 2.40207e-5 0 0 0 1</matrix>
                <node id="node-Bip01_Neck" name="Bip01_Neck">
                  <matrix>0.840708 -0.4308255 0.3280235 0.2151071 0.4136218 0.9019012 0.1244631 -4.96805e-5 -0.3494668 0.03104055 0.9364344 -1.72853e-6 0 0 0 1</matrix>
                  <node id="node-Bip01_Head" name="Bip01_Head">
                    <matrix sid="matrix">0.9445354 -0.09663761 -0.313869 0.0705182 -0.2756742 0.2861071 -0.9176853 -0.01395923 0.1784831 0.9533121 0.2435979 -1.49012e-8 0 0 0 1</matrix>
                    <node id="node-AltEye" name="AltEye">
                      <matrix sid="matrix">0.4634839 0.4044128 0.7884378 0.06454694 0.04757692 0.8771376 -0.4778775 0.2214611 -0.8848274 0.2589996 0.3872983 0.04716259 0 0 0 1</matrix>
                    </node>
                  </node>
                  <node id="node-Bip01_L_Clavicle" name="Bip01_L_Clavicle">
                    <matrix>-0.5778345 -0.4531802 0.6787745 -0.04690349 0.283809 -0.8913431 -0.3534965 -0.01204753 0.7652188 -0.01162022 0.6436656 0.05588406 0 0 0 1</matrix>
                    <node id="node-Bip01_L_UpperArm" name="Bip01_L_UpperArm">
                      <matrix sid="matrix">0.8939138 0.4206064 0.1549455 0.1824006 -0.307125 0.3229545 0.8951954 2.98023e-8 0.3264846 -0.847815 0.4178722 1.19209e-7 0 0 0 1</matrix>
                      <node id="node-Bip01_L_Forearm" name="Bip01_L_Forearm">
                        <matrix sid="matrix">0.3570882 0.9340707 0 0.2843689 -0.9340708 0.3570882 0 0 1.49012e-8 0 1 -5.96046e-8 0 0 0 1</matrix>
                        <node id="node-Bip01_L_Hand" name="Bip01_L_Hand">
                          <matrix sid="matrix">0.953399 0.2293826 -0.1959953 0.281068 0.1255091 -0.8922598 -0.433728 -2.98023e-8 -0.2743685 0.3889166 -0.8794691 5.96046e-8 0 0 0 1</matrix>
                          <node id="node-Bip01_L_Finger0" name="Bip01_L_Finger0">
                            <matrix>0.6413841 0.3141903 0.6999362 0.02119672 0.7352948 0.008702887 -0.6776913 -0.004734278 -0.2190156 0.9493201 -0.2254407 -0.02572191 0 0 0 1</matrix>
                            <node id="node-Bip01_L_Finger01" name="Bip01_L_Finger01">
                              <matrix>0.9975642 -0.06975642 2.98023e-8 0.04982853 0.06975645 0.9975642 3.1665e-8 0 -2.98023e-8 -5.96046e-8 1 0 0 0 0 1</matrix>
                              <node id="node-Bip01_L_Finger02" name="Bip01_L_Finger02">
                                <matrix>0.9203136 0.3911815 -2.98023e-8 0.05202222 -0.3911814 0.9203135 7.45058e-9 -2.98023e-8 0 4.47035e-8 1 8.9407e-8 0 0 0 1</matrix>
                              </node>
                            </node>
                          </node>
                          <node id="node-Bip01_L_Finger1" name="Bip01_L_Finger1">
                            <matrix>0.9592717 -0.2819768 -0.01693489 0.1199946 0.2798395 0.9567645 -0.07931918 -0.008367538 0.03856903 0.0713495 0.9967054 -0.0410139 0 0 0 1</matrix>
                            <node id="node-Bip01_L_Finger11" name="Bip01_L_Finger11">
                              <matrix>0.7001771 -0.7139692 7.45058e-9 0.0364418 0.7139692 0.7001772 -2.98023e-8 -2.98023e-8 1.49012e-8 2.6077e-8 1 5.96046e-8 0 0 0 1</matrix>
                              <node id="node-Bip01_L_Finger12" name="Bip01_L_Finger12">
                                <matrix>0.875726 -0.4828089 1.49012e-8 0.03117549 0.4828088 0.8757258 7.45058e-9 0 -1.49012e-8 2.23517e-8 1 -5.96046e-8 0 0 0 1</matrix>
                              </node>
                            </node>
                          </node>
                          <node id="node-Bip01_L_Finger2" name="Bip01_L_Finger2">
                            <matrix>0.6611331 -0.7495596 -0.03260913 0.1229538 0.748977 0.656822 0.08728343 -0.008801997 -0.04400571 -0.08212955 0.9956497 -0.01328242 0 0 0 1</matrix>
                            <node id="node-Bip01_L_Finger21" name="Bip01_L_Finger21">
                              <matrix>0.8156036 -0.5786112 2.04891e-8 0.03895521 0.5786111 0.8156036 2.42144e-8 2.98023e-8 1.86265e-9 5.23869e-8 1 0 0 0 0 1</matrix>
                              <node id="node-Bip01_L_Finger22" name="Bip01_L_Finger22">
                                <matrix>0.9762962 -0.2164397 0 0.03800529 0.2164397 0.9762961 2.37487e-8 0 1.49012e-8 -2.04891e-8 1 0 0 0 0 1</matrix>
                              </node>
                            </node>
                          </node>
                          <node id="node-Bip01_L_Finger3" name="Bip01_L_Finger3">
                            <matrix>0.412463 -0.9064789 -0.09038848 0.121188 0.9061533 0.3980611 0.1429456 -0.001191318 -0.09359709 -0.1408656 0.9855945 0.01196867 0 0 0 1</matrix>
                            <node id="node-Bip01_L_Finger31" name="Bip01_L_Finger31">
                              <matrix>0.9381477 -0.3462351 3.72529e-9 0.03155851 0.3462351 0.9381478 2.79397e-8 0 1.49012e-8 -8.3819e-9 1 -1.19209e-7 0 0 0 1</matrix>
                              <node id="node-Bip01_L_Finger32" name="Bip01_L_Finger32">
                                <matrix>0.9636306 -0.2672385 0 0.03366601 0.2672384 0.9636304 5.23869e-8 0 2.6077e-8 1.02445e-8 1 0 0 0 0 1</matrix>
                              </node>
                            </node>
                          </node>
                          <node id="node-Bip01_L_Finger4" name="Bip01_L_Finger4">
                            <matrix>0.07120566 -0.9696805 0.2337719 0.1136797 0.9750154 0.1171046 0.1887628 0.005147457 -0.2104155 0.2144902 0.953792 0.03886575 0 0 0 1</matrix>
                            <node id="node-Bip01_L_Finger41" name="Bip01_L_Finger41">
                              <matrix>0.9790111 -0.2038069 1.49012e-8 0.03661627 0.2038069 0.9790111 -6.51926e-9 0 1.49012e-8 -2.23517e-8 0.9999999 -7.45058e-8 0 0 0 1</matrix>
                              <node id="node-Bip01_L_Finger42" name="Bip01_L_Finger42">
                                <matrix>0.9645152 0.2640274 -1.49012e-8 0.01772642 -0.2640274 0.9645153 2.23517e-8 0 0 5.7742e-8 1 -5.96046e-8 0 0 0 1</matrix>
                              </node>
                            </node>
                          </node>
                        </node>
                      </node>
                    </node>
                  </node>
                  <node id="node-Bip01_R_Clavicle" name="Bip01_R_Clavicle">
                    <matrix>0.2073931 -0.1669672 -0.9639034 8.67009e-4 0.5679266 -0.781728 0.2576056 -0.01629043 -0.7965221 -0.6008521 -0.06729989 -0.07212144 0 0 0 1</matrix>
                    <node id="node-Bip01_R_UpperArm" name="Bip01_R_UpperArm">
                      <matrix sid="matrix">0.3408037 0.9315025 -0.1271059 0.1824007 -0.8978547 0.3625774 0.2497894 0 0.2787652 0.02899349 0.9599215 0 0 0 0 1</matrix>
                      <node id="node-Bip01_R_Forearm" name="Bip01_R_Forearm">
                        <matrix sid="matrix">-0.06097483 0.9981393 2.98023e-8 0.2843689 -0.9981393 -0.06097482 -1.49012e-8 0 -4.84288e-8 5.96046e-8 1 5.96046e-8 0 0 0 1</matrix>
                        <node id="node-Bip01_R_Hand" name="Bip01_R_Hand">
                          <matrix>0.9247896 0.3771959 -0.04987456 0.2810681 0.2033486 -0.6007847 -0.773115 5.96046e-8 -0.3215797 0.704827 -0.6323017 -5.96046e-8 0 0 0 1</matrix>
                          <node id="node-Bip01_R_Finger0" name="Bip01_R_Finger0">
                            <matrix>0.5215106 0.269013 -0.8097275 0.02119678 0.7250715 0.3605264 0.5867638 -0.004734263 0.4497753 -0.893114 -0.007035498 0.02572191 0 0 0 1</matrix>
                            <node id="node-Bip01_R_Finger01" name="Bip01_R_Finger01">
                              <matrix>0.6423536 -0.7636237 0.06527566 0.04982859 0.7605616 0.6456373 0.06854741 0 -0.09448885 0.005614457 0.9955101 0 0 0 0 1</matrix>
                              <node id="node-Bip01_R_Finger02" name="Bip01_R_Finger02">
                                <matrix>0.9505159 -0.3106765 1.76951e-8 0.05202234 0.3106765 0.9505158 -9.31323e-9 -5.96046e-8 -1.67638e-8 1.86265e-8 1 2.98023e-8 0 0 0 1</matrix>
                              </node>
                            </node>
                          </node>
                          <node id="node-Bip01_R_Finger1" name="Bip01_R_Finger1">
                            <matrix>0.9820226 -0.1733428 -0.07472672 0.1199947 0.1795577 0.9799358 0.08651491 -0.008367524 0.05823065 -0.09837732 0.9934441 0.04101384 0 0 0 1</matrix>
                            <node id="node-Bip01_R_Finger11" name="Bip01_R_Finger11">
                              <matrix>0.8240546 -0.5665101 -3.72529e-9 0.03644174 0.5665101 0.8240547 -1.49012e-8 -2.98023e-8 -1.30385e-8 -7.45058e-9 1 0 0 0 0 1</matrix>
                              <node id="node-Bip01_R_Finger12" name="Bip01_R_Finger12">
                                <matrix>0.8146398 -0.5796779 0.01831834 0.03117545 0.5799671 0.8142333 -0.02573051 -5.96046e-8 7.45058e-9 0.0315851 0.9995011 0 0 0 0 1</matrix>
                              </node>
                            </node>
                          </node>
                          <node id="node-Bip01_R_Finger2" name="Bip01_R_Finger2">
                            <matrix>0.6754013 -0.7374504 -1.52119e-4 0.1229539 0.7368313 0.6748427 -0.04082685 -0.008802041 0.03021043 0.02746242 0.9991662 0.01328242 0 0 0 1</matrix>
                            <node id="node-Bip01_R_Finger21" name="Bip01_R_Finger21">
                              <matrix>0.5508357 -0.8338858 -0.03484869 0.03895515 0.832222 0.551937 -0.05265061 -2.98023e-8 0.06313891 -9.54606e-9 0.9980047 -5.96046e-8 0 0 0 1</matrix>
                              <node id="node-Bip01_R_Finger22" name="Bip01_R_Finger22">
                                <matrix>0.1984735 -0.9799247 0.01886612 0.0380054 0.9755273 0.1993681 0.09272986 0 -0.09462959 7.45058e-9 0.9955125 5.96046e-8 0 0 0 1</matrix>
                              </node>
                            </node>
                          </node>
                          <node id="node-Bip01_R_Finger3" name="Bip01_R_Finger3">
                            <matrix>0.7159052 -0.6949216 0.06755453 0.1211882 0.6883786 0.6863561 -0.234627 -0.001191214 0.1166809 0.2144739 0.9697352 -0.01196873 0 0 0 1</matrix>
                            <node id="node-Bip01_R_Finger31" name="Bip01_R_Finger31">
                              <matrix>0.4441952 -0.8949344 0.04222351 0.03155842 0.8909186 0.4461977 0.08468726 -5.96046e-8 -0.09462962 3.95812e-9 0.9955127 5.96046e-8 0 0 0 1</matrix>
                              <node id="node-Bip01_R_Finger32" name="Bip01_R_Finger32">
                                <matrix>0.199368 -0.9794357 -0.03095102 0.03366596 0.9799247 0.1992685 0.006297067 5.96046e-8 -1.49012e-8 -0.03158514 0.9995011 -5.96046e-8 0 0 0 1</matrix>
                              </node>
                            </node>
                          </node>
                          <node id="node-Bip01_R_Finger4" name="Bip01_R_Finger4">
                            <matrix>0.5925791 -0.789795 -0.1583476 0.1136796 0.7783521 0.6120424 -0.1399001 0.005147442 0.2074078 -0.04034829 0.9774221 -0.03886586 0 0 0 1</matrix>
                            <node id="node-Bip01_R_Finger41" name="Bip01_R_Finger41">
                              <matrix>0.4202555 -0.9064696 0.04120623 0.03661625 0.9068531 0.421151 0.01578782 0 -0.03166522 0.03073303 0.9990259 5.96046e-8 0 0 0 1</matrix>
                              <node id="node-Bip01_R_Finger42" name="Bip01_R_Finger42">
                                <matrix>0.402447 -0.9138247 -0.05441487 0.01772633 0.9154231 0.4021218 0.01728317 -5.96046e-8 0.006087601 -0.0567682 0.9983689 1.19209e-7 0 0 0 1</matrix>
                              </node>
                            </node>
                          </node>
                          <node id="node-mount0" name="mount0">
                            <matrix>-0.0049972 0.9999838 -0.002795181 0.09410727 -0.9999509 -0.005020941 -0.008545231 0.01837559 -0.008559124 0.002752358 0.9999596 0.01120639 0 0 0 1</matrix>
                          </node>
                        </node>
                      </node>
                    </node>
                  </node>
                </node>
                <node id="node-Bip01_L_Pauldron_Upper" name="Bip01_L_Pauldron_Upper">
                  <matrix>0.9726266 0.1182924 0.2000108 0.176903 0.1448456 -0.9816831 -0.1237686 -0.03908369 0.1817062 0.1493513 -0.971945 0.2290199 0 0 0 1</matrix>
                </node>
                <node id="node-Bip01_R_Pauldron_Lower" name="Bip01_R_Pauldron_Lower">
                  <matrix sid="matrix">-0.1156724 -0.9403758 -0.3198653 0.172906 0.9097751 -0.2295502 0.3458562 -0.1133294 -0.3986598 -0.2509996 0.8820827 -0.2351094 0 0 0 1</matrix>
                </node>
                <node id="node-Bip01_L_Pauldron_Lower" name="Bip01_L_Pauldron_Lower">
                  <matrix>-0.209997 -0.76872 0.6041282 0.1529203 0.4002343 -0.6313508 -0.6642357 -0.1054225 0.8920279 0.1023054 0.4402496 0.2344801 0 0 0 1</matrix>
                </node>
              </node>
            </node>
            <node id="node-Bip01_L_Thigh" name="Bip01_L_Thigh">
              <matrix sid="matrix">-0.6238995 0.7814308 0.01072912 -0.1485698 0.3191045 0.242195 0.9162499 -4.5117e-4 0.7133874 0.5750717 -0.4004634 0.1658256 0 0 0 1</matrix>
              <node id="node-Bip01_L_Calf" name="Bip01_L_Calf">
                <matrix sid="matrix">-0.6882432 0.7254802 0 0.4629987 -0.72548 -0.6882432 -1.49012e-8 -2.98023e-8 -2.79397e-8 1.86265e-8 1 0 0 0 0 1</matrix>
                <node id="node-Bip01_L_Foot" name="Bip01_L_Foot">
                  <matrix sid="matrix">0.6422242 -0.7610817 0.09112278 0.3610501 0.7659254 0.6418478 -0.03728285 2.98023e-8 -0.03011173 0.09373721 0.9951416 1.49012e-8 0 0 0 1</matrix>
                  <node id="node-Bip01_L_Toe0" name="Bip01_L_Toe0">
                    <matrix sid="matrix">-0.4999999 -0.8660254 1.20234e-6 0.1486306 0.8660253 -0.4999999 2.99886e-7 0.1543274 3.40631e-7 1.19116e-6 1 -7.45058e-9 0 0 0 1</matrix>
                  </node>
                </node>
              </node>
            </node>
            <node id="node-Bip01_R_Thigh" name="Bip01_R_Thigh">
              <matrix sid="matrix">0.001268655 0.9563192 -0.2923217 -0.2416653 0.8879359 0.1333807 0.4402035 0.01840352 0.4599652 -0.2601215 -0.848981 -0.07079412 0 0 0 1</matrix>
              <node id="node-Bip01_R_Calf" name="Bip01_R_Calf">
                <matrix sid="matrix">-0.5837122 0.8119607 1.11759e-8 0.4629988 -0.8119606 -0.5837123 0 0 -4.47035e-8 1.49012e-8 0.9999999 2.98023e-8 0 0 0 1</matrix>
                <node id="node-Bip01_R_Foot" name="Bip01_R_Foot">
                  <matrix sid="matrix">0.5641765 -0.8158506 0.1268562 0.3610501 0.8091508 0.5769003 0.1116269 2.23517e-8 -0.1642542 0.03966837 0.98562 1.67638e-8 0 0 0 1</matrix>
                  <node id="node-Bip01_R_Toe0" name="Bip01_R_Toe0">
                    <matrix sid="matrix">-0.3051539 -0.9472734 0.09774527 0.1486306 0.9517195 -0.3069488 -0.003514061 0.1543275 0.03333154 0.09195381 0.9952053 3.72529e-9 0 0 0 1</matrix>
                  </node>
                </node>
              </node>
            </node>
          </node>
          <node id="node-Bip01_FannyPack" name="Bip01_FannyPack">
            <matrix sid="matrix">-0.9629917 -0.2062316 0.1735378 0.2299506 -0.2083318 0.9780383 0.00622697 -0.1378937 -0.1710108 -0.03015696 -0.9848074 0.01013964 0 0 0 1</matrix>
          </node>
        </node>
        <node id="node-Eye" name="Eye">
          <matrix sid="matrix">0.7833391 0.6215312 -0.008883499 0.05559541 -0.6214253 0.783379 0.01216745 0.07820071 0.0145216 -0.004010899 0.9998863 0.4773175 0 0 0 1</matrix>
          <node id="node-cam" name="cam">
            <matrix>1 -6.03104e-8 -3.55271e-15 4.84288e-8 6.03104e-8 1 -2.32831e-9 -0.104 0 2.32831e-9 1 0.3005601 0 0 0 1</matrix>
          </node>
        </node>
      </node>
      <node id="node-nulldetail1" name="nulldetail1">
        <matrix>1 0 0 0 0 1 0 0 0 0 1 0 0 0 0 1</matrix>
      </node>
      <node id="node-Bounds" name="Bounds">
        <matrix>0.9999915 0.001706907 0.003750479 0 -0.001711356 0.9999978 0.001183292 0.1035326 -0.003748452 -0.0011897 0.9999923 -8.93474e-5 0 0 0 1</matrix>
        <instance_geometry url="#geom-Bounds">
          <bind_material>
            <technique_common>
              <instance_material symbol="ShapeBounds" target="#ShapeBounds-material"/>
            </technique_common>
          </bind_material>
        </instance_geometry>
      </node>
    </visual_scene>
  </library_visual_scenes>
  <library_animations>
    <animation>
      <source id="node-Bip01_matrix-input">
        <float_array id="node-Bip01_matrix-input-array" count="30">12.33333 12.36667 12.4 12.43333 12.46667 12.5 12.53333 12.56667 12.6 12.63333 12.66667 12.7 12.73333 12.76667 12.8 12.83333 12.86667 12.9 12.93333 12.96667 13 13.03333 13.06667 13.1 13.13333 13.16667 13.2 13.23333 13.26667 13.3</float_array>
        <technique_common>
          <accessor source="#node-Bip01_matrix-input-array" count="30" stride="1">
            <param name="TIME" type="float"/>
          </accessor>
        </technique_common>
      </source>
      <source id="node-Bip01_matrix-output">
        <float_array id="node-Bip01_matrix-output-array" count="480">0.783339 -0.6214251 0.01452153 -8.10623e-5 0.6215313 0.7833791 -0.004010617 0.009366631 -0.008883535 0.01216727 0.9998865 0.561098 0 0 0 1 0.783339 -0.6214251 0.01452153 -7.75352e-5 0.6215313 0.7833791 -0.004010617 0.009366631 -0.008883535 0.01216727 0.9998865 0.5704383 0 0 0 1 0.783339 -0.6214251 0.01452153 -6.83108e-5 0.6215313 0.7833791 -0.004010617 0.009366631 -0.008883535 0.01216727 0.9998865 0.5775269 0 0 0 1 0.783339 -0.6214251 0.01452153 -5.5347e-5 0.6215313 0.7833791 -0.004010617 0.009366631 -0.008883535 0.01216727 0.9998865 0.5827016 0 0 0 1 0.783339 -0.6214251 0.01452153 -4.0531e-5 0.6215313 0.7833791 -0.004010617 0.009366631 -0.008883535 0.01216727 0.9998865 0.5862782 0 0 0 1 0.783339 -0.6214251 0.01452153 -2.57149e-5 0.6215313 0.7833791 -0.004010617 0.009366631 -0.008883535 0.01216727 0.9998865 0.5885569 0 0 0 1 0.783339 -0.6214251 0.01452153 -1.2751e-5 0.6215313 0.7833791 -0.004010617 0.009366631 -0.008883535 0.01216727 0.9998865 0.5898287 0 0 0 1 0.783339 -0.6214251 0.01452153 -3.52664e-6 0.6215313 0.7833791 -0.004010617 0.009366631 -0.008883535 0.01216727 0.9998865 0.5903804 0 0 0 1 0.783339 -0.6214251 0.01452153 0 0.6215313 0.7833791 -0.004010617 0.009366631 -0.008883535 0.01216727 0.9998865 0.5904994 0 0 0 1 0.783339 -0.6214251 0.01452153 0 0.6215313 0.7833791 -0.004010617 0.009366631 -0.008883535 0.01216727 0.9998865 0.587822 0 0 0 1 0.783339 -0.6214251 0.01452153 0 0.6215313 0.7833791 -0.004010617 0.009366631 -0.008883535 0.01216727 0.9998865 0.5809765 0 0 0 1 0.783339 -0.6214251 0.01452153 0 0.6215313 0.7833791 -0.004010617 0.009366631 -0.008883535 0.01216727 0.9998865 0.5716706 0 0 0 1 0.783339 -0.6214251 0.01452153 0 0.6215313 0.7833791 -0.004010617 0.009366631 -0.008883535 0.01216727 0.9998865 0.5615513 0 0 0 1 0.783339 -0.6214251 0.01452153 0 0.6215313 0.7833791 -0.004010617 0.009366631 -0.008883535 0.01216727 0.9998865 0.5522454 0 0 0 1 0.783339 -0.6214251 0.01452153 0 0.6215313 0.7833791 -0.004010617 0.009366631 -0.008883535 0.01216727 0.9998865 0.5453999 0 0 0 1 0.783339 -0.6214251 0.01452153 0 0.6215313 0.7833791 -0.004010617 0.009366631 -0.008883535 0.01216727 0.9998865 0.5427222 0 0 0 1 0.783339 -0.6214251 0.01452153 0 0.6215313 0.7833791 -0.004010617 0.009366631 -0.008883535 0.01216727 0.9998865 0.5448191 0 0 0 1 0.783339 -0.6214251 0.01452153 0 0.6215313 0.7833791 -0.004010617 0.009366631 -0.008883535 0.01216727 0.9998865 0.5503032 0 0 0 1 0.783339 -0.6214251 0.01452153 0 0.6215313 0.7833791 -0.004010617 0.009366631 -0.008883535 0.01216727 0.9998865 0.5580102 0 0 0 1 0.783339 -0.6214251 0.01452153 0 0.6215313 0.7833791 -0.004010617 0.009366631 -0.008883535 0.01216727 0.9998865 0.5668185 0 0 0 1 0.783339 -0.6214251 0.01452153 0 0.6215313 0.7833791 -0.004010617 0.009366631 -0.008883535 0.01216727 0.9998865 0.5756269 0 0 0 1 0.783339 -0.6214251 0.01452153 0 0.6215313 0.7833791 -0.004010617 0.009366631 -0.008883535 0.01216727 0.9998865 0.583334 0 0 0 1 0.783339 -0.6214251 0.01452153 0 0.6215313 0.7833791 -0.004010617 0.009366631 -0.008883535 0.01216727 0.9998865 0.588818 0 0 0 1 0.783339 -0.6214251 0.01452153 0 0.6215313 0.7833791 -0.004010617 0.009366631 -0.008883535 0.01216727 0.9998865 0.5909146 0 0 0 1 0.783339 -0.6214251 0.01452153 -4.54267e-6 0.6215313 0.7833791 -0.004010617 0.009366631 -0.008883535 0.01216727 0.9998865 0.5881708 0 0 0 1 0.783339 -0.6214251 0.01452153 -1.61573e-5 0.6215313 0.7833791 -0.004010617 0.009366631 -0.008883535 0.01216727 0.9998865 0.5814179 0 0 0 1 0.783339 -0.6214251 0.01452153 -3.19463e-5 0.6215313 0.7833791 -0.004010617 0.009366631 -0.008883535 0.01216727 0.9998865 0.5727921 0 0 0 1 0.783339 -0.6214251 0.01452153 -4.91155e-5 0.6215313 0.7833791 -0.004010617 0.009366631 -0.008883535 0.01216727 0.9998865 0.564365 0 0 0 1 0.783339 -0.6214251 0.01452153 -6.49045e-5 0.6215313 0.7833791 -0.004010617 0.009366631 -0.008883535 0.01216727 0.9998865 0.5581949 0 0 0 1 0.783339 -0.6214251 0.01452153 -7.65191e-5 0.6215313 0.7833791 -0.004010617 0.009366631 -0.008883535 0.01216727 0.9998865 0.5563775 0 0 0 1</float_array>
        <technique_common>
          <accessor source="#node-Bip01_matrix-output-array" count="30" stride="16">
            <param name="TRANSFORM" type="float4x4"/>
          </accessor>
        </technique_common>
      </source>
      <source id="node-Bip01_matrix-interpolation">
        <Name_array id="node-Bip01_matrix-interpolation-array" count="30">LINEAR LINEAR LINEAR LINEAR LINEAR LINEAR LINEAR LINEAR LINEAR LINEAR LINEAR LINEAR LINEAR LINEAR LINEAR LINEAR LINEAR LINEAR LINEAR LINEAR LINEAR LINEAR LINEAR LINEAR LINEAR LINEAR LINEAR LINEAR LINEAR LINEAR</Name_array>
        <technique_common>
          <accessor source="#node-Bip01_matrix-interpolation-array" count="30" stride="1">
            <param name="INTERPOLATION" type="name"/>
          </accessor>
        </technique_common>
      </source>
      <source id="node-Bip01_Pelvis_matrix-input">
        <float_array id="node-Bip01_Pelvis_matrix-input-array" count="30">12.33333 12.36667 12.4 12.43333 12.46667 12.5 12.53333 12.56667 12.6 12.63333 12.66667 12.7 12.73333 12.76667 12.8 12.83333 12.86667 12.9 12.93333 12.96667 13 13.03333 13.06667 13.1 13.13333 13.16667 13.2 13.23333 13.26667 13.3</float_array>
        <technique_common>
          <accessor source="#node-Bip01_Pelvis_matrix-input-array" count="30" stride="1">
            <param name="TIME" type="float"/>
          </accessor>
        </technique_common>
      </source>
      <source id="node-Bip01_Pelvis_matrix-output">
        <float_array id="node-Bip01_Pelvis_matrix-output-array" count="480">-0.009626686 0.9912359 0.1317526 0 -0.1217413 -0.1319403 0.9837535 0 0.9925152 -0.006569385 0.1219445 0 0 0 0 1 -0.004591643 0.9923534 0.1233437 0 -0.1044424 -0.1231462 0.9868773 0 0.9945203 -0.008350908 0.1042092 0 0 0 0 1 0.004638254 0.994154 0.107871 0 -0.0696882 -0.1072886 0.9917827 0 0.9975581 -0.0121175 0.06878316 0 0 0 0 1 0.01482164 0.9961261 0.08667773 0 -0.02470844 -0.0862959 0.9959631 0 0.9995848 -0.01690346 0.02333372 0 0 0 0 1 0.02324074 0.997837 0.06149178 0 0.0232535 -0.06203138 0.9978033 0 0.9994594 -0.02175974 -0.02464485 0 0 0 0 1 0.02812671 0.9990083 0.03451746 0 0.06686812 -0.03633409 0.9971 0 0.9973652 -0.02573704 -0.06782376 0 0 0 0 1 0.02883338 0.9995503 0.008236348 0 0.09878176 -0.01104879 0.9950477 0 0.9946914 -0.02787697 -0.09905594 0 0 0 0 1 0.02570289 0.9995585 -0.01490908 0 0.1116182 0.01195126 0.9936792 0 0.9934188 -0.02720457 -0.1112617 0 0 0 0 1 0.01961016 0.9992694 -0.0328046 0 0.09777808 0.03073686 0.9947336 0 0.995015 -0.02271443 -0.09710389 0 0 0 0 1 0.008143842 0.9981309 -0.06056493 0 0.03700292 0.06022465 0.9974987 0 0.999282 -0.01036453 -0.03644329 0 0 0 0 1 -0.001597225 0.9953625 -0.09618109 0 -0.04609793 0.09600561 0.9943128 0 0.9989356 0.006021916 0.04573082 0 0 0 0 1 -0.005906403 0.9940371 -0.1088817 0 -0.09394544 0.1078504 0.9897184 0 0.9955598 0.01607465 0.09274822 0 0 0 0 1 -0.01014763 0.9976274 -0.0680927 0 -0.07639068 0.06712377 0.994816 0 0.9970263 0.01529669 0.07552826 0 0 0 0 1 -0.008945405 0.9999135 0.00964111 0 -0.02139931 -0.009830653 0.9997228 0 0.999731 0.00873661 0.02148544 0 0 0 0 1 0.003493189 0.9961323 0.08779621 0 0.04157501 -0.08786553 0.9952643 0 0.9991293 1.73461e-4 -0.04172116 0 0 0 0 1 0.0176382 0.9912359 0.1309209 0 0.08289796 -0.1319403 0.9877853 0 0.9964019 -0.006569683 -0.08449864 0 0 0 0 1 0.02773922 0.9890731 0.1447924 0 0.09531813 -0.1468054 0.9845622 0 0.9950603 -0.01350963 -0.09834891 0 0 0 0 1 0.03922653 0.9867937 0.1571605 0 0.09336292 -0.160213 0.9826572 0 0.9948592 -0.02387326 -0.09841454 0 0 0 0 1 0.05019497 0.9846457 0.1671927 0 0.08065354 -0.1708533 0.9819899 0 0.9954776 -0.03580629 -0.08799117 0 0 0 0 1 0.05912369 0.9829838 0.1739171 0 0.06058198 -0.177434 0.9822663 0 0.9964107 -0.04753899 -0.07004171 0 0 0 0 1 0.0648421 0.9822404 0.1760662 0 0.03639352 -0.1786478 0.9832398 0 0.9972317 -0.05734765 -0.04733109 0 0 0 0 1 0.06644684 0.9828487 0.1720271 0 0.01126635 -0.1731361 0.9848335 0 0.9977263 -0.06350094 -0.02257746 0 0 0 0 1 0.06314677 0.9851173 0.1598638 0 -0.01160198 -0.159448 0.9871382 0 0.9979367 -0.06418931 0.001360654 0 0 0 0 1 0.05400121 0.9890418 0.1374059 0 -0.02888631 -0.1360017 0.9902874 0 0.998123 -0.05744588 0.02122551 0 0 0 0 1 0.03188765 0.9958163 0.08563274 0 -0.05521613 -0.08379042 0.9949524 0 0.9979651 -0.03645503 0.05231326 0 0 0 0 1 0.006014704 0.9998508 0.01618629 0 -0.09193009 -0.01556515 0.9956438 0 0.9957474 -0.007476508 0.09182274 0 0 0 0 1 -0.008875668 0.9996628 -0.02440351 0 -0.1161357 0.02320879 0.9929622 0 0.9931938 0.01164728 0.1158905 0 0 0 0 1 -0.01272821 0.9998877 -0.007926166 0 -0.1228656 0.006302714 0.9924032 0 0.9923417 0.01360535 0.1227716 0 0 0 0 1 -0.01265329 0.9990599 0.04146212 0 -0.1241787 -0.04271453 0.9913399 0 0.9921792 0.007394969 0.1246024 0 0 0 0 1 -0.01080197 0.9952373 0.0968815 0 -0.1227471 -0.09747427 0.9876396 0 0.9923792 -0.001223444 0.1232154 0 0 0 0 1</float_array>
        <technique_common>
          <accessor source="#node-Bip01_Pelvis_matrix-output-array" count="30" stride="16">
            <param name="TRANSFORM" type="float4x4"/>
          </accessor>
        </technique_common>
      </source>
      <source id="node-Bip01_Pelvis_matrix-interpolation">
        <Name_array id="node-Bip01_Pelvis_matrix-interpolation-array" count="30">LINEAR LINEAR LINEAR LINEAR LINEAR LINEAR LINEAR LINEAR LINEAR LINEAR LINEAR LINEAR LINEAR LINEAR LINEAR LINEAR LINEAR LINEAR LINEAR LINEAR LINEAR LINEAR LINEAR LINEAR LINEAR LINEAR LINEAR LINEAR LINEAR LINEAR</Name_array>
        <technique_common>
          <accessor source="#node-Bip01_Pelvis_matrix-interpolation-array" count="30" stride="1">
            <param name="INTERPOLATION" type="name"/>
          </accessor>
        </technique_common>
      </source>
      <source id="node-Bip01_Spine_matrix-input">
        <float_array id="node-Bip01_Spine_matrix-input-array" count="30">12.33333 12.36667 12.4 12.43333 12.46667 12.5 12.53333 12.56667 12.6 12.63333 12.66667 12.7 12.73333 12.76667 12.8 12.83333 12.86667 12.9 12.93333 12.96667 13 13.03333 13.06667 13.1 13.13333 13.16667 13.2 13.23333 13.26667 13.3</float_array>
        <technique_common>
          <accessor source="#node-Bip01_Spine_matrix-input-array" count="30" stride="1">
            <param name="TIME" type="float"/>
          </accessor>
        </technique_common>
      </source>
      <source id="node-Bip01_Spine_matrix-output">
        <float_array id="node-Bip01_Spine_matrix-output-array" count="480">0.9142387 -0.1596022 -0.372417 0.1975123 0.1756539 0.9844077 0.009333312 0.02499341 0.3651206 -0.07394957 0.9280183 0.02780967 0 0 0 1 0.9211073 -0.1582483 -0.3556953 0.1980457 0.1761747 0.9841879 0.01835763 0.02466821 0.3471659 -0.0795741 0.9344218 0.02405267 0 0 0 1 0.9337747 -0.1562129 -0.3219659 0.1988964 0.1765413 0.9836799 0.03474384 0.02396571 0.311284 -0.08928322 0.9461134 0.01658308 0 0 0 1 0.9479826 -0.1549525 -0.2780624 0.1995712 0.1771292 0.9825745 0.05632895 0.02306467 0.2644886 -0.1026518 0.9589099 0.006964445 0 0 0 1 0.9604381 -0.1555713 -0.2309908 0.1997705 0.1783296 0.980629 0.08102828 0.02214276 0.2139106 -0.119015 0.9695761 -0.003264069 0 0 0 1 0.9692904 -0.1584698 -0.1880521 0.1994833 0.1805726 0.9777461 0.1068001 0.02138173 0.1669426 -0.1374776 0.976335 -0.01258379 0 0 0 1 0.9740701 -0.1631677 -0.1567277 0.1989697 0.1843356 0.9740103 0.1316217 0.0209701 0.1311781 -0.1570994 0.9788319 -0.0195046 0 0 0 1 0.9750767 -0.168327 -0.1445392 0.1986334 0.1901451 0.9696877 0.1534625 0.02110463 0.114326 -0.1771212 0.9775263 -0.022551 0 0 0 1 0.972184 -0.1719643 -0.1590175 0.1987894 0.1985738 0.9651856 0.1702504 0.02199196 0.1242045 -0.1970914 0.9724854 -0.02020472 0 0 0 1 0.9601369 -0.1726667 -0.219826 0.1993346 0.216699 0.9565346 0.1951498 0.024423 0.1765753 -0.2350066 0.9558207 -0.008854091 0 0 0 1 0.9390549 -0.1668075 -0.3005849 0.1990058 0.2397283 0.9444512 0.2248163 0.0276153 0.2463867 -0.2831736 0.9268799 0.006574749 0 0 0 1 0.9241737 -0.1616243 -0.3460935 0.1982181 0.2516649 0.9392507 0.2333946 0.02958339 0.2873464 -0.3027967 0.9087058 0.0156064 0 0 0 1 0.9286076 -0.1691991 -0.3302419 0.1983981 0.2425397 0.950321 0.1951018 0.02952307 0.2808248 -0.2612699 0.9235127 0.01325762 0 0 0 1 0.9437928 -0.1785806 -0.2781439 0.1989697 0.2194979 0.9677719 0.1234443 0.02827543 0.2471351 -0.1775578 0.9525741 0.004551887 0 0 0 1 0.9600266 -0.1779776 -0.2160394 0.1991807 0.1930139 0.9798985 0.05044686 0.02646762 0.2027183 -0.09012907 0.9750806 -0.005968749 0 0 0 1 0.9697381 -0.1713874 -0.1738806 0.1990132 0.1756536 0.9844079 0.009333491 0.02499336 0.1695699 -0.03959387 0.9847226 -0.01334834 0 0 0 1 0.9734092 -0.163656 -0.1602851 0.1990142 0.1652534 0.9862454 -0.003404974 0.02355289 0.1586377 -0.02317321 0.987065 -0.01574009 0 0 0 1 0.9752301 -0.152148 -0.1605527 0.1992789 0.1519007 0.9882983 -0.01388615 0.02142715 0.1607868 -0.01084583 0.9869296 -0.01542496 0 0 0 1 0.9753031 -0.1393144 -0.1713929 0.199693 0.1377058 0.9902443 -0.02129858 0.01899218 0.1726881 -0.002829253 0.9849725 -0.01308178 0 0 0 1 0.9735855 -0.1271603 -0.1896355 0.2001156 0.1247172 0.9918822 -0.02481138 0.01661014 0.191251 5.05192e-4 0.981541 -0.009326696 0 0 0 1 0.9701512 -0.1173388 -0.2122231 0.2004306 0.1149601 0.993091 -0.02355742 0.01463586 0.213521 -0.001542925 0.9769374 -0.00474435 0 0 0 1 0.9653176 -0.1112688 -0.2361811 0.2005714 0.1104782 0.9937397 -0.01662182 0.013426 0.236552 -0.01004755 0.9715669 8.09152e-5 0 0 0 1 0.9596745 -0.110309 -0.258567 0.2005254 0.1133837 0.9935468 -0.003038525 0.01334923 0.2572336 -0.02640134 0.9659885 0.004528105 0 0 0 1 0.9540155 -0.1160237 -0.2763924 0.2003195 0.1259013 0.9918758 0.01820099 0.01479744 0.2720352 -0.05216234 0.9608724 0.007890462 0 0 0 1 0.9432296 -0.1325691 -0.3045385 0.1997008 0.1590371 0.9852156 0.06370043 0.01916062 0.2915914 -0.1085171 0.9503677 0.01271122 0 0 0 1 0.927349 -0.1504914 -0.3426021 0.1985718 0.202781 0.9715813 0.1221067 0.02504301 0.3144898 -0.1827088 0.9315116 0.01874101 0 0 0 1 0.9163038 -0.1600205 -0.3671247 0.1976674 0.2296361 0.9609702 0.1542841 0.02884924 0.3281073 -0.2256764 0.9172871 0.02245962 0 0 0 1 0.9131593 -0.162367 -0.3738676 0.1973954 0.2277467 0.9639444 0.1376323 0.02924513 0.3380407 -0.2108274 0.9172135 0.02426797 0 0 0 1 0.9127258 -0.1620257 -0.3750725 0.197365 0.2106507 0.9732037 0.09220165 0.02798491 0.3500829 -0.1631642 0.9223988 0.02594339 0 0 0 1 0.9136327 -0.1605315 -0.3735036 0.197454 0.1893356 0.9810357 0.04148834 0.02616536 0.3597602 -0.1086226 0.9267005 0.02713763 0 0 0 1</float_array>
        <technique_common>
          <accessor source="#node-Bip01_Spine_matrix-output-array" count="30" stride="16">
            <param name="TRANSFORM" type="float4x4"/>
          </accessor>
        </technique_common>
      </source>
      <source id="node-Bip01_Spine_matrix-interpolation">
        <Name_array id="node-Bip01_Spine_matrix-interpolation-array" count="30">LINEAR LINEAR LINEAR LINEAR LINEAR LINEAR LINEAR LINEAR LINEAR LINEAR LINEAR LINEAR LINEAR LINEAR LINEAR LINEAR LINEAR LINEAR LINEAR LINEAR LINEAR LINEAR LINEAR LINEAR LINEAR LINEAR LINEAR LINEAR LINEAR LINEAR</Name_array>
        <technique_common>
          <accessor source="#node-Bip01_Spine_matrix-interpolation-array" count="30" stride="1">
            <param name="INTERPOLATION" type="name"/>
          </accessor>
        </technique_common>
      </source>
      <source id="node-Bip01_Spine1_matrix-input">
