<?xml version="1.0" encoding="utf-8"?>
<COLLADA xmlns="http://www.collada.org/2005/11/COLLADASchema" version="1.4.1">
  <asset>
    <contributor>
      <author>MattO</author>
      <authoring_tool>OpenCOLLADA for 3ds Max;  Version: 1.3.0;  Revision: 839M;  Platform: x64;  Configuration: Release_Max2012</authoring_tool>
      <source_data>file:///C:/Dropbox/Prj/GGStout/Disposition_SourceArt/Soldier_TP_Disposition_Animation_Master03.max</source_data>
    </contributor>
    <created>2011-10-07T14:38:58</created>
    <modified>2011-10-07T14:38:58</modified>
    <unit name="meter" meter="1"/>
    <up_axis>Z_UP</up_axis>
  </asset>
  <library_effects>
    <effect id="ShapeBounds">
      <profile_COMMON>
        <technique sid="common">
          <blinn>
            <emission>
              <color>0 0 0 1</color>
            </emission>
            <ambient>
              <color>0.1647059 1 0 1</color>
            </ambient>
            <diffuse>
              <color>0.1647059 1 0 1</color>
            </diffuse>
            <specular>
              <color>0.9 0.9 0.9 1</color>
            </specular>
            <shininess>
              <float>10</float>
            </shininess>
            <reflective>
              <color>0 0 0 1</color>
            </reflective>
            <transparent opaque="A_ONE">
              <color>1 1 1 1</color>
            </transparent>
            <transparency>
              <float>1</float>
            </transparency>
          </blinn>
        </technique>
      </profile_COMMON>
      <extra>
        <technique profile="OpenCOLLADA3dsMax">
          <extended_shader>
            <apply_reflection_dimming>0</apply_reflection_dimming>
            <dim_level>0</dim_level>
            <falloff_type>0</falloff_type>
            <index_of_refraction>1.5</index_of_refraction>
            <opacity_type>0</opacity_type>
            <reflection_level>3</reflection_level>
            <wire_size>1</wire_size>
            <wire_units>0</wire_units>
          </extended_shader>
          <shader>
            <ambient_diffuse_lock>1</ambient_diffuse_lock>
            <ambient_diffuse_texture_lock>1</ambient_diffuse_texture_lock>
            <diffuse_specular_lock>0</diffuse_specular_lock>
            <soften>0.1</soften>
            <use_self_illum_color>0</use_self_illum_color>
          </shader>
        </technique>
      </extra>
    </effect>
  </library_effects>
  <library_materials>
    <material id="ShapeBounds-material" name="ShapeBounds">
      <instance_effect url="#ShapeBounds"/>
    </material>
  </library_materials>
  <library_geometries>
    <geometry id="geom-Bounds" name="Bounds">
      <mesh>
        <source id="geom-Bounds-positions">
          <float_array id="geom-Bounds-positions-array" count="24">-0.425 -0.425 0 0.425 -0.425 0 -0.425 0.425 0 0.425 0.425 0 -0.425 -0.425 1.84 0.425 -0.425 1.84 -0.425 0.425 1.84 0.425 0.425 1.84</float_array>
          <technique_common>
            <accessor source="#geom-Bounds-positions-array" count="8" stride="3">
              <param name="X" type="float"/>
              <param name="Y" type="float"/>
              <param name="Z" type="float"/>
            </accessor>
          </technique_common>
        </source>
        <source id="geom-Bounds-normals">
          <float_array id="geom-Bounds-normals-array" count="72">0 0 -1 0 0 -1 0 0 -1 0 0 -1 0 0 1 0 0 1 0 0 1 0 0 1 0 -1 0 0 -1 0 0 -1 0 0 -1 0 1 0 0 1 0 0 1 0 0 1 0 0 0 1 0 0 1 0 0 1 0 0 1 0 -1 0 0 -1 0 0 -1 0 0 -1 0 0</float_array>
          <technique_common>
            <accessor source="#geom-Bounds-normals-array" count="24" stride="3">
              <param name="X" type="float"/>
              <param name="Y" type="float"/>
              <param name="Z" type="float"/>
            </accessor>
          </technique_common>
        </source>
        <source id="geom-Bounds-map1">
          <float_array id="geom-Bounds-map1-array" count="36">0 0 0 1 0 0 0 1 0 1 1 0 0 0 0 1 0 0 0 1 0 1 1 0 0 0 0 1 0 0 0 1 0 1 1 0</float_array>
          <technique_common>
            <accessor source="#geom-Bounds-map1-array" count="12" stride="3">
              <param name="S" type="float"/>
              <param name="T" type="float"/>
              <param name="P" type="float"/>
            </accessor>
          </technique_common>
        </source>
        <vertices id="geom-Bounds-vertices">
          <input semantic="POSITION" source="#geom-Bounds-positions"/>
        </vertices>
        <triangles material="ShapeBounds" count="12">
          <input semantic="VERTEX" source="#geom-Bounds-vertices" offset="0"/>
          <input semantic="NORMAL" source="#geom-Bounds-normals" offset="1"/>
          <input semantic="TEXCOORD" source="#geom-Bounds-map1" offset="2" set="0"/>
          <p>0 0 9 2 1 11 3 2 10 3 2 10 1 3 8 0 0 9 4 4 8 5 5 9 7 6 11 7 6 11 6 7 10 4 4 8 0 8 4 1 9 5 5 10 7 5 10 7 4 11 6 0 8 4 1 12 0 3 13 1 7 14 3 7 14 3 5 15 2 1 12 0 3 16 4 2 17 5 6 18 7 6 18 7 7 19 6 3 16 4 2 20 0 0 21 1 4 22 3 4 22 3 6 23 2 2 20 0</p>
        </triangles>
      </mesh>
      <extra>
        <technique profile="OpenCOLLADA3dsMax">
          <max_box>
            <generateuvs>1</generateuvs>
            <height>1.84</height>
            <heightsegments>1</heightsegments>
            <length>0.85</length>
            <lengthsegments>1</lengthsegments>
            <width>0.85</width>
            <widthsegments>1</widthsegments>
          </max_box>
        </technique>
      </extra>
    </geometry>
  </library_geometries>
  <library_lights>
    <light id="EnvironmentAmbientLight" name="EnvironmentAmbientLight">
      <technique_common>
        <ambient>
          <color>0 0 0</color>
        </ambient>
      </technique_common>
    </light>
  </library_lights>
  <library_visual_scenes>
    <visual_scene id="MaxScene">
      <node name="EnvironmentAmbientLight">
        <instance_light url="#EnvironmentAmbientLight"/>
      </node>
      <node id="node-Bip01" name="Bip01">
        <matrix sid="matrix">0.7792376 -0.6267173 0.003750267 -8.10623e-5 0.6267178 0.7792454 0.001183462 0.009366653 -0.003664074 0.001428161 0.9999923 0.7990584 0 0 0 1</matrix>
        <node id="node-Bip01_Pelvis" name="Bip01_Pelvis">
          <matrix>-0.009626727 0.991236 0.1317526 0 -0.1217413 -0.1319404 0.9837534 0 0.9925151 -0.0065694 0.1219445 0 0 0 0 1</matrix>
          <node id="node-Bip01_Spine" name="Bip01_Spine">
            <matrix>0.9142389 -0.1596023 -0.3724171 0.1975123 0.1756539 0.9844078 0.009333353 0.02499345 0.3651207 -0.07394949 0.9280187 0.02780973 0 0 0 1</matrix>
            <node id="node-Bip01_Spine1" name="Bip01_Spine1">
              <matrix>0.9850424 0.02363086 -0.1706849 0.1022274 -0.01319331 0.9979873 0.06202858 -1.00836e-4 0.1718071 -0.05884882 0.9833715 5.93066e-6 0 0 0 1</matrix>
              <node id="node-Bip01_Spine2" name="Bip01_Spine2">
                <matrix>0.9369743 -0.3477308 -0.03409588 0.1269256 0.3490361 0.9270918 0.1366547 -1.58779e-4 -0.01590914 -0.1399428 0.9900318 2.40505e-5 0 0 0 1</matrix>
                <node id="node-Bip01_Neck" name="Bip01_Neck">
                  <matrix>0.8407081 -0.4308254 0.3280237 0.2151071 0.4136219 0.9019013 0.1244631 -4.97103e-5 -0.3494668 0.03104055 0.9364344 -1.75834e-6 0 0 0 1</matrix>
                  <node id="node-Bip01_Head" name="Bip01_Head">
                    <matrix>0.9475709 -0.06889567 -0.3120295 0.07051814 -0.2855059 0.2560087 -0.9235507 -0.01395917 0.1435108 0.9642163 0.2229163 1.49012e-8 0 0 0 1</matrix>
                    <node id="node-AltEye" name="AltEye">
                      <matrix>0.4506336 0.3792481 0.8081467 0.06454694 0.04412824 0.8947042 -0.4444743 0.221461 -0.8916178 0.2359567 0.3864482 0.04716253 0 0 0 1</matrix>
                    </node>
                  </node>
                  <node id="node-Bip01_L_Clavicle" name="Bip01_L_Clavicle">
                    <matrix>-0.5778345 -0.4531802 0.6787746 -0.04690331 0.2838089 -0.8913432 -0.3534966 -0.01204771 0.7652188 -0.01162021 0.6436654 0.05588409 0 0 0 1</matrix>
                    <node id="node-Bip01_L_UpperArm" name="Bip01_L_UpperArm">
                      <matrix sid="matrix">0.8909843 0.4284241 0.1503318 0.1824007 -0.3034129 0.315509 0.8991077 -2.98023e-8 0.3377685 -0.8467034 0.4111029 0 0 0 0 1</matrix>
                      <node id="node-Bip01_L_Forearm" name="Bip01_L_Forearm">
                        <matrix sid="matrix">0.3454667 0.9384311 2.98023e-8 0.284369 -0.9384311 0.3454667 2.98023e-8 0 -1.3411e-7 -8.9407e-8 1 -5.96046e-8 0 0 0 1</matrix>
                        <node id="node-Bip01_L_Hand" name="Bip01_L_Hand">
                          <matrix sid="matrix">0.9513552 0.2418738 -0.1908419 0.281068 0.1384845 -0.8890282 -0.4364067 -2.98023e-8 -0.2752192 0.3887491 -0.8792774 0 0 0 0 1</matrix>
                          <node id="node-Bip01_L_Finger0" name="Bip01_L_Finger0">
                            <matrix>0.6413842 0.3141903 0.6999362 0.02119678 0.735295 0.008702904 -0.6776914 -0.004734278 -0.2190156 0.94932 -0.2254408 -0.02572191 0 0 0 1</matrix>
                            <node id="node-Bip01_L_Finger01" name="Bip01_L_Finger01">
                              <matrix>0.997564 -0.0697564 0 0.04982877 0.06975646 0.9975641 -2.79397e-9 5.96046e-8 2.98023e-8 -2.23517e-8 1 0 0 0 0 1</matrix>
                              <node id="node-Bip01_L_Finger02" name="Bip01_L_Finger02">
                                <matrix>0.9203137 0.3911815 2.98023e-8 0.05202246 -0.3911815 0.9203136 -4.47035e-8 0 -2.98023e-8 -2.98023e-8 1 -5.96046e-8 0 0 0 1</matrix>
                              </node>
                            </node>
                          </node>
                          <node id="node-Bip01_L_Finger1" name="Bip01_L_Finger1">
                            <matrix>0.9592717 -0.2819769 -0.01693491 0.1199946 0.2798395 0.9567645 -0.07931916 -0.008367479 0.03856903 0.07134955 0.9967054 -0.04101384 0 0 0 1</matrix>
                            <node id="node-Bip01_L_Finger11" name="Bip01_L_Finger11">
                              <matrix>0.7001773 -0.7139692 -4.47035e-8 0.0364418 0.7139693 0.7001774 0 -5.96046e-8 -1.49012e-8 -3.72529e-8 1 0 0 0 0 1</matrix>
                              <node id="node-Bip01_L_Finger12" name="Bip01_L_Finger12">
                                <matrix>0.8757257 -0.4828088 0 0.03117537 0.4828088 0.8757257 3.72529e-9 -2.98023e-8 0 4.47035e-8 1 -5.96046e-8 0 0 0 1</matrix>
                              </node>
                            </node>
                          </node>
                          <node id="node-Bip01_L_Finger2" name="Bip01_L_Finger2">
                            <matrix>0.6611331 -0.7495598 -0.03260927 0.1229538 0.7489769 0.656822 0.08728345 -0.008802056 -0.04400566 -0.08212955 0.9956496 -0.01328242 0 0 0 1</matrix>
                            <node id="node-Bip01_L_Finger21" name="Bip01_L_Finger21">
                              <matrix>0.8156037 -0.5786111 1.49012e-8 0.03895533 0.5786113 0.8156036 2.8871e-8 0 -3.72529e-9 -3.46918e-8 1 0 0 0 0 1</matrix>
                              <node id="node-Bip01_L_Finger22" name="Bip01_L_Finger22">
                                <matrix>0.9762959 -0.2164396 3.72529e-9 0.03800547 0.2164396 0.9762961 -2.32831e-9 -5.96046e-8 -7.45058e-9 2.79397e-9 0.9999999 0 0 0 0 1</matrix>
                              </node>
                            </node>
                          </node>
                          <node id="node-Bip01_L_Finger3" name="Bip01_L_Finger3">
                            <matrix>0.412463 -0.9064791 -0.09038851 0.121188 0.9061533 0.3980612 0.1429456 -0.001191318 -0.09359704 -0.1408656 0.9855944 0.01196873 0 0 0 1</matrix>
                            <node id="node-Bip01_L_Finger31" name="Bip01_L_Finger31">
                              <matrix>0.9381478 -0.3462352 -3.72529e-9 0.03155851 0.3462351 0.9381478 -2.70084e-8 -2.98023e-8 2.23517e-8 3.53903e-8 1 -1.78814e-7 0 0 0 1</matrix>
                              <node id="node-Bip01_L_Finger32" name="Bip01_L_Finger32">
                                <matrix>0.9636305 -0.2672384 3.72529e-9 0.0336659 0.2672384 0.9636306 -1.234e-8 5.96046e-8 -9.31323e-9 1.42492e-7 1 1.78814e-7 0 0 0 1</matrix>
                              </node>
                            </node>
                          </node>
                          <node id="node-Bip01_L_Finger4" name="Bip01_L_Finger4">
                            <matrix>0.07120565 -0.9696807 0.2337719 0.1136796 0.9750155 0.1171045 0.1887628 0.005147338 -0.2104155 0.2144903 0.9537922 0.03886575 0 0 0 1</matrix>
                            <node id="node-Bip01_L_Finger41" name="Bip01_L_Finger41">
                              <matrix>0.9790111 -0.2038069 1.49012e-8 0.03661633 0.2038069 0.9790111 -3.72529e-9 5.96046e-8 1.49012e-8 2.6077e-8 1 2.98023e-8 0 0 0 1</matrix>
                              <node id="node-Bip01_L_Finger42" name="Bip01_L_Finger42">
                                <matrix>0.964515 0.2640274 0 0.0177266 -0.2640274 0.9645151 -5.21541e-8 0 1.49012e-8 -4.56348e-8 0.9999999 -2.98023e-8 0 0 0 1</matrix>
                              </node>
                            </node>
                          </node>
                        </node>
                      </node>
                    </node>
                  </node>
                  <node id="node-Bip01_R_Clavicle" name="Bip01_R_Clavicle">
                    <matrix>0.2073931 -0.1669672 -0.9639034 8.67009e-4 0.5679266 -0.7817281 0.2576056 -0.01629043 -0.7965223 -0.6008521 -0.06729986 -0.07212147 0 0 0 1</matrix>
                    <node id="node-Bip01_R_UpperArm" name="Bip01_R_UpperArm">
                      <matrix>0.3444382 0.9301254 -0.1273917 0.1824006 -0.8985945 0.3659246 0.2421301 0 0.2718272 0.03107467 0.9618442 0 0 0 0 1</matrix>
                      <node id="node-Bip01_R_Forearm" name="Bip01_R_Forearm">
                        <matrix>-0.07265081 0.9973576 2.98023e-8 0.2843689 -0.9973575 -0.0726508 7.45058e-9 1.49012e-8 1.49012e-8 -2.98023e-8 1 -1.19209e-7 0 0 0 1</matrix>
                        <node id="node-Bip01_R_Hand" name="Bip01_R_Hand">
                          <matrix sid="matrix">0.9247895 0.3771958 -0.04987458 0.2810681 0.2033487 -0.6007847 -0.7731152 5.96046e-8 -0.3215797 0.704827 -0.6323017 1.19209e-7 0 0 0 1</matrix>
                          <node id="node-Bip01_R_Finger0" name="Bip01_R_Finger0">
                            <matrix>0.5215105 0.269013 -0.8097276 0.02119675 0.7250717 0.3605265 0.5867639 -0.004734248 0.4497753 -0.893114 -0.00703546 0.02572179 0 0 0 1</matrix>
                            <node id="node-Bip01_R_Finger01" name="Bip01_R_Finger01">
                              <matrix>0.6423534 -0.7636236 0.06527573 0.04982853 0.7605615 0.6456373 0.06854747 0 -0.09448878 0.00561447 0.99551 0 0 0 0 1</matrix>
                              <node id="node-Bip01_R_Finger02" name="Bip01_R_Finger02">
                                <matrix>0.9505157 -0.3106764 -2.42144e-8 0.0520224 0.3106764 0.9505158 1.11759e-8 1.19209e-7 -2.79397e-8 5.21541e-8 0.9999999 2.98023e-8 0 0 0 1</matrix>
                              </node>
                            </node>
                          </node>
                          <node id="node-Bip01_R_Finger1" name="Bip01_R_Finger1">
                            <matrix>0.9820225 -0.1733428 -0.07472673 0.1199946 0.1795577 0.9799358 0.08651492 -0.008367568 0.05823066 -0.09837736 0.9934441 0.04101396 0 0 0 1</matrix>
                            <node id="node-Bip01_R_Finger11" name="Bip01_R_Finger11">
                              <matrix>0.8240548 -0.5665103 3.72529e-9 0.03644174 0.5665103 0.8240548 -7.45058e-9 0 -1.30385e-8 2.98023e-8 1 -1.19209e-7 0 0 0 1</matrix>
                              <node id="node-Bip01_R_Finger12" name="Bip01_R_Finger12">
                                <matrix>0.8146397 -0.5796779 0.01831834 0.03117546 0.5799672 0.8142334 -0.0257305 0 1.49012e-8 0.0315851 0.999501 1.19209e-7 0 0 0 1</matrix>
                              </node>
                            </node>
                          </node>
                          <node id="node-Bip01_R_Finger2" name="Bip01_R_Finger2">
                            <matrix>0.6754014 -0.7374504 -1.52119e-4 0.1229537 0.7368314 0.6748428 -0.04082685 -0.008802056 0.03021043 0.02746242 0.9991663 0.01328242 0 0 0 1</matrix>
                            <node id="node-Bip01_R_Finger21" name="Bip01_R_Finger21">
                              <matrix>0.5508358 -0.8338859 -0.03484871 0.03895518 0.832222 0.5519371 -0.05265062 5.96046e-8 0.0631389 -1.02445e-8 0.9980047 -1.19209e-7 0 0 0 1</matrix>
                              <node id="node-Bip01_R_Finger22" name="Bip01_R_Finger22">
                                <matrix>0.1984734 -0.9799246 0.01886612 0.03800538 0.9755272 0.199368 0.09272984 0 -0.09462957 0 0.9955125 1.19209e-7 0 0 0 1</matrix>
                              </node>
                            </node>
                          </node>
                          <node id="node-Bip01_R_Finger3" name="Bip01_R_Finger3">
                            <matrix>0.7159052 -0.6949216 0.06755453 0.1211881 0.6883786 0.6863563 -0.234627 -0.001191258 0.1166809 0.2144739 0.9697352 -0.01196873 0 0 0 1</matrix>
                            <node id="node-Bip01_R_Finger31" name="Bip01_R_Finger31">
                              <matrix>0.4441952 -0.8949346 0.04222354 0.03155845 0.8909186 0.4461976 0.08468728 1.49012e-8 -0.09462957 2.07219e-8 0.9955127 0 0 0 0 1</matrix>
                              <node id="node-Bip01_R_Finger32" name="Bip01_R_Finger32">
                                <matrix>0.1993681 -0.9794358 -0.03095101 0.03366594 0.9799249 0.1992686 0.006297074 0 -2.23517e-8 -0.03158513 0.9995011 -1.19209e-7 0 0 0 1</matrix>
                              </node>
                            </node>
                          </node>
                          <node id="node-Bip01_R_Finger4" name="Bip01_R_Finger4">
                            <matrix>0.5925791 -0.789795 -0.1583476 0.1136796 0.7783523 0.6120424 -0.1399001 0.005147427 0.2074078 -0.04034829 0.9774221 -0.0388658 0 0 0 1</matrix>
                            <node id="node-Bip01_R_Finger41" name="Bip01_R_Finger41">
                              <matrix>0.4202557 -0.9064696 0.04120626 0.03661621 0.9068531 0.4211511 0.01578783 -5.96046e-8 -0.03166523 0.030733 0.999026 0 0 0 0 1</matrix>
                              <node id="node-Bip01_R_Finger42" name="Bip01_R_Finger42">
                                <matrix>0.4024471 -0.9138246 -0.05441486 0.01772633 0.9154232 0.4021218 0.0172832 0 0.006087616 -0.05676817 0.9983689 0 0 0 0 1</matrix>
                              </node>
                            </node>
                          </node>
                          <node id="node-mount0" name="mount0">
                            <matrix>-0.004997193 0.9999837 -0.002795181 0.09410724 -0.9999509 -0.00502095 -0.008545232 0.01837561 -0.008559125 0.002752355 0.9999596 0.01120639 0 0 0 1</matrix>
                          </node>
                        </node>
                      </node>
                    </node>
                  </node>
                </node>
                <node id="node-Bip01_L_Pauldron_Upper" name="Bip01_L_Pauldron_Upper">
                  <matrix>0.9726268 0.1182922 0.2000107 0.176903 0.1448453 -0.9816829 -0.1237685 -0.03908372 0.1817063 0.1493511 -0.9719449 0.2290199 0 0 0 1</matrix>
                </node>
                <node id="node-Bip01_R_Pauldron_Lower" name="Bip01_R_Pauldron_Lower">
                  <matrix>-0.1156724 -0.9403759 -0.3198653 0.172906 0.909775 -0.2295502 0.3458564 -0.1133294 -0.3986599 -0.2509996 0.8820826 -0.2351095 0 0 0 1</matrix>
                </node>
                <node id="node-Bip01_L_Pauldron_Lower" name="Bip01_L_Pauldron_Lower">
                  <matrix>-0.2099968 -0.7687201 0.6041283 0.1529202 0.4002343 -0.6313505 -0.6642359 -0.1054225 0.892028 0.1023054 0.4402497 0.2344801 0 0 0 1</matrix>
                </node>
              </node>
            </node>
            <node id="node-Bip01_L_Thigh" name="Bip01_L_Thigh">
              <matrix sid="matrix">-0.4488794 0.8921272 -0.05115137 -0.1485698 0.5193912 0.3070587 0.7974635 -4.51207e-4 0.7271453 0.3313974 -0.6011952 0.1658256 0 0 0 1</matrix>
              <node id="node-Bip01_L_Calf" name="Bip01_L_Calf">
                <matrix sid="matrix">0.4034078 0.9150203 0 0.4629987 -0.9150202 0.4034077 1.30385e-8 0 3.35276e-8 -7.26432e-8 1 1.49012e-8 0 0 0 1</matrix>
                <node id="node-Bip01_L_Foot" name="Bip01_L_Foot">
                  <matrix sid="matrix">0.9319396 -0.353629 -0.08021896 0.3610502 0.3615512 0.9231073 0.1309717 -1.49012e-8 0.0277353 -0.1510609 0.9881354 -2.23517e-8 0 0 0 1</matrix>
                  <node id="node-Bip01_L_Toe0" name="Bip01_L_Toe0">
                    <matrix>4.76837e-7 -1 1.39046e-6 0.1486307 1 4.7707e-7 2.30575e-8 0.1543275 -2.30466e-8 1.38953e-6 1 3.72529e-9 0 0 0 1</matrix>
                  </node>
                </node>
              </node>
            </node>
            <node id="node-Bip01_R_Thigh" name="Bip01_R_Thigh">
              <matrix sid="matrix">-0.9150354 0.3601502 0.181665 -0.2416654 0.402344 0.8470567 0.3472958 0.01840352 -0.02880187 0.3908798 -0.919991 -0.07079414 0 0 0 1</matrix>
              <node id="node-Bip01_R_Calf" name="Bip01_R_Calf">
                <matrix>0.4440065 0.8960239 0 0.4629988 -0.8960236 0.4440065 -4.47035e-8 1.11759e-8 5.96046e-8 -2.98023e-8 1 -2.98023e-8 0 0 0 1</matrix>
                <node id="node-Bip01_R_Foot" name="Bip01_R_Foot">
                  <matrix sid="matrix">0.6470659 -0.7363685 0.1976544 0.3610501 0.7123334 0.6763026 0.1876054 -1.49012e-8 -0.2718208 0.01940272 0.9621522 0 0 0 0 1</matrix>
                  <node id="node-Bip01_R_Toe0" name="Bip01_R_Toe0">
                    <matrix sid="matrix">-0.1805802 -0.9786913 0.09774529 0.1486307 0.9833316 -0.1817873 -0.003513819 0.1543275 0.02120782 0.09548151 0.9952052 0 0 0 0 1</matrix>
                  </node>
                </node>
              </node>
            </node>
          </node>
          <node id="node-Bip01_FannyPack" name="Bip01_FannyPack">
            <matrix>-0.9629918 -0.2062317 0.1735378 0.2299508 -0.2083319 0.9780385 0.006227079 -0.1378937 -0.1710108 -0.03015682 -0.9848076 0.01013964 0 0 0 1</matrix>
          </node>
        </node>
        <node id="node-Eye" name="Eye">
          <matrix sid="matrix">0.7792379 0.6267177 -0.003664111 0.05939458 -0.6267173 0.7792452 0.001428191 0.07235012 0.003750314 0.001183282 0.999992 0.7713361 0 0 0 1</matrix>
          <node id="node-cam" name="cam">
            <matrix>1 -6.03104e-8 3.55271e-15 4.84288e-8 6.03104e-8 1 -2.32831e-9 -0.104 -3.55271e-15 2.32832e-9 1 0.3005601 0 0 0 1</matrix>
          </node>
        </node>
      </node>
      <node id="node-nulldetail1" name="nulldetail1">
        <matrix>1 0 0 0 0 1 0 0 0 0 1 0 0 0 0 1</matrix>
      </node>
      <node id="node-Bounds" name="Bounds">
        <matrix>0.9999915 0.001706907 0.003750479 0 -0.001711356 0.9999978 0.001183292 0.1035326 -0.003748452 -0.0011897 0.9999923 -8.93474e-5 0 0 0 1</matrix>
        <instance_geometry url="#geom-Bounds">
          <bind_material>
            <technique_common>
              <instance_material symbol="ShapeBounds" target="#ShapeBounds-material"/>
            </technique_common>
          </bind_material>
        </instance_geometry>
      </node>
    </visual_scene>
  </library_visual_scenes>
  <library_animations>
    <animation>
      <source id="node-Bip01_matrix-input">
        <float_array id="node-Bip01_matrix-input-array" count="60">1.333333 1.366667 1.4 1.433333 1.466667 1.5 1.533333 1.566667 1.6 1.633333 1.666667 1.7 1.733333 1.766667 1.8 1.833333 1.866667 1.9 1.933333 1.966667 2 2.033333 2.066667 2.1 2.133333 2.166667 2.2 2.233333 2.266667 2.3 2.333333 2.366667 2.4 2.433333 2.466667 2.5 2.533333 2.566667 2.6 2.633333 2.666667 2.7 2.733333 2.766667 2.8 2.833333 2.866667 2.9 2.933333 2.966667 3 3.033333 3.066667 3.1 3.133333 3.166667 3.2 3.233333 3.266667 3.3</float_array>
        <technique_common>
          <accessor source="#node-Bip01_matrix-input-array" count="60" stride="1">
            <param name="TIME" type="float"/>
          </accessor>
        </technique_common>
      </source>
      <source id="node-Bip01_matrix-output">
        <float_array id="node-Bip01_matrix-output-array" count="960">0.7792376 -0.6267173 0.003750264 -8.10623e-5 0.6267178 0.7792454 0.00118345 0.009366631 -0.003664016 0.001428127 0.9999923 0.7990584 0 0 0 1 0.7792376 -0.6267173 0.003750264 -8.10623e-5 0.6267178 0.7792454 0.00118345 0.009386301 -0.003664016 0.001428127 0.9999923 0.7990452 0 0 0 1 0.7792376 -0.6267173 0.003750264 -8.10623e-5 0.6267178 0.7792454 0.00118345 0.009437918 -0.003664016 0.001428127 0.9999923 0.799001 0 0 0 1 0.7792376 -0.6267173 0.003750264 -8.10623e-5 0.6267178 0.7792454 0.00118345 0.009518921 -0.003664016 0.001428127 0.9999923 0.7989283 0 0 0 1 0.7792376 -0.6267173 0.003750264 -8.10623e-5 0.6267178 0.7792454 0.00118345 0.009626984 -0.003664016 0.001428127 0.9999923 0.7988294 0 0 0 1 0.7792376 -0.6267173 0.003750264 -8.10623e-5 0.6267178 0.7792454 0.00118345 0.009759664 -0.003664016 0.001428127 0.9999923 0.7987067 0 0 0 1 0.7792376 -0.6267173 0.003750264 -8.10623e-5 0.6267178 0.7792454 0.00118345 0.009914577 -0.003664016 0.001428127 0.9999923 0.7985624 0 0 0 1 0.7792376 -0.6267173 0.003750264 -8.10623e-5 0.6267178 0.7792454 0.00118345 0.01008951 -0.003664016 0.001428127 0.9999923 0.7983986 0 0 0 1 0.7792376 -0.6267173 0.003750264 -8.10623e-5 0.6267178 0.7792454 0.00118345 0.01028203 -0.003664016 0.001428127 0.9999923 0.7982177 0 0 0 1 0.7792376 -0.6267173 0.003750264 -8.10623e-5 0.6267178 0.7792454 0.00118345 0.01049 -0.003664016 0.001428127 0.9999923 0.7980217 0 0 0 1 0.7792376 -0.6267173 0.003750264 -8.10623e-5 0.6267178 0.7792454 0.00118345 0.01071107 -0.003664016 0.001428127 0.9999923 0.797813 0 0 0 1 0.7792376 -0.6267173 0.003750264 -8.10623e-5 0.6267178 0.7792454 0.00118345 0.01094305 -0.003664016 0.001428127 0.9999923 0.7975936 0 0 0 1 0.7792376 -0.6267173 0.003750264 -8.10623e-5 0.6267178 0.7792454 0.00118345 0.01118373 -0.003664016 0.001428127 0.9999923 0.7973656 0 0 0 1 0.7792376 -0.6267173 0.003750264 -8.10623e-5 0.6267178 0.7792454 0.00118345 0.01143091 -0.003664016 0.001428127 0.9999923 0.7971312 0 0 0 1 0.7792376 -0.6267173 0.003750264 -8.10623e-5 0.6267178 0.7792454 0.00118345 0.01168239 -0.003664016 0.001428127 0.9999923 0.7968925 0 0 0 1 0.7792376 -0.6267173 0.003750264 -8.10623e-5 0.6267178 0.7792454 0.00118345 0.01193588 -0.003664016 0.001428127 0.9999923 0.7966516 0 0 0 1 0.7792376 -0.6267173 0.003750264 -8.10623e-5 0.6267178 0.7792454 0.00118345 0.01218938 -0.003664016 0.001428127 0.9999923 0.7964106 0 0 0 1 0.7792376 -0.6267173 0.003750264 -8.10623e-5 0.6267178 0.7792454 0.00118345 0.0124405 -0.003664016 0.001428127 0.9999923 0.7961716 0 0 0 1 0.7792376 -0.6267173 0.003750264 -8.10623e-5 0.6267178 0.7792454 0.00118345 0.0126872 -0.003664016 0.001428127 0.9999923 0.7959367 0 0 0 1 0.7792376 -0.6267173 0.003750264 -8.10623e-5 0.6267178 0.7792454 0.00118345 0.01292723 -0.003664016 0.001428127 0.9999923 0.7957081 0 0 0 1 0.7792376 -0.6267173 0.003750264 -8.10623e-5 0.6267178 0.7792454 0.00118345 0.01315838 -0.003664016 0.001428127 0.9999923 0.7954878 0 0 0 1 0.7792376 -0.6267173 0.003750264 -8.10623e-5 0.6267178 0.7792454 0.00118345 0.01337838 -0.003664016 0.001428127 0.9999923 0.795278 0 0 0 1 0.7792376 -0.6267173 0.003750264 -8.10623e-5 0.6267178 0.7792454 0.00118345 0.01358509 -0.003664016 0.001428127 0.9999923 0.7950808 0 0 0 1 0.7792376 -0.6267173 0.003750264 -8.10623e-5 0.6267178 0.7792454 0.00118345 0.01377624 -0.003664016 0.001428127 0.9999923 0.7948984 0 0 0 1 0.7792376 -0.6267173 0.003750264 -8.10623e-5 0.6267178 0.7792454 0.00118345 0.01394951 -0.003664016 0.001428127 0.9999923 0.794733 0 0 0 1 0.7792376 -0.6267173 0.003750264 -8.10623e-5 0.6267178 0.7792454 0.00118345 0.01410263 -0.003664016 0.001428127 0.9999923 0.7945868 0 0 0 1 0.7792376 -0.6267173 0.003750264 -8.10623e-5 0.6267178 0.7792454 0.00118345 0.01423329 -0.003664016 0.001428127 0.9999923 0.794462 0 0 0 1 0.7792376 -0.6267173 0.003750264 -8.10623e-5 0.6267178 0.7792454 0.00118345 0.01433914 -0.003664016 0.001428127 0.9999923 0.7943609 0 0 0 1 0.7792376 -0.6267173 0.003750264 -8.10623e-5 0.6267178 0.7792454 0.00118345 0.01441776 -0.003664016 0.001428127 0.9999923 0.7942858 0 0 0 1 0.7792376 -0.6267173 0.003750264 -8.10623e-5 0.6267178 0.7792454 0.00118345 0.01446676 -0.003664016 0.001428127 0.9999923 0.7942389 0 0 0 1 0.7792376 -0.6267173 0.003750264 -8.10623e-5 0.6267178 0.7792454 0.00118345 0.01448363 -0.003664016 0.001428127 0.9999923 0.7942228 0 0 0 1 0.7792376 -0.6267173 0.003750264 -8.10623e-5 0.6267178 0.7792454 0.00118345 0.01446664 -0.003664016 0.001428127 0.9999923 0.7942386 0 0 0 1 0.7792376 -0.6267173 0.003750264 -8.10623e-5 0.6267178 0.7792454 0.00118345 0.01441746 -0.003664016 0.001428127 0.9999923 0.7942846 0 0 0 1 0.7792376 -0.6267173 0.003750264 -8.10623e-5 0.6267178 0.7792454 0.00118345 0.01433849 -0.003664016 0.001428127 0.9999923 0.7943583 0 0 0 1 0.7792376 -0.6267173 0.003750264 -8.10623e-5 0.6267178 0.7792454 0.00118345 0.01423221 -0.003664016 0.001428127 0.9999923 0.7944575 0 0 0 1 0.7792376 -0.6267173 0.003750264 -8.10623e-5 0.6267178 0.7792454 0.00118345 0.01410102 -0.003664016 0.001428127 0.9999923 0.7945801 0 0 0 1 0.7792376 -0.6267173 0.003750264 -8.10623e-5 0.6267178 0.7792454 0.00118345 0.0139473 -0.003664016 0.001428127 0.9999923 0.7947237 0 0 0 1 0.7792376 -0.6267173 0.003750264 -8.10623e-5 0.6267178 0.7792454 0.00118345 0.01377338 -0.003664016 0.001428127 0.9999923 0.7948863 0 0 0 1 0.7792376 -0.6267173 0.003750264 -8.10623e-5 0.6267178 0.7792454 0.00118345 0.01358157 -0.003664016 0.001428127 0.9999923 0.7950657 0 0 0 1 0.7792376 -0.6267173 0.003750264 -8.10623e-5 0.6267178 0.7792454 0.00118345 0.01337409 -0.003664016 0.001428127 0.9999923 0.7952597 0 0 0 1 0.7792376 -0.6267173 0.003750264 -8.10623e-5 0.6267178 0.7792454 0.00118345 0.01315331 -0.003664016 0.001428127 0.9999923 0.7954663 0 0 0 1 0.7792376 -0.6267173 0.003750264 -8.10623e-5 0.6267178 0.7792454 0.00118345 0.01292145 -0.003664016 0.001428127 0.9999923 0.7956834 0 0 0 1 0.7792376 -0.6267173 0.003750264 -8.10623e-5 0.6267178 0.7792454 0.00118345 0.0126807 -0.003664016 0.001428127 0.9999923 0.7959089 0 0 0 1 0.7792376 -0.6267173 0.003750264 -8.10623e-5 0.6267178 0.7792454 0.00118345 0.01243329 -0.003664016 0.001428127 0.9999923 0.7961408 0 0 0 1 0.7792376 -0.6267173 0.003750264 -8.10623e-5 0.6267178 0.7792454 0.00118345 0.01218146 -0.003664016 0.001428127 0.9999923 0.796377 0 0 0 1 0.7792376 -0.6267173 0.003750264 -8.10623e-5 0.6267178 0.7792454 0.00118345 0.01192742 -0.003664016 0.001428127 0.9999923 0.7966154 0 0 0 1 0.7792376 -0.6267173 0.003750264 -8.10623e-5 0.6267178 0.7792454 0.00118345 0.01167339 -0.003664016 0.001428127 0.9999923 0.7968541 0 0 0 1 0.7792376 -0.6267173 0.003750264 -8.10623e-5 0.6267178 0.7792454 0.00118345 0.0114215 -0.003664016 0.001428127 0.9999923 0.797091 0 0 0 1 0.7792376 -0.6267173 0.003750264 -8.10623e-5 0.6267178 0.7792454 0.00118345 0.01117396 -0.003664016 0.001428127 0.9999923 0.797324 0 0 0 1 0.7792376 -0.6267173 0.003750264 -8.10623e-5 0.6267178 0.7792454 0.00118345 0.0109331 -0.003664016 0.001428127 0.9999923 0.797551 0 0 0 1 0.7792376 -0.6267173 0.003750264 -8.10623e-5 0.6267178 0.7792454 0.00118345 0.010701 -0.003664016 0.001428127 0.9999923 0.7977702 0 0 0 1 0.7792376 -0.6267173 0.003750264 -8.10623e-5 0.6267178 0.7792454 0.00118345 0.01047998 -0.003664016 0.001428127 0.9999923 0.7979792 0 0 0 1 0.7792376 -0.6267173 0.003750264 -8.10623e-5 0.6267178 0.7792454 0.00118345 0.01027232 -0.003664016 0.001428127 0.9999923 0.7981761 0 0 0 1 0.7792376 -0.6267173 0.003750264 -8.10623e-5 0.6267178 0.7792454 0.00118345 0.01008015 -0.003664016 0.001428127 0.9999923 0.7983588 0 0 0 1 0.7792376 -0.6267173 0.003750264 -8.10623e-5 0.6267178 0.7792454 0.00118345 0.009905874 -0.003664016 0.001428127 0.9999923 0.7985252 0 0 0 1 0.7792376 -0.6267173 0.003750264 -8.10623e-5 0.6267178 0.7792454 0.00118345 0.009751737 -0.003664016 0.001428127 0.9999923 0.7986731 0 0 0 1 0.7792376 -0.6267173 0.003750264 -8.10623e-5 0.6267178 0.7792454 0.00118345 0.00962013 -0.003664016 0.001428127 0.9999923 0.7988003 0 0 0 1 0.7792376 -0.6267173 0.003750264 -8.10623e-5 0.6267178 0.7792454 0.00118345 0.009513378 -0.003664016 0.001428127 0.9999923 0.7989047 0 0 0 1 0.7792376 -0.6267173 0.003750264 -8.10623e-5 0.6267178 0.7792454 0.00118345 0.009433925 -0.003664016 0.001428127 0.9999923 0.7989841 0 0 0 1 0.7792376 -0.6267173 0.003750264 -8.10623e-5 0.6267178 0.7792454 0.00118345 0.009384155 -0.003664016 0.001428127 0.9999923 0.7990361 0 0 0 1</float_array>
        <technique_common>
          <accessor source="#node-Bip01_matrix-output-array" count="60" stride="16">
            <param name="TRANSFORM" type="float4x4"/>
          </accessor>
        </technique_common>
      </source>
      <source id="node-Bip01_matrix-interpolation">
        <Name_array id="node-Bip01_matrix-interpolation-array" count="60">LINEAR LINEAR LINEAR LINEAR LINEAR LINEAR LINEAR LINEAR LINEAR LINEAR LINEAR LINEAR LINEAR LINEAR LINEAR LINEAR LINEAR LINEAR LINEAR LINEAR LINEAR LINEAR LINEAR LINEAR LINEAR LINEAR LINEAR LINEAR LINEAR LINEAR LINEAR LINEAR LINEAR LINEAR LINEAR LINEAR LINEAR LINEAR LINEAR LINEAR LINEAR LINEAR LINEAR LINEAR LINEAR LINEAR LINEAR LINEAR LINEAR LINEAR LINEAR LINEAR LINEAR LINEAR LINEAR LINEAR LINEAR LINEAR LINEAR LINEAR</Name_array>
        <technique_common>
          <accessor source="#node-Bip01_matrix-interpolation-array" count="60" stride="1">
            <param name="INTERPOLATION" type="name"/>
          </accessor>
        </technique_common>
      </source>
      <source id="node-Bip01_L_UpperArm_matrix-input">
        <float_array id="node-Bip01_L_UpperArm_matrix-input-array" count="60">1.333333 1.366667 1.4 1.433333 1.466667 1.5 1.533333 1.566667 1.6 1.633333 1.666667 1.7 1.733333 1.766667 1.8 1.833333 1.866667 1.9 1.933333 1.966667 2 2.033333 2.066667 2.1 2.133333 2.166667 2.2 2.233333 2.266667 2.3 2.333333 2.366667 2.4 2.433333 2.466667 2.5 2.533333 2.566667 2.6 2.633333 2.666667 2.7 2.733333 2.766667 2.8 2.833333 2.866667 2.9 2.933333 2.966667 3 3.033333 3.066667 3.1 3.133333 3.166667 3.2 3.233333 3.266667 3.3</float_array>
        <technique_common>
          <accessor source="#node-Bip01_L_UpperArm_matrix-input-array" count="60" stride="1">
            <param name="TIME" type="float"/>
          </accessor>
        </technique_common>
      </source>
      <source id="node-Bip01_L_UpperArm_matrix-output">
