<?xml version="1.0" encoding="utf-8"?>
<COLLADA xmlns="http://www.collada.org/2005/11/COLLADASchema" version="1.4.1">
  <asset>
    <contributor>
      <author>MattO</author>
      <authoring_tool>OpenCOLLADA for 3ds Max;  Version: 1.3.0;  Revision: 839M;  Platform: x64;  Configuration: Release_Max2012</authoring_tool>
      <source_data>file:///C:/Dropbox/Prj/GGStout/Disposition_SourceArt/Soldier_TP_Disposition_Animation_Master03.max</source_data>
    </contributor>
    <created>2011-10-07T14:38:42</created>
    <modified>2011-10-07T14:38:42</modified>
    <unit name="meter" meter="1"/>
    <up_axis>Z_UP</up_axis>
  </asset>
  <library_effects>
    <effect id="ShapeBounds">
      <profile_COMMON>
        <technique sid="common">
          <blinn>
            <emission>
              <color>0 0 0 1</color>
            </emission>
            <ambient>
              <color>0.1647059 1 0 1</color>
            </ambient>
            <diffuse>
              <color>0.1647059 1 0 1</color>
            </diffuse>
            <specular>
              <color>0.9 0.9 0.9 1</color>
            </specular>
            <shininess>
              <float>10</float>
            </shininess>
            <reflective>
              <color>0 0 0 1</color>
            </reflective>
            <transparent opaque="A_ONE">
              <color>1 1 1 1</color>
            </transparent>
            <transparency>
              <float>1</float>
            </transparency>
          </blinn>
        </technique>
      </profile_COMMON>
      <extra>
        <technique profile="OpenCOLLADA3dsMax">
          <extended_shader>
            <apply_reflection_dimming>0</apply_reflection_dimming>
            <dim_level>0</dim_level>
            <falloff_type>0</falloff_type>
            <index_of_refraction>1.5</index_of_refraction>
            <opacity_type>0</opacity_type>
            <reflection_level>3</reflection_level>
            <wire_size>1</wire_size>
            <wire_units>0</wire_units>
          </extended_shader>
          <shader>
            <ambient_diffuse_lock>1</ambient_diffuse_lock>
            <ambient_diffuse_texture_lock>1</ambient_diffuse_texture_lock>
            <diffuse_specular_lock>0</diffuse_specular_lock>
            <soften>0.1</soften>
            <use_self_illum_color>0</use_self_illum_color>
          </shader>
        </technique>
      </extra>
    </effect>
  </library_effects>
  <library_materials>
    <material id="ShapeBounds-material" name="ShapeBounds">
      <instance_effect url="#ShapeBounds"/>
    </material>
  </library_materials>
  <library_geometries>
    <geometry id="geom-Bounds" name="Bounds">
      <mesh>
        <source id="geom-Bounds-positions">
          <float_array id="geom-Bounds-positions-array" count="24">-0.425 -0.425 0 0.425 -0.425 0 -0.425 0.425 0 0.425 0.425 0 -0.425 -0.425 1.84 0.425 -0.425 1.84 -0.425 0.425 1.84 0.425 0.425 1.84</float_array>
          <technique_common>
            <accessor source="#geom-Bounds-positions-array" count="8" stride="3">
              <param name="X" type="float"/>
              <param name="Y" type="float"/>
              <param name="Z" type="float"/>
            </accessor>
          </technique_common>
        </source>
        <source id="geom-Bounds-normals">
          <float_array id="geom-Bounds-normals-array" count="72">0 0 -1 0 0 -1 0 0 -1 0 0 -1 0 0 1 0 0 1 0 0 1 0 0 1 0 -1 0 0 -1 0 0 -1 0 0 -1 0 1 0 0 1 0 0 1 0 0 1 0 0 0 1 0 0 1 0 0 1 0 0 1 0 -1 0 0 -1 0 0 -1 0 0 -1 0 0</float_array>
          <technique_common>
            <accessor source="#geom-Bounds-normals-array" count="24" stride="3">
              <param name="X" type="float"/>
              <param name="Y" type="float"/>
              <param name="Z" type="float"/>
            </accessor>
          </technique_common>
        </source>
        <source id="geom-Bounds-map1">
          <float_array id="geom-Bounds-map1-array" count="36">0 0 0 1 0 0 0 1 0 1 1 0 0 0 0 1 0 0 0 1 0 1 1 0 0 0 0 1 0 0 0 1 0 1 1 0</float_array>
          <technique_common>
            <accessor source="#geom-Bounds-map1-array" count="12" stride="3">
              <param name="S" type="float"/>
              <param name="T" type="float"/>
              <param name="P" type="float"/>
            </accessor>
          </technique_common>
        </source>
        <vertices id="geom-Bounds-vertices">
          <input semantic="POSITION" source="#geom-Bounds-positions"/>
        </vertices>
        <triangles material="ShapeBounds" count="12">
          <input semantic="VERTEX" source="#geom-Bounds-vertices" offset="0"/>
          <input semantic="NORMAL" source="#geom-Bounds-normals" offset="1"/>
          <input semantic="TEXCOORD" source="#geom-Bounds-map1" offset="2" set="0"/>
          <p>0 0 9 2 1 11 3 2 10 3 2 10 1 3 8 0 0 9 4 4 8 5 5 9 7 6 11 7 6 11 6 7 10 4 4 8 0 8 4 1 9 5 5 10 7 5 10 7 4 11 6 0 8 4 1 12 0 3 13 1 7 14 3 7 14 3 5 15 2 1 12 0 3 16 4 2 17 5 6 18 7 6 18 7 7 19 6 3 16 4 2 20 0 0 21 1 4 22 3 4 22 3 6 23 2 2 20 0</p>
        </triangles>
      </mesh>
      <extra>
        <technique profile="OpenCOLLADA3dsMax">
          <max_box>
            <generateuvs>1</generateuvs>
            <height>1.84</height>
            <heightsegments>1</heightsegments>
            <length>0.85</length>
            <lengthsegments>1</lengthsegments>
            <width>0.85</width>
            <widthsegments>1</widthsegments>
          </max_box>
        </technique>
      </extra>
    </geometry>
  </library_geometries>
  <library_lights>
    <light id="EnvironmentAmbientLight" name="EnvironmentAmbientLight">
      <technique_common>
        <ambient>
          <color>0 0 0</color>
        </ambient>
      </technique_common>
    </light>
  </library_lights>
  <library_visual_scenes>
    <visual_scene id="MaxScene">
      <node name="EnvironmentAmbientLight">
        <instance_light url="#EnvironmentAmbientLight"/>
      </node>
      <node id="node-Bip01" name="Bip01">
        <matrix sid="matrix">0.04897863 -0.5806388 -0.8126867 -8.10623e-5 0.9925079 0.11948 -0.02554867 0.009366653 0.1119344 -0.8053466 0.5821405 0.7990584 0 0 0 1</matrix>
        <node id="node-Bip01_Pelvis" name="Bip01_Pelvis">
          <matrix sid="matrix">-0.02669418 0.9978371 0.06007276 0 -0.1206839 -0.0628715 0.9906981 0 0.992332 0.01919606 0.1221012 0 0 0 0 1</matrix>
          <node id="node-Bip01_Spine" name="Bip01_Spine">
            <matrix sid="matrix">0.9858773 -0.06348313 0.1549706 0.1970137 0.1364505 0.8410004 -0.5235453 0.03031446 -0.09709409 0.5372972 0.8377855 0.0258835 0 0 0 1</matrix>
            <node id="node-Bip01_Spine1" name="Bip01_Spine1">
              <matrix sid="matrix">0.9639944 0.1250204 0.2347015 0.1022173 -0.2074658 0.9057004 0.369682 -9.15229e-5 -0.1663516 -0.4050639 0.8990276 4.07696e-5 0 0 0 1</matrix>
              <node id="node-Bip01_Spine2" name="Bip01_Spine2">
                <matrix>0.9381539 -0.2995816 0.1735456 0.1269172 0.1590401 0.8181463 0.5525783 -1.40153e-4 -0.3075279 -0.4908028 0.8151927 8.4132e-5 0 0 0 1</matrix>
                <node id="node-Bip01_Neck" name="Bip01_Neck">
                  <matrix>0.8407079 -0.4308255 0.3280236 0.2151071 0.4136219 0.9019012 0.124463 -4.96879e-5 -0.3494667 0.03104062 0.9364344 -1.66893e-6 0 0 0 1</matrix>
                  <node id="node-Bip01_Head" name="Bip01_Head">
                    <matrix sid="matrix">0.8957814 0.03491284 -0.4431216 0.07051802 -0.261122 0.8480877 -0.4610452 -0.01395917 0.3597095 0.5287046 0.7688177 0 0 0 0 1</matrix>
                    <node id="node-AltEye" name="AltEye">
                      <matrix sid="matrix">-0.07016551 0.2370481 0.9689611 0.06454682 0.07787921 0.969692 -0.2315873 0.2214611 -0.9944908 0.0592121 -0.08650006 0.04716262 0 0 0 1</matrix>
                    </node>
                  </node>
                  <node id="node-Bip01_L_Clavicle" name="Bip01_L_Clavicle">
                    <matrix sid="matrix">-0.419373 -0.3901517 0.8196999 -0.04690349 -0.006484494 -0.9016277 -0.4324643 -0.01204765 0.9077908 -0.1866792 0.3755883 0.05588406 0 0 0 1</matrix>
                    <node id="node-Bip01_L_UpperArm" name="Bip01_L_UpperArm">
                      <matrix sid="matrix">0.98286 -0.08455274 0.1638197 0.1824006 0.1147235 0.9761147 -0.1844954 4.47035e-8 -0.1443072 0.2001272 0.9690844 0 0 0 0 1</matrix>
                      <node id="node-Bip01_L_Forearm" name="Bip01_L_Forearm">
                        <matrix sid="matrix">0.7336521 0.6795253 2.98023e-8 0.2843689 -0.6795253 0.7336519 -2.98023e-8 -2.98023e-8 5.96046e-8 2.98023e-8 1 -1.19209e-7 0 0 0 1</matrix>
                        <node id="node-Bip01_L_Hand" name="Bip01_L_Hand">
                          <matrix sid="matrix">0.8483599 0.4807616 0.2217063 0.281068 -0.4205393 0.3575571 0.8338463 -5.96046e-8 0.3216086 -0.800638 0.5055162 0 0 0 0 1</matrix>
                          <node id="node-Bip01_L_Finger0" name="Bip01_L_Finger0">
                            <matrix sid="matrix">0.6787978 0.5245168 0.5139218 0.02119681 0.437277 0.2735207 -0.8567235 -0.004734218 -0.5899342 0.8062682 -0.04369392 -0.02572179 0 0 0 1</matrix>
                            <node id="node-Bip01_L_Finger01" name="Bip01_L_Finger01">
                              <matrix>0.9975641 -0.06975641 8.9407e-8 0.04982853 0.0697565 0.9975641 2.23517e-8 0 5.96046e-8 -1.04774e-8 1 0 0 0 0 1</matrix>
                              <node id="node-Bip01_L_Finger02" name="Bip01_L_Finger02">
                                <matrix sid="matrix">0.986252 0.1652489 5.96046e-8 0.05202237 -0.165249 0.9862518 -2.16532e-8 -1.19209e-7 -8.9407e-8 7.45058e-9 1 0 0 0 0 1</matrix>
                              </node>
                            </node>
                          </node>
                          <node id="node-Bip01_L_Finger1" name="Bip01_L_Finger1">
                            <matrix sid="matrix">0.9009551 -0.1884572 0.3908501 0.1199947 0.1959121 0.9803941 0.02111895 -0.008367419 -0.3871672 0.05754501 0.9202121 -0.04101384 0 0 0 1</matrix>
                            <node id="node-Bip01_L_Finger11" name="Bip01_L_Finger11">
                              <matrix sid="matrix">0.9450802 -0.3268385 -1.49012e-8 0.03644162 0.3268386 0.9450802 -2.98023e-8 -5.96046e-8 2.98023e-8 5.96046e-8 1 0 0 0 0 1</matrix>
                              <node id="node-Bip01_L_Finger12" name="Bip01_L_Finger12">
                                <matrix sid="matrix">0.9929128 -0.1188436 0 0.03117552 0.1188437 0.9929128 2.98023e-8 -5.96046e-8 0 2.98023e-8 1 0 0 0 0 1</matrix>
                              </node>
                            </node>
                          </node>
                          <node id="node-Bip01_L_Finger2" name="Bip01_L_Finger2">
                            <matrix sid="matrix">0.9836147 -0.1308816 0.1239848 0.1229539 0.1248047 0.9906217 0.05560718 -0.008802056 -0.1301 -0.03922211 0.9907248 -0.01328242 0 0 0 1</matrix>
                            <node id="node-Bip01_L_Finger21" name="Bip01_L_Finger21">
                              <matrix sid="matrix">0.9937667 -0.1114799 0 0.03895509 0.1114799 0.9937668 -1.49012e-8 -1.19209e-7 -1.49012e-8 0 1 0 0 0 0 1</matrix>
                              <node id="node-Bip01_L_Finger22" name="Bip01_L_Finger22">
                                <matrix sid="matrix">0.9917209 -0.128412 7.45058e-9 0.03800556 0.1284119 0.9917209 0 1.78814e-7 7.45058e-9 4.47035e-8 1 0 0 0 0 1</matrix>
                              </node>
                            </node>
                          </node>
                          <node id="node-Bip01_L_Finger3" name="Bip01_L_Finger3">
                            <matrix sid="matrix">0.9923955 -0.08355365 -0.09038849 0.1211881 0.09595637 0.9850678 0.1429456 -0.00119108 0.07709518 -0.1505319 0.9855945 0.01196873 0 0 0 1</matrix>
                            <node id="node-Bip01_L_Finger31" name="Bip01_L_Finger31">
                              <matrix sid="matrix">0.9911383 -0.1328349 -3.72529e-9 0.03155857 0.1328349 0.9911383 0 0 1.11759e-8 0 1 -5.96046e-8 0 0 0 1</matrix>
                              <node id="node-Bip01_L_Finger32" name="Bip01_L_Finger32">
                                <matrix sid="matrix">0.9911955 -0.1324064 0 0.03366596 0.1324064 0.9911956 -1.49012e-8 0 0 1.49012e-8 1 1.19209e-7 0 0 0 1</matrix>
                              </node>
                            </node>
                          </node>
                          <node id="node-Bip01_L_Finger4" name="Bip01_L_Finger4">
                            <matrix sid="matrix">0.9284372 -0.3108517 -0.2034101 0.1136797 0.326497 0.9439974 0.04763138 0.005147517 0.1772122 -0.1106355 0.9779345 0.03886569 0 0 0 1</matrix>
                            <node id="node-Bip01_L_Finger41" name="Bip01_L_Finger41">
                              <matrix>0.9790111 -0.2038069 -7.45058e-9 0.03661612 0.2038069 0.9790111 2.98023e-8 0 7.45058e-9 0 1 0 0 0 0 1</matrix>
                              <node id="node-Bip01_L_Finger42" name="Bip01_L_Finger42">
                                <matrix sid="matrix">0.9802642 -0.1976916 -7.45058e-9 0.01772636 0.1976916 0.9802643 0 0 0 1.49012e-8 1 0 0 0 0 1</matrix>
                              </node>
                            </node>
                          </node>
                        </node>
                      </node>
                    </node>
                  </node>
                  <node id="node-Bip01_R_Clavicle" name="Bip01_R_Clavicle">
                    <matrix>0.621044 -0.1918167 -0.7599413 8.6689e-4 0.3462852 -0.8026726 0.4855958 -0.01629043 -0.7031294 -0.5647327 -0.4320717 -0.07212144 0 0 0 1</matrix>
                    <node id="node-Bip01_R_UpperArm" name="Bip01_R_UpperArm">
                      <matrix sid="matrix">0.4992713 0.6545816 -0.5676715 0.1824007 -0.6314003 0.7235339 0.2789849 0 0.593348 0.2191389 0.7745426 0 0 0 0 1</matrix>
                      <node id="node-Bip01_R_Forearm" name="Bip01_R_Forearm">
                        <matrix>0.522869 0.8524131 -2.98023e-8 0.284369 -0.8524131 0.5228689 -1.86265e-8 7.45058e-9 -1.49012e-8 -5.96046e-8 1 0 0 0 0 1</matrix>
                        <node id="node-Bip01_R_Hand" name="Bip01_R_Hand">
                          <matrix>0.9461846 0.2386595 -0.2185777 0.281068 0.02376522 -0.7248157 -0.6885327 -5.96046e-8 -0.3227535 0.6462847 -0.6914814 0 0 0 0 1</matrix>
                          <node id="node-Bip01_R_Finger0" name="Bip01_R_Finger0">
                            <matrix>0.5215106 0.269013 -0.8097277 0.02119672 0.7250717 0.3605265 0.5867638 -0.004734218 0.4497753 -0.8931141 -0.007035449 0.02572179 0 0 0 1</matrix>
                            <node id="node-Bip01_R_Finger01" name="Bip01_R_Finger01">
                              <matrix>0.6423532 -0.7636237 0.06527569 0.04982859 0.7605616 0.645637 0.06854747 1.19209e-7 -0.09448878 0.005614534 0.99551 0 0 0 0 1</matrix>
                              <node id="node-Bip01_R_Finger02" name="Bip01_R_Finger02">
                                <matrix>0.9505159 -0.3106765 -1.49012e-8 0.05202246 0.3106765 0.9505159 -1.49012e-8 5.96046e-8 -2.98023e-8 -4.47035e-8 0.9999999 0 0 0 0 1</matrix>
                              </node>
                            </node>
                          </node>
                          <node id="node-Bip01_R_Finger1" name="Bip01_R_Finger1">
                            <matrix>0.9820226 -0.1733428 -0.07472672 0.1199946 0.1795577 0.9799359 0.08651492 -0.008367568 0.05823064 -0.09837732 0.9934441 0.04101384 0 0 0 1</matrix>
                            <node id="node-Bip01_R_Finger11" name="Bip01_R_Finger11">
                              <matrix>0.8240547 -0.5665102 0 0.03644174 0.5665102 0.8240548 -2.98023e-8 0 -2.98023e-8 0 1 -5.96046e-8 0 0 0 1</matrix>
                              <node id="node-Bip01_R_Finger12" name="Bip01_R_Finger12">
                                <matrix>0.8146397 -0.5796779 0.01831834 0.03117546 0.5799671 0.8142333 -0.02573049 5.96046e-8 5.96046e-8 0.0315851 0.999501 5.96046e-8 0 0 0 1</matrix>
                              </node>
                            </node>
                          </node>
                          <node id="node-Bip01_R_Finger2" name="Bip01_R_Finger2">
                            <matrix>0.6754013 -0.7374504 -1.5212e-4 0.1229537 0.7368314 0.6748428 -0.04082689 -0.008802027 0.03021044 0.02746244 0.9991664 0.0132823 0 0 0 1</matrix>
                            <node id="node-Bip01_R_Finger21" name="Bip01_R_Finger21">
                              <matrix>0.5508358 -0.8338857 -0.0348487 0.03895518 0.8322219 0.551937 -0.05265059 0 0.0631389 -1.11759e-8 0.9980047 0 0 0 0 1</matrix>
                              <node id="node-Bip01_R_Finger22" name="Bip01_R_Finger22">
                                <matrix>0.1984733 -0.9799247 0.01886609 0.03800541 0.9755273 0.1993679 0.09272988 5.96046e-8 -0.0946296 0 0.9955125 -2.38419e-7 0 0 0 1</matrix>
                              </node>
                            </node>
                          </node>
                          <node id="node-Bip01_R_Finger3" name="Bip01_R_Finger3">
                            <matrix>0.7159053 -0.6949216 0.06755492 0.1211881 0.6883787 0.6863561 -0.2346272 -0.001191288 0.1166807 0.2144742 0.9697353 -0.01196861 0 0 0 1</matrix>
                            <node id="node-Bip01_R_Finger31" name="Bip01_R_Finger31">
                              <matrix>0.4441952 -0.8949345 0.0422236 0.0315585 0.8909184 0.4461975 0.0846876 -2.98023e-8 -0.09462993 -6.70552e-8 0.9955124 -1.19209e-7 0 0 0 1</matrix>
                              <node id="node-Bip01_R_Finger32" name="Bip01_R_Finger32">
                                <matrix>0.1993681 -0.9794358 -0.03095099 0.03366601 0.9799247 0.1992686 0.006297074 5.96046e-8 -3.72529e-9 -0.0315851 0.999501 0 0 0 0 1</matrix>
                              </node>
                            </node>
                          </node>
                          <node id="node-Bip01_R_Finger4" name="Bip01_R_Finger4">
                            <matrix>0.5925791 -0.7897951 -0.1583476 0.1136797 0.7783523 0.6120424 -0.1399001 0.005147427 0.2074078 -0.04034829 0.9774222 -0.03886592 0 0 0 1</matrix>
                            <node id="node-Bip01_R_Finger41" name="Bip01_R_Finger41">
                              <matrix>0.4202556 -0.9064696 0.04120625 0.03661619 0.906853 0.4211511 0.01578781 0 -0.03166524 0.0307331 0.9990259 0 0 0 0 1</matrix>
                              <node id="node-Bip01_R_Finger42" name="Bip01_R_Finger42">
                                <matrix>0.402447 -0.9138247 -0.05441487 0.01772618 0.9154231 0.4021219 0.01728316 -5.96046e-8 0.006087601 -0.05676819 0.9983687 5.96046e-8 0 0 0 1</matrix>
                              </node>
                            </node>
                          </node>
                          <node id="node-mount0" name="mount0">
                            <matrix>-0.004997211 0.9999838 -0.002795195 0.0941073 -0.9999509 -0.005020953 -0.00854522 0.01837558 -0.008559138 0.002752362 0.9999596 0.01120651 0 0 0 1</matrix>
                          </node>
                        </node>
                      </node>
                    </node>
                  </node>
                </node>
                <node id="node-Bip01_L_Pauldron_Upper" name="Bip01_L_Pauldron_Upper">
                  <matrix sid="matrix">0.9862571 0.1219391 -0.1114802 0.229504 0.1291479 -0.9898155 0.05988363 -0.03790645 -0.1030427 -0.07345805 -0.9919607 0.2195491 0 0 0 1</matrix>
                </node>
                <node id="node-Bip01_R_Pauldron_Lower" name="Bip01_R_Pauldron_Lower">
                  <matrix>-0.1117321 -0.6005592 -0.7917354 0.2653015 0.8338363 -0.4900709 0.2540624 -0.05056332 -0.5405859 -0.6317909 0.5555245 -0.2106076 0 0 0 1</matrix>
                </node>
                <node id="node-Bip01_L_Pauldron_Lower" name="Bip01_L_Pauldron_Lower">
                  <matrix sid="matrix">-0.08461794 0.01496521 0.9963011 0.2501211 -0.1412211 -0.9899741 0.002876023 -0.0383912 0.9863552 -0.1404554 0.08588293 0.2357397 0 0 0 1</matrix>
                </node>
              </node>
            </node>
            <node id="node-Bip01_L_Thigh" name="Bip01_L_Thigh">
              <matrix sid="matrix">-0.8161646 0.5367086 0.2140541 -0.2082329 0.5762473 0.7833414 0.2330564 0.04160367 -0.04259408 0.3135605 -0.9486125 0.07046103 0 0 0 1</matrix>
              <node id="node-Bip01_L_Calf" name="Bip01_L_Calf">
                <matrix sid="matrix">0.5057563 0.8626765 -2.98023e-8 0.4629988 -0.8626766 0.5057561 -7.6252e-9 -1.49012e-8 7.45058e-8 -2.98023e-8 0.9999999 -5.96046e-8 0 0 0 1</matrix>
                <node id="node-Bip01_L_Foot" name="Bip01_L_Foot">
                  <matrix sid="matrix">0.81834 0.570101 -0.07283245 0.3610501 -0.558044 0.8184872 0.1366222 -2.23517e-8 0.1375007 -0.07115972 0.9879421 5.96046e-8 0 0 0 1</matrix>
                  <node id="node-Bip01_L_Toe0" name="Bip01_L_Toe0">
                    <matrix sid="matrix">5.06639e-7 -0.9999999 1.40816e-6 0.1486307 0.9999999 4.61936e-7 5.96046e-8 0.1543275 0 1.36346e-6 0.9999999 0 0 0 0 1</matrix>
                  </node>
                </node>
              </node>
            </node>
            <node id="node-Bip01_R_Thigh" name="Bip01_R_Thigh">
              <matrix sid="matrix">-0.8978107 0.2130218 0.385432 -0.1834763 0.1057038 0.9538778 -0.2809697 -0.09539284 -0.4275075 -0.2115161 -0.8789189 -0.1431513 0 0 0 1</matrix>
              <node id="node-Bip01_R_Calf" name="Bip01_R_Calf">
                <matrix sid="matrix">0.7818699 0.6234416 2.98023e-8 0.4629987 -0.6234414 0.7818699 7.45058e-9 1.86265e-8 0 0 0.9999999 0 0 0 0 1</matrix>
                <node id="node-Bip01_R_Foot" name="Bip01_R_Foot">
                  <matrix sid="matrix">0.73498 0.6750679 0.0639323 0.3610501 -0.677192 0.735585 0.01803268 2.98023e-8 -0.03485427 -0.05654797 0.9977912 -5.96046e-8 0 0 0 1</matrix>
                  <node id="node-Bip01_R_Toe0" name="Bip01_R_Toe0">
                    <matrix sid="matrix">-0.1805803 -0.9786913 0.09774531 0.1486307 0.9833315 -0.1817875 -0.003513992 0.1543275 0.02120796 0.09548151 0.9952053 0 0 0 0 1</matrix>
                  </node>
                </node>
              </node>
            </node>
          </node>
          <node id="node-Bip01_FannyPack" name="Bip01_FannyPack">
            <matrix>-0.9629919 -0.2062316 0.1735378 0.2299507 -0.2083318 0.9780385 0.006227002 -0.1378937 -0.1710108 -0.03015689 -0.9848075 0.01013958 0 0 0 1</matrix>
          </node>
        </node>
        <node id="node-Eye" name="Eye">
          <matrix sid="matrix">0.04897869 0.9925076 0.1119343 0.1803201 -0.5806389 0.1194801 -0.8053464 -0.6120287 -0.8126869 -0.02554878 0.5821405 0.443427 0 0 0 1</matrix>
          <node id="node-cam" name="cam">
            <matrix>1 -6.03104e-8 3.55271e-15 4.84288e-8 6.03104e-8 1 -2.32831e-9 -0.104 -3.55271e-15 2.32832e-9 1 0.3005601 0 0 0 1</matrix>
          </node>
        </node>
      </node>
      <node id="node-nulldetail1" name="nulldetail1">
        <matrix>1 0 0 0 0 1 0 0 0 0 1 0 0 0 0 1</matrix>
      </node>
      <node id="node-Bounds" name="Bounds">
        <matrix>0.9999915 0.001706907 0.003750479 0 -0.001711356 0.9999978 0.001183292 0.1035326 -0.003748452 -0.0011897 0.9999923 -8.93474e-5 0 0 0 1</matrix>
        <instance_geometry url="#geom-Bounds">
          <bind_material>
            <technique_common>
              <instance_material symbol="ShapeBounds" target="#ShapeBounds-material"/>
            </technique_common>
          </bind_material>
        </instance_geometry>
      </node>
    </visual_scene>
  </library_visual_scenes>
  <library_animations>
    <animation>
      <source id="node-Bip01_matrix-input">
        <float_array id="node-Bip01_matrix-input-array" count="60">49.33333 49.36666 49.4 49.43333 49.46667 49.5 49.53333 49.56667 49.6 49.63334 49.66667 49.7 49.73333 49.76667 49.8 49.83333 49.86666 49.9 49.93333 49.96667 50 50.03333 50.06667 50.1 50.13334 50.16667 50.2 50.23333 50.26667 50.3 50.33333 50.36666 50.4 50.43333 50.46667 50.5 50.53333 50.56667 50.6 50.63334 50.66667 50.7 50.73333 50.76667 50.8 50.83333 50.86666 50.9 50.93333 50.96667 51 51.03333 51.06667 51.1 51.13334 51.16667 51.2 51.23333 51.26667 51.3</float_array>
        <technique_common>
          <accessor source="#node-Bip01_matrix-input-array" count="60" stride="1">
            <param name="TIME" type="float"/>
          </accessor>
        </technique_common>
      </source>
      <source id="node-Bip01_matrix-output">
        <float_array id="node-Bip01_matrix-output-array" count="960">0.04897862 -0.5806388 -0.8126867 -8.10623e-5 0.9925079 0.11948 -0.02554863 0.009366631 0.1119344 -0.8053466 0.5821405 0.7990584 0 0 0 1 0.04897862 -0.5806388 -0.8126867 -8.10623e-5 0.9925079 0.11948 -0.02554863 0.009369432 0.1119344 -0.8053466 0.5821405 0.7993727 0 0 0 1 0.04897862 -0.5806388 -0.8126867 -8.10623e-5 0.9925079 0.11948 -0.02554863 0.009372115 0.1119344 -0.8053466 0.5821405 0.8002799 0 0 0 1 0.04897862 -0.5806388 -0.8126867 -8.10623e-5 0.9925079 0.11948 -0.02554863 0.009374558 0.1119344 -0.8053466 0.5821405 0.8017358 0 0 0 1 0.04897862 -0.5806388 -0.8126867 -8.10623e-5 0.9925079 0.11948 -0.02554863 0.009376883 0.1119344 -0.8053466 0.5821405 0.8036971 0 0 0 1 0.04897862 -0.5806388 -0.8126867 -8.10623e-5 0.9925079 0.11948 -0.02554863 0.009379029 0.1119344 -0.8053466 0.5821405 0.8061207 0 0 0 1 0.04897862 -0.5806388 -0.8126867 -8.10623e-5 0.9925079 0.11948 -0.02554863 0.009380996 0.1119344 -0.8053466 0.5821405 0.8089649 0 0 0 1 0.04897862 -0.5806388 -0.8126867 -8.10623e-5 0.9925079 0.11948 -0.02554863 0.009382843 0.1119344 -0.8053466 0.5821405 0.8121879 0 0 0 1 0.04897862 -0.5806388 -0.8126867 -8.10623e-5 0.9925079 0.11948 -0.02554863 0.009384572 0.1119344 -0.8053466 0.5821405 0.81575 0 0 0 1 0.04897862 -0.5806388 -0.8126867 -8.10623e-5 0.9925079 0.11948 -0.02554863 0.009386122 0.1119344 -0.8053466 0.5821405 0.8196077 0 0 0 1 0.04897862 -0.5806388 -0.8126867 -8.10623e-5 0.9925079 0.11948 -0.02554863 0.009387493 0.1119344 -0.8053466 0.5821405 0.823722 0 0 0 1 0.04897862 -0.5806388 -0.8126867 -8.10623e-5 0.9925079 0.11948 -0.02554863 0.009388804 0.1119344 -0.8053466 0.5821405 0.8280524 0 0 0 1 0.04897862 -0.5806388 -0.8126867 -8.10623e-5 0.9925079 0.11948 -0.02554863 0.009389936 0.1119344 -0.8053466 0.5821405 0.83256 0 0 0 1 0.04897862 -0.5806388 -0.8126867 -8.10623e-5 0.9925079 0.11948 -0.02554863 0.00939095 0.1119344 -0.8053466 0.5821405 0.8372048 0 0 0 1 0.04897862 -0.5806388 -0.8126867 -8.10623e-5 0.9925079 0.11948 -0.02554863 0.009391844 0.1119344 -0.8053466 0.5821405 0.8419471 0 0 0 1 0.04897862 -0.5806388 -0.8126867 -8.10623e-5 0.9925079 0.11948 -0.02554863 0.009392678 0.1119344 -0.8053466 0.5821405 0.8467484 0 0 0 1 0.04897862 -0.5806388 -0.8126867 -8.10623e-5 0.9925079 0.11948 -0.02554863 0.009393334 0.1119344 -0.8053466 0.5821405 0.8515693 0 0 0 1 0.04897862 -0.5806388 -0.8126867 -8.10623e-5 0.9925079 0.11948 -0.02554863 0.00939387 0.1119344 -0.8053466 0.5821405 0.8563705 0 0 0 1 0.04897862 -0.5806388 -0.8126867 -8.10623e-5 0.9925079 0.11948 -0.02554863 0.009394347 0.1119344 -0.8053466 0.5821405 0.8611124 0 0 0 1 0.04897862 -0.5806388 -0.8126867 -8.10623e-5 0.9925079 0.11948 -0.02554863 0.009394645 0.1119344 -0.8053466 0.5821405 0.8657567 0 0 0 1 0.04897862 -0.5806388 -0.8126867 -8.10623e-5 0.9925079 0.11948 -0.02554863 0.009394943 0.1119344 -0.8053466 0.5821405 0.8702635 0 0 0 1 0.04897862 -0.5806388 -0.8126867 -8.10623e-5 0.9925079 0.11948 -0.02554863 0.009395062 0.1119344 -0.8053466 0.5821405 0.874593 0 0 0 1 0.04897862 -0.5806388 -0.8126867 -8.10623e-5 0.9925079 0.11948 -0.02554863 0.009395122 0.1119344 -0.8053466 0.5821405 0.8787062 0 0 0 1 0.04897862 -0.5806388 -0.8126867 -8.10623e-5 0.9925079 0.11948 -0.02554863 0.009395122 0.1119344 -0.8053466 0.5821405 0.8825625 0 0 0 1 0.04897862 -0.5806388 -0.8126867 -8.10623e-5 0.9925079 0.11948 -0.02554863 0.009395003 0.1119344 -0.8053466 0.5821405 0.8861231 0 0 0 1 0.04897862 -0.5806388 -0.8126867 -8.10623e-5 0.9925079 0.11948 -0.02554863 0.009394824 0.1119344 -0.8053466 0.5821405 0.8893445 0 0 0 1 0.04897862 -0.5806388 -0.8126867 -8.10623e-5 0.9925079 0.11948 -0.02554863 0.009394526 0.1119344 -0.8053466 0.5821405 0.8921868 0 0 0 1 0.04897862 -0.5806388 -0.8126867 -8.10623e-5 0.9925079 0.11948 -0.02554863 0.009394228 0.1119344 -0.8053466 0.5821405 0.8946083 0 0 0 1 0.04897862 -0.5806388 -0.8126867 -8.10623e-5 0.9925079 0.11948 -0.02554863 0.009393811 0.1119344 -0.8053466 0.5821405 0.8965673 0 0 0 1 0.04897862 -0.5806388 -0.8126867 -8.10623e-5 0.9925079 0.11948 -0.02554863 0.009393334 0.1119344 -0.8053466 0.5821405 0.8980207 0 0 0 1 0.04897862 -0.5806388 -0.8126867 -8.10623e-5 0.9925079 0.11948 -0.02554863 0.009392797 0.1119344 -0.8053466 0.5821405 0.898925 0 0 0 1 0.04897862 -0.5806388 -0.8126867 -8.10623e-5 0.9925079 0.11948 -0.02554863 0.009392201 0.1119344 -0.8053466 0.5821405 0.8992365 0 0 0 1 0.04897862 -0.5806388 -0.8126867 -8.10623e-5 0.9925079 0.11948 -0.02554863 0.009391546 0.1119344 -0.8053466 0.5821405 0.8988807 0 0 0 1 0.04897862 -0.5806388 -0.8126867 -8.10623e-5 0.9925079 0.11948 -0.02554863 0.00939089 0.1119344 -0.8053466 0.5821405 0.8978502 0 0 0 1 0.04897862 -0.5806388 -0.8126867 -8.10623e-5 0.9925079 0.11948 -0.02554863 0.009390115 0.1119344 -0.8053466 0.5821405 0.8961985 0 0 0 1 0.04897862 -0.5806388 -0.8126867 -8.10623e-5 0.9925079 0.11948 -0.02554863 0.00938934 0.1119344 -0.8053466 0.5821405 0.89398 0 0 0 1 0.04897862 -0.5806388 -0.8126867 -8.10623e-5 0.9925079 0.11948 -0.02554863 0.009388506 0.1119344 -0.8053466 0.5821405 0.8912445 0 0 0 1 0.04897862 -0.5806388 -0.8126867 -8.10623e-5 0.9925079 0.11948 -0.02554863 0.009387671 0.1119344 -0.8053466 0.5821405 0.8880448 0 0 0 1 0.04897862 -0.5806388 -0.8126867 -8.10623e-5 0.9925079 0.11948 -0.02554863 0.009386777 0.1119344 -0.8053466 0.5821405 0.884431 0 0 0 1 0.04897862 -0.5806388 -0.8126867 -8.10623e-5 0.9925079 0.11948 -0.02554863 0.009385824 0.1119344 -0.8053466 0.5821405 0.8804538 0 0 0 1 0.04897862 -0.5806388 -0.8126867 -8.10623e-5 0.9925079 0.11948 -0.02554863 0.00938493 0.1119344 -0.8053466 0.5821405 0.876162 0 0 0 1 0.04897862 -0.5806388 -0.8126867 -8.10623e-5 0.9925079 0.11948 -0.02554863 0.009383916 0.1119344 -0.8053466 0.5821405 0.8716051 0 0 0 1 0.04897862 -0.5806388 -0.8126867 -8.10623e-5 0.9925079 0.11948 -0.02554863 0.009382963 0.1119344 -0.8053466 0.5821405 0.8668344 0 0 0 1 0.04897862 -0.5806388 -0.8126867 -8.10623e-5 0.9925079 0.11948 -0.02554863 0.009381949 0.1119344 -0.8053466 0.5821405 0.8618939 0 0 0 1 0.04897862 -0.5806388 -0.8126867 -8.10623e-5 0.9925079 0.11948 -0.02554863 0.009380936 0.1119344 -0.8053466 0.5821405 0.8568332 0 0 0 1 0.04897862 -0.5806388 -0.8126867 -8.10623e-5 0.9925079 0.11948 -0.02554863 0.009379923 0.1119344 -0.8053466 0.5821405 0.851701 0 0 0 1 0.04897862 -0.5806388 -0.8126867 -8.10623e-5 0.9925079 0.11948 -0.02554863 0.00937891 0.1119344 -0.8053466 0.5821405 0.8465455 0 0 0 1 0.04897862 -0.5806388 -0.8126867 -8.10623e-5 0.9925079 0.11948 -0.02554863 0.009377896 0.1119344 -0.8053466 0.5821405 0.8414136 0 0 0 1 0.04897862 -0.5806388 -0.8126867 -8.10623e-5 0.9925079 0.11948 -0.02554863 0.009376943 0.1119344 -0.8053466 0.5821405 0.8363539 0 0 0 1 0.04897862 -0.5806388 -0.8126867 -8.10623e-5 0.9925079 0.11948 -0.02554863 0.009375929 0.1119344 -0.8053466 0.5821405 0.8314148 0 0 0 1 0.04897862 -0.5806388 -0.8126867 -8.10623e-5 0.9925079 0.11948 -0.02554863 0.009374916 0.1119344 -0.8053466 0.5821405 0.8266459 0 0 0 1 0.04897862 -0.5806388 -0.8126867 -8.10623e-5 0.9925079 0.11948 -0.02554863 0.009373962 0.1119344 -0.8053466 0.5821405 0.8220914 0 0 0 1 0.04897862 -0.5806388 -0.8126867 -8.10623e-5 0.9925079 0.11948 -0.02554863 0.009373009 0.1119344 -0.8053466 0.5821405 0.8178024 0 0 0 1 0.04897862 -0.5806388 -0.8126867 -8.10623e-5 0.9925079 0.11948 -0.02554863 0.009372115 0.1119344 -0.8053466 0.5821405 0.8138284 0 0 0 1 0.04897862 -0.5806388 -0.8126867 -8.10623e-5 0.9925079 0.11948 -0.02554863 0.009371221 0.1119344 -0.8053466 0.5821405 0.8102183 0 0 0 1 0.04897862 -0.5806388 -0.8126867 -8.10623e-5 0.9925079 0.11948 -0.02554863 0.009370326 0.1119344 -0.8053466 0.5821405 0.8070228 0 0 0 1 0.04897862 -0.5806388 -0.8126867 -8.10623e-5 0.9925079 0.11948 -0.02554863 0.009369492 0.1119344 -0.8053466 0.5821405 0.8042919 0 0 0 1 0.04897862 -0.5806388 -0.8126867 -8.10623e-5 0.9925079 0.11948 -0.02554863 0.009368717 0.1119344 -0.8053466 0.5821405 0.8020784 0 0 0 1 0.04897862 -0.5806388 -0.8126867 -8.10623e-5 0.9925079 0.11948 -0.02554863 0.009367942 0.1119344 -0.8053466 0.5821405 0.8004323 0 0 0 1 0.04897862 -0.5806388 -0.8126867 -8.10623e-5 0.9925079 0.11948 -0.02554863 0.009367287 0.1119344 -0.8053466 0.5821405 0.7994077 0 0 0 1</float_array>
        <technique_common>
          <accessor source="#node-Bip01_matrix-output-array" count="60" stride="16">
            <param name="TRANSFORM" type="float4x4"/>
          </accessor>
        </technique_common>
      </source>
      <source id="node-Bip01_matrix-interpolation">
        <Name_array id="node-Bip01_matrix-interpolation-array" count="60">LINEAR LINEAR LINEAR LINEAR LINEAR LINEAR LINEAR LINEAR LINEAR LINEAR LINEAR LINEAR LINEAR LINEAR LINEAR LINEAR LINEAR LINEAR LINEAR LINEAR LINEAR LINEAR LINEAR LINEAR LINEAR LINEAR LINEAR LINEAR LINEAR LINEAR LINEAR LINEAR LINEAR LINEAR LINEAR LINEAR LINEAR LINEAR LINEAR LINEAR LINEAR LINEAR LINEAR LINEAR LINEAR LINEAR LINEAR LINEAR LINEAR LINEAR LINEAR LINEAR LINEAR LINEAR LINEAR LINEAR LINEAR LINEAR LINEAR LINEAR</Name_array>
        <technique_common>
          <accessor source="#node-Bip01_matrix-interpolation-array" count="60" stride="1">
            <param name="INTERPOLATION" type="name"/>
          </accessor>
        </technique_common>
      </source>
      <source id="node-Bip01_Pelvis_matrix-input">
        <float_array id="node-Bip01_Pelvis_matrix-input-array" count="60">49.33333 49.36666 49.4 49.43333 49.46667 49.5 49.53333 49.56667 49.6 49.63334 49.66667 49.7 49.73333 49.76667 49.8 49.83333 49.86666 49.9 49.93333 49.96667 50 50.03333 50.06667 50.1 50.13334 50.16667 50.2 50.23333 50.26667 50.3 50.33333 50.36666 50.4 50.43333 50.46667 50.5 50.53333 50.56667 50.6 50.63334 50.66667 50.7 50.73333 50.76667 50.8 50.83333 50.86666 50.9 50.93333 50.96667 51 51.03333 51.06667 51.1 51.13334 51.16667 51.2 51.23333 51.26667 51.3</float_array>
        <technique_common>
          <accessor source="#node-Bip01_Pelvis_matrix-input-array" count="60" stride="1">
            <param name="TIME" type="float"/>
          </accessor>
        </technique_common>
      </source>
      <source id="node-Bip01_Pelvis_matrix-output">
