<?xml version="1.0" encoding="utf-8"?>
<COLLADA xmlns="http://www.collada.org/2005/11/COLLADASchema" version="1.4.1">
  <asset>
    <contributor>
      <author>MattO</author>
      <authoring_tool>OpenCOLLADA for 3ds Max;  Version: 1.3.0;  Revision: 839M;  Platform: x64;  Configuration: Release_Max2012</authoring_tool>
      <source_data>file:///C:/Dropbox/Prj/GGStout/Kral/Mantis_TP_Kral_Animation_Master.max</source_data>
    </contributor>
    <created>2011-10-24T16:55:12</created>
    <modified>2011-10-24T16:55:12</modified>
    <unit name="meter" meter="1"/>
    <up_axis>Z_UP</up_axis>
  </asset>
  <library_effects>
    <effect id="ColorEffectR88G199B225">
      <profile_COMMON>
        <technique sid="common">
          <phong>
            <ambient>
              <color>0.345098 0.7803922 0.8823529 1</color>
            </ambient>
            <diffuse>
              <color>0.345098 0.7803922 0.8823529 1</color>
            </diffuse>
            <specular>
              <color>1 1 1 1</color>
            </specular>
            <shininess>
              <float>10</float>
            </shininess>
            <reflective>
              <color>0 0 0 1</color>
            </reflective>
            <transparent>
              <color>1 1 1 1</color>
            </transparent>
            <transparency>
              <float>1</float>
            </transparency>
          </phong>
        </technique>
      </profile_COMMON>
    </effect>
  </library_effects>
  <library_materials>
    <material id="ColorEffectR88G199B225-material" name="ColorEffectR88G199B225-material">
      <instance_effect url="#ColorEffectR88G199B225"/>
    </material>
  </library_materials>
  <library_geometries>
    <geometry id="geom-Bounds" name="Bounds">
      <mesh>
        <source id="geom-Bounds-positions">
          <float_array id="geom-Bounds-positions-array" count="24">-0.5 -0.5 0 0.5 -0.5 0 -0.5 0.5 0 0.5 0.5 0 -0.5 -0.5 2 0.5 -0.5 2 -0.5 0.5 2 0.5 0.5 2</float_array>
          <technique_common>
            <accessor source="#geom-Bounds-positions-array" count="8" stride="3">
              <param name="X" type="float"/>
              <param name="Y" type="float"/>
              <param name="Z" type="float"/>
            </accessor>
          </technique_common>
        </source>
        <source id="geom-Bounds-normals">
          <float_array id="geom-Bounds-normals-array" count="72">0 0 -1 0 0 -1 0 0 -1 0 0 -1 0 0 1 0 0 1 0 0 1 0 0 1 0 -1 0 0 -1 0 0 -1 0 0 -1 0 1 0 0 1 0 0 1 0 0 1 0 0 0 1 0 0 1 0 0 1 0 0 1 0 -1 0 0 -1 0 0 -1 0 0 -1 0 0</float_array>
          <technique_common>
            <accessor source="#geom-Bounds-normals-array" count="24" stride="3">
              <param name="X" type="float"/>
              <param name="Y" type="float"/>
              <param name="Z" type="float"/>
            </accessor>
          </technique_common>
        </source>
        <source id="geom-Bounds-map1">
          <float_array id="geom-Bounds-map1-array" count="36">0 0 0 1 0 0 0 1 0 1 1 0 0 0 0 1 0 0 0 1 0 1 1 0 0 0 0 1 0 0 0 1 0 1 1 0</float_array>
          <technique_common>
            <accessor source="#geom-Bounds-map1-array" count="12" stride="3">
              <param name="S" type="float"/>
              <param name="T" type="float"/>
              <param name="P" type="float"/>
            </accessor>
          </technique_common>
        </source>
        <vertices id="geom-Bounds-vertices">
          <input semantic="POSITION" source="#geom-Bounds-positions"/>
        </vertices>
        <triangles material="ColorMaterial" count="12">
          <input semantic="VERTEX" source="#geom-Bounds-vertices" offset="0"/>
          <input semantic="NORMAL" source="#geom-Bounds-normals" offset="1"/>
          <input semantic="TEXCOORD" source="#geom-Bounds-map1" offset="2" set="0"/>
          <p>0 0 9 2 1 11 3 2 10 3 2 10 1 3 8 0 0 9 4 4 8 5 5 9 7 6 11 7 6 11 6 7 10 4 4 8 0 8 4 1 9 5 5 10 7 5 10 7 4 11 6 0 8 4 1 12 0 3 13 1 7 14 3 7 14 3 5 15 2 1 12 0 3 16 4 2 17 5 6 18 7 6 18 7 7 19 6 3 16 4 2 20 0 0 21 1 4 22 3 4 22 3 6 23 2 2 20 0</p>
        </triangles>
      </mesh>
      <extra>
        <technique profile="OpenCOLLADA3dsMax">
          <max_box>
            <generateuvs>1</generateuvs>
            <height>2</height>
            <heightsegments>1</heightsegments>
            <length>1</length>
            <lengthsegments>1</lengthsegments>
            <width>1</width>
            <widthsegments>1</widthsegments>
          </max_box>
        </technique>
      </extra>
    </geometry>
  </library_geometries>
  <library_lights>
    <light id="EnvironmentAmbientLight" name="EnvironmentAmbientLight">
      <technique_common>
        <ambient>
          <color>0 0 0</color>
        </ambient>
      </technique_common>
    </light>
  </library_lights>
  <library_visual_scenes>
    <visual_scene id="MaxScene">
      <node name="EnvironmentAmbientLight">
        <instance_light url="#EnvironmentAmbientLight"/>
      </node>
      <node id="node-Bip001" name="Bip001">
        <matrix sid="matrix">0.4908427 -0.8335541 0.2534976 0 0.8299859 0.5358468 0.1548919 -4.37066e-8 -0.2649466 0.1343719 0.9548547 0.8529336 0 0 0 1</matrix>
        <node id="node-Bip001_Pelvis" name="Bip001_Pelvis">
          <matrix>1.49012e-8 1 -1.40816e-6 0 -0.1140869 1.39326e-6 0.9934708 0 0.9934707 1.78814e-7 0.114087 0 0 0 0 1</matrix>
          <node id="node-Bip001_Spine" name="Bip001_Spine">
            <matrix sid="matrix">0.9751359 -0.07331234 -0.2091303 0.09757131 0.05277595 0.9933682 -0.1021487 -8.78274e-5 0.2152321 0.08857173 0.9725382 0.01119617 0 0 0 1</matrix>
            <node id="node-Bip001_Spine1" name="Bip001_Spine1">
              <matrix sid="matrix">0.9235708 -0.3709309 -0.09709477 0.1110485 0.369598 0.9286391 -0.03204078 -8.21352e-5 0.1020509 -0.006294142 0.9947592 5.58794e-7 0 0 0 1</matrix>
              <node id="node-Bip001_Spine2" name="Bip001_Spine2">
                <matrix sid="matrix">0.9833878 -0.1427243 -0.1121532 0.1110283 0.148766 0.9877337 0.04744576 -8.744e-5 0.1040059 -0.06334215 0.9925576 5.57676e-6 0 0 0 1</matrix>
                <node id="node-Bip001_Spine3" name="Bip001_Spine3">
                  <matrix sid="matrix">0.9532421 -0.241303 -0.1819403 0.111056 0.253619 0.966141 0.04742068 -1.62065e-4 0.1643372 -0.09134687 0.9821655 1.53482e-5 0 0 0 1</matrix>
                  <node id="node-Bip001_Neck" name="Bip001_Neck">
                    <matrix>0.9888968 -0.06419966 -0.1340206 0.2584253 0.04748255 0.9910948 -0.1244036 0.01280195 0.1408138 0.1166587 0.9831389 -4.61936e-6 0 0 0 1</matrix>
                    <node id="node-Bip001_Neck1" name="Bip001_Neck1">
                      <matrix sid="matrix">0.987937 0.1545506 -0.00973146 0.04894269 -0.1547315 0.9826609 -0.1021559 -3.82662e-5 -0.006225504 0.1024293 0.9947208 -3.99351e-6 0 0 0 1</matrix>
                      <node id="node-Bip001_Neck2" name="Bip001_Neck2">
                        <matrix>0.9545162 0.2811763 -0.09919001 0.04893756 -0.2884501 0.9550412 -0.06850656 -3.71933e-5 0.07546809 0.09400201 0.9927076 -3.63588e-6 0 0 0 1</matrix>
                        <node id="node-Bip001_Head" name="Bip001_Head">
                          <matrix sid="matrix">0.9726765 0.1759886 0.15142 0.04894865 -0.1765331 0.9842442 -0.009945441 5.96046e-8 -0.1507845 -0.01705697 0.9884195 0 0 0 0 1</matrix>
                          <node id="node-Bip001_Ponytail1" name="Bip001_Ponytail1">
                            <matrix>-0.05999056 -0.9981991 -2.76882e-6 0.009580731 0.998199 -0.05999061 -2.93972e-6 0.1139534 2.76789e-6 -2.93832e-6 1 8.9407e-8 0 0 0 1</matrix>
                          </node>
                          <node id="node-ALTEYE" name="ALTEYE">
                            <matrix>-0.00948812 0.5772443 0.8165167 0.1153699 0.002645058 0.816565 -0.5772477 0.2046644 -0.9999516 -0.003317262 -0.00927451 -0.001006849 0 0 0 1</matrix>
                          </node>
                        </node>
                      </node>
                    </node>
                    <node id="node-Bip001_L_Clavicle" name="Bip001_L_Clavicle">
                      <matrix sid="matrix">0.3867266 0.04316634 0.9211835 -0.04311717 0.6360111 -0.7358133 -0.2325271 0.007412195 0.6677817 0.6758074 -0.312013 0.02784047 0 0 0 1</matrix>
                      <node id="node-Bip001_L_UpperArm" name="Bip001_L_UpperArm">
                        <matrix sid="matrix">0.4265057 -0.688023 0.5871263 0.07966626 -0.05992541 0.6262063 0.777351 0 -0.9024972 -0.3667287 0.2258506 0 0 0 0 1</matrix>
                        <node id="node-Bip001_L_Forearm" name="Bip001_L_Forearm">
                          <matrix sid="matrix">-0.4370764 0.8994246 0 0.4297335 -0.8994246 -0.4370765 1.49012e-8 -2.98023e-8 4.09782e-8 0 1 2.98023e-8 0 0 0 1</matrix>
                          <node id="node-Bip001_L_Hand" name="Bip001_L_Hand">
                            <matrix sid="matrix">0.7612265 -0.1740502 -0.6246925 0.3774393 -0.09235335 -0.9825867 0.1612274 5.96046e-8 -0.6418761 -0.06503817 -0.7640452 0 0 0 0 1</matrix>
                            <node id="node-Bip001_L_Finger0" name="Bip001_L_Finger0">
                              <matrix sid="matrix">0.49194 0.8244181 0.2798744 0.03908238 0.6521552 -0.135966 -0.7457929 0.01738542 -0.5767915 0.5494069 -0.6045355 -0.04049927 0 0 0 1</matrix>
                              <node id="node-Bip001_L_Finger01" name="Bip001_L_Finger01">
                                <matrix sid="matrix">0.9511043 0.3088697 0 0.1027657 -0.3088696 0.9511044 -1.49012e-8 0 2.98023e-8 0 1 -5.96046e-8 0 0 0 1</matrix>
                                <node id="node-Bip001_L_Finger02" name="Bip001_L_Finger02">
                                  <matrix sid="matrix">0.8065712 -0.591137 0 0.05252492 0.591137 0.8065711 7.45058e-9 -2.98023e-8 1.19209e-7 -5.96046e-8 1 0 0 0 0 1</matrix>
                                </node>
                              </node>
                            </node>
                            <node id="node-Bip001_L_Finger1" name="Bip001_L_Finger1">
                              <matrix sid="matrix">0.6375437 -0.7703909 0.00598401 0.1458857 0.7704015 0.6375586 7.96288e-4 -1.52588e-5 -0.004428566 0.004102394 0.9999816 -0.01919669 0 0 0 1</matrix>
                              <node id="node-Bip001_L_Finger11" name="Bip001_L_Finger11">
                                <matrix sid="matrix">0.5190609 -0.8547374 -1.49012e-8 0.08578134 0.8547373 0.5190609 0 5.96046e-8 -4.47035e-8 -3.72529e-9 1 0 0 0 0 1</matrix>
                                <node id="node-Bip001_L_Finger12" name="Bip001_L_Finger12">
                                  <matrix sid="matrix">0.9649358 -0.2624862 -1.49012e-8 0.05549777 0.2624863 0.9649358 -2.6077e-8 -5.96046e-8 0 -2.23517e-8 1 -5.96046e-8 0 0 0 1</matrix>
                                </node>
                              </node>
                            </node>
                            <node id="node-Bip001_L_Finger2" name="Bip001_L_Finger2">
                              <matrix sid="matrix">0.5018925 -0.8550149 -0.1305895 0.143758 0.8647376 0.492844 0.09661078 0.003213465 -0.01824331 -0.161414 0.9867181 0.02870393 0 0 0 1</matrix>
                              <node id="node-Bip001_L_Finger21" name="Bip001_L_Finger21">
                                <matrix sid="matrix">0.847759 -0.5303817 0 0.07148439 0.5303817 0.847759 0 -2.98023e-8 0 2.04891e-8 1 -5.96046e-8 0 0 0 1</matrix>
                                <node id="node-Bip001_L_Finger22" name="Bip001_L_Finger22">
                                  <matrix sid="matrix">0.8033119 -0.5955587 0 0.05113888 0.5955587 0.8033119 1.39698e-8 -2.98023e-8 -1.49012e-8 -3.35276e-8 0.9999999 5.96046e-8 0 0 0 1</matrix>
                                </node>
                              </node>
                            </node>
                          </node>
                        </node>
                        <node id="node-Bip001_L_ForeTwist" name="Bip001_L_ForeTwist">
                          <matrix sid="matrix">-0.4370764 0.8082039 0.3946784 0.4297335 -0.8994246 -0.3927477 -0.1917945 -2.98023e-8 4.09782e-8 -0.4388123 0.8985789 2.98023e-8 0 0 0 1</matrix>
                          <node id="node-Bip001_L_ForeTwist1" name="Bip001_L_ForeTwist1">
                            <matrix sid="matrix">1 -7.45058e-9 0 0.1887197 -7.45058e-9 0.8985788 0.4388123 5.96046e-8 2.79397e-8 -0.4388123 0.8985789 1.49012e-8 0 0 0 1</matrix>
                          </node>
                        </node>
                      </node>
                      <node id="node-Bip001_LUpArmTwist" name="Bip001_LUpArmTwist">
                        <matrix sid="matrix">0.4265057 -0.688023 0.5871263 0.07966626 -0.05992541 0.6262063 0.777351 0 -0.9024972 -0.3667287 0.2258506 0 0 0 0 1</matrix>
                        <node id="node-Bip001_LUpArmTwist1" name="Bip001_LUpArmTwist1">
                          <matrix>1 -2.98023e-8 0 0.2148668 -2.98023e-8 1 1.49012e-8 -2.98023e-8 0 7.45058e-9 1 0 0 0 0 1</matrix>
                        </node>
                      </node>
                    </node>
                    <node id="node-Bip001_R_Clavicle" name="Bip001_R_Clavicle">
                      <matrix sid="matrix">-0.4125289 -0.1381767 -0.9004039 -0.04935795 0.6517028 -0.7353824 -0.1857317 0.002242088 -0.6364774 -0.6634154 0.3934167 -0.01573148 0 0 0 1</matrix>
                      <node id="node-Bip001_R_UpperArm" name="Bip001_R_UpperArm">
                        <matrix sid="matrix">0.8224005 0.09044176 -0.5616741 0.0796662 -0.3879511 0.8112782 -0.437403 1.78814e-7 0.4161143 0.5776227 0.7022826 -5.96046e-8 0 0 0 1</matrix>
                        <node id="node-Bip001_R_Forearm" name="Bip001_R_Forearm">
                          <matrix sid="matrix">-0.605034 0.7961997 0 0.4297335 -0.7961996 -0.6050341 -7.45058e-9 -5.96046e-8 -3.72529e-9 -1.49012e-8 1 -5.96046e-8 0 0 0 1</matrix>
                          <node id="node-Bip001_R_Hand" name="Bip001_R_Hand">
                            <matrix sid="matrix">0.9183455 0.3509033 0.1830526 0.3774393 0.2237755 -0.078876 -0.9714437 0 -0.3264444 0.9330838 -0.150959 5.96046e-8 0 0 0 1</matrix>
                            <node id="node-Bip001_R_Finger0" name="Bip001_R_Finger0">
                              <matrix>0.6486481 0.5772246 -0.4960516 0.03908229 0.6676158 -0.118583 0.7350014 0.01738538 0.3654375 -0.8079293 -0.462283 0.04049921 0 0 0 1</matrix>
                              <node id="node-Bip001_R_Finger01" name="Bip001_R_Finger01">
                                <matrix>0.6155394 -0.7881063 -4.47035e-8 0.1027657 0.7881061 0.6155394 0 0 -1.49012e-8 -2.98023e-8 1 -1.19209e-7 0 0 0 1</matrix>
                                <node id="node-Bip001_R_Finger02" name="Bip001_R_Finger02">
                                  <matrix>0.1523349 -0.988329 0 0.05252492 0.9883291 0.1523349 2.98023e-8 0 8.9407e-8 -1.49012e-8 1 0 0 0 0 1</matrix>
                                </node>
                              </node>
                            </node>
                            <node id="node-Bip001_R_Finger1" name="Bip001_R_Finger1">
                              <matrix>0.7109717 -0.632343 -0.3076713 0.1458858 0.6327782 0.766136 -0.1123713 -1.52737e-5 0.3067753 -0.1147948 0.9448338 0.01919663 0 0 0 1</matrix>
                              <node id="node-Bip001_R_Finger11" name="Bip001_R_Finger11">
                                <matrix>-0.6406225 -0.7678562 0 0.08578128 0.7678562 -0.6406226 7.45058e-9 0 -2.98023e-8 0 1 0 0 0 0 1</matrix>
                                <node id="node-Bip001_R_Finger12" name="Bip001_R_Finger12">
                                  <matrix>0.8432422 -0.5375336 -2.98023e-8 0.05549777 0.5375336 0.8432422 0 1.49012e-8 2.98023e-8 -1.86265e-8 0.9999999 0 0 0 0 1</matrix>
                                </node>
                              </node>
                            </node>
                            <node id="node-Bip001_R_Finger2" name="Bip001_R_Finger2">
                              <matrix>0.2634968 -0.9557803 0.1305896 0.1437579 0.9628298 0.2522402 -0.09661077 0.003213376 0.05939874 0.1511922 0.9867182 -0.02870399 0 0 0 1</matrix>
                              <node id="node-Bip001_R_Finger21" name="Bip001_R_Finger21">
                                <matrix>-0.03544473 -0.9993716 3.72529e-9 0.07148439 0.9993716 -0.03544476 1.49012e-8 -1.19209e-7 0 -7.45058e-9 0.9999999 0 0 0 0 1</matrix>
                                <node id="node-Bip001_R_Finger22" name="Bip001_R_Finger22">
                                  <matrix>0.7483484 -0.6633058 0 0.05113888 0.6633057 0.7483485 3.72529e-9 7.45058e-9 0 0 0.9999999 -1.19209e-7 0 0 0 1</matrix>
                                </node>
                              </node>
                            </node>
                            <node id="node-mount0" name="mount0">
                              <matrix>-5.15429e-8 0.9999999 5.22006e-7 0.1088288 -1 -2.68214e-7 -1.546e-7 0.0307041 1.9744e-7 -4.42844e-7 0.9999997 0.01333499 0 0 0 1</matrix>
                            </node>
                          </node>
                        </node>
                        <node id="node-Bip001_R_ForeTwist" name="Bip001_R_ForeTwist">
                          <matrix sid="matrix">-0.605034 0.7951486 -0.04089697 0.4297335 -0.7961996 -0.6042354 0.03107771 -5.96046e-8 -3.72529e-9 0.05136522 0.9986799 -5.96046e-8 0 0 0 1</matrix>
                          <node id="node-Bip001_R_ForeTwist1" name="Bip001_R_ForeTwist1">
                            <matrix sid="matrix">1 -1.49012e-8 -2.79397e-9 0.1887197 1.49012e-8 0.99868 -0.05136526 0 1.86265e-9 0.05136524 0.99868 0 0 0 0 1</matrix>
                          </node>
                        </node>
                      </node>
                      <node id="node-Bip001_RUpArmTwist" name="Bip001_RUpArmTwist">
                        <matrix sid="matrix">0.8224005 0.09044176 -0.5616741 0.0796662 -0.3879511 0.8112782 -0.437403 1.78814e-7 0.4161143 0.5776227 0.7022826 -5.96046e-8 0 0 0 1</matrix>
                        <node id="node-Bip001_RUpArmTwist1" name="Bip001_RUpArmTwist1">
                          <matrix>1 0 0 0.2148668 0 0.9999999 -7.45058e-9 -5.96046e-8 0 2.98023e-8 1 0 0 0 0 1</matrix>
                        </node>
                      </node>
                    </node>
                  </node>
                </node>
              </node>
            </node>
            <node id="node-Bip001_L_Thigh" name="Bip001_L_Thigh">
              <matrix sid="matrix">-0.5049046 0.8628503 -0.02368157 -0.08190787 0.7444491 0.4491792 0.4939973 0.01268601 0.4368828 0.2317918 -0.8691407 0.08018946 0 0 0 1</matrix>
              <node id="node-Bip001_L_Calf" name="Bip001_L_Calf">
                <matrix sid="matrix">0.1987142 0.9800575 0 0.454169 -0.9800575 0.1987143 1.49012e-8 0 2.98023e-8 -8.9407e-8 1 -2.98023e-8 0 0 0 1</matrix>
                <node id="node-Bip001_L_HorseLink" name="Bip001_L_HorseLink">
                  <matrix sid="matrix">0.04045248 -0.9991814 -1.49012e-8 0.3208733 0.9991814 0.04045245 0 4.47035e-8 -4.47035e-8 4.47035e-8 1 0 0 0 0 1</matrix>
                  <node id="node-Bip001_L_Foot" name="Bip001_L_Foot">
                    <matrix sid="matrix">0.5610946 0.8272897 0.02765106 0.3617601 -0.7938497 0.5283514 0.301077 2.98023e-8 0.2344685 -0.1908835 0.9531987 -2.98023e-8 0 0 0 1</matrix>
                    <node id="node-Bip001_L_Toe0" name="Bip001_L_Toe0">
                      <matrix>-0.2454681 -0.9694048 5.15686e-8 0.08654235 0.9569955 -0.2423258 0.1594924 0.1234713 -0.1546127 0.03915035 0.9871992 -0.02420597 0 0 0 1</matrix>
                      <node id="node-Bip001_L_Toe01" name="Bip001_L_Toe01">
                        <matrix>0.9623386 0.2718536 2.08547e-8 0.04576612 -0.2718535 0.9623386 -7.76254e-10 1.49012e-8 -4.40227e-8 3.41402e-9 1 -1.86265e-8 0 0 0 1</matrix>
                        <node id="node-Bip001_L_Toe02" name="Bip001_L_Toe02">
                          <matrix>0.9133545 0.4071655 1.4307e-8 0.03187382 -0.4071655 0.9133544 7.13385e-10 3.72529e-9 4.45237e-9 -1.25582e-8 1 1.86265e-8 0 0 0 1</matrix>
                        </node>
                      </node>
                    </node>
                    <node id="node-Bip001_L_Toe1" name="Bip001_L_Toe1">
                      <matrix>-0.240283 -0.9707029 1.10071e-7 0.09280638 0.9404519 -0.2327948 -0.2477028 0.1308167 0.2404459 -0.05951865 0.9688361 0.03696451 0 0 0 1</matrix>
                      <node id="node-Bip001_L_Toe11" name="Bip001_L_Toe11">
                        <matrix>0.9830522 0.1833258 2.87898e-10 0.04370594 -0.1833258 0.9830522 -2.7228e-11 1.49012e-8 -1.74113e-10 -6.05382e-12 1 2.98023e-8 0 0 0 1</matrix>
                        <node id="node-Bip001_L_Toe12" name="Bip001_L_Toe12">
                          <matrix>0.9040335 0.4274614 6.86029e-11 0.03796017 -0.4274614 0.9040334 1.7053e-13 -3.72529e-9 2.31807e-10 1.34321e-10 1 0 0 0 0 1</matrix>
                        </node>
                      </node>
                    </node>
                    <node id="node-Bip001_L_Toe2" name="Bip001_L_Toe2">
                      <matrix>0.04881953 -0.8895264 0.454268 0.06798328 0.1495167 -0.4431771 -0.8838772 0.002803981 0.9875534 0.1110712 0.1113633 0.04295145 0 0 0 1</matrix>
                      <node id="node-Bip001_L_Toe21" name="Bip001_L_Toe21">
                        <matrix>1 2.23517e-8 1.86265e-9 0.01451744 2.23517e-8 0.9999999 0 0 -7.45058e-9 0 0.9999999 2.98023e-8 0 0 0 1</matrix>
                        <node id="node-Bip001_L_Toe22" name="Bip001_L_Toe22">
                          <matrix>0.5236048 0.8519612 1.86265e-9 0.03369504 -0.8519612 0.5236048 0 -2.98023e-8 -5.96046e-8 -4.47035e-8 0.9999999 -8.9407e-8 0 0 0 1</matrix>
                        </node>
                      </node>
                    </node>
                  </node>
                </node>
              </node>
            </node>
            <node id="node-Bip001_R_Thigh" name="Bip001_R_Thigh">
              <matrix sid="matrix">-0.7638808 0.327263 0.5562239 -0.1131929 0.3475915 0.9348265 -0.07266082 -1.88619e-4 -0.543752 0.1378344 -0.8278498 -0.0611746 0 0 0 1</matrix>
              <node id="node-Bip001_R_Calf" name="Bip001_R_Calf">
                <matrix sid="matrix">0.07075248 0.997494 2.98023e-8 0.454169 -0.9974938 0.07075244 -1.30385e-8 3.72529e-9 -7.82311e-8 -8.9407e-8 1 2.98023e-8 0 0 0 1</matrix>
                <node id="node-Bip001_R_HorseLink" name="Bip001_R_HorseLink">
                  <matrix sid="matrix">0.1141492 -0.9934638 1.49012e-8 0.3208733 0.9934637 0.1141492 2.98023e-8 0 -1.49012e-7 -1.00117e-7 1 -2.98023e-8 0 0 0 1</matrix>
                  <node id="node-Bip001_R_Foot" name="Bip001_R_Foot">
                    <matrix sid="matrix">0.8694344 0.2156164 0.444515 0.3617601 0.00815365 0.8933547 -0.4492784 -2.98023e-8 -0.4939812 0.3942425 0.7749552 0 0 0 0 1</matrix>
                    <node id="node-Bip001_R_Toe0" name="Bip001_R_Toe0">
                      <matrix>-0.245469 -0.9694045 -5.41512e-7 0.08654235 0.9569952 -0.2423267 -0.1594934 0.1234713 0.1546134 -0.03915118 0.9871991 0.02420598 0 0 0 1</matrix>
                      <node id="node-Bip001_R_Toe01" name="Bip001_R_Toe01">
                        <matrix>0.9623386 0.2718536 1.0627e-8 0.04576606 -0.2718536 0.9623387 4.7155e-9 3.72529e-9 -1.22098e-9 -1.02612e-8 1 0 0 0 0 1</matrix>
                        <node id="node-Bip001_R_Toe02" name="Bip001_R_Toe02">
                          <matrix>0.9133545 0.4071655 -1.18246e-9 0.03187385 -0.4071655 0.9133545 -4.95348e-10 5.58794e-9 -2.37353e-8 1.97549e-8 1 5.96046e-8 0 0 0 1</matrix>
                        </node>
                      </node>
                    </node>
                    <node id="node-Bip001_R_Toe1" name="Bip001_R_Toe1">
                      <matrix>-0.2402838 -0.9707026 -9.19757e-7 0.09280638 0.9404517 -0.2327959 0.2477027 0.1308167 -0.240446 0.05951812 0.9688361 -0.03696454 0 0 0 1</matrix>
                      <node id="node-Bip001_R_Toe11" name="Bip001_R_Toe11">
                        <matrix>0.9830521 0.1833258 2.37528e-8 0.04370597 -0.1833258 0.9830522 5.36324e-9 1.11759e-8 2.71981e-8 -1.78672e-9 1 0 0 0 0 1</matrix>
                        <node id="node-Bip001_R_Toe12" name="Bip001_R_Toe12">
                          <matrix>0.9040335 0.4274614 -1.46669e-9 0.03796015 -0.4274614 0.9040335 2.80575e-9 -1.86265e-9 -1.30801e-8 -2.65569e-8 1 0 0 0 0 1</matrix>
                        </node>
                      </node>
                    </node>
                    <node id="node-Bip001_R_Toe2" name="Bip001_R_Toe2">
                      <matrix>0.04882012 -0.8895258 -0.4542692 0.06798327 0.1495177 -0.443178 0.8838765 0.002803952 -0.9875531 -0.1110722 0.1113638 -0.04295141 0 0 0 1</matrix>
                      <node id="node-Bip001_R_Toe21" name="Bip001_R_Toe21">
                        <matrix>1 0 -1.86265e-8 0.01451743 1.86265e-8 1 0 -9.31323e-9 7.45058e-9 -2.98023e-8 1 2.79397e-8 0 0 0 1</matrix>
                        <node id="node-Bip001_R_Toe22" name="Bip001_R_Toe22">
                          <matrix>0.5236048 0.8519613 -1.86265e-8 0.03369501 -0.8519613 0.5236049 0 1.86265e-9 2.98023e-8 2.98023e-8 1 9.31323e-10 0 0 0 1</matrix>
                        </node>
                      </node>
                    </node>
                  </node>
                </node>
              </node>
            </node>
          </node>
        </node>
      </node>
      <node id="node-Bounds" name="Bounds">
        <matrix>1 0 0 0 0 1 0 0.411981 0 0 1 0 0 0 0 1</matrix>
        <instance_geometry url="#geom-Bounds">
          <bind_material>
            <technique_common>
              <instance_material symbol="ColorMaterial" target="#ColorEffectR88G199B225-material"/>
            </technique_common>
          </bind_material>
        </instance_geometry>
      </node>
      <node id="node-EYE" name="EYE">
        <matrix>-1 -7.64274e-15 -8.74228e-8 4.09043e-8 0 -1 8.74228e-8 0.411981 -8.74228e-8 8.74228e-8 1 1.6 0 0 0 1</matrix>
      </node>
      <node id="node-CAM" name="CAM">
        <matrix>-0.9999996 1.50996e-7 0 0 -1.50996e-7 -0.9999996 1.77636e-15 -0.009719968 0 1.77636e-15 1 1.928079 0 0 0 1</matrix>
      </node>
    </visual_scene>
  </library_visual_scenes>
  <library_animations>
    <animation>
      <source id="node-Bip001_matrix-input">
        <float_array id="node-Bip001_matrix-input-array" count="91">37.33333 37.36666 37.4 37.43333 37.46667 37.5 37.53333 37.56667 37.6 37.63334 37.66667 37.7 37.73333 37.76667 37.8 37.83333 37.86666 37.9 37.93333 37.96667 38 38.03333 38.06667 38.1 38.13334 38.16667 38.2 38.23333 38.26667 38.3 38.33333 38.36666 38.4 38.43333 38.46667 38.5 38.53333 38.56667 38.6 38.63334 38.66667 38.7 38.73333 38.76667 38.8 38.83333 38.86666 38.9 38.93333 38.96667 39 39.03333 39.06667 39.1 39.13334 39.16667 39.2 39.23333 39.26667 39.3 39.33333 39.36666 39.4 39.43333 39.46667 39.5 39.53333 39.56667 39.6 39.63334 39.66667 39.7 39.73333 39.76667 39.8 39.83333 39.86666 39.9 39.93333 39.96667 40 40.03333 40.06667 40.1 40.13334 40.16667 40.2 40.23333 40.26667 40.3 40.33333</float_array>
        <technique_common>
          <accessor source="#node-Bip001_matrix-input-array" count="91" stride="1">
            <param name="TIME" type="float"/>
          </accessor>
        </technique_common>
      </source>
      <source id="node-Bip001_matrix-output">
        <float_array id="node-Bip001_matrix-output-array" count="1456">0.4908427 -0.8335541 0.2534976 0 0.8299859 0.5358468 0.1548919 0 -0.2649466 0.1343718 0.9548547 0.8529337 0 0 0 1 0.4908427 -0.8335541 0.2534976 0 0.8299859 0.5358468 0.1548919 0 -0.2649466 0.1343718 0.9548547 0.8534706 0 0 0 1 0.4908427 -0.8335541 0.2534976 0 0.8299859 0.5358468 0.1548919 0 -0.2649466 0.1343718 0.9548547 0.8539661 0 0 0 1 0.4908427 -0.8335541 0.2534976 0 0.8299859 0.5358468 0.1548919 0 -0.2649466 0.1343718 0.9548547 0.8544207 0 0 0 1 0.4908427 -0.8335541 0.2534976 0 0.8299859 0.5358468 0.1548919 0 -0.2649466 0.1343718 0.9548547 0.8548361 0 0 0 1 0.4908427 -0.8335541 0.2534976 0 0.8299859 0.5358468 0.1548919 0 -0.2649466 0.1343718 0.9548547 0.855213 0 0 0 1 0.4908427 -0.8335541 0.2534976 0 0.8299859 0.5358468 0.1548919 0 -0.2649466 0.1343718 0.9548547 0.8555527 0 0 0 1 0.4908427 -0.8335541 0.2534976 0 0.8299859 0.5358468 0.1548919 0 -0.2649466 0.1343718 0.9548547 0.8558567 0 0 0 1 0.4908427 -0.8335541 0.2534976 0 0.8299859 0.5358468 0.1548919 0 -0.2649466 0.1343718 0.9548547 0.8561256 0 0 0 1 0.4908427 -0.8335541 0.2534976 0 0.8299859 0.5358468 0.1548919 0 -0.2649466 0.1343718 0.9548547 0.8563609 0 0 0 1 0.4908427 -0.8335541 0.2534976 0 0.8299859 0.5358468 0.1548919 0 -0.2649466 0.1343718 0.9548547 0.8565636 0 0 0 1 0.4908427 -0.8335541 0.2534976 0 0.8299859 0.5358468 0.1548919 0 -0.2649466 0.1343718 0.9548547 0.8567347 0 0 0 1 0.4908427 -0.8335541 0.2534976 0 0.8299859 0.5358468 0.1548919 0 -0.2649466 0.1343718 0.9548547 0.8568755 0 0 0 1 0.4908427 -0.8335541 0.2534976 0 0.8299859 0.5358468 0.1548919 0 -0.2649466 0.1343718 0.9548547 0.856987 0 0 0 1 0.4908427 -0.8335541 0.2534976 0 0.8299859 0.5358468 0.1548919 0 -0.2649466 0.1343718 0.9548547 0.8570703 0 0 0 1 0.4908427 -0.8335541 0.2534976 0 0.8299859 0.5358468 0.1548919 0 -0.2649466 0.1343718 0.9548547 0.8571266 0 0 0 1 0.4908427 -0.8335541 0.2534976 0 0.8299859 0.5358468 0.1548919 0 -0.2649466 0.1343718 0.9548547 0.8571568 0 0 0 1 0.4908427 -0.8335541 0.2534976 0 0.8299859 0.5358468 0.1548919 0 -0.2649466 0.1343718 0.9548547 0.8571622 0 0 0 1 0.4908427 -0.8335541 0.2534976 0 0.8299859 0.5358468 0.1548919 0 -0.2649466 0.1343718 0.9548547 0.8571437 0 0 0 1 0.4908427 -0.8335541 0.2534976 0 0.8299859 0.5358468 0.1548919 0 -0.2649466 0.1343718 0.9548547 0.8571024 0 0 0 1 0.4908427 -0.8335541 0.2534976 0 0.8299859 0.5358468 0.1548919 0 -0.2649466 0.1343718 0.9548547 0.8570394 0 0 0 1 0.4908427 -0.8335541 0.2534976 0 0.8299859 0.5358468 0.1548919 0 -0.2649466 0.1343718 0.9548547 0.8569558 0 0 0 1 0.4908427 -0.8335541 0.2534976 0 0.8299859 0.5358468 0.1548919 0 -0.2649466 0.1343718 0.9548547 0.8568527 0 0 0 1 0.4908427 -0.8335541 0.2534976 0 0.8299859 0.5358468 0.1548919 0 -0.2649466 0.1343718 0.9548547 0.856731 0 0 0 1 0.4908427 -0.8335541 0.2534976 0 0.8299859 0.5358468 0.1548919 0 -0.2649466 0.1343718 0.9548547 0.8565918 0 0 0 1 0.4908427 -0.8335541 0.2534976 0 0.8299859 0.5358468 0.1548919 0 -0.2649466 0.1343718 0.9548547 0.8564363 0 0 0 1 0.4908427 -0.8335541 0.2534976 0 0.8299859 0.5358468 0.1548919 0 -0.2649466 0.1343718 0.9548547 0.8562655 0 0 0 1 0.4908427 -0.8335541 0.2534976 0 0.8299859 0.5358468 0.1548919 0 -0.2649466 0.1343718 0.9548547 0.8560802 0 0 0 1 0.4908427 -0.8335541 0.2534976 0 0.8299859 0.5358468 0.1548919 0 -0.2649466 0.1343718 0.9548547 0.8558818 0 0 0 1 0.4908427 -0.8335541 0.2534976 0 0.8299859 0.5358468 0.1548919 0 -0.2649466 0.1343718 0.9548547 0.855671 0 0 0 1 0.4908427 -0.8335541 0.2534976 0 0.8299859 0.5358468 0.1548919 0 -0.2649466 0.1343718 0.9548547 0.8554491 0 0 0 1 0.4908427 -0.8335541 0.2534976 0 0.8299859 0.5358468 0.1548919 0 -0.2649466 0.1343718 0.9548547 0.8552171 0 0 0 1 0.4908427 -0.8335541 0.2534976 0 0.8299859 0.5358468 0.1548919 0 -0.2649466 0.1343718 0.9548547 0.8549758 0 0 0 1 0.4908427 -0.8335541 0.2534976 0 0.8299859 0.5358468 0.1548919 0 -0.2649466 0.1343718 0.9548547 0.8547266 0 0 0 1 0.4908427 -0.8335541 0.2534976 0 0.8299859 0.5358468 0.1548919 0 -0.2649466 0.1343718 0.9548547 0.8544701 0 0 0 1 0.4908427 -0.8335541 0.2534976 0 0.8299859 0.5358468 0.1548919 0 -0.2649466 0.1343718 0.9548547 0.8542078 0 0 0 1 0.4908427 -0.8335541 0.2534976 0 0.8299859 0.5358468 0.1548919 0 -0.2649466 0.1343718 0.9548547 0.8539404 0 0 0 1 0.4908427 -0.8335541 0.2534976 0 0.8299859 0.5358468 0.1548919 0 -0.2649466 0.1343718 0.9548547 0.8536689 0 0 0 1 0.4908427 -0.8335541 0.2534976 0 0.8299859 0.5358468 0.1548919 0 -0.2649466 0.1343718 0.9548547 0.8533946 0 0 0 1 0.4908427 -0.8335541 0.2534976 0 0.8299859 0.5358468 0.1548919 0 -0.2649466 0.1343718 0.9548547 0.8531182 0 0 0 1 0.4908427 -0.8335541 0.2534976 0 0.8299859 0.5358468 0.1548919 0 -0.2649466 0.1343718 0.9548547 0.852841 0 0 0 1 0.4908427 -0.8335541 0.2534976 0 0.8299859 0.5358468 0.1548919 0 -0.2649466 0.1343718 0.9548547 0.852564 0 0 0 1 0.4908427 -0.8335541 0.2534976 0 0.8299859 0.5358468 0.1548919 0 -0.2649466 0.1343718 0.9548547 0.852288 0 0 0 1 0.4908427 -0.8335541 0.2534976 0 0.8299859 0.5358468 0.1548919 0 -0.2649466 0.1343718 0.9548547 0.8520142 0 0 0 1 0.4908427 -0.8335541 0.2534976 0 0.8299859 0.5358468 0.1548919 0 -0.2649466 0.1343718 0.9548547 0.8517435 0 0 0 1 0.4908427 -0.8335541 0.2534976 0 0.8299859 0.5358468 0.1548919 0 -0.2649466 0.1343718 0.9548547 0.8514772 0 0 0 1 0.4908427 -0.8335541 0.2534976 0 0.8299859 0.5358468 0.1548919 0 -0.2649466 0.1343718 0.9548547 0.8512161 0 0 0 1 0.4908427 -0.8335541 0.2534976 0 0.8299859 0.5358468 0.1548919 0 -0.2649466 0.1343718 0.9548547 0.8509611 0 0 0 1 0.4908427 -0.8335541 0.2534976 0 0.8299859 0.5358468 0.1548919 0 -0.2649466 0.1343718 0.9548547 0.8507136 0 0 0 1 0.4908427 -0.8335541 0.2534976 0 0.8299859 0.5358468 0.1548919 0 -0.2649466 0.1343718 0.9548547 0.8504742 0 0 0 1 0.4908427 -0.8335541 0.2534976 0 0.8299859 0.5358468 0.1548919 0 -0.2649466 0.1343718 0.9548547 0.8502444 0 0 0 1 0.4908427 -0.8335541 0.2534976 0 0.8299859 0.5358468 0.1548919 0 -0.2649466 0.1343718 0.9548547 0.8500249 0 0 0 1 0.4908427 -0.8335541 0.2534976 0 0.8299859 0.5358468 0.1548919 0 -0.2649466 0.1343718 0.9548547 0.8498168 0 0 0 1 0.4908427 -0.8335541 0.2534976 0 0.8299859 0.5358468 0.1548919 0 -0.2649466 0.1343718 0.9548547 0.8496212 0 0 0 1 0.4908427 -0.8335541 0.2534976 0 0.8299859 0.5358468 0.1548919 0 -0.2649466 0.1343718 0.9548547 0.8494391 0 0 0 1 0.4908427 -0.8335541 0.2534976 0 0.8299859 0.5358468 0.1548919 0 -0.2649466 0.1343718 0.9548547 0.8492715 0 0 0 1 0.4908427 -0.8335541 0.2534976 0 0.8299859 0.5358468 0.1548919 0 -0.2649466 0.1343718 0.9548547 0.8491196 0 0 0 1 0.4908427 -0.8335541 0.2534976 0 0.8299859 0.5358468 0.1548919 0 -0.2649466 0.1343718 0.9548547 0.8489843 0 0 0 1 0.4908427 -0.8335541 0.2534976 0 0.8299859 0.5358468 0.1548919 0 -0.2649466 0.1343718 0.9548547 0.8488666 0 0 0 1 0.4908427 -0.8335541 0.2534976 0 0.8299859 0.5358468 0.1548919 0 -0.2649466 0.1343718 0.9548547 0.8487677 0 0 0 1 0.4908427 -0.8335541 0.2534976 0 0.8299859 0.5358468 0.1548919 0 -0.2649466 0.1343718 0.9548547 0.8486886 0 0 0 1 0.4908427 -0.8335541 0.2534976 0 0.8299859 0.5358468 0.1548919 0 -0.2649466 0.1343718 0.9548547 0.8486304 0 0 0 1 0.4908427 -0.8335541 0.2534976 0 0.8299859 0.5358468 0.1548919 0 -0.2649466 0.1343718 0.9548547 0.848594 0 0 0 1 0.4908427 -0.8335541 0.2534976 0 0.8299859 0.5358468 0.1548919 0 -0.2649466 0.1343718 0.9548547 0.8485807 0 0 0 1 0.4908427 -0.8335541 0.2534976 0 0.8299859 0.5358468 0.1548919 0 -0.2649466 0.1343718 0.9548547 0.8485915 0 0 0 1 0.4908427 -0.8335541 0.2534976 0 0.8299859 0.5358468 0.1548919 0 -0.2649466 0.1343718 0.9548547 0.8486274 0 0 0 1 0.4908427 -0.8335541 0.2534976 0 0.8299859 0.5358468 0.1548919 0 -0.2649466 0.1343718 0.9548547 0.8486895 0 0 0 1 0.4908427 -0.8335541 0.2534976 0 0.8299859 0.5358468 0.1548919 0 -0.2649466 0.1343718 0.9548547 0.848779 0 0 0 1 0.4908427 -0.8335541 0.2534976 0 0.8299859 0.5358468 0.1548919 0 -0.2649466 0.1343718 0.9548547 0.8488969 0 0 0 1 0.4908427 -0.8335541 0.2534976 0 0.8299859 0.5358468 0.1548919 0 -0.2649466 0.1343718 0.9548547 0.8490443 0 0 0 1 0.4908427 -0.8335541 0.2534976 0 0.8299859 0.5358468 0.1548919 0 -0.2649466 0.1343718 0.9548547 0.8492223 0 0 0 1 0.4908427 -0.8335541 0.2534976 0 0.8299859 0.5358468 0.1548919 0 -0.2649466 0.1343718 0.9548547 0.8494319 0 0 0 1 0.4908427 -0.8335541 0.2534976 0 0.8299859 0.5358468 0.1548919 0 -0.2649466 0.1343718 0.9548547 0.8496746 0 0 0 1 0.4908427 -0.833554 0.2534976 0 0.829986 0.5358468 0.1548919 0 -0.2649466 0.1343718 0.9548547 0.849951 0 0 0 1 0.4908427 -0.833554 0.2534976 0 0.829986 0.5358468 0.1548919 0 -0.2649466 0.1343718 0.9548547 0.8502628 0 0 0 1 0.4908427 -0.833554 0.2534976 0 0.829986 0.5358468 0.1548919 0 -0.2649466 0.1343718 0.9548547 0.8506106 0 0 0 1 0.4908427 -0.833554 0.2534976 0 0.829986 0.5358468 0.1548919 0 -0.2649466 0.1343718 0.9548547 0.8509957 0 0 0 1 0.4908427 -0.833554 0.2534976 0 0.829986 0.5358468 0.1548919 0 -0.2649466 0.1343718 0.9548547 0.8514196 0 0 0 1 0.4908427 -0.833554 0.2534976 0 0.829986 0.5358468 0.1548919 0 -0.2649466 0.1343718 0.9548547 0.851883 0 0 0 1 0.4908427 -0.833554 0.2534976 0 0.829986 0.5358468 0.1548919 0 -0.2649466 0.1343718 0.9548547 0.8523874 0 0 0 1 0.4908427 -0.8335541 0.2534976 0 0.8299859 0.5358468 0.1548919 0 -0.2649466 0.1343718 0.9548547 0.8529337 0 0 0 1 0.4908427 -0.8335541 0.2534976 0 0.8299859 0.5358468 0.1548919 0 -0.2649466 0.1343718 0.9548547 0.8529337 0 0 0 1 0.4908427 -0.8335541 0.2534976 0 0.8299859 0.5358468 0.1548919 0 -0.2649466 0.1343718 0.9548547 0.8529337 0 0 0 1 0.4908427 -0.8335541 0.2534976 0 0.8299859 0.5358468 0.1548919 0 -0.2649466 0.1343718 0.9548547 0.8529337 0 0 0 1 0.4908427 -0.8335541 0.2534976 0 0.8299859 0.5358468 0.1548919 0 -0.2649466 0.1343718 0.9548547 0.8529337 0 0 0 1 0.4908427 -0.8335541 0.2534976 0 0.8299859 0.5358468 0.1548919 0 -0.2649466 0.1343718 0.9548547 0.8529337 0 0 0 1 0.4908427 -0.8335541 0.2534976 0 0.8299859 0.5358468 0.1548919 0 -0.2649466 0.1343718 0.9548547 0.8529337 0 0 0 1 0.4908427 -0.8335541 0.2534976 0 0.8299859 0.5358468 0.1548919 0 -0.2649466 0.1343718 0.9548547 0.8529337 0 0 0 1 0.4908427 -0.8335541 0.2534976 0 0.8299859 0.5358468 0.1548919 0 -0.2649466 0.1343718 0.9548547 0.8529337 0 0 0 1 0.4908427 -0.8335541 0.2534976 0 0.8299859 0.5358468 0.1548919 0 -0.2649466 0.1343718 0.9548547 0.8529337 0 0 0 1 0.4908427 -0.8335541 0.2534976 0 0.8299859 0.5358468 0.1548919 0 -0.2649466 0.1343718 0.9548547 0.8529337 0 0 0 1</float_array>
        <technique_common>
          <accessor source="#node-Bip001_matrix-output-array" count="91" stride="16">
            <param name="TRANSFORM" type="float4x4"/>
          </accessor>
        </technique_common>
      </source>
      <source id="node-Bip001_matrix-interpolation">
        <Name_array id="node-Bip001_matrix-interpolation-array" count="91">LINEAR LINEAR LINEAR LINEAR LINEAR LINEAR LINEAR LINEAR LINEAR LINEAR LINEAR LINEAR LINEAR LINEAR LINEAR LINEAR LINEAR LINEAR LINEAR LINEAR LINEAR LINEAR LINEAR LINEAR LINEAR LINEAR LINEAR LINEAR LINEAR LINEAR LINEAR LINEAR LINEAR LINEAR LINEAR LINEAR LINEAR LINEAR LINEAR LINEAR LINEAR LINEAR LINEAR LINEAR LINEAR LINEAR LINEAR LINEAR LINEAR LINEAR LINEAR LINEAR LINEAR LINEAR LINEAR LINEAR LINEAR LINEAR LINEAR LINEAR LINEAR LINEAR LINEAR LINEAR LINEAR LINEAR LINEAR LINEAR LINEAR LINEAR LINEAR LINEAR LINEAR LINEAR LINEAR LINEAR LINEAR LINEAR LINEAR LINEAR LINEAR LINEAR LINEAR LINEAR LINEAR LINEAR LINEAR LINEAR LINEAR LINEAR LINEAR</Name_array>
        <technique_common>
          <accessor source="#node-Bip001_matrix-interpolation-array" count="91" stride="1">
            <param name="INTERPOLATION" type="name"/>
          </accessor>
        </technique_common>
      </source>
      <source id="node-Bip001_Spine_matrix-input">
