<?xml version="1.0" encoding="utf-8"?>
<COLLADA xmlns="http://www.collada.org/2005/11/COLLADASchema" version="1.4.1">
  <asset>
    <contributor>
      <author>MattO</author>
      <authoring_tool>OpenCOLLADA for 3ds Max;  Version: 1.3.0;  Revision: 839M;  Platform: x64;  Configuration: Release_Max2012</authoring_tool>
      <source_data>file:///C:/Dropbox/Prj/GGStout/Kral/Mantis_TP_Kral_Animation_Master.max</source_data>
    </contributor>
    <created>2011-10-24T16:55:17</created>
    <modified>2011-10-24T16:55:17</modified>
    <unit name="meter" meter="1"/>
    <up_axis>Z_UP</up_axis>
  </asset>
  <library_effects>
    <effect id="ColorEffectR88G199B225">
      <profile_COMMON>
        <technique sid="common">
          <phong>
            <ambient>
              <color>0.345098 0.7803922 0.8823529 1</color>
            </ambient>
            <diffuse>
              <color>0.345098 0.7803922 0.8823529 1</color>
            </diffuse>
            <specular>
              <color>1 1 1 1</color>
            </specular>
            <shininess>
              <float>10</float>
            </shininess>
            <reflective>
              <color>0 0 0 1</color>
            </reflective>
            <transparent>
              <color>1 1 1 1</color>
            </transparent>
            <transparency>
              <float>1</float>
            </transparency>
          </phong>
        </technique>
      </profile_COMMON>
    </effect>
  </library_effects>
  <library_materials>
    <material id="ColorEffectR88G199B225-material" name="ColorEffectR88G199B225-material">
      <instance_effect url="#ColorEffectR88G199B225"/>
    </material>
  </library_materials>
  <library_geometries>
    <geometry id="geom-Bounds" name="Bounds">
      <mesh>
        <source id="geom-Bounds-positions">
          <float_array id="geom-Bounds-positions-array" count="24">-0.5 -0.5 0 0.5 -0.5 0 -0.5 0.5 0 0.5 0.5 0 -0.5 -0.5 2 0.5 -0.5 2 -0.5 0.5 2 0.5 0.5 2</float_array>
          <technique_common>
            <accessor source="#geom-Bounds-positions-array" count="8" stride="3">
              <param name="X" type="float"/>
              <param name="Y" type="float"/>
              <param name="Z" type="float"/>
            </accessor>
          </technique_common>
        </source>
        <source id="geom-Bounds-normals">
          <float_array id="geom-Bounds-normals-array" count="72">0 0 -1 0 0 -1 0 0 -1 0 0 -1 0 0 1 0 0 1 0 0 1 0 0 1 0 -1 0 0 -1 0 0 -1 0 0 -1 0 1 0 0 1 0 0 1 0 0 1 0 0 0 1 0 0 1 0 0 1 0 0 1 0 -1 0 0 -1 0 0 -1 0 0 -1 0 0</float_array>
          <technique_common>
            <accessor source="#geom-Bounds-normals-array" count="24" stride="3">
              <param name="X" type="float"/>
              <param name="Y" type="float"/>
              <param name="Z" type="float"/>
            </accessor>
          </technique_common>
        </source>
        <source id="geom-Bounds-map1">
          <float_array id="geom-Bounds-map1-array" count="36">0 0 0 1 0 0 0 1 0 1 1 0 0 0 0 1 0 0 0 1 0 1 1 0 0 0 0 1 0 0 0 1 0 1 1 0</float_array>
          <technique_common>
            <accessor source="#geom-Bounds-map1-array" count="12" stride="3">
              <param name="S" type="float"/>
              <param name="T" type="float"/>
              <param name="P" type="float"/>
            </accessor>
          </technique_common>
        </source>
        <vertices id="geom-Bounds-vertices">
          <input semantic="POSITION" source="#geom-Bounds-positions"/>
        </vertices>
        <triangles material="ColorMaterial" count="12">
          <input semantic="VERTEX" source="#geom-Bounds-vertices" offset="0"/>
          <input semantic="NORMAL" source="#geom-Bounds-normals" offset="1"/>
          <input semantic="TEXCOORD" source="#geom-Bounds-map1" offset="2" set="0"/>
          <p>0 0 9 2 1 11 3 2 10 3 2 10 1 3 8 0 0 9 4 4 8 5 5 9 7 6 11 7 6 11 6 7 10 4 4 8 0 8 4 1 9 5 5 10 7 5 10 7 4 11 6 0 8 4 1 12 0 3 13 1 7 14 3 7 14 3 5 15 2 1 12 0 3 16 4 2 17 5 6 18 7 6 18 7 7 19 6 3 16 4 2 20 0 0 21 1 4 22 3 4 22 3 6 23 2 2 20 0</p>
        </triangles>
      </mesh>
      <extra>
        <technique profile="OpenCOLLADA3dsMax">
          <max_box>
            <generateuvs>1</generateuvs>
            <height>2</height>
            <heightsegments>1</heightsegments>
            <length>1</length>
            <lengthsegments>1</lengthsegments>
            <width>1</width>
            <widthsegments>1</widthsegments>
          </max_box>
        </technique>
      </extra>
    </geometry>
  </library_geometries>
  <library_lights>
    <light id="EnvironmentAmbientLight" name="EnvironmentAmbientLight">
      <technique_common>
        <ambient>
          <color>0 0 0</color>
        </ambient>
      </technique_common>
    </light>
  </library_lights>
  <library_visual_scenes>
    <visual_scene id="MaxScene">
      <node name="EnvironmentAmbientLight">
        <instance_light url="#EnvironmentAmbientLight"/>
      </node>
      <node id="node-Bip001" name="Bip001">
        <matrix sid="matrix">0.4908447 -0.8335525 0.2534989 0 0.8299842 0.5358492 0.1548927 -4.37066e-8 -0.2649484 0.1343718 0.9548542 0.946796 0 0 0 1</matrix>
        <node id="node-Bip001_Pelvis" name="Bip001_Pelvis">
          <matrix>-0.06006104 0.9981922 -0.002268173 0 -0.1512668 -0.006855553 0.9884692 0 0.9866668 0.05971156 0.1514052 0 0 0 0 1</matrix>
          <node id="node-Bip001_Spine" name="Bip001_Spine">
            <matrix sid="matrix">0.9613935 -0.1361308 -0.2391461 0.09690869 0.1112899 0.987166 -0.1145337 0.005776733 0.2516685 0.08349741 0.9642049 0.01486149 0 0 0 1</matrix>
            <node id="node-Bip001_Spine1" name="Bip001_Spine1">
              <matrix>0.9117465 -0.3962546 -0.1081695 0.1110508 0.3955288 0.9179955 -0.02900775 -8.11815e-5 0.1107937 -0.01633638 0.993709 1.44541e-6 0 0 0 1</matrix>
              <node id="node-Bip001_Spine2" name="Bip001_Spine2">
                <matrix sid="matrix">0.9769404 -0.1406178 -0.160668 0.1110281 0.1588857 0.9814695 0.1071136 -8.67248e-5 0.1426286 -0.1301715 0.981179 1.14925e-5 0 0 0 1</matrix>
                <node id="node-Bip001_Spine3" name="Bip001_Spine3">
                  <matrix sid="matrix">0.9138695 -0.3001341 -0.2734262 0.1110659 0.3356065 0.9374303 0.09269699 -1.57297e-4 0.2284966 -0.1764767 0.957416 2.96235e-5 0 0 0 1</matrix>
                  <node id="node-Bip001_Neck" name="Bip001_Neck">
                    <matrix sid="matrix">0.955099 -0.2232759 -0.1947662 0.2584314 0.1978857 0.9699529 -0.1415367 0.01280296 0.2205158 0.0966402 0.9705842 -3.75509e-6 0 0 0 1</matrix>
                    <node id="node-Bip001_Neck1" name="Bip001_Neck1">
                      <matrix sid="matrix">0.9016954 0.4263064 0.07216925 0.04893199 -0.4193018 0.9029009 -0.09463689 -3.51667e-5 -0.105506 0.05507299 0.9928924 -2.20537e-6 0 0 0 1</matrix>
                      <node id="node-Bip001_Neck2" name="Bip001_Neck2">
                        <matrix>0.9545162 0.2811762 -0.09919002 0.04893768 -0.2884499 0.9550412 -0.06850682 -3.71933e-5 0.07546806 0.09400217 0.9927075 -3.66569e-6 0 0 0 1</matrix>
                        <node id="node-Bip001_Head" name="Bip001_Head">
                          <matrix sid="matrix">0.9525751 0.1896547 0.2379744 0.04894865 -0.1647243 0.978916 -0.120784 5.96046e-8 -0.2558643 0.07585564 0.9637319 0 0 0 0 1</matrix>
                          <node id="node-Bip001_Ponytail1" name="Bip001_Ponytail1">
                            <matrix>-0.05999064 -0.998199 -2.76836e-6 0.009580731 0.998199 -0.05999061 -2.94019e-6 0.1139534 2.76882e-6 -2.94019e-6 1 9.68575e-8 0 0 0 1</matrix>
                          </node>
                          <node id="node-ALTEYE" name="ALTEYE">
                            <matrix>-0.00948812 0.5772442 0.8165166 0.1153699 0.002645058 0.8165648 -0.5772477 0.2046643 -0.9999516 -0.003317261 -0.009274511 -0.001006834 0 0 0 1</matrix>
                          </node>
                        </node>
                      </node>
                    </node>
                    <node id="node-Bip001_L_Clavicle" name="Bip001_L_Clavicle">
                      <matrix sid="matrix">0.5258596 -0.03223358 0.8499604 -0.03949758 0.5682305 -0.7302622 -0.379251 0.014382 0.6329185 0.6824062 -0.3656992 0.03037691 0 0 0 1</matrix>
                      <node id="node-Bip001_L_UpperArm" name="Bip001_L_UpperArm">
                        <matrix sid="matrix">0.4644155 -0.7522018 0.4674508 0.07966632 0.02982181 0.5408077 0.8406172 -8.9407e-8 -0.8851151 -0.3764555 0.2735916 0 0 0 0 1</matrix>
                        <node id="node-Bip001_L_Forearm" name="Bip001_L_Forearm">
                          <matrix sid="matrix">-0.4737977 0.8806338 4.47035e-8 0.4297334 -0.8806337 -0.4737978 -2.98023e-8 2.98023e-8 2.04891e-8 -2.98023e-8 1 0 0 0 0 1</matrix>
                          <node id="node-Bip001_L_Hand" name="Bip001_L_Hand">
                            <matrix sid="matrix">0.7269659 0.01370405 -0.6865368 0.3774394 0.01555347 -0.9998731 -0.003489278 0 -0.6864973 -0.008141473 -0.7270868 0 0 0 0 1</matrix>
                            <node id="node-Bip001_L_Finger0" name="Bip001_L_Finger0">
                              <matrix>0.49194 0.824418 0.2798745 0.03908241 0.6521552 -0.135966 -0.745793 0.01738542 -0.5767916 0.5494068 -0.6045356 -0.04049927 0 0 0 1</matrix>
                              <node id="node-Bip001_L_Finger01" name="Bip001_L_Finger01">
                                <matrix>0.9511045 0.3088697 5.96046e-8 0.1027657 -0.3088696 0.9511043 -2.98023e-8 -5.96046e-8 -5.96046e-8 3.72529e-8 1 -8.9407e-8 0 0 0 1</matrix>
                                <node id="node-Bip001_L_Finger02" name="Bip001_L_Finger02">
                                  <matrix>0.8065712 -0.5911371 0 0.05252504 0.5911371 0.8065713 7.45058e-9 1.49012e-8 -2.98023e-8 2.98023e-8 1 0 0 0 0 1</matrix>
                                </node>
                              </node>
                            </node>
                            <node id="node-Bip001_L_Finger1" name="Bip001_L_Finger1">
                              <matrix>0.6375437 -0.770391 0.00598395 0.1458857 0.7704015 0.6375586 7.96292e-4 -1.53184e-5 -0.004428586 0.004102398 0.9999818 -0.0191966 0 0 0 1</matrix>
                              <node id="node-Bip001_L_Finger11" name="Bip001_L_Finger11">
                                <matrix>0.5190609 -0.8547373 5.58794e-9 0.08578128 0.8547372 0.5190608 -9.31323e-9 0 0 3.0268e-9 0.9999999 -2.98023e-8 0 0 0 1</matrix>
                                <node id="node-Bip001_L_Finger12" name="Bip001_L_Finger12">
                                  <matrix>0.9649359 -0.2624862 3.72529e-9 0.05549783 0.2624863 0.9649357 1.86265e-9 -5.96046e-8 -1.11759e-8 3.35276e-8 1 5.96046e-8 0 0 0 1</matrix>
                                </node>
                              </node>
                            </node>
                            <node id="node-Bip001_L_Finger2" name="Bip001_L_Finger2">
                              <matrix>0.5018926 -0.855015 -0.1305896 0.143758 0.8647376 0.492844 0.09661078 0.003213406 -0.01824336 -0.161414 0.9867182 0.02870387 0 0 0 1</matrix>
                              <node id="node-Bip001_L_Finger21" name="Bip001_L_Finger21">
                                <matrix>0.8477591 -0.5303817 -1.49012e-8 0.07148439 0.5303817 0.8477591 -7.45058e-9 0 1.49012e-8 3.72529e-9 1 5.96046e-8 0 0 0 1</matrix>
                                <node id="node-Bip001_L_Finger22" name="Bip001_L_Finger22">
                                  <matrix>0.8033117 -0.5955586 -1.49012e-8 0.051139 0.5955586 0.8033118 0 -1.49012e-8 0 -1.49012e-8 0.9999998 -5.96046e-8 0 0 0 1</matrix>
                                </node>
                              </node>
                            </node>
                          </node>
                        </node>
                        <node id="node-Bip001_L_ForeTwist" name="Bip001_L_ForeTwist">
                          <matrix sid="matrix">-0.4737977 0.7619458 0.4415365 0.4297334 -0.8806337 -0.4099414 -0.237555 2.98023e-8 2.04891e-8 -0.5013848 0.8652244 0 0 0 0 1</matrix>
                          <node id="node-Bip001_L_ForeTwist1" name="Bip001_L_ForeTwist1">
                            <matrix sid="matrix">1 1.49012e-8 2.98023e-8 0.1887197 0 0.8652245 0.5013848 5.96046e-8 7.45058e-9 -0.5013848 0.8652245 0 0 0 0 1</matrix>
                          </node>
                        </node>
                      </node>
                      <node id="node-Bip001_LUpArmTwist" name="Bip001_LUpArmTwist">
                        <matrix sid="matrix">0.4644155 -0.7522018 0.4674508 0.07966632 0.02982181 0.5408077 0.8406172 -8.9407e-8 -0.8851151 -0.3764555 0.2735916 0 0 0 0 1</matrix>
                        <node id="node-Bip001_LUpArmTwist1" name="Bip001_LUpArmTwist1">
                          <matrix>1 0 4.47035e-8 0.2148668 2.98023e-8 1 -2.98023e-8 0 7.45058e-9 0 1 0 0 0 0 1</matrix>
                        </node>
                      </node>
                    </node>
                    <node id="node-Bip001_R_Clavicle" name="Bip001_R_Clavicle">
                      <matrix sid="matrix">-0.3425454 -0.2967242 -0.8914132 -0.04927066 0.7069358 -0.7063333 -0.03653917 0.01009917 -0.6187928 -0.6426882 0.4517162 -0.01263863 0 0 0 1</matrix>
                      <node id="node-Bip001_R_UpperArm" name="Bip001_R_UpperArm">
                        <matrix sid="matrix">0.7393535 0.1977854 -0.6436126 0.0796662 -0.5326815 0.7564839 -0.37945 1.19209e-7 0.4118331 0.6233882 0.6646658 0 0 0 0 1</matrix>
                        <node id="node-Bip001_R_Forearm" name="Bip001_R_Forearm">
                          <matrix sid="matrix">-0.5821186 0.813104 -7.45058e-9 0.4297335 -0.8131037 -0.5821186 -7.45058e-9 0 -4.28408e-8 -4.47035e-8 0.9999999 0 0 0 0 1</matrix>
                          <node id="node-Bip001_R_Hand" name="Bip001_R_Hand">
                            <matrix sid="matrix">0.8790245 0.3228749 0.35081 0.3774393 0.4001135 -0.09942537 -0.9110565 0 -0.2592778 0.9412048 -0.216584 2.98023e-8 0 0 0 1</matrix>
                            <node id="node-Bip001_R_Finger0" name="Bip001_R_Finger0">
                              <matrix>0.6486483 0.5772245 -0.4960517 0.03908244 0.6676159 -0.1185831 0.7350016 0.01738538 0.3654376 -0.8079293 -0.462283 0.04049921 0 0 0 1</matrix>
                              <node id="node-Bip001_R_Finger01" name="Bip001_R_Finger01">
                                <matrix>0.6155394 -0.7881061 -3.35276e-8 0.1027657 0.7881062 0.6155394 0 5.96046e-8 1.49012e-8 -2.98023e-8 1 0 0 0 0 1</matrix>
                                <node id="node-Bip001_R_Finger02" name="Bip001_R_Finger02">
                                  <matrix>0.152335 -0.988329 2.98023e-8 0.05252481 0.9883291 0.1523349 4.47035e-8 -5.96046e-8 0 -4.47035e-8 1 0 0 0 0 1</matrix>
                                </node>
                              </node>
                            </node>
                            <node id="node-Bip001_R_Finger1" name="Bip001_R_Finger1">
                              <matrix>0.7109717 -0.6323431 -0.3076713 0.1458858 0.6327783 0.7661361 -0.1123713 -1.52886e-5 0.3067753 -0.1147949 0.9448339 0.01919663 0 0 0 1</matrix>
                              <node id="node-Bip001_R_Finger11" name="Bip001_R_Finger11">
                                <matrix>-0.6406224 -0.7678561 0 0.08578131 0.7678561 -0.6406224 -7.45058e-9 -5.96046e-8 -6.0536e-9 -7.45058e-9 1 5.96046e-8 0 0 0 1</matrix>
                                <node id="node-Bip001_R_Finger12" name="Bip001_R_Finger12">
                                  <matrix>0.8432423 -0.5375336 -1.16415e-9 0.05549788 0.5375336 0.8432423 -7.45058e-9 2.98023e-8 -1.86265e-8 1.49012e-8 1 0 0 0 0 1</matrix>
                                </node>
                              </node>
                            </node>
                            <node id="node-Bip001_R_Finger2" name="Bip001_R_Finger2">
                              <matrix>0.2634968 -0.9557804 0.1305896 0.143758 0.9628299 0.2522402 -0.09661079 0.003213391 0.05939875 0.1511922 0.9867182 -0.02870393 0 0 0 1</matrix>
                              <node id="node-Bip001_R_Finger21" name="Bip001_R_Finger21">
                                <matrix>-0.03544475 -0.9993716 3.72529e-9 0.07148439 0.9993716 -0.03544471 0 8.9407e-8 5.96046e-8 -9.31323e-9 1 1.19209e-7 0 0 0 1</matrix>
                                <node id="node-Bip001_R_Finger22" name="Bip001_R_Finger22">
                                  <matrix>0.7483484 -0.6633058 0 0.05113891 0.6633058 0.7483484 -1.86265e-9 -7.45058e-9 -2.98023e-8 4.47035e-8 0.9999999 -2.38419e-7 0 0 0 1</matrix>
                                </node>
                              </node>
                            </node>
                            <node id="node-mount0" name="mount0">
                              <matrix>-7.54371e-8 1 5.36442e-7 0.1088289 -1 -2.8545e-7 -1.42492e-7 0.0307041 1.19209e-7 -2.98023e-7 0.9999999 0.01333499 0 0 0 1</matrix>
                            </node>
                          </node>
                        </node>
                        <node id="node-Bip001_R_ForeTwist" name="Bip001_R_ForeTwist">
                          <matrix sid="matrix">-0.5821186 0.8106446 -0.06319465 0.4297335 -0.8131037 -0.5803578 0.04524236 0 -4.28408e-8 0.07772018 0.9969751 0 0 0 0 1</matrix>
                          <node id="node-Bip001_R_ForeTwist1" name="Bip001_R_ForeTwist1">
                            <matrix sid="matrix">0.9999999 7.45058e-9 1.32713e-8 0.1887196 -7.45058e-9 0.9969753 -0.07772023 5.96046e-8 -4.19095e-9 0.07772021 0.9969752 2.98023e-8 0 0 0 1</matrix>
                          </node>
                        </node>
                      </node>
                      <node id="node-Bip001_RUpArmTwist" name="Bip001_RUpArmTwist">
                        <matrix sid="matrix">0.7393535 0.1977854 -0.6436126 0.0796662 -0.5326815 0.7564839 -0.37945 1.19209e-7 0.4118331 0.6233882 0.6646658 0 0 0 0 1</matrix>
                        <node id="node-Bip001_RUpArmTwist1" name="Bip001_RUpArmTwist1">
                          <matrix>1 0 -7.45058e-9 0.2148666 -2.98023e-8 0.9999999 -7.45058e-9 0 7.45058e-9 2.98023e-8 0.9999999 0 0 0 0 1</matrix>
                        </node>
                      </node>
                    </node>
                  </node>
                </node>
              </node>
            </node>
            <node id="node-Bip001_L_Thigh" name="Bip001_L_Thigh">
              <matrix sid="matrix">-0.6952007 0.7082477 0.1228062 -0.07925969 0.6810644 0.5943673 0.4276431 0.01231724 0.2298853 0.3809368 -0.8955668 0.07958385 0 0 0 1</matrix>
              <node id="node-Bip001_L_Calf" name="Bip001_L_Calf">
                <matrix sid="matrix">-0.8021194 0.5971637 0 0.4541689 -0.5971636 -0.8021193 0 0 6.14673e-8 -2.98023e-8 1 -1.49012e-8 0 0 0 1</matrix>
                <node id="node-Bip001_L_HorseLink" name="Bip001_L_HorseLink">
                  <matrix sid="matrix">-0.8806151 -0.4738325 1.86265e-9 0.3208733 0.4738324 -0.8806151 7.45058e-9 0 1.60187e-7 4.47035e-8 1 -1.49012e-8 0 0 0 1</matrix>
                  <node id="node-Bip001_L_Foot" name="Bip001_L_Foot">
                    <matrix sid="matrix">0.2004842 0.9757997 0.0872963 0.36176 -0.9583408 0.1768303 0.224307 -5.96046e-8 0.2034422 -0.1286297 0.9706008 1.49012e-8 0 0 0 1</matrix>
                    <node id="node-Bip001_L_Toe0" name="Bip001_L_Toe0">
                      <matrix>0.6625899 -0.7481645 -0.03499859 0.08654237 0.7479942 0.6585927 0.08222422 0.1234713 -0.03846746 -0.08065967 0.9959991 -0.02420598 0 0 0 1</matrix>
                      <node id="node-Bip001_L_Toe01" name="Bip001_L_Toe01">
                        <matrix>0.6411613 0.767406 -7.45058e-9 0.04576603 -0.7674061 0.6411614 -1.58325e-8 0 -1.11759e-8 -1.86265e-9 1 -1.49012e-8 0 0 0 1</matrix>
                        <node id="node-Bip001_L_Toe02" name="Bip001_L_Toe02">
                          <matrix>0.23221 0.9726658 -2.6077e-8 0.03187379 -0.9726658 0.2322101 1.49012e-8 1.49012e-8 3.1665e-8 0 0.9999999 3.72529e-9 0 0 0 1</matrix>
                        </node>
                      </node>
                    </node>
                    <node id="node-Bip001_L_Toe1" name="Bip001_L_Toe1">
                      <matrix>0.7570088 -0.6476501 0.0865293 0.09280637 0.6528365 0.7552114 -0.05882602 0.1308167 -0.02724928 0.1010213 0.9945109 0.03696452 0 0 0 1</matrix>
                      <node id="node-Bip001_L_Toe11" name="Bip001_L_Toe11">
                        <matrix>0.7082108 0.706001 -1.86265e-9 0.043706 -0.706001 0.7082108 7.68341e-9 0 1.49012e-8 -2.04891e-8 1 1.11759e-8 0 0 0 1</matrix>
                        <node id="node-Bip001_L_Toe12" name="Bip001_L_Toe12">
                          <matrix>0.2104298 0.9776088 -1.86265e-9 0.03796011 -0.9776088 0.2104299 0 1.49012e-8 2.04891e-8 0 1 -3.72529e-9 0 0 0 1</matrix>
                        </node>
                      </node>
                    </node>
                    <node id="node-Bip001_L_Toe2" name="Bip001_L_Toe2">
                      <matrix>0.2574656 -0.7047858 0.661051 0.06798327 0.4526597 -0.5164372 -0.7269059 0.002803996 0.8537042 0.4863844 0.1860632 0.04295146 0 0 0 1</matrix>
                      <node id="node-Bip001_L_Toe21" name="Bip001_L_Toe21">
                        <matrix>1 2.98023e-8 3.35276e-8 0.01451743 0 1 1.11759e-8 2.98023e-8 -7.45058e-9 -7.45058e-9 1 0 0 0 0 1</matrix>
                        <node id="node-Bip001_L_Toe22" name="Bip001_L_Toe22">
                          <matrix>0.5236049 0.8519613 3.35276e-8 0.03369505 -0.8519614 0.5236049 1.11759e-8 -2.98023e-8 1.49012e-8 -2.18861e-8 1 -2.98023e-8 0 0 0 1</matrix>
                        </node>
                      </node>
                    </node>
                  </node>
                </node>
              </node>
            </node>
            <node id="node-Bip001_R_Thigh" name="Bip001_R_Thigh">
              <matrix sid="matrix">-0.498419 0.8236942 0.2703817 -0.1158411 0.8439099 0.5323841 -0.06620638 1.80215e-4 -0.1984806 0.1951794 -0.960474 -0.06056898 0 0 0 1</matrix>
              <node id="node-Bip001_R_Calf" name="Bip001_R_Calf">
                <matrix sid="matrix">-0.7306809 0.6827192 0 0.4541689 -0.6827192 -0.7306809 1.49012e-8 0 -6.70552e-8 2.98023e-8 1 0 0 0 0 1</matrix>
                <node id="node-Bip001_R_HorseLink" name="Bip001_R_HorseLink">
                  <matrix sid="matrix">0.06706099 -0.997749 -3.72529e-9 0.3208733 0.9977491 0.06706095 -1.49012e-8 5.96046e-8 -7.45058e-8 -6.33299e-8 1 2.98023e-8 0 0 0 1</matrix>
                  <node id="node-Bip001_R_Foot" name="Bip001_R_Foot">
                    <matrix sid="matrix">0.5739502 0.8179404 0.03942794 0.36176 -0.8129208 0.5749086 -0.0929506 -1.49012e-8 -0.09869551 0.02129723 0.9948896 2.98023e-8 0 0 0 1</matrix>
                    <node id="node-Bip001_R_Toe0" name="Bip001_R_Toe0">
                      <matrix>0.8511091 -0.4192202 0.3160192 0.08654238 0.499336 0.832294 -0.240729 0.1234713 -0.1621024 0.3626863 0.9177045 0.02420595 0 0 0 1</matrix>
                      <node id="node-Bip001_R_Toe01" name="Bip001_R_Toe01">
                        <matrix>0.7469201 0.6649136 -1.49012e-8 0.04576606 -0.6649135 0.7469202 7.45058e-9 0 -5.21541e-8 -1.49012e-8 0.9999999 2.98023e-8 0 0 0 1</matrix>
                        <node id="node-Bip001_R_Toe02" name="Bip001_R_Toe02">
                          <matrix>0.64375 0.7652362 1.49012e-8 0.03187381 -0.7652361 0.6437498 1.49012e-8 0 -5.96046e-8 -2.98023e-8 1 2.98023e-8 0 0 0 1</matrix>
                        </node>
                      </node>
                    </node>
                    <node id="node-Bip001_R_Toe1" name="Bip001_R_Toe1">
                      <matrix>0.8319163 -0.517439 0.2004302 0.0928064 0.5313874 0.8469117 -0.0191828 0.1308167 -0.1598206 0.1224646 0.9795203 -0.03696452 0 0 0 1</matrix>
                      <node id="node-Bip001_R_Toe11" name="Bip001_R_Toe11">
                        <matrix>0.6455593 0.7637103 1.49012e-8 0.04370604 -0.7637103 0.6455593 -1.11759e-8 -7.45058e-9 3.35276e-8 -1.49012e-8 1 0 0 0 0 1</matrix>
                        <node id="node-Bip001_R_Toe12" name="Bip001_R_Toe12">
                          <matrix>0.411294 0.9115028 -3.35276e-8 0.03796012 -0.9115028 0.4112941 -1.49012e-8 1.49012e-8 0 2.23517e-8 1 -2.98023e-8 0 0 0 1</matrix>
                        </node>
                      </node>
                    </node>
                    <node id="node-Bip001_R_Toe2" name="Bip001_R_Toe2">
                      <matrix>0.4094538 -0.7245055 -0.5544723 0.06798331 0.1790136 -0.5321382 0.8275162 0.002804041 -0.8945959 -0.4380878 -0.08818964 -0.04295148 0 0 0 1</matrix>
                      <node id="node-Bip001_R_Toe21" name="Bip001_R_Toe21">
                        <matrix>1 0 0 0.01451741 0 1 -2.98023e-8 0 0 0 1 -2.98023e-8 0 0 0 1</matrix>
                        <node id="node-Bip001_R_Toe22" name="Bip001_R_Toe22">
                          <matrix>0.5236049 0.8519612 0 0.03369504 -0.8519613 0.5236049 -2.98023e-8 1.49012e-8 0 -3.35276e-8 1 1.49012e-8 0 0 0 1</matrix>
                        </node>
                      </node>
                    </node>
                  </node>
                </node>
              </node>
            </node>
          </node>
        </node>
      </node>
      <node id="node-Bounds" name="Bounds">
        <matrix>1 0 0 0 0 1 0 0.411981 0 0 1 0 0 0 0 1</matrix>
        <instance_geometry url="#geom-Bounds">
          <bind_material>
            <technique_common>
              <instance_material symbol="ColorMaterial" target="#ColorEffectR88G199B225-material"/>
            </technique_common>
          </bind_material>
        </instance_geometry>
      </node>
      <node id="node-EYE" name="EYE">
        <matrix sid="matrix">-0.9999153 0.01302599 -8.85541e-8 4.09043e-8 -0.01302599 -0.9999153 8.62766e-8 0.411981 -8.74228e-8 8.74228e-8 1 1.6 0 0 0 1</matrix>
      </node>
      <node id="node-CAM" name="CAM">
        <matrix>-0.9999996 1.50996e-7 0 0 -1.50996e-7 -0.9999996 1.77636e-15 -0.009719968 0 1.77636e-15 1 1.928079 0 0 0 1</matrix>
      </node>
    </visual_scene>
  </library_visual_scenes>
  <library_animations>
    <animation>
      <source id="node-Bip001_matrix-input">
        <float_array id="node-Bip001_matrix-input-array" count="20">28.66667 28.7 28.73333 28.76667 28.8 28.83333 28.86667 28.9 28.93333 28.96667 29 29.03333 29.06667 29.1 29.13333 29.16667 29.2 29.23333 29.26667 29.3</float_array>
        <technique_common>
          <accessor source="#node-Bip001_matrix-input-array" count="20" stride="1">
            <param name="TIME" type="float"/>
          </accessor>
        </technique_common>
      </source>
      <source id="node-Bip001_matrix-output">
        <float_array id="node-Bip001_matrix-output-array" count="320">0.4908447 -0.8335525 0.2534989 0 0.8299843 0.5358492 0.1548926 0 -0.2649484 0.1343718 0.9548543 0.946796 0 0 0 1 0.4908447 -0.8335525 0.2534989 0 0.8299843 0.5358492 0.1548926 0 -0.2649484 0.1343718 0.9548543 0.9472406 0 0 0 1 0.4908447 -0.8335525 0.2534989 0 0.8299843 0.5358492 0.1548926 0 -0.2649484 0.1343718 0.9548543 0.9484391 0 0 0 1 0.4908447 -0.8335525 0.2534989 0 0.8299843 0.5358492 0.1548926 0 -0.2649484 0.1343718 0.9548543 0.950195 0 0 0 1 0.4908448 -0.8335525 0.2534989 0 0.8299842 0.5358493 0.1548926 0 -0.2649484 0.1343718 0.9548542 0.952319 0 0 0 1 0.4908448 -0.8335525 0.2534989 0 0.8299842 0.5358493 0.1548926 0 -0.2649484 0.1343718 0.9548542 0.9546259 0 0 0 1 0.4908448 -0.8335525 0.2534989 0 0.8299842 0.5358493 0.1548926 0 -0.2649484 0.1343718 0.9548542 0.9569327 0 0 0 1 0.4908448 -0.8335525 0.2534989 0 0.8299842 0.5358493 0.1548926 0 -0.2649484 0.1343718 0.9548542 0.9590567 0 0 0 1 0.4908448 -0.8335525 0.2534989 0 0.8299842 0.5358493 0.1548926 0 -0.2649484 0.1343718 0.9548542 0.9608126 0 0 0 1 0.4908448 -0.8335525 0.2534989 0 0.8299842 0.5358493 0.1548926 0 -0.2649484 0.1343718 0.9548542 0.9620111 0 0 0 1 0.4908448 -0.8335525 0.2534989 0 0.8299842 0.5358493 0.1548926 0 -0.2649484 0.1343718 0.9548542 0.9624556 0 0 0 1 0.4908448 -0.8335525 0.2534989 0 0.8299842 0.5358493 0.1548926 0 -0.2649484 0.1343718 0.9548542 0.962011 0 0 0 1 0.4908448 -0.8335525 0.2534989 0 0.8299842 0.5358493 0.1548926 0 -0.2649484 0.1343718 0.9548542 0.9608126 0 0 0 1 0.4908448 -0.8335525 0.2534989 0 0.8299842 0.5358493 0.1548926 0 -0.2649484 0.1343718 0.9548542 0.9590566 0 0 0 1 0.4908448 -0.8335525 0.2534989 0 0.8299842 0.5358493 0.1548926 0 -0.2649484 0.1343718 0.9548542 0.9569327 0 0 0 1 0.4908448 -0.8335525 0.2534989 0 0.8299842 0.5358493 0.1548926 0 -0.2649484 0.1343718 0.9548542 0.9546258 0 0 0 1 0.4908448 -0.8335525 0.2534989 0 0.8299842 0.5358493 0.1548926 0 -0.2649484 0.1343718 0.9548542 0.952319 0 0 0 1 0.4908449 -0.8335524 0.2534989 0 0.8299841 0.5358495 0.1548926 0 -0.2649484 0.1343718 0.9548542 0.950195 0 0 0 1 0.4908449 -0.8335524 0.2534989 0 0.8299841 0.5358495 0.1548926 0 -0.2649484 0.1343718 0.9548542 0.948439 0 0 0 1 0.4908449 -0.8335524 0.2534989 0 0.8299841 0.5358495 0.1548926 0 -0.2649484 0.1343718 0.9548542 0.9472405 0 0 0 1</float_array>
        <technique_common>
          <accessor source="#node-Bip001_matrix-output-array" count="20" stride="16">
            <param name="TRANSFORM" type="float4x4"/>
          </accessor>
        </technique_common>
      </source>
      <source id="node-Bip001_matrix-interpolation">
        <Name_array id="node-Bip001_matrix-interpolation-array" count="20">LINEAR LINEAR LINEAR LINEAR LINEAR LINEAR LINEAR LINEAR LINEAR LINEAR LINEAR LINEAR LINEAR LINEAR LINEAR LINEAR LINEAR LINEAR LINEAR LINEAR</Name_array>
        <technique_common>
          <accessor source="#node-Bip001_matrix-interpolation-array" count="20" stride="1">
            <param name="INTERPOLATION" type="name"/>
          </accessor>
        </technique_common>
      </source>
      <source id="node-Bip001_Spine_matrix-input">
        <float_array id="node-Bip001_Spine_matrix-input-array" count="20">28.66667 28.7 28.73333 28.76667 28.8 28.83333 28.86667 28.9 28.93333 28.96667 29 29.03333 29.06667 29.1 29.13333 29.16667 29.2 29.23333 29.26667 29.3</float_array>
        <technique_common>
          <accessor source="#node-Bip001_Spine_matrix-input-array" count="20" stride="1">
            <param name="TIME" type="float"/>
          </accessor>
        </technique_common>
      </source>
      <source id="node-Bip001_Spine_matrix-output">
        <float_array id="node-Bip001_Spine_matrix-output-array" count="320">0.9613935 -0.1361308 -0.2391461 0.09690868 0.1112899 0.987166 -0.1145337 0.005776703 0.2516685 0.0834974 0.9642049 0.01486146 0 0 0 1 0.9618033 -0.1346323 -0.2383448 0.09690856 0.1096763 0.9872809 -0.1150979 0.005776643 0.2508092 0.08456087 0.9643361 0.0148614 0 0 0 1 0.9628499 -0.1306211 -0.2363428 0.09690833 0.1055244 0.9876348 -0.1159409 0.005776643 0.2485647 0.08669376 0.9647278 0.01486122 0 0 0 1 0.9642789 -0.1249564 -0.2335637 0.09690779 0.09971112 0.9881162 -0.1169793 0.005776584 0.2454054 0.08951187 0.9652791 0.01486098 0 0 0 1 0.9658548 -0.1184672 -0.2304134 0.09690725 0.09308046 0.9886267 -0.1181252 0.005776584 0.2417868 0.09264475 0.9658968 0.01486068 0 0 0 1 0.9673703 -0.1119685 -0.2272842 0.09690666 0.08645963 0.9890901 -0.1192715 0.005776524 0.2381592 0.09572881 0.9664968 0.01486039 0 0 0 1 0.9686471 -0.1062768 -0.2245621 0.09690612 0.08067345 0.9894557 -0.1202875 0.005776464 0.234978 0.09839981 0.9670071 0.01486021 0 0 0 1 0.969528 -0.1022239 -0.2226338 0.09690576 0.07656025 0.9896934 -0.1210197 0.005776464 0.2327103 0.1002871 0.9673616 0.01485997 0 0 0 1 0.9698588 -0.1006737 -0.2218986 0.09690564 0.07498842 0.9897792 -0.1213011 0.005776464 0.2318424 0.1010051 0.9674953 0.01485997 0 0 0 1 0.9697072 -0.1013824 -0.222238 0.09690564 0.07571148 0.9897426 -0.1211518 0.005776464 0.232241 0.1006557 0.9674362 0.01485997 0 0 0 1 0.9692869 -0.1033299 -0.2231718 0.09690582 0.07769894 0.9896382 -0.1207438 0.005776464 0.2333357 0.09969526 0.967272 0.01486003 0 0 0 1 0.9686456 -0.1062557 -0.2245779 0.09690606 0.08068627 0.9894727 -0.1201394 0.005776524 0.2349793 0.09825211 0.9670218 0.01486015 0 0 0 1 0.967828 -0.1099078 -0.2263384 0.09690648 0.08441781 0.989251 -0.1193985 0.005776524 0.2370284 0.09645026 0.966703 0.01486039 0 0 0 1 0.9668799 -0.1140404 -0.2283375 0.09690672 0.08864349 0.9889799 -0.1185789 0.005776584 0.239344 0.09441089 0.9663337 0.01486051 0 0 0 1 0.9658502 -0.1184115 -0.23046 0.09690701 0.09311699 0.9886698 -0.1177334 0.005776584 0.2417898 0.09225308 0.9659331 0.01486068 0 0 0 1 0.9647935 -0.1227815 -0.2325901 0.09690755 0.09759312 0.9883357 -0.1169102 0.005776584 0.2442315 0.09009498 0.9655226 0.01486092 0 0 0 1 0.9637694 -0.126911 -0.2346103 0.09690791 0.1018263 0.9879979 -0.1161528 0.005776643 0.2465355 0.08805501 0.9651252 0.01486104 0 0 0 1 0.9628444 -0.1305587 -0.2364006 0.09690827 0.1055685 0.9876817 -0.1155003 0.005776643 0.2485681 0.08625227 0.9647667 0.01486128 0 0 0 1 0.9620895 -0.1334798 -0.2378383 0.0969085 0.1085671 0.9874163 -0.114989 0.005776643 0.2501941 0.08480823 0.9644743 0.0148614 0 0 0 1 0.9615802 -0.1354236 -0.2387969 0.09690862 0.1105633 0.9872335 -0.1146543 0.005776703 0.2512752 0.0838471 0.9642772 0.01486146 0 0 0 1</float_array>
        <technique_common>
          <accessor source="#node-Bip001_Spine_matrix-output-array" count="20" stride="16">
            <param name="TRANSFORM" type="float4x4"/>
          </accessor>
        </technique_common>
      </source>
      <source id="node-Bip001_Spine_matrix-interpolation">
        <Name_array id="node-Bip001_Spine_matrix-interpolation-array" count="20">LINEAR LINEAR LINEAR LINEAR LINEAR LINEAR LINEAR LINEAR LINEAR LINEAR LINEAR LINEAR LINEAR LINEAR LINEAR LINEAR LINEAR LINEAR LINEAR LINEAR</Name_array>
        <technique_common>
          <accessor source="#node-Bip001_Spine_matrix-interpolation-array" count="20" stride="1">
            <param name="INTERPOLATION" type="name"/>
          </accessor>
        </technique_common>
      </source>
      <source id="node-Bip001_Spine2_matrix-input">
        <float_array id="node-Bip001_Spine2_matrix-input-array" count="20">28.66667 28.7 28.73333 28.76667 28.8 28.83333 28.86667 28.9 28.93333 28.96667 29 29.03333 29.06667 29.1 29.13333 29.16667 29.2 29.23333 29.26667 29.3</float_array>
        <technique_common>
          <accessor source="#node-Bip001_Spine2_matrix-input-array" count="20" stride="1">
            <param name="TIME" type="float"/>
          </accessor>
        </technique_common>
      </source>
      <source id="node-Bip001_Spine2_matrix-output">
        <float_array id="node-Bip001_Spine2_matrix-output-array" count="320">0.9769404 -0.1406177 -0.160668 0.111028 0.1588857 0.9814695 0.1071136 -8.67248e-5 0.1426286 -0.1301715 0.981179 1.14925e-5 0 0 0 1 0.9765217 -0.1425355 -0.1615206 0.1110281 0.160953 0.9811124 0.1072977 -8.66652e-5 0.143176 -0.1307758 0.981019 1.15447e-5 0 0 0 1 0.9754046 -0.1475465 -0.1637558 0.1110286 0.1663579 0.9801591 0.1077644 -8.67248e-5 0.1446065 -0.132356 0.9805972 1.16937e-5 0 0 0 1 0.9737794 -0.1545783 -0.1669118 0.1110293 0.1739486 0.9787721 0.1083842 -8.65459e-5 0.1466147 -0.1345763 0.9799967 1.18837e-5 0 0 0 1 0.971843 -0.1625986 -0.1705386 0.1110299 0.1826157 0.9771191 0.1090403 -8.63671e-5 0.1489067 -0.137113 0.9792993 1.21072e-5 0 0 0 1 0.9698219 -0.1706011 -0.1741861 0.1110308 0.1912733 0.9753943 0.1096405 -8.63075e-5 0.1511952 -0.1396489 0.97859 1.23419e-5 0 0 0 1 0.9679846 -0.1775876 -0.1773937 0.1110312 0.19884 0.9738259 0.1101195 -8.60691e-5 0.1531947 -0.1418669 0.9779598 1.25393e-5 0 0 0 1 0.966638 -0.1825501 -0.1796852 0.1110317 0.2042188 0.9726763 0.1104339 -8.60095e-5 0.1546158 -0.1434447 0.9775059 1.2666e-5 0 0 0 1 0.9661144 -0.1844456 -0.1805633 0.1110318 0.2062741 0.9722295 0.1105484 -8.60095e-5 0.1551587 -0.1440479 0.9773311 1.2733e-5 0 0 0 1 0.9663553 -0.1835757 -0.1801601 0.1110318 0.2053309 0.9724351 0.1104962 -8.59499e-5 0.1549096 -0.143771 0.9774113 1.27144e-5 0 0 0 1 0.9670122 -0.1811842 -0.1790534 0.1110315 0.2027379 0.9729957 0.1103496 -8.60095e-5 0.1542246 -0.1430102 0.9776313 1.26362e-5 0 0 0 1 0.9679848 -0.1775876 -0.1773937 0.1110311 0.1988397 0.9738258 0.1101194 -8.60095e-5 0.1531947 -0.1418668 0.9779598 1.25542e-5 0 0 0 1 0.9691748 -0.1730921 -0.1753273 0.1110309 0.1939702 0.9748415 0.1098161 -8.61287e-5 0.151908 -0.1404392 0.9783664 1.24164e-5 0 0 0 1 0.9704893 -0.167997 -0.172996 0.1110303 0.1884551 0.9759637 0.1094511 -8.62479e-5 0.1504504 -0.1388232 0.9788222 1.22711e-5 0 0 0 1 0.9718428 -0.1625986 -0.1705386 0.1110299 0.1826157 0.9771192 0.1090403 -8.63671e-5 0.1489068 -0.1371131 0.9792993 1.21035e-5 0 0 0 1 0.9731578 -0.1571921 -0.1680905 0.1110295 0.1767719 0.9782418 0.108604 -8.64267e-5 0.1473615 -0.1354025 0.9797708 1.19694e-5 0 0 0 1 0.9743658 -0.1520743 -0.1657854 0.1110291 0.1712448 0.9792726 0.1081683 -8.66055e-5 0.1458995 -0.1337853 0.9802116 1.18241e-5 0 0 0 1 0.9754046 -0.1475468 -0.1637558 0.1110285 0.1663579 0.980159 0.1077644 -8.65459e-5 0.1446065 -0.1323561 0.9805971 1.17011e-5 0 0 0 1 0.9762174 -0.1439164 -0.1621353 0.1110281 0.1624419 0.9808527 0.1074284 -8.66652e-5 0.1435701 -0.1312111 0.9809036 1.15857e-5 0 0 0 1 0.9767488 -0.1414981 -0.1610591 0.1110281 0.1598345 0.981306 0.1071985 -8.6844e-5 0.1428799 -0.1304489 0.9811058 1.1526e-5 0 0 0 1</float_array>
        <technique_common>
          <accessor source="#node-Bip001_Spine2_matrix-output-array" count="20" stride="16">
            <param name="TRANSFORM" type="float4x4"/>
          </accessor>
        </technique_common>
      </source>
      <source id="node-Bip001_Spine2_matrix-interpolation">
        <Name_array id="node-Bip001_Spine2_matrix-interpolation-array" count="20">LINEAR LINEAR LINEAR LINEAR LINEAR LINEAR LINEAR LINEAR LINEAR LINEAR LINEAR LINEAR LINEAR LINEAR LINEAR LINEAR LINEAR LINEAR LINEAR LINEAR</Name_array>
        <technique_common>
          <accessor source="#node-Bip001_Spine2_matrix-interpolation-array" count="20" stride="1">
            <param name="INTERPOLATION" type="name"/>
          </accessor>
        </technique_common>
      </source>
      <source id="node-Bip001_Spine3_matrix-input">
        <float_array id="node-Bip001_Spine3_matrix-input-array" count="20">28.66667 28.7 28.73333 28.76667 28.8 28.83333 28.86667 28.9 28.93333 28.96667 29 29.03333 29.06667 29.1 29.13333 29.16667 29.2 29.23333 29.26667 29.3</float_array>
        <technique_common>
          <accessor source="#node-Bip001_Spine3_matrix-input-array" count="20" stride="1">
            <param name="TIME" type="float"/>
          </accessor>
        </technique_common>
      </source>
      <source id="node-Bip001_Spine3_matrix-output">
