<?xml version="1.0" encoding="utf-8"?>
<COLLADA xmlns="http://www.collada.org/2005/11/COLLADASchema" version="1.4.1">
  <asset>
    <contributor>
      <author>MattO</author>
      <authoring_tool>OpenCOLLADA for 3ds Max;  Version: 1.3.0;  Revision: 839M;  Platform: x64;  Configuration: Release_Max2012</authoring_tool>
      <source_data>file:///C:/Dropbox/Prj/GGStout/Kral/Mantis_TP_Kral_Animation_Master.max</source_data>
    </contributor>
    <created>2011-10-24T16:55:15</created>
    <modified>2011-10-24T16:55:15</modified>
    <unit name="meter" meter="1"/>
    <up_axis>Z_UP</up_axis>
  </asset>
  <library_effects>
    <effect id="ColorEffectR88G199B225">
      <profile_COMMON>
        <technique sid="common">
          <phong>
            <ambient>
              <color>0.345098 0.7803922 0.8823529 1</color>
            </ambient>
            <diffuse>
              <color>0.345098 0.7803922 0.8823529 1</color>
            </diffuse>
            <specular>
              <color>1 1 1 1</color>
            </specular>
            <shininess>
              <float>10</float>
            </shininess>
            <reflective>
              <color>0 0 0 1</color>
            </reflective>
            <transparent>
              <color>1 1 1 1</color>
            </transparent>
            <transparency>
              <float>1</float>
            </transparency>
          </phong>
        </technique>
      </profile_COMMON>
    </effect>
  </library_effects>
  <library_materials>
    <material id="ColorEffectR88G199B225-material" name="ColorEffectR88G199B225-material">
      <instance_effect url="#ColorEffectR88G199B225"/>
    </material>
  </library_materials>
  <library_geometries>
    <geometry id="geom-Bounds" name="Bounds">
      <mesh>
        <source id="geom-Bounds-positions">
          <float_array id="geom-Bounds-positions-array" count="24">-0.5 -0.5 0 0.5 -0.5 0 -0.5 0.5 0 0.5 0.5 0 -0.5 -0.5 2 0.5 -0.5 2 -0.5 0.5 2 0.5 0.5 2</float_array>
          <technique_common>
            <accessor source="#geom-Bounds-positions-array" count="8" stride="3">
              <param name="X" type="float"/>
              <param name="Y" type="float"/>
              <param name="Z" type="float"/>
            </accessor>
          </technique_common>
        </source>
        <source id="geom-Bounds-normals">
          <float_array id="geom-Bounds-normals-array" count="72">0 0 -1 0 0 -1 0 0 -1 0 0 -1 0 0 1 0 0 1 0 0 1 0 0 1 0 -1 0 0 -1 0 0 -1 0 0 -1 0 1 0 0 1 0 0 1 0 0 1 0 0 0 1 0 0 1 0 0 1 0 0 1 0 -1 0 0 -1 0 0 -1 0 0 -1 0 0</float_array>
          <technique_common>
            <accessor source="#geom-Bounds-normals-array" count="24" stride="3">
              <param name="X" type="float"/>
              <param name="Y" type="float"/>
              <param name="Z" type="float"/>
            </accessor>
          </technique_common>
        </source>
        <source id="geom-Bounds-map1">
          <float_array id="geom-Bounds-map1-array" count="36">0 0 0 1 0 0 0 1 0 1 1 0 0 0 0 1 0 0 0 1 0 1 1 0 0 0 0 1 0 0 0 1 0 1 1 0</float_array>
          <technique_common>
            <accessor source="#geom-Bounds-map1-array" count="12" stride="3">
              <param name="S" type="float"/>
              <param name="T" type="float"/>
              <param name="P" type="float"/>
            </accessor>
          </technique_common>
        </source>
        <vertices id="geom-Bounds-vertices">
          <input semantic="POSITION" source="#geom-Bounds-positions"/>
        </vertices>
        <triangles material="ColorMaterial" count="12">
          <input semantic="VERTEX" source="#geom-Bounds-vertices" offset="0"/>
          <input semantic="NORMAL" source="#geom-Bounds-normals" offset="1"/>
          <input semantic="TEXCOORD" source="#geom-Bounds-map1" offset="2" set="0"/>
          <p>0 0 9 2 1 11 3 2 10 3 2 10 1 3 8 0 0 9 4 4 8 5 5 9 7 6 11 7 6 11 6 7 10 4 4 8 0 8 4 1 9 5 5 10 7 5 10 7 4 11 6 0 8 4 1 12 0 3 13 1 7 14 3 7 14 3 5 15 2 1 12 0 3 16 4 2 17 5 6 18 7 6 18 7 7 19 6 3 16 4 2 20 0 0 21 1 4 22 3 4 22 3 6 23 2 2 20 0</p>
        </triangles>
      </mesh>
      <extra>
        <technique profile="OpenCOLLADA3dsMax">
          <max_box>
            <generateuvs>1</generateuvs>
            <height>2</height>
            <heightsegments>1</heightsegments>
            <length>1</length>
            <lengthsegments>1</lengthsegments>
            <width>1</width>
            <widthsegments>1</widthsegments>
          </max_box>
        </technique>
      </extra>
    </geometry>
  </library_geometries>
  <library_lights>
    <light id="EnvironmentAmbientLight" name="EnvironmentAmbientLight">
      <technique_common>
        <ambient>
          <color>0 0 0</color>
        </ambient>
      </technique_common>
    </light>
  </library_lights>
  <library_visual_scenes>
    <visual_scene id="MaxScene">
      <node name="EnvironmentAmbientLight">
        <instance_light url="#EnvironmentAmbientLight"/>
      </node>
      <node id="node-Bip001" name="Bip001">
        <matrix>0.4908437 -0.8335533 0.2534983 0 0.8299851 0.5358481 0.1548924 -4.37066e-8 -0.2649476 0.1343718 0.9548544 0.8529336 0 0 0 1</matrix>
        <node id="node-Bip001_Pelvis" name="Bip001_Pelvis">
          <matrix>2.98023e-8 1 -1.41561e-6 0 -0.114087 1.37091e-6 0.9934708 0 0.9934708 1.49012e-7 0.114087 0 0 0 0 1</matrix>
          <node id="node-Bip001_Spine" name="Bip001_Spine">
            <matrix>0.9751359 -0.07331234 -0.2091303 0.09757137 0.05277598 0.9933681 -0.1021488 -8.78274e-5 0.2152321 0.08857194 0.9725379 0.01119618 0 0 0 1</matrix>
            <node id="node-Bip001_Spine1" name="Bip001_Spine1">
              <matrix sid="matrix">0.9845302 -0.1742113 -0.01872382 0.1110311 0.172716 0.9829159 -0.06360289 -8.69036e-5 0.02948431 0.05938512 0.9977995 -5.25638e-6 0 0 0 1</matrix>
              <node id="node-Bip001_Spine2" name="Bip001_Spine2">
                <matrix sid="matrix">0.9952437 0.09300375 -0.02898323 0.1110071 -0.09290192 0.9956634 0.004841749 -8.79765e-5 0.02930782 -0.00212623 0.999568 1.67638e-7 0 0 0 1</matrix>
                <node id="node-Bip001_Spine3" name="Bip001_Spine3">
                  <matrix sid="matrix">0.9889194 -0.08726239 -0.1200998 0.1110302 0.09287208 0.9947953 0.04192192 -1.67042e-4 0.1158165 -0.0526112 0.9918764 8.83266e-6 0 0 0 1</matrix>
                  <node id="node-Bip001_Neck" name="Bip001_Neck">
                    <matrix>0.9888967 -0.06419969 -0.1340206 0.2584252 0.04748258 0.9910949 -0.1244034 0.01280212 0.1408138 0.1166584 0.9831389 -4.55976e-6 0 0 0 1</matrix>
                    <node id="node-Bip001_Neck1" name="Bip001_Neck1">
                      <matrix sid="matrix">0.9879371 0.1545506 -0.009731442 0.04894257 -0.1547315 0.9826609 -0.1021559 -3.82662e-5 -0.006225497 0.1024294 0.9947209 -3.99351e-6 0 0 0 1</matrix>
                      <node id="node-Bip001_Neck2" name="Bip001_Neck2">
                        <matrix sid="matrix">0.9545162 0.2811764 -0.09919 0.04893768 -0.2884499 0.9550411 -0.06850659 -3.71933e-5 0.07546807 0.09400196 0.9927076 -3.66569e-6 0 0 0 1</matrix>
                        <node id="node-Bip001_Head" name="Bip001_Head">
                          <matrix sid="matrix">0.8790477 -0.4522216 0.1509009 0.04894865 0.4595265 0.8880262 -0.01564746 1.49012e-8 -0.1269277 0.08309783 0.9884251 0 0 0 0 1</matrix>
                          <node id="node-Bip001_Ponytail1" name="Bip001_Ponytail1">
                            <matrix>-0.05999064 -0.998199 -2.76836e-6 0.009580851 0.998199 -0.05999056 -2.94019e-6 0.1139535 2.76789e-6 -2.93972e-6 1 8.19564e-8 0 0 0 1</matrix>
                          </node>
                          <node id="node-ALTEYE" name="ALTEYE">
                            <matrix>-0.009488121 0.5772442 0.8165167 0.1153699 0.002645059 0.816565 -0.5772477 0.2046644 -0.9999516 -0.003317261 -0.009274511 -0.001006857 0 0 0 1</matrix>
                          </node>
                        </node>
                      </node>
                    </node>
                    <node id="node-Bip001_L_Clavicle" name="Bip001_L_Clavicle">
                      <matrix>0.3867269 0.0431664 0.9211836 -0.0431174 0.636011 -0.7358134 -0.232527 0.007412016 0.6677819 0.6758072 -0.3120131 0.02784047 0 0 0 1</matrix>
                      <node id="node-Bip001_L_UpperArm" name="Bip001_L_UpperArm">
                        <matrix sid="matrix">0.7243717 -0.5177354 0.455232 0.0796662 -0.283676 0.3779907 0.8812782 0 -0.6283423 -0.7675113 0.1269367 0 0 0 0 1</matrix>
                        <node id="node-Bip001_L_Forearm" name="Bip001_L_Forearm">
                          <matrix sid="matrix">-0.2188556 0.9757571 2.98023e-8 0.4297335 -0.9757571 -0.2188556 -1.49012e-8 0 -4.47035e-8 5.96046e-8 1 2.98023e-8 0 0 0 1</matrix>
                          <node id="node-Bip001_L_Hand" name="Bip001_L_Hand">
                            <matrix sid="matrix">0.6807165 -0.2209251 -0.6984392 0.3774394 -0.1082123 -0.9733056 0.2024022 -5.96046e-8 -0.7245104 -0.0621988 -0.6864519 0 0 0 0 1</matrix>
                            <node id="node-Bip001_L_Finger0" name="Bip001_L_Finger0">
                              <matrix>0.49194 0.824418 0.2798745 0.03908241 0.6521552 -0.135966 -0.7457929 0.01738548 -0.5767916 0.5494069 -0.6045356 -0.04049933 0 0 0 1</matrix>
                              <node id="node-Bip001_L_Finger01" name="Bip001_L_Finger01">
                                <matrix>0.9511044 0.3088697 0 0.1027656 -0.3088696 0.9511044 0 2.98023e-8 2.98023e-8 3.70346e-8 1 0 0 0 0 1</matrix>
                                <node id="node-Bip001_L_Finger02" name="Bip001_L_Finger02">
                                  <matrix>0.8065711 -0.5911371 2.98023e-8 0.05252492 0.5911369 0.8065711 1.22964e-9 2.98023e-8 -1.49012e-8 1.49012e-8 0.9999999 1.19209e-7 0 0 0 1</matrix>
                                </node>
                              </node>
                            </node>
                            <node id="node-Bip001_L_Finger1" name="Bip001_L_Finger1">
                              <matrix>0.6375437 -0.7703909 0.005983949 0.1458857 0.7704015 0.6375586 7.96318e-4 -1.5378e-5 -0.004428595 0.004102457 0.9999816 -0.01919675 0 0 0 1</matrix>
                              <node id="node-Bip001_L_Finger11" name="Bip001_L_Finger11">
                                <matrix>0.5190608 -0.8547373 0 0.08578128 0.8547373 0.5190609 -3.72529e-9 0 -5.96046e-8 -2.98023e-8 1 0 0 0 0 1</matrix>
                                <node id="node-Bip001_L_Finger12" name="Bip001_L_Finger12">
                                  <matrix>0.9649359 -0.2624863 0 0.05549774 0.2624862 0.9649358 -2.98023e-8 5.96046e-8 -4.47035e-8 0 1 0 0 0 0 1</matrix>
                                </node>
                              </node>
                            </node>
                            <node id="node-Bip001_L_Finger2" name="Bip001_L_Finger2">
                              <matrix>0.5018925 -0.8550149 -0.1305896 0.1437579 0.8647376 0.492844 0.09661075 0.003213286 -0.0182434 -0.1614139 0.9867181 0.02870393 0 0 0 1</matrix>
                              <node id="node-Bip001_L_Finger21" name="Bip001_L_Finger21">
                                <matrix>0.847759 -0.5303817 0 0.07148439 0.5303816 0.8477591 -2.98023e-8 5.96046e-8 5.96046e-8 -2.98023e-8 1 -1.19209e-7 0 0 0 1</matrix>
                                <node id="node-Bip001_L_Finger22" name="Bip001_L_Finger22">
                                  <matrix>0.8033118 -0.5955588 -2.98023e-8 0.0511387 0.5955587 0.8033118 1.49012e-8 -5.96046e-8 -1.49012e-8 0 0.9999999 1.19209e-7 0 0 0 1</matrix>
                                </node>
                              </node>
                            </node>
                          </node>
                        </node>
                        <node id="node-Bip001_L_ForeTwist" name="Bip001_L_ForeTwist">
                          <matrix sid="matrix">-0.2188556 0.8877323 0.4050102 0.4297335 -0.9757571 -0.1991123 -0.09084103 0 -4.47035e-8 -0.4150727 0.9097882 2.98023e-8 0 0 0 1</matrix>
                          <node id="node-Bip001_L_ForeTwist1" name="Bip001_L_ForeTwist1">
                            <matrix sid="matrix">0.9999999 5.96046e-8 2.98023e-8 0.1887196 0 0.9097881 0.4150728 -2.98023e-8 0 -0.4150728 0.9097883 -2.98023e-8 0 0 0 1</matrix>
                          </node>
                        </node>
                      </node>
                      <node id="node-Bip001_LUpArmTwist" name="Bip001_LUpArmTwist">
                        <matrix sid="matrix">0.7243717 -0.5177354 0.455232 0.0796662 -0.283676 0.3779907 0.8812782 0 -0.6283423 -0.7675113 0.1269367 0 0 0 0 1</matrix>
                        <node id="node-Bip001_LUpArmTwist1" name="Bip001_LUpArmTwist1">
                          <matrix>1 0 2.98023e-8 0.2148668 -2.98023e-8 1 -1.49012e-8 0 0 0 1 0 0 0 0 1</matrix>
                        </node>
                      </node>
                    </node>
                    <node id="node-Bip001_R_Clavicle" name="Bip001_R_Clavicle">
                      <matrix>-0.412529 -0.1381768 -0.900404 -0.04935813 0.6517031 -0.7353823 -0.1857318 0.00224191 -0.6364774 -0.6634156 0.3934167 -0.01573151 0 0 0 1</matrix>
                      <node id="node-Bip001_R_UpperArm" name="Bip001_R_UpperArm">
                        <matrix sid="matrix">0.7569762 0.3760813 -0.5343688 0.0796662 -0.649156 0.5263271 -0.5491599 0 0.07472405 0.7625897 0.6425524 0 0 0 0 1</matrix>
                        <node id="node-Bip001_R_Forearm" name="Bip001_R_Forearm">
                          <matrix sid="matrix">-0.3642612 0.9312968 2.98023e-8 0.4297334 -0.9312968 -0.3642612 1.49012e-8 0 -2.98023e-8 -4.47035e-8 1 -5.96046e-8 0 0 0 1</matrix>
                          <node id="node-Bip001_R_Hand" name="Bip001_R_Hand">
                            <matrix sid="matrix">0.9478451 0.3122091 0.06415021 0.3774394 0.1102707 -0.1323745 -0.9850469 8.9407e-8 -0.2990486 0.9407459 -0.159898 5.96046e-8 0 0 0 1</matrix>
                            <node id="node-Bip001_R_Finger0" name="Bip001_R_Finger0">
                              <matrix>0.6486483 0.5772245 -0.4960517 0.03908217 0.6676158 -0.118583 0.7350014 0.01738538 0.3654375 -0.8079293 -0.4622831 0.04049927 0 0 0 1</matrix>
                              <node id="node-Bip001_R_Finger01" name="Bip001_R_Finger01">
                                <matrix>0.6155394 -0.7881063 5.96046e-8 0.1027657 0.7881062 0.6155394 -9.42964e-9 5.96046e-8 0 8.9407e-8 1 0 0 0 0 1</matrix>
                                <node id="node-Bip001_R_Finger02" name="Bip001_R_Finger02">
                                  <matrix>0.1523349 -0.9883291 2.98023e-8 0.05252504 0.9883291 0.152335 0 5.96046e-8 -2.98023e-8 0 1 0 0 0 0 1</matrix>
                                </node>
                              </node>
                            </node>
                            <node id="node-Bip001_R_Finger1" name="Bip001_R_Finger1">
                              <matrix>0.7109717 -0.6323431 -0.3076713 0.1458857 0.6327782 0.766136 -0.1123713 -1.52886e-5 0.3067753 -0.1147949 0.9448339 0.01919669 0 0 0 1</matrix>
                              <node id="node-Bip001_R_Finger11" name="Bip001_R_Finger11">
                                <matrix>-0.6406225 -0.7678562 0 0.08578122 0.7678562 -0.6406226 0 -1.19209e-7 2.98023e-8 -7.45058e-9 1 -2.98023e-8 0 0 0 1</matrix>
                                <node id="node-Bip001_R_Finger12" name="Bip001_R_Finger12">
                                  <matrix>0.8432422 -0.5375336 2.98023e-8 0.05549765 0.5375336 0.8432423 3.72529e-9 1.49012e-8 2.98023e-8 -1.49012e-8 1 -5.96046e-8 0 0 0 1</matrix>
                                </node>
                              </node>
                            </node>
                            <node id="node-Bip001_R_Finger2" name="Bip001_R_Finger2">
                              <matrix>0.2634968 -0.9557804 0.1305897 0.1437579 0.9628298 0.2522402 -0.09661078 0.003213391 0.05939874 0.1511922 0.9867182 -0.02870405 0 0 0 1</matrix>
                              <node id="node-Bip001_R_Finger21" name="Bip001_R_Finger21">
                                <matrix>-0.03544472 -0.9993716 0 0.07148433 0.9993716 -0.03544475 2.98023e-8 1.19209e-7 -5.96046e-8 -2.98023e-8 1 1.19209e-7 0 0 0 1</matrix>
                                <node id="node-Bip001_R_Finger22" name="Bip001_R_Finger22">
                                  <matrix>0.7483485 -0.6633058 2.98023e-8 0.05113888 0.6633057 0.7483484 0 0 2.98023e-8 1.49012e-8 1 -1.19209e-7 0 0 0 1</matrix>
                                </node>
                              </node>
                            </node>
                            <node id="node-mount0" name="mount0">
                              <matrix>-4.84288e-8 1 5.36442e-7 0.1088289 -1 -2.95695e-7 -1.23866e-7 0.0307041 1.70898e-7 -4.17233e-7 0.9999999 0.01333505 0 0 0 1</matrix>
                            </node>
                          </node>
                        </node>
                        <node id="node-Bip001_R_ForeTwist" name="Bip001_R_ForeTwist">
                          <matrix sid="matrix">-0.3642612 0.9299573 -0.04993127 0.4297334 -0.9312968 -0.3637373 0.01952983 0 -2.98023e-8 0.05361474 0.9985617 -5.96046e-8 0 0 0 1</matrix>
                          <node id="node-Bip001_R_ForeTwist1" name="Bip001_R_ForeTwist1">
                            <matrix sid="matrix">1 0 2.98023e-8 0.1887197 -2.98023e-8 0.9985618 -0.05361483 0 -2.98023e-8 0.0536148 0.9985617 0 0 0 0 1</matrix>
                          </node>
                        </node>
                      </node>
                      <node id="node-Bip001_RUpArmTwist" name="Bip001_RUpArmTwist">
                        <matrix sid="matrix">0.7569762 0.3760813 -0.5343688 0.0796662 -0.649156 0.5263271 -0.5491599 0 0.07472405 0.7625897 0.6425524 0 0 0 0 1</matrix>
                        <node id="node-Bip001_RUpArmTwist1" name="Bip001_RUpArmTwist1">
                          <matrix>1 -5.96046e-8 2.98023e-8 0.2148667 2.98023e-8 1 1.49012e-8 0 0 0 1 -5.96046e-8 0 0 0 1</matrix>
                        </node>
                      </node>
                    </node>
                  </node>
                </node>
              </node>
            </node>
            <node id="node-Bip001_L_Thigh" name="Bip001_L_Thigh">
              <matrix>-0.5058632 0.8621893 -0.02704917 -0.08190793 0.7446468 0.4522978 0.4908438 0.01268607 0.4354346 0.2281577 -0.8708275 0.08018947 0 0 0 1</matrix>
              <node id="node-Bip001_L_Calf" name="Bip001_L_Calf">
                <matrix>0.2000103 0.9797939 1.49012e-8 0.454169 -0.979794 0.2000102 1.49012e-8 0 1.49012e-8 5.96046e-8 1 0 0 0 0 1</matrix>
                <node id="node-Bip001_L_HorseLink" name="Bip001_L_HorseLink">
                  <matrix>0.03937808 -0.9992243 0 0.3208733 0.9992244 0.03937811 0 0 -2.98023e-8 0 0.9999999 5.96046e-8 0 0 0 1</matrix>
                  <node id="node-Bip001_L_Foot" name="Bip001_L_Foot">
                    <matrix>0.5605407 0.8275805 0.03007104 0.36176 -0.7935496 0.5263987 0.3052594 5.96046e-8 0.2367975 -0.1949732 0.9517943 -2.98023e-8 0 0 0 1</matrix>
                    <node id="node-Bip001_L_Toe0" name="Bip001_L_Toe0">
                      <matrix>-0.2454681 -0.9694048 5.13003e-8 0.08654235 0.9569957 -0.2423259 0.1594924 0.1234713 -0.1546127 0.03915035 0.9871992 -0.02420595 0 0 0 1</matrix>
                      <node id="node-Bip001_L_Toe01" name="Bip001_L_Toe01">
                        <matrix>0.9623386 0.2718536 -1.55262e-8 0.04576606 -0.2718535 0.9623385 6.28825e-9 0 -6.16762e-9 5.79416e-9 1 -2.23517e-8 0 0 0 1</matrix>
                        <node id="node-Bip001_L_Toe02" name="Bip001_L_Toe02">
                          <matrix>0.9133544 0.4071655 -4.7674e-9 0.03187382 -0.4071655 0.9133543 -7.41466e-10 3.72529e-9 7.42591e-9 -1.15483e-8 1 1.86265e-8 0 0 0 1</matrix>
                        </node>
                      </node>
                    </node>
                    <node id="node-Bip001_L_Toe1" name="Bip001_L_Toe1">
                      <matrix>-0.2402829 -0.9707029 1.09978e-7 0.09280638 0.940452 -0.2327948 -0.2477028 0.1308167 0.2404459 -0.05951866 0.9688361 0.03696453 0 0 0 1</matrix>
                      <node id="node-Bip001_L_Toe11" name="Bip001_L_Toe11">
                        <matrix>0.9830522 0.1833259 2.03585e-10 0.04370594 -0.1833258 0.9830522 1.47793e-12 1.49012e-8 1.21076e-10 2.00089e-11 1 0 0 0 0 1</matrix>
                        <node id="node-Bip001_L_Toe12" name="Bip001_L_Toe12">
                          <matrix>0.9040334 0.4274614 1.09203e-10 0.03796023 -0.4274614 0.9040334 1.87583e-11 -3.72529e-9 1.26306e-10 1.81103e-10 1 0 0 0 0 1</matrix>
                        </node>
                      </node>
                    </node>
                    <node id="node-Bip001_L_Toe2" name="Bip001_L_Toe2">
                      <matrix>0.04881953 -0.8895264 0.4542679 0.06798328 0.1495167 -0.4431772 -0.8838773 0.002803981 0.9875534 0.1110712 0.1113633 0.04295149 0 0 0 1</matrix>
                      <node id="node-Bip001_L_Toe21" name="Bip001_L_Toe21">
                        <matrix>0.9999999 7.45058e-9 1.67638e-8 0.01451743 -3.72529e-9 0.9999999 0 0 5.40167e-8 0 0.9999999 2.98023e-8 0 0 0 1</matrix>
                        <node id="node-Bip001_L_Toe22" name="Bip001_L_Toe22">
                          <matrix>0.5236048 0.8519611 1.67638e-8 0.03369504 -0.8519612 0.5236048 0 0 0 0 0.9999999 0 0 0 0 1</matrix>
                        </node>
                      </node>
                    </node>
                  </node>
                </node>
              </node>
            </node>
            <node id="node-Bip001_R_Thigh" name="Bip001_R_Thigh">
              <matrix>-0.7637798 0.3275135 0.556215 -0.113193 0.3475766 0.9347941 -0.07314751 -1.88589e-4 -0.5439034 0.1374588 -0.8278129 -0.06117461 0 0 0 1</matrix>
              <node id="node-Bip001_R_Calf" name="Bip001_R_Calf">
                <matrix>0.07075433 0.9974939 -2.98023e-8 0.4541689 -0.9974939 0.07075428 -8.3819e-9 6.51926e-9 1.00583e-7 -2.98023e-8 1 0 0 0 0 1</matrix>
                <node id="node-Bip001_R_HorseLink" name="Bip001_R_HorseLink">
                  <matrix>0.1141453 -0.9934641 7.45058e-9 0.3208733 0.9934641 0.1141454 -2.98023e-8 7.45058e-8 0 1.24332e-7 1 0 0 0 0 1</matrix>
                  <node id="node-Bip001_R_Foot" name="Bip001_R_Foot">
                    <matrix>0.8693542 0.2156832 0.4446394 0.36176 0.00792322 0.8935354 -0.4489227 -5.96046e-8 -0.4941262 0.3937958 0.7750899 0 0 0 0 1</matrix>
                    <node id="node-Bip001_R_Toe0" name="Bip001_R_Toe0">
                      <matrix>-0.245469 -0.9694045 1.75884e-8 0.08654235 0.9569951 -0.2423268 -0.1594938 0.1234714 0.154614 -0.03915078 0.9871991 0.02420586 0 0 0 1</matrix>
                      <node id="node-Bip001_R_Toe01" name="Bip001_R_Toe01">
                        <matrix>0.9623386 0.2718535 3.60278e-8 0.04576606 -0.2718535 0.9623386 5.26067e-9 5.58794e-9 6.30849e-9 6.60546e-9 1 1.19209e-7 0 0 0 1</matrix>
                        <node id="node-Bip001_R_Toe02" name="Bip001_R_Toe02">
                          <matrix>0.9133545 0.4071655 5.93953e-9 0.03187376 -0.4071654 0.9133545 -2.24276e-9 0 1.31781e-8 -2.04729e-8 1 0 0 0 0 1</matrix>
                        </node>
                      </node>
                    </node>
                    <node id="node-Bip001_R_Toe1" name="Bip001_R_Toe1">
                      <matrix>-0.2402838 -0.9707026 -4.43278e-7 0.09280638 0.9404517 -0.2327957 0.2477032 0.1308167 -0.2404463 0.05951863 0.968836 -0.0369646 0 0 0 1</matrix>
                      <node id="node-Bip001_R_Toe11" name="Bip001_R_Toe11">
                        <matrix>0.9830522 0.1833258 8.67672e-10 0.04370601 -0.1833258 0.9830523 -5.68718e-11 0 7.66652e-9 1.55465e-8 1 0 0 0 0 1</matrix>
                        <node id="node-Bip001_R_Toe12" name="Bip001_R_Toe12">
                          <matrix>0.9040336 0.4274615 8.33643e-9 0.03796016 -0.4274615 0.9040336 -9.13218e-10 -1.86265e-9 -6.01446e-10 -2.52132e-8 1 5.96046e-8 0 0 0 1</matrix>
                        </node>
                      </node>
                    </node>
                    <node id="node-Bip001_R_Toe2" name="Bip001_R_Toe2">
                      <matrix>0.04881965 -0.8895259 -0.4542692 0.06798328 0.1495182 -0.4431781 0.8838764 0.002804011 -0.9875531 -0.111072 0.1113645 -0.04295152 0 0 0 1</matrix>
                      <node id="node-Bip001_R_Toe21" name="Bip001_R_Toe21">
                        <matrix>1 3.72529e-9 -2.42144e-8 0.01451743 -3.72529e-9 1 2.98023e-8 -5.58794e-9 -1.67638e-8 -5.96046e-8 1 0 0 0 0 1</matrix>
                        <node id="node-Bip001_R_Toe22" name="Bip001_R_Toe22">
                          <matrix>0.523605 0.8519613 -2.42144e-8 0.03369504 -0.8519613 0.5236049 2.98023e-8 1.86265e-9 5.96046e-8 -2.98023e-8 1 -1.02445e-8 0 0 0 1</matrix>
                        </node>
                      </node>
                    </node>
                  </node>
                </node>
              </node>
            </node>
          </node>
        </node>
      </node>
      <node id="node-Bounds" name="Bounds">
        <matrix>1 0 0 0 0 1 0 0.411981 0 0 1 0 0 0 0 1</matrix>
        <instance_geometry url="#geom-Bounds">
          <bind_material>
            <technique_common>
              <instance_material symbol="ColorMaterial" target="#ColorEffectR88G199B225-material"/>
            </technique_common>
          </bind_material>
        </instance_geometry>
      </node>
      <node id="node-EYE" name="EYE">
        <matrix sid="matrix">-0.9996922 0.02480956 -3.33825e-7 4.09043e-8 -0.02480956 -0.9996922 3.17657e-7 0.411981 -3.25841e-7 3.25841e-7 1 1.6 0 0 0 1</matrix>
      </node>
      <node id="node-CAM" name="CAM">
        <matrix>-0.9999996 1.50996e-7 0 0 -1.50996e-7 -0.9999996 1.77636e-15 -0.009719968 0 1.77636e-15 1 1.928079 0 0 0 1</matrix>
      </node>
    </visual_scene>
  </library_visual_scenes>
  <library_animations>
    <animation>
      <source id="node-Bip001_Spine1_matrix-input">
        <float_array id="node-Bip001_Spine1_matrix-input-array" count="11">33.33333 33.36666 33.4 33.43333 33.46667 33.5 33.53333 33.56667 33.6 33.63334 33.66667</float_array>
        <technique_common>
          <accessor source="#node-Bip001_Spine1_matrix-input-array" count="11" stride="1">
            <param name="TIME" type="float"/>
          </accessor>
        </technique_common>
      </source>
      <source id="node-Bip001_Spine1_matrix-output">
        <float_array id="node-Bip001_Spine1_matrix-output-array" count="176">0.9845302 -0.1742113 -0.01872378 0.111031 0.1727159 0.9829159 -0.06360286 -8.69036e-5 0.02948427 0.05938512 0.9977995 -5.25638e-6 0 0 0 1 0.980385 -0.1953457 -0.02617824 0.1110327 0.1935672 0.9793281 -0.05871993 -8.65161e-5 0.03710776 0.0525009 0.9979311 -4.65661e-6 0 0 0 1 0.9685229 -0.2448957 -0.04460179 0.1110372 0.2427463 0.9688721 -0.04859185 -8.56519e-5 0.05511343 0.03623545 0.9978224 -3.2112e-6 0 0 0 1 0.9505822 -0.3029754 -0.06782096 0.1110423 0.3008991 0.9528489 -0.03922742 -8.42214e-5 0.07650804 0.01688164 0.996926 -1.49012e-6 0 0 0 1 0.9322388 -0.3509183 -0.08824574 0.1110466 0.349296 0.9364059 -0.03370875 -8.27908e-5 0.09446287 6.00766e-4 0.9955282 0 0 0 0 1 0.9235708 -0.3709308 -0.09709477 0.1110484 0.3695982 0.9286393 -0.03204077 -8.20756e-5 0.102051 -0.006294071 0.9947592 5.55068e-7 0 0 0 1 0.9235708 -0.3709308 -0.09709477 0.1110484 0.3695982 0.9286393 -0.03204077 -8.20756e-5 0.102051 -0.006294071 0.9947592 5.55068e-7 0 0 0 1 0.9235706 -0.3709308 -0.09709477 0.1110484 0.369598 0.9286392 -0.03204071 -8.21054e-5 0.1020509 -0.006294071 0.9947592 5.58794e-7 0 0 0 1 0.9235706 -0.3709308 -0.09709477 0.1110484 0.369598 0.9286392 -0.03204071 -8.21054e-5 0.1020509 -0.006294071 0.9947592 5.58794e-7 0 0 0 1 0.9235706 -0.3709308 -0.09709477 0.1110484 0.369598 0.9286392 -0.03204071 -8.21054e-5 0.1020509 -0.006294071 0.9947592 5.58794e-7 0 0 0 1 0.9235706 -0.3709308 -0.09709477 0.1110484 0.369598 0.9286391 -0.03204077 -8.21054e-5 0.1020509 -0.006294071 0.9947592 5.58794e-7 0 0 0 1</float_array>
        <technique_common>
          <accessor source="#node-Bip001_Spine1_matrix-output-array" count="11" stride="16">
            <param name="TRANSFORM" type="float4x4"/>
          </accessor>
        </technique_common>
      </source>
      <source id="node-Bip001_Spine1_matrix-interpolation">
        <Name_array id="node-Bip001_Spine1_matrix-interpolation-array" count="11">LINEAR LINEAR LINEAR LINEAR LINEAR LINEAR LINEAR LINEAR LINEAR LINEAR LINEAR</Name_array>
        <technique_common>
          <accessor source="#node-Bip001_Spine1_matrix-interpolation-array" count="11" stride="1">
            <param name="INTERPOLATION" type="name"/>
          </accessor>
        </technique_common>
      </source>
      <source id="node-Bip001_Spine2_matrix-input">
        <float_array id="node-Bip001_Spine2_matrix-input-array" count="11">33.33333 33.36666 33.4 33.43333 33.46667 33.5 33.53333 33.56667 33.6 33.63334 33.66667</float_array>
        <technique_common>
          <accessor source="#node-Bip001_Spine2_matrix-input-array" count="11" stride="1">
            <param name="TIME" type="float"/>
          </accessor>
        </technique_common>
      </source>
      <source id="node-Bip001_Spine2_matrix-output">
        <float_array id="node-Bip001_Spine2_matrix-output-array" count="176">0.9952437 0.09300374 -0.02898317 0.111007 -0.09290188 0.9956634 0.004841744 -8.79765e-5 0.02930778 -0.002126216 0.999568 1.67638e-7 0 0 0 1 0.9969997 0.06825351 -0.03651231 0.1110096 -0.06789147 0.9976313 0.01106566 -8.82745e-5 0.03718107 -0.008553564 0.9992719 7.59959e-7 0 0 0 1 0.9984098 0.009674668 -0.05553543 0.1110146 -0.008339047 0.9996716 0.02423071 -8.83937e-5 0.05575168 -0.02372908 0.9981627 2.0992e-6 0 0 0 1 0.994974 -0.05995446 -0.08019995 0.1110209 0.06307011 0.9973269 0.03689455 -8.82745e-5 0.07777363 -0.04176729 0.9960958 3.69363e-6 0 0 0 1 0.9876949 -0.1182037 -0.1024065 0.1110259 0.1232924 0.9913564 0.04485231 -8.76188e-5 0.09621959 -0.05692625 0.993731 5.03287e-6 0 0 0 1 0.9833878 -0.1427243 -0.1121532 0.1110281 0.148766 0.9877337 0.04744577 -8.73208e-5 0.1040058 -0.06334209 0.9925577 5.60284e-6 0 0 0 1 0.9833878 -0.1427243 -0.1121532 0.1110281 0.148766 0.9877337 0.04744577 -8.73208e-5 0.1040058 -0.06334209 0.9925577 5.60284e-6 0 0 0 1 0.9833878 -0.1427243 -0.1121532 0.1110281 0.148766 0.9877337 0.04744571 -8.73208e-5 0.1040059 -0.06334215 0.9925575 5.59539e-6 0 0 0 1 0.9833878 -0.1427243 -0.1121532 0.1110281 0.148766 0.9877337 0.04744571 -8.73208e-5 0.1040059 -0.06334215 0.9925575 5.59539e-6 0 0 0 1 0.9833878 -0.1427243 -0.1121532 0.1110281 0.148766 0.9877337 0.04744571 -8.73208e-5 0.1040059 -0.06334215 0.9925575 5.59539e-6 0 0 0 1 0.9833878 -0.1427243 -0.1121532 0.1110281 0.1487661 0.9877337 0.04744571 -8.73208e-5 0.1040058 -0.06334221 0.9925575 5.59911e-6 0 0 0 1</float_array>
        <technique_common>
          <accessor source="#node-Bip001_Spine2_matrix-output-array" count="11" stride="16">
            <param name="TRANSFORM" type="float4x4"/>
          </accessor>
        </technique_common>
      </source>
      <source id="node-Bip001_Spine2_matrix-interpolation">
        <Name_array id="node-Bip001_Spine2_matrix-interpolation-array" count="11">LINEAR LINEAR LINEAR LINEAR LINEAR LINEAR LINEAR LINEAR LINEAR LINEAR LINEAR</Name_array>
        <technique_common>
          <accessor source="#node-Bip001_Spine2_matrix-interpolation-array" count="11" stride="1">
            <param name="INTERPOLATION" type="name"/>
          </accessor>
        </technique_common>
      </source>
      <source id="node-Bip001_Spine3_matrix-input">
        <float_array id="node-Bip001_Spine3_matrix-input-array" count="11">33.33333 33.36666 33.4 33.43333 33.46667 33.5 33.53333 33.56667 33.6 33.63334 33.66667</float_array>
        <technique_common>
          <accessor source="#node-Bip001_Spine3_matrix-input-array" count="11" stride="1">
            <param name="TIME" type="float"/>
          </accessor>
        </technique_common>
      </source>
      <source id="node-Bip001_Spine3_matrix-output">
        <float_array id="node-Bip001_Spine3_matrix-output-array" count="176">0.9889194 -0.08726239 -0.1200998 0.1110302 0.09287208 0.9947953 0.04192191 -1.67042e-4 0.1158165 -0.05261117 0.9918764 8.83266e-6 0 0 0 1 0.9865599 -0.1036408 -0.1263251 0.1110329 0.1098722 0.9929984 0.04338371 -1.66684e-4 0.1209443 -0.05668026 0.9910397 9.51067e-6 0 0 0 1 0.9797046 -0.142158 -0.1413145 0.1110392 0.1499463 0.9876221 0.0460295 -1.65701e-4 0.1330219 -0.06628489 0.9888938 1.11163e-5 0 0 0 1 0.9691962 -0.1875923 -0.1595876 0.1110469 0.1973717 0.9791692 0.04766821 -1.6427e-4 0.1473211 -0.07769793 0.9860322 1.30311e-5 0 0 0 1 0.9583724 -0.225412 -0.1752474 0.1110534 0.2369595 0.9703454 0.04774922 -1.62899e-4 0.1592873 -0.08728802 0.9833659 1.46627e-5 0 0 0 1 0.9532421 -0.2413031 -0.1819402 0.111056 0.2536191 0.9661412 0.04742062 -1.62125e-4 0.1643372 -0.09134685 0.9821655 1.53333e-5 0 0 0 1 0.9532421 -0.2413031 -0.1819402 0.111056 0.2536191 0.9661412 0.04742062 -1.62125e-4 0.1643372 -0.09134685 0.9821655 1.53333e-5 0 0 0 1 0.9532421 -0.2413029 -0.1819402 0.1110559 0.2536191 0.9661411 0.04742062 -1.62125e-4 0.1643371 -0.0913468 0.9821654 1.53035e-5 0 0 0 1 0.9532421 -0.2413029 -0.1819402 0.1110559 0.2536191 0.9661411 0.04742062 -1.62125e-4 0.1643371 -0.0913468 0.9821654 1.53035e-5 0 0 0 1 0.9532421 -0.2413029 -0.1819402 0.1110559 0.2536191 0.9661411 0.04742062 -1.62125e-4 0.1643371 -0.0913468 0.9821654 1.53035e-5 0 0 0 1 0.9532421 -0.2413029 -0.1819402 0.1110559 0.253619 0.9661411 0.04742062 -1.62125e-4 0.1643372 -0.09134674 0.9821654 1.53184e-5 0 0 0 1</float_array>
        <technique_common>
          <accessor source="#node-Bip001_Spine3_matrix-output-array" count="11" stride="16">
            <param name="TRANSFORM" type="float4x4"/>
          </accessor>
        </technique_common>
      </source>
      <source id="node-Bip001_Spine3_matrix-interpolation">
        <Name_array id="node-Bip001_Spine3_matrix-interpolation-array" count="11">LINEAR LINEAR LINEAR LINEAR LINEAR LINEAR LINEAR LINEAR LINEAR LINEAR LINEAR</Name_array>
        <technique_common>
          <accessor source="#node-Bip001_Spine3_matrix-interpolation-array" count="11" stride="1">
            <param name="INTERPOLATION" type="name"/>
          </accessor>
        </technique_common>
      </source>
      <source id="node-Bip001_Neck1_matrix-input">
        <float_array id="node-Bip001_Neck1_matrix-input-array" count="11">33.33333 33.36666 33.4 33.43333 33.46667 33.5 33.53333 33.56667 33.6 33.63334 33.66667</float_array>
        <technique_common>
          <accessor source="#node-Bip001_Neck1_matrix-input-array" count="11" stride="1">
            <param name="TIME" type="float"/>
          </accessor>
        </technique_common>
      </source>
      <source id="node-Bip001_Neck1_matrix-output">
        <float_array id="node-Bip001_Neck1_matrix-output-array" count="176">0.9879371 0.1545505 -0.009731411 0.04894256 -0.1547314 0.9826609 -0.1021558 -3.82662e-5 -0.006225466 0.1024293 0.9947209 -3.99351e-6 0 0 0 1 0.9899178 0.1411701 -0.01158332 0.04894304 -0.1416104 0.9845733 -0.1027729 -3.83258e-5 -0.003103733 0.1033771 0.9946373 -3.99351e-6 0 0 0 1 0.9889137 0.1481096 -0.01064628 0.04894292 -0.1484167 0.9835897 -0.1025857 -3.83854e-5 -0.004722356 0.1030285 0.9946672 -4.02331e-6 0 0 0 1 0.9883275 0.1520086 -0.0101096 0.0489428 -0.1522403 0.9830213 -0.1024305 -3.83854e-5 -0.00563234 0.102774 0.9946888 -4.02331e-6 0 0 0 1 0.9880263 0.1539734 -0.009828567 0.04894274 -0.1541665 0.9827359 -0.1022894 -3.83258e-5 -0.006090939 0.1025799 0.9947062 -4.02331e-6 0 0 0 1 0.987937 0.1545506 -0.009731411 0.04894268 -0.1547315 0.9826609 -0.1021559 -3.83854e-5 -0.006225466 0.1024293 0.9947208 -3.99351e-6 0 0 0 1 0.9879368 0.1545524 -0.009713292 0.04894268 -0.1547322 0.9826727 -0.1020409 -3.83854e-5 -0.006225645 0.1023129 0.9947328 -3.99351e-6 0 0 0 1 0.9879367 0.1545535 -0.009702324 0.04894268 -0.1547325 0.9826798 -0.1019716 -3.82662e-5 -0.006225705 0.1022428 0.9947399 -3.99351e-6 0 0 0 1 0.9879367 0.1545533 -0.009704411 0.04894268 -0.1547325 0.9826784 -0.1019848 -3.82662e-5 -0.006225705 0.1022561 0.9947386 -3.99351e-6 0 0 0 1 0.9879369 0.1545515 -0.009722113 0.04894268 -0.1547318 0.9826669 -0.1020967 -3.82662e-5 -0.006225526 0.1023695 0.994727 -3.99351e-6 0 0 0 1 0.9879369 0.1545504 -0.009731411 0.04894256 -0.1547315 0.9826609 -0.1021559 -3.82662e-5 -0.006225466 0.1024293 0.9947208 -3.99351e-6 0 0 0 1</float_array>
        <technique_common>
          <accessor source="#node-Bip001_Neck1_matrix-output-array" count="11" stride="16">
            <param name="TRANSFORM" type="float4x4"/>
          </accessor>
        </technique_common>
      </source>
      <source id="node-Bip001_Neck1_matrix-interpolation">
        <Name_array id="node-Bip001_Neck1_matrix-interpolation-array" count="11">LINEAR LINEAR LINEAR LINEAR LINEAR LINEAR LINEAR LINEAR LINEAR LINEAR LINEAR</Name_array>
        <technique_common>
          <accessor source="#node-Bip001_Neck1_matrix-interpolation-array" count="11" stride="1">
            <param name="INTERPOLATION" type="name"/>
          </accessor>
        </technique_common>
      </source>
      <source id="node-Bip001_Neck2_matrix-input">
        <float_array id="node-Bip001_Neck2_matrix-input-array" count="11">33.33333 33.36666 33.4 33.43333 33.46667 33.5 33.53333 33.56667 33.6 33.63334 33.66667</float_array>
        <technique_common>
          <accessor source="#node-Bip001_Neck2_matrix-input-array" count="11" stride="1">
            <param name="TIME" type="float"/>
          </accessor>
        </technique_common>
      </source>
      <source id="node-Bip001_Neck2_matrix-output">
        <float_array id="node-Bip001_Neck2_matrix-output-array" count="176">0.9545162 0.2811764 -0.09918999 0.04893767 -0.28845 0.9550411 -0.06850659 -3.71933e-5 0.07546806 0.09400194 0.9927076 -3.66569e-6 0 0 0 1 0.9574549 0.2704709 -0.1006249 0.04893827 -0.2782114 0.9577534 -0.07284724 -3.73125e-5 0.07667082 0.09774291 0.992254 -3.8296e-6 0 0 0 1 0.9559271 0.2760035 -0.1001261 0.04893779 -0.2835856 0.9562849 -0.07140231 -3.71337e-5 0.07604181 0.09664976 0.9924094 -3.75509e-6 0 0 0 1 0.955062 0.2791192 -0.09974241 0.04893779 -0.2865781 0.9554769 -0.07026118 -3.73125e-5 0.07569032 0.0956878 0.9925295 -3.75509e-6 0 0 0 1 0.954631 0.2806987 -0.09943664 0.04893767 -0.2880568 0.9551014 -0.06931412 -3.70741e-5 0.07551574 0.09481281 0.9926269 -3.69549e-6 0 0 0 1 0.9545162 0.2811763 -0.09918993 0.04893767 -0.28845 0.9550409 -0.06850659 -3.72529e-5 0.07546806 0.09400194 0.9927076 -3.66569e-6 0 0 0 1 0.954531 0.2811948 -0.09899532 0.04893755 -0.2883999 0.9551032 -0.06784749 -3.70145e-5 0.07547241 0.09331274 0.9927722 -3.63588e-6 0 0 0 1 0.9545398 0.2812057 -0.09887796 0.04893767 -0.2883697 0.9551405 -0.06744998 -3.72529e-5 0.07547503 0.09289711 0.992811 -3.63588e-6 0 0 0 1 0.9545381 0.2812036 -0.09890031 0.04893755 -0.2883754 0.9551334 -0.06752568 -3.70741e-5 0.07547456 0.09297627 0.9928035 -3.60608e-6 0 0 0 1 0.9545238 0.2811858 -0.09908986 0.04893767 -0.2884242 0.955073 -0.06816756 -3.70741e-5 0.07547032 0.09364742 0.9927408 -3.63588e-6 0 0 0 1 0.9545161 0.2811764 -0.09918993 0.04893767 -0.28845 0.9550409 -0.06850653 -3.71933e-5 0.075468 0.094002 0.9927075 -3.69549e-6 0 0 0 1</float_array>
        <technique_common>
          <accessor source="#node-Bip001_Neck2_matrix-output-array" count="11" stride="16">
            <param name="TRANSFORM" type="float4x4"/>
          </accessor>
        </technique_common>
      </source>
      <source id="node-Bip001_Neck2_matrix-interpolation">
