<?xml version="1.0" encoding="utf-8"?>
<COLLADA xmlns="http://www.collada.org/2005/11/COLLADASchema" version="1.4.1">
  <asset>
    <contributor>
      <author>MattO</author>
      <authoring_tool>OpenCOLLADA for 3ds Max;  Version: 1.3.0;  Revision: 839M;  Platform: x64;  Configuration: Release_Max2012</authoring_tool>
      <source_data>file:///C:/Dropbox/Prj/GGStout/Kral/Mantis_TP_Kral_Animation_Master.max</source_data>
    </contributor>
    <created>2011-10-24T16:55:18</created>
    <modified>2011-10-24T16:55:18</modified>
    <unit name="meter" meter="1"/>
    <up_axis>Z_UP</up_axis>
  </asset>
  <library_effects>
    <effect id="ColorEffectR88G199B225">
      <profile_COMMON>
        <technique sid="common">
          <phong>
            <ambient>
              <color>0.345098 0.7803922 0.8823529 1</color>
            </ambient>
            <diffuse>
              <color>0.345098 0.7803922 0.8823529 1</color>
            </diffuse>
            <specular>
              <color>1 1 1 1</color>
            </specular>
            <shininess>
              <float>10</float>
            </shininess>
            <reflective>
              <color>0 0 0 1</color>
            </reflective>
            <transparent>
              <color>1 1 1 1</color>
            </transparent>
            <transparency>
              <float>1</float>
            </transparency>
          </phong>
        </technique>
      </profile_COMMON>
    </effect>
  </library_effects>
  <library_materials>
    <material id="ColorEffectR88G199B225-material" name="ColorEffectR88G199B225-material">
      <instance_effect url="#ColorEffectR88G199B225"/>
    </material>
  </library_materials>
  <library_geometries>
    <geometry id="geom-Bounds" name="Bounds">
      <mesh>
        <source id="geom-Bounds-positions">
          <float_array id="geom-Bounds-positions-array" count="24">-0.5 -0.5 0 0.5 -0.5 0 -0.5 0.5 0 0.5 0.5 0 -0.5 -0.5 2 0.5 -0.5 2 -0.5 0.5 2 0.5 0.5 2</float_array>
          <technique_common>
            <accessor source="#geom-Bounds-positions-array" count="8" stride="3">
              <param name="X" type="float"/>
              <param name="Y" type="float"/>
              <param name="Z" type="float"/>
            </accessor>
          </technique_common>
        </source>
        <source id="geom-Bounds-normals">
          <float_array id="geom-Bounds-normals-array" count="72">0 0 -1 0 0 -1 0 0 -1 0 0 -1 0 0 1 0 0 1 0 0 1 0 0 1 0 -1 0 0 -1 0 0 -1 0 0 -1 0 1 0 0 1 0 0 1 0 0 1 0 0 0 1 0 0 1 0 0 1 0 0 1 0 -1 0 0 -1 0 0 -1 0 0 -1 0 0</float_array>
          <technique_common>
            <accessor source="#geom-Bounds-normals-array" count="24" stride="3">
              <param name="X" type="float"/>
              <param name="Y" type="float"/>
              <param name="Z" type="float"/>
            </accessor>
          </technique_common>
        </source>
        <source id="geom-Bounds-map1">
          <float_array id="geom-Bounds-map1-array" count="36">0 0 0 1 0 0 0 1 0 1 1 0 0 0 0 1 0 0 0 1 0 1 1 0 0 0 0 1 0 0 0 1 0 1 1 0</float_array>
          <technique_common>
            <accessor source="#geom-Bounds-map1-array" count="12" stride="3">
              <param name="S" type="float"/>
              <param name="T" type="float"/>
              <param name="P" type="float"/>
            </accessor>
          </technique_common>
        </source>
        <vertices id="geom-Bounds-vertices">
          <input semantic="POSITION" source="#geom-Bounds-positions"/>
        </vertices>
        <triangles material="ColorMaterial" count="12">
          <input semantic="VERTEX" source="#geom-Bounds-vertices" offset="0"/>
          <input semantic="NORMAL" source="#geom-Bounds-normals" offset="1"/>
          <input semantic="TEXCOORD" source="#geom-Bounds-map1" offset="2" set="0"/>
          <p>0 0 9 2 1 11 3 2 10 3 2 10 1 3 8 0 0 9 4 4 8 5 5 9 7 6 11 7 6 11 6 7 10 4 4 8 0 8 4 1 9 5 5 10 7 5 10 7 4 11 6 0 8 4 1 12 0 3 13 1 7 14 3 7 14 3 5 15 2 1 12 0 3 16 4 2 17 5 6 18 7 6 18 7 7 19 6 3 16 4 2 20 0 0 21 1 4 22 3 4 22 3 6 23 2 2 20 0</p>
        </triangles>
      </mesh>
      <extra>
        <technique profile="OpenCOLLADA3dsMax">
          <max_box>
            <generateuvs>1</generateuvs>
            <height>2</height>
            <heightsegments>1</heightsegments>
            <length>1</length>
            <lengthsegments>1</lengthsegments>
            <width>1</width>
            <widthsegments>1</widthsegments>
          </max_box>
        </technique>
      </extra>
    </geometry>
  </library_geometries>
  <library_lights>
    <light id="EnvironmentAmbientLight" name="EnvironmentAmbientLight">
      <technique_common>
        <ambient>
          <color>0 0 0</color>
        </ambient>
      </technique_common>
    </light>
  </library_lights>
  <library_visual_scenes>
    <visual_scene id="MaxScene">
      <node name="EnvironmentAmbientLight">
        <instance_light url="#EnvironmentAmbientLight"/>
      </node>
      <node id="node-Bip001" name="Bip001">
        <matrix sid="matrix">0.4908441 -0.8335531 0.2534983 0 0.8299848 0.5358484 0.1548924 -4.37066e-8 -0.2649477 0.1343717 0.9548544 0.5325592 0 0 0 1</matrix>
        <node id="node-Bip001_Pelvis" name="Bip001_Pelvis">
          <matrix>-0.06006099 0.9981922 -0.002268076 0 -0.1512668 -0.006855607 0.9884692 0 0.9866667 0.05971152 0.1514052 0 0 0 0 1</matrix>
          <node id="node-Bip001_Spine" name="Bip001_Spine">
            <matrix sid="matrix">0.9613935 -0.1361308 -0.2391462 0.09690875 0.1112899 0.987166 -0.1145337 0.005776733 0.2516685 0.08349729 0.9642051 0.01486152 0 0 0 1</matrix>
            <node id="node-Bip001_Spine1" name="Bip001_Spine1">
              <matrix sid="matrix">0.9235707 -0.3709309 -0.09709478 0.1110483 0.3695981 0.9286391 -0.03204076 -8.20756e-5 0.102051 -0.006294079 0.9947592 5.45755e-7 0 0 0 1</matrix>
              <node id="node-Bip001_Spine2" name="Bip001_Spine2">
                <matrix sid="matrix">0.9781341 -0.135043 -0.1581679 0.1110276 0.1528821 0.9824771 0.1066115 -8.68738e-5 0.1409991 -0.1284614 0.98164 1.13435e-5 0 0 0 1</matrix>
                <node id="node-Bip001_Spine3" name="Bip001_Spine3">
                  <matrix sid="matrix">0.9451489 -0.2288201 -0.2330978 0.1110539 0.2576066 0.9609329 0.1012271 -1.61231e-4 0.2008287 -0.1557222 0.9671703 2.61366e-5 0 0 0 1</matrix>
                  <node id="node-Bip001_Neck" name="Bip001_Neck">
                    <matrix sid="matrix">0.9888968 -0.06419969 -0.1340206 0.2584252 0.04748267 0.9910949 -0.1244034 0.01280218 0.1408139 0.1166584 0.983139 -4.52995e-6 0 0 0 1</matrix>
                    <node id="node-Bip001_Neck1" name="Bip001_Neck1">
                      <matrix sid="matrix">0.9879371 0.1545505 -0.009731449 0.04894263 -0.1547314 0.982661 -0.1021559 -3.82662e-5 -0.006225526 0.1024294 0.9947208 -4.02331e-6 0 0 0 1</matrix>
                      <node id="node-Bip001_Neck2" name="Bip001_Neck2">
                        <matrix>0.9545163 0.2811762 -0.09919003 0.04893762 -0.2884498 0.955041 -0.06850675 -3.73125e-5 0.07546811 0.09400209 0.9927076 -3.66569e-6 0 0 0 1</matrix>
                        <node id="node-Bip001_Head" name="Bip001_Head">
                          <matrix sid="matrix">0.9415109 0.2383285 0.2382367 0.04894876 -0.2148936 0.9691983 -0.1203135 2.98023e-8 -0.2595727 0.0620809 0.963726 -2.98023e-8 0 0 0 1</matrix>
                          <node id="node-Bip001_Ponytail1" name="Bip001_Ponytail1">
                            <matrix>-0.05999058 -0.9981991 -2.76882e-6 0.009580731 0.998199 -0.05999064 -2.93972e-6 0.1139534 2.76789e-6 -2.93925e-6 1 9.68575e-8 0 0 0 1</matrix>
                          </node>
                          <node id="node-ALTEYE" name="ALTEYE">
                            <matrix>-0.00948812 0.5772442 0.8165166 0.1153697 0.002645058 0.8165649 -0.5772477 0.2046644 -0.9999516 -0.003317261 -0.009274509 -0.001006849 0 0 0 1</matrix>
                          </node>
                        </node>
                      </node>
                    </node>
                    <node id="node-Bip001_L_Clavicle" name="Bip001_L_Clavicle">
                      <matrix sid="matrix">0.3867269 0.04316634 0.9211836 -0.04311711 0.636011 -0.7358134 -0.2325271 0.007411957 0.6677818 0.6758072 -0.312013 0.02784044 0 0 0 1</matrix>
                      <node id="node-Bip001_L_UpperArm" name="Bip001_L_UpperArm">
                        <matrix sid="matrix">0.45359 -0.7548762 0.4737277 0.07966626 0.01250517 0.536894 0.843557 -2.98023e-8 -0.8911227 -0.376705 0.2529696 -5.96046e-8 0 0 0 1</matrix>
                        <node id="node-Bip001_L_Forearm" name="Bip001_L_Forearm">
                          <matrix sid="matrix">-0.433656 0.9010785 1.49012e-8 0.4297335 -0.9010785 -0.433656 0 2.98023e-8 1.49012e-8 0 1 0 0 0 0 1</matrix>
                          <node id="node-Bip001_L_Hand" name="Bip001_L_Hand">
                            <matrix sid="matrix">0.7342199 -0.1831764 -0.6537336 0.3774394 -0.07697671 -0.9791655 0.1879086 0 -0.6745337 -0.08764404 -0.7330231 2.98023e-8 0 0 0 1</matrix>
                            <node id="node-Bip001_L_Finger0" name="Bip001_L_Finger0">
                              <matrix>0.4919401 0.8244181 0.2798744 0.03908238 0.6521552 -0.135966 -0.7457929 0.01738536 -0.5767916 0.5494068 -0.6045356 -0.04049927 0 0 0 1</matrix>
                              <node id="node-Bip001_L_Finger01" name="Bip001_L_Finger01">
                                <matrix>0.9511043 0.3088696 5.96046e-8 0.1027657 -0.3088697 0.9511044 1.49012e-8 -5.96046e-8 -5.96046e-8 2.98023e-8 0.9999999 -5.96046e-8 0 0 0 1</matrix>
                                <node id="node-Bip001_L_Finger02" name="Bip001_L_Finger02">
                                  <matrix>0.8065712 -0.5911371 2.98023e-8 0.05252481 0.5911369 0.8065711 7.45058e-9 2.23517e-8 5.96046e-8 0 0.9999999 5.96046e-8 0 0 0 1</matrix>
                                </node>
                              </node>
                            </node>
                            <node id="node-Bip001_L_Finger1" name="Bip001_L_Finger1">
                              <matrix>0.6375437 -0.770391 0.00598396 0.1458858 0.7704015 0.6375586 7.96273e-4 -1.52588e-5 -0.004428551 0.004102379 0.9999816 -0.01919675 0 0 0 1</matrix>
                              <node id="node-Bip001_L_Finger11" name="Bip001_L_Finger11">
                                <matrix>0.5190608 -0.8547373 2.98023e-8 0.08578128 0.8547373 0.5190609 -1.49012e-8 -8.9407e-8 -2.98023e-8 1.86265e-8 1 0 0 0 0 1</matrix>
                                <node id="node-Bip001_L_Finger12" name="Bip001_L_Finger12">
                                  <matrix>0.9649358 -0.2624862 0 0.0554978 0.2624862 0.9649357 3.35276e-8 0 -2.98023e-8 -5.21541e-8 1 5.96046e-8 0 0 0 1</matrix>
                                </node>
                              </node>
                            </node>
                            <node id="node-Bip001_L_Finger2" name="Bip001_L_Finger2">
                              <matrix>0.5018926 -0.855015 -0.1305896 0.143758 0.8647377 0.492844 0.09661078 0.003213406 -0.01824334 -0.161414 0.9867181 0.02870393 0 0 0 1</matrix>
                              <node id="node-Bip001_L_Finger21" name="Bip001_L_Finger21">
                                <matrix>0.847759 -0.5303817 0 0.07148439 0.5303817 0.847759 2.98023e-8 -2.98023e-8 0 2.79397e-9 1 0 0 0 0 1</matrix>
                                <node id="node-Bip001_L_Finger22" name="Bip001_L_Finger22">
                                  <matrix>0.8033119 -0.5955588 -7.45058e-9 0.05113894 0.5955588 0.8033118 7.45058e-9 -2.98023e-8 -2.23517e-8 -1.49012e-8 1 -1.19209e-7 0 0 0 1</matrix>
                                </node>
                              </node>
                            </node>
                          </node>
                        </node>
                        <node id="node-Bip001_L_ForeTwist" name="Bip001_L_ForeTwist">
                          <matrix sid="matrix">-0.433656 0.8152711 0.3837648 0.4297335 -0.9010785 -0.39236 -0.1846919 2.98023e-8 1.49012e-8 -0.425895 0.9047726 0 0 0 0 1</matrix>
                          <node id="node-Bip001_L_ForeTwist1" name="Bip001_L_ForeTwist1">
                            <matrix sid="matrix">1 -2.23517e-8 1.49012e-8 0.1887197 1.49012e-8 0.9047726 0.4258949 -5.96046e-8 -7.45058e-9 -0.425895 0.9047726 0 0 0 0 1</matrix>
                          </node>
                        </node>
                      </node>
                      <node id="node-Bip001_LUpArmTwist" name="Bip001_LUpArmTwist">
                        <matrix sid="matrix">0.45359 -0.7548762 0.4737277 0.07966626 0.01250517 0.536894 0.843557 -2.98023e-8 -0.8911227 -0.376705 0.2529696 -5.96046e-8 0 0 0 1</matrix>
                        <node id="node-Bip001_LUpArmTwist1" name="Bip001_LUpArmTwist1">
                          <matrix>1 0 1.49012e-8 0.2148667 0 1 0 2.98023e-8 0 -2.23517e-8 1 0 0 0 0 1</matrix>
                        </node>
                      </node>
                    </node>
                    <node id="node-Bip001_R_Clavicle" name="Bip001_R_Clavicle">
                      <matrix sid="matrix">-0.4125289 -0.1381768 -0.900404 -0.04935789 0.651703 -0.7353824 -0.1857316 0.00224191 -0.6364773 -0.6634156 0.3934167 -0.01573154 0 0 0 1</matrix>
                      <node id="node-Bip001_R_UpperArm" name="Bip001_R_UpperArm">
                        <matrix sid="matrix">0.7419209 0.1666159 -0.6494555 0.0796662 -0.488869 0.7973398 -0.3539159 5.96046e-8 0.4588688 0.5800762 0.6730164 0 0 0 0 1</matrix>
                        <node id="node-Bip001_R_Forearm" name="Bip001_R_Forearm">
                          <matrix sid="matrix">-0.5551377 0.8317586 1.49012e-8 0.4297335 -0.8317586 -0.5551376 1.49012e-8 -2.98023e-8 -5.40167e-8 -2.98023e-8 1 2.98023e-8 0 0 0 1</matrix>
                          <node id="node-Bip001_R_Hand" name="Bip001_R_Hand">
                            <matrix sid="matrix">0.9393774 0.3269257 0.1033918 0.3774394 0.1454792 -0.1069589 -0.9835627 0 -0.3104933 0.938978 -0.1480356 2.98023e-8 0 0 0 1</matrix>
                            <node id="node-Bip001_R_Finger0" name="Bip001_R_Finger0">
                              <matrix>0.6486483 0.5772246 -0.4960517 0.03908235 0.6676158 -0.1185831 0.7350016 0.01738539 0.3654375 -0.8079293 -0.462283 0.04049915 0 0 0 1</matrix>
                              <node id="node-Bip001_R_Finger01" name="Bip001_R_Finger01">
                                <matrix>0.6155394 -0.7881061 -2.98023e-8 0.1027657 0.7881061 0.6155394 0 5.96046e-8 8.9407e-8 -8.9407e-8 1 5.96046e-8 0 0 0 1</matrix>
                                <node id="node-Bip001_R_Finger02" name="Bip001_R_Finger02">
                                  <matrix>0.1523349 -0.9883291 1.49012e-8 0.05252495 0.9883291 0.152335 0 -5.96046e-8 0 7.45058e-8 1 -5.96046e-8 0 0 0 1</matrix>
                                </node>
                              </node>
                            </node>
                            <node id="node-Bip001_R_Finger1" name="Bip001_R_Finger1">
                              <matrix>0.7109717 -0.632343 -0.3076712 0.1458856 0.6327782 0.766136 -0.1123713 -1.53035e-5 0.3067753 -0.1147949 0.9448339 0.01919669 0 0 0 1</matrix>
                              <node id="node-Bip001_R_Finger11" name="Bip001_R_Finger11">
                                <matrix>-0.6406225 -0.7678561 2.98023e-8 0.08578134 0.7678562 -0.6406226 7.45058e-9 5.96046e-8 2.98023e-8 1.49012e-8 1 -5.96046e-8 0 0 0 1</matrix>
                                <node id="node-Bip001_R_Finger12" name="Bip001_R_Finger12">
                                  <matrix>0.8432423 -0.5375337 0 0.05549777 0.5375336 0.8432423 0 0 2.98023e-8 -1.11759e-8 1 2.98023e-8 0 0 0 1</matrix>
                                </node>
                              </node>
                            </node>
                            <node id="node-Bip001_R_Finger2" name="Bip001_R_Finger2">
                              <matrix>0.2634968 -0.9557803 0.1305896 0.1437579 0.9628298 0.2522402 -0.09661078 0.003213391 0.05939874 0.1511922 0.9867182 -0.02870387 0 0 0 1</matrix>
                              <node id="node-Bip001_R_Finger21" name="Bip001_R_Finger21">
                                <matrix>-0.0354447 -0.9993715 0 0.07148437 0.9993715 -0.03544478 1.49012e-8 -5.96046e-8 0 0 0.9999999 1.19209e-7 0 0 0 1</matrix>
                                <node id="node-Bip001_R_Finger22" name="Bip001_R_Finger22">
                                  <matrix>0.7483484 -0.6633057 -1.49012e-8 0.05113888 0.6633057 0.7483484 7.45058e-9 -2.23517e-8 0 0 1 -5.96046e-8 0 0 0 1</matrix>
                                </node>
                              </node>
                            </node>
                            <node id="node-mount0" name="mount0">
                              <matrix>-1.00772e-8 1 5.37373e-7 0.1088288 -1 -2.76144e-7 -1.09896e-7 0.03070411 8.19564e-8 -4.20958e-7 0.9999998 0.01333499 0 0 0 1</matrix>
                            </node>
                          </node>
                        </node>
                        <node id="node-Bip001_R_ForeTwist" name="Bip001_R_ForeTwist">
                          <matrix sid="matrix">-0.5551377 0.8307275 -0.04140121 0.4297335 -0.8317586 -0.5544495 0.02763228 -2.98023e-8 -5.40167e-8 0.04977549 0.9987605 2.98023e-8 0 0 0 1</matrix>
                          <node id="node-Bip001_R_ForeTwist1" name="Bip001_R_ForeTwist1">
                            <matrix sid="matrix">1 7.45058e-9 1.90921e-8 0.1887197 -7.45058e-9 0.9987604 -0.04977552 0 1.86265e-9 0.04977551 0.9987605 2.98023e-8 0 0 0 1</matrix>
                          </node>
                        </node>
                      </node>
                      <node id="node-Bip001_RUpArmTwist" name="Bip001_RUpArmTwist">
                        <matrix sid="matrix">0.7419209 0.1666159 -0.6494555 0.0796662 -0.488869 0.7973398 -0.3539159 5.96046e-8 0.4588688 0.5800762 0.6730164 0 0 0 0 1</matrix>
                        <node id="node-Bip001_RUpArmTwist1" name="Bip001_RUpArmTwist1">
                          <matrix>1 2.98023e-8 1.49012e-8 0.2148668 2.98023e-8 1 1.49012e-8 -2.98023e-8 1.49012e-8 1.49012e-8 1 2.98023e-8 0 0 0 1</matrix>
                        </node>
                      </node>
                    </node>
                  </node>
                </node>
              </node>
            </node>
            <node id="node-Bip001_L_Thigh" name="Bip001_L_Thigh">
              <matrix sid="matrix">-0.1911586 0.9774346 -0.08988678 -0.07925981 0.7948083 0.2078739 0.5701475 0.01231728 0.5759671 0.03754586 -0.81661 0.07958384 0 0 0 1</matrix>
              <node id="node-Bip001_L_Calf" name="Bip001_L_Calf">
                <matrix sid="matrix">-0.6250448 0.7805889 0 0.4541689 -0.7805888 -0.6250451 0 0 -1.49012e-8 -2.98023e-8 1 1.49012e-8 0 0 0 1</matrix>
                <node id="node-Bip001_L_HorseLink" name="Bip001_L_HorseLink">
                  <matrix sid="matrix">-0.6251075 -0.7805388 1.49012e-8 0.3208733 0.7805386 -0.6251075 2.98023e-8 -1.49012e-8 -1.49012e-7 -2.98023e-8 1 -2.98023e-8 0 0 0 1</matrix>
                  <node id="node-Bip001_L_Foot" name="Bip001_L_Foot">
                    <matrix sid="matrix">0.3887313 0.9211412 -0.01966737 0.3617602 -0.8649861 0.3722186 0.3365295 4.47035e-8 0.3173118 -0.1138075 0.9414676 2.98023e-8 0 0 0 1</matrix>
                    <node id="node-Bip001_L_Toe0" name="Bip001_L_Toe0">
                      <matrix sid="matrix">-0.2454681 -0.9694048 5.14717e-8 0.08654237 0.9569957 -0.2423259 0.1594925 0.1234713 -0.1546127 0.03915035 0.9871992 -0.02420598 0 0 0 1</matrix>
                      <node id="node-Bip001_L_Toe01" name="Bip001_L_Toe01">
                        <matrix sid="matrix">0.9623386 0.2718535 1.15949e-8 0.04576606 -0.2718535 0.9623386 3.14481e-9 1.49012e-8 -4.94556e-9 4.87944e-9 1 -9.31323e-8 0 0 0 1</matrix>
                        <node id="node-Bip001_L_Toe02" name="Bip001_L_Toe02">
                          <matrix sid="matrix">0.9133545 0.4071655 -4.46766e-9 0.03187382 -0.4071655 0.9133545 -1.42109e-9 0 2.59326e-8 -5.48289e-9 1 6.33299e-8 0 0 0 1</matrix>
                        </node>
                      </node>
                    </node>
                    <node id="node-Bip001_L_Toe1" name="Bip001_L_Toe1">
                      <matrix sid="matrix">-0.2402829 -0.9707029 1.09993e-7 0.0928064 0.9404519 -0.2327949 -0.2477028 0.1308166 0.2404459 -0.05951867 0.9688361 0.03696453 0 0 0 1</matrix>
                      <node id="node-Bip001_L_Toe11" name="Bip001_L_Toe11">
                        <matrix sid="matrix">0.9830521 0.1833258 6.76721e-11 0.043706 -0.1833258 0.9830521 -1.45519e-11 0 7.26885e-12 5.71845e-11 1 -2.98023e-8 0 0 0 1</matrix>
                        <node id="node-Bip001_L_Toe12" name="Bip001_L_Toe12">
                          <matrix sid="matrix">0.9040335 0.4274615 -7.79465e-12 0.03796017 -0.4274614 0.9040335 8.86757e-12 -5.58794e-9 2.79272e-10 -1.47907e-10 1 -2.98023e-8 0 0 0 1</matrix>
                        </node>
                      </node>
                    </node>
                    <node id="node-Bip001_L_Toe2" name="Bip001_L_Toe2">
                      <matrix sid="matrix">0.04881953 -0.8895264 0.4542679 0.06798328 0.1495167 -0.4431772 -0.8838773 0.002803981 0.9875534 0.1110711 0.1113633 0.04295147 0 0 0 1</matrix>
                      <node id="node-Bip001_L_Toe21" name="Bip001_L_Toe21">
                        <matrix>1 -3.72529e-9 -3.72529e-9 0.01451743 -3.72529e-9 1 0 1.49012e-8 -4.65661e-8 2.98023e-8 1 -2.98023e-8 0 0 0 1</matrix>
                        <node id="node-Bip001_L_Toe22" name="Bip001_L_Toe22">
                          <matrix>0.5236049 0.8519613 -3.72529e-9 0.03369506 -0.8519612 0.5236049 0 -4.47035e-8 -5.96046e-8 -2.98023e-8 1 -2.98023e-8 0 0 0 1</matrix>
                        </node>
                      </node>
                    </node>
                  </node>
                </node>
              </node>
            </node>
            <node id="node-Bip001_R_Thigh" name="Bip001_R_Thigh">
              <matrix sid="matrix">-0.6249806 0.2442621 0.7414412 -0.1158412 0.06319423 0.9624995 -0.26382 1.80259e-4 -0.778078 -0.1180275 -0.6169797 -0.06056899 0 0 0 1</matrix>
              <node id="node-Bip001_R_Calf" name="Bip001_R_Calf">
                <matrix sid="matrix">-0.4805999 0.8769402 2.98023e-8 0.4541689 -0.8769401 -0.4805999 -3.72529e-8 -3.72529e-8 2.98023e-8 0 1 -2.98023e-8 0 0 0 1</matrix>
                <node id="node-Bip001_R_HorseLink" name="Bip001_R_HorseLink">
                  <matrix sid="matrix">-0.7285889 -0.6849511 2.98023e-8 0.3208733 0.6849509 -0.7285891 0 5.96046e-8 2.98023e-8 3.72529e-8 1 0 0 0 0 1</matrix>
                  <node id="node-Bip001_R_Foot" name="Bip001_R_Foot">
                    <matrix sid="matrix">0.6553886 0.4205416 0.627384 0.3617601 -0.1347647 0.8824326 -0.450723 -2.98023e-8 -0.7431718 0.2108494 0.6350104 0 0 0 0 1</matrix>
                    <node id="node-Bip001_R_Toe0" name="Bip001_R_Toe0">
                      <matrix sid="matrix">-0.2454693 -0.9694044 2.83397e-7 0.08654235 0.9569951 -0.2423271 -0.1594935 0.1234713 0.1546138 -0.03915051 0.987199 0.02420592 0 0 0 1</matrix>
                      <node id="node-Bip001_R_Toe01" name="Bip001_R_Toe01">
                        <matrix sid="matrix">0.9623385 0.2718535 2.15827e-8 0.04576603 -0.2718535 0.9623386 6.30543e-9 9.31323e-9 9.40874e-8 -1.7987e-9 0.9999999 -5.96046e-8 0 0 0 1</matrix>
                        <node id="node-Bip001_R_Toe02" name="Bip001_R_Toe02">
                          <matrix sid="matrix">0.9133543 0.4071654 4.23068e-9 0.03187381 -0.4071654 0.9133543 1.62416e-9 3.72529e-9 1.2406e-8 -1.62411e-8 1 0 0 0 0 1</matrix>
                        </node>
                      </node>
                    </node>
                    <node id="node-Bip001_R_Toe1" name="Bip001_R_Toe1">
                      <matrix sid="matrix">-0.240284 -0.9707026 -4.71994e-7 0.09280638 0.9404516 -0.232796 0.2477033 0.1308167 -0.2404464 0.0595187 0.9688359 -0.03696454 0 0 0 1</matrix>
                      <node id="node-Bip001_R_Toe11" name="Bip001_R_Toe11">
                        <matrix sid="matrix">0.9830523 0.1833259 4.79171e-9 0.043706 -0.1833259 0.9830523 3.26926e-9 7.45058e-9 2.37258e-8 -9.13609e-9 1 -5.96046e-8 0 0 0 1</matrix>
                        <node id="node-Bip001_R_Toe12" name="Bip001_R_Toe12">
                          <matrix sid="matrix">0.9040336 0.4274615 -6.0637e-9 0.03796018 -0.4274615 0.9040335 2.25919e-9 -3.72529e-9 3.62316e-8 2.93836e-8 1 0 0 0 0 1</matrix>
                        </node>
                      </node>
                    </node>
                    <node id="node-Bip001_R_Toe2" name="Bip001_R_Toe2">
                      <matrix sid="matrix">0.04881955 -0.8895258 -0.4542693 0.06798328 0.1495175 -0.4431783 0.8838765 0.002803974 -0.9875532 -0.1110716 0.1113638 -0.04295146 0 0 0 1</matrix>
                      <node id="node-Bip001_R_Toe21" name="Bip001_R_Toe21">
                        <matrix>1 1.11759e-8 1.86265e-9 0.01451737 -1.49012e-8 0.9999999 0 -1.67638e-8 2.79397e-8 0 1 4.37722e-8 0 0 0 1</matrix>
                        <node id="node-Bip001_R_Toe22" name="Bip001_R_Toe22">
                          <matrix>0.5236048 0.8519613 1.86265e-9 0.03369507 -0.8519612 0.5236048 0 1.86265e-9 5.96046e-8 7.45058e-8 1 -1.39698e-8 0 0 0 1</matrix>
                        </node>
                      </node>
                    </node>
                  </node>
                </node>
              </node>
            </node>
          </node>
        </node>
      </node>
      <node id="node-Bounds" name="Bounds">
        <matrix>1 0 0 0 0 1 0 0.411981 0 0 1 0 0 0 0 1</matrix>
        <instance_geometry url="#geom-Bounds">
          <bind_material>
            <technique_common>
              <instance_material symbol="ColorMaterial" target="#ColorEffectR88G199B225-material"/>
            </technique_common>
          </bind_material>
        </instance_geometry>
      </node>
      <node id="node-EYE" name="EYE">
        <matrix sid="matrix">-1 -7.64274e-15 -8.74228e-8 4.09043e-8 0 -1 8.74228e-8 0.411981 -8.74228e-8 8.74228e-8 1 1.6 0 0 0 1</matrix>
      </node>
      <node id="node-CAM" name="CAM">
        <matrix>-0.9999996 1.50996e-7 0 0 -1.50996e-7 -0.9999996 1.77636e-15 -0.009719968 0 1.77636e-15 1 1.928079 0 0 0 1</matrix>
      </node>
    </visual_scene>
  </library_visual_scenes>
  <library_animations>
    <animation>
      <source id="node-Bip001_matrix-input">
        <float_array id="node-Bip001_matrix-input-array" count="16">26.66667 26.7 26.73333 26.76667 26.8 26.83333 26.86667 26.9 26.93333 26.96667 27 27.03333 27.06667 27.1 27.13333 27.16667</float_array>
        <technique_common>
          <accessor source="#node-Bip001_matrix-input-array" count="16" stride="1">
            <param name="TIME" type="float"/>
          </accessor>
        </technique_common>
      </source>
      <source id="node-Bip001_matrix-output">
        <float_array id="node-Bip001_matrix-output-array" count="256">0.4908441 -0.8335531 0.2534983 0 0.8299848 0.5358484 0.1548923 0 -0.2649477 0.1343717 0.9548544 0.5325592 0 0 0 1 0.4908441 -0.8335531 0.2534983 0 0.8299848 0.5358484 0.1548923 0 -0.2649477 0.1343717 0.9548544 0.5431436 0 0 0 1 0.4908441 -0.8335531 0.2534983 0 0.8299848 0.5358484 0.1548923 0 -0.2649477 0.1343717 0.9548544 0.5717912 0 0 0 1 0.4908441 -0.8335531 0.2534983 0 0.8299848 0.5358484 0.1548924 0 -0.2649477 0.1343717 0.9548544 0.6140201 0 0 0 1 0.4908441 -0.8335531 0.2534983 0 0.8299848 0.5358484 0.1548924 0 -0.2649477 0.1343717 0.9548544 0.6655259 0 0 0 1 0.4908441 -0.8335531 0.2534983 0 0.8299848 0.5358484 0.1548924 0 -0.2649477 0.1343716 0.9548544 0.7221152 0 0 0 1 0.4908441 -0.8335531 0.2534983 0 0.8299848 0.5358484 0.1548925 0 -0.2649478 0.1343717 0.9548544 0.7796427 0 0 0 1 0.4908442 -0.833553 0.2534983 0 0.8299847 0.5358486 0.1548924 0 -0.2649478 0.1343716 0.9548544 0.8339508 0 0 0 1 0.4908442 -0.833553 0.2534983 0 0.8299847 0.5358486 0.1548924 0 -0.2649478 0.1343716 0.9548544 0.8808074 0 0 0 1 0.4908443 -0.833553 0.2534983 0 0.8299847 0.5358486 0.1548924 0 -0.2649478 0.1343716 0.9548544 0.915847 0 0 0 1 0.4908443 -0.833553 0.2534983 0 0.8299847 0.5358487 0.1548925 0 -0.2649478 0.1343716 0.9548544 0.9372126 0 0 0 1 0.4908443 -0.833553 0.2534983 0 0.8299847 0.5358487 0.1548925 0 -0.2649478 0.1343716 0.9548544 0.9482032 0 0 0 1 0.4908443 -0.833553 0.2534983 0 0.8299847 0.5358487 0.1548925 0 -0.2649478 0.1343716 0.9548544 0.9518262 0 0 0 1 0.4908444 -0.833553 0.2534984 0 0.8299847 0.5358487 0.1548925 0 -0.2649479 0.1343716 0.9548544 0.9509329 0 0 0 1 0.4908444 -0.833553 0.2534984 0 0.8299847 0.5358487 0.1548925 0 -0.2649479 0.1343716 0.9548544 0.9483145 0 0 0 1 0.4908446 -0.8335528 0.2534984 0 0.8299845 0.5358489 0.1548925 0 -0.2649479 0.1343715 0.9548544 0.946796 0 0 0 1</float_array>
        <technique_common>
          <accessor source="#node-Bip001_matrix-output-array" count="16" stride="16">
            <param name="TRANSFORM" type="float4x4"/>
          </accessor>
        </technique_common>
      </source>
      <source id="node-Bip001_matrix-interpolation">
        <Name_array id="node-Bip001_matrix-interpolation-array" count="16">LINEAR LINEAR LINEAR LINEAR LINEAR LINEAR LINEAR LINEAR LINEAR LINEAR LINEAR LINEAR LINEAR LINEAR LINEAR LINEAR</Name_array>
        <technique_common>
          <accessor source="#node-Bip001_matrix-interpolation-array" count="16" stride="1">
            <param name="INTERPOLATION" type="name"/>
          </accessor>
        </technique_common>
      </source>
      <source id="node-Bip001_Spine_matrix-input">
        <float_array id="node-Bip001_Spine_matrix-input-array" count="16">26.66667 26.7 26.73333 26.76667 26.8 26.83333 26.86667 26.9 26.93333 26.96667 27 27.03333 27.06667 27.1 27.13333 27.16667</float_array>
        <technique_common>
          <accessor source="#node-Bip001_Spine_matrix-input-array" count="16" stride="1">
            <param name="TIME" type="float"/>
          </accessor>
        </technique_common>
      </source>
      <source id="node-Bip001_Spine_matrix-output">
        <float_array id="node-Bip001_Spine_matrix-output-array" count="256">0.9613935 -0.1361308 -0.2391461 0.09690874 0.1112899 0.987166 -0.1145337 0.005776703 0.2516685 0.08349728 0.9642051 0.01486152 0 0 0 1 0.9595028 -0.1452064 -0.2413905 0.09690952 0.1205775 0.9861453 -0.1139238 0.005776822 0.2545886 0.08020383 0.9637179 0.01486182 0 0 0 1 0.9558066 -0.1584781 -0.247625 0.09691071 0.1342703 0.9846096 -0.111873 0.005776941 0.2615433 0.07368022 0.9623754 0.01486235 0 0 0 1 0.9513727 -0.172358 -0.2553088 0.0969119 0.1486696 0.9828065 -0.1094927 0.00577712 0.269791 0.0662117 0.9606397 0.01486301 0 0 0 1 0.9475229 -0.1833415 -0.2618896 0.09691292 0.1601168 0.9812144 -0.1076142 0.005777239 0.2767 0.06003403 0.9590792 0.01486361 0 0 0 1 0.9458583 -0.1878401 -0.2647036 0.09691327 0.1648196 0.9805185 -0.1068543 0.005777299 0.2796182 0.05744063 0.9583915 0.01486378 0 0 0 1 0.9485507 -0.1796619 -0.2607167 0.09691256 0.1564569 0.9818325 -0.1073603 0.00577718 0.2752687 0.06104576 0.9594272 0.01486349 0 0 0 1 0.9540899 -0.1618462 -0.2520284 0.09691095 0.1381944 0.9843895 -0.108995 0.005776941 0.2657345 0.06916207 0.9615622 0.01486277 0 0 0 1 0.9591853 -0.1440803 -0.2433198 0.09690952 0.1198599 0.9864929 -0.1116486 0.005776762 0.2561196 0.07792741 0.9634989 0.014862 0 0 0 1 0.9613934 -0.1361308 -0.2391461 0.09690856 0.1112899 0.9871659 -0.1145336 0.005776703 0.2516685 0.08349734 0.9642049 0.01486146 0 0 0 1 0.9614194 -0.1363899 -0.2388943 0.09690862 0.1110999 0.9869729 -0.1163678 0.005776762 0.2516536 0.08533704 0.9640477 0.01486134 0 0 0 1 0.961427 -0.136467 -0.2388193 0.09690874 0.1110433 0.9869148 -0.1169137 0.005776762 0.2516492 0.0858848 0.9640002 0.01486128 0 0 0 1 0.9614226 -0.1364225 -0.2388626 0.09690862 0.111076 0.9869483 -0.1165983 0.005776703 0.2516518 0.08556818 0.9640277 0.01486128 0 0 0 1 0.9614117 -0.1363137 -0.2389684 0.09690874 0.1111558 0.98703 -0.1158279 0.005776703 0.251658 0.08479571 0.9640943 0.01486134 0 0 0 1 0.9614001 -0.1361973 -0.2390816 0.0969088 0.1112412 0.9871169 -0.1150037 0.005776703 0.2516647 0.08396887 0.9641649 0.01486146 0 0 0 1 0.9613935 -0.1361308 -0.2391461 0.09690862 0.1112899 0.9871658 -0.1145337 0.005776703 0.2516684 0.08349728 0.9642049 0.01486146 0 0 0 1</float_array>
        <technique_common>
          <accessor source="#node-Bip001_Spine_matrix-output-array" count="16" stride="16">
            <param name="TRANSFORM" type="float4x4"/>
          </accessor>
        </technique_common>
      </source>
      <source id="node-Bip001_Spine_matrix-interpolation">
        <Name_array id="node-Bip001_Spine_matrix-interpolation-array" count="16">LINEAR LINEAR LINEAR LINEAR LINEAR LINEAR LINEAR LINEAR LINEAR LINEAR LINEAR LINEAR LINEAR LINEAR LINEAR LINEAR</Name_array>
        <technique_common>
          <accessor source="#node-Bip001_Spine_matrix-interpolation-array" count="16" stride="1">
            <param name="INTERPOLATION" type="name"/>
          </accessor>
        </technique_common>
      </source>
      <source id="node-Bip001_Spine1_matrix-input">
        <float_array id="node-Bip001_Spine1_matrix-input-array" count="16">26.66667 26.7 26.73333 26.76667 26.8 26.83333 26.86667 26.9 26.93333 26.96667 27 27.03333 27.06667 27.1 27.13333 27.16667</float_array>
        <technique_common>
          <accessor source="#node-Bip001_Spine1_matrix-input-array" count="16" stride="1">
            <param name="TIME" type="float"/>
          </accessor>
        </technique_common>
      </source>
      <source id="node-Bip001_Spine1_matrix-output">
        <float_array id="node-Bip001_Spine1_matrix-output-array" count="256">0.9235707 -0.3709309 -0.09709477 0.1110483 0.3695981 0.9286391 -0.03204071 -8.20756e-5 0.1020509 -0.006294071 0.9947592 5.45755e-7 0 0 0 1 0.9205008 -0.3777383 -0.09996026 0.111049 0.3765754 0.9258676 -0.03098785 -8.18521e-5 0.1042553 -0.009118139 0.9945087 7.97212e-7 0 0 0 1 0.9125125 -0.3947387 -0.1072491 0.1110503 0.3940384 0.9186505 -0.02854794 -8.11815e-5 0.1097934 -0.01620978 0.9938222 1.4212e-6 0 0 0 1 0.9013065 -0.4170534 -0.1171029 0.1110525 0.4170434 0.9085212 -0.02577048 -8.03471e-5 0.117138 -0.02560979 0.9927854 2.25939e-6 0 0 0 1 0.8888358 -0.4400954 -0.1276212 0.1110544 0.4408966 0.8972519 -0.02344274 -7.9304e-5 0.1248254 -0.03543096 0.9915459 3.12738e-6 0 0 0 1 0.8776099 -0.4594601 -0.1367386 0.1110562 0.4610174 0.8871194 -0.02195787 -7.84695e-5 0.1313923 -0.04376834 0.9903637 3.86313e-6 0 0 0 1 0.8711481 -0.4700783 -0.141871 0.1110572 0.4720708 0.8813008 -0.02140581 -7.79331e-5 0.1350935 -0.04832553 0.9896538 4.25987e-6 0 0 0 1 0.8694764 -0.4727565 -0.1432216 0.1110574 0.4748473 0.8798078 -0.02140969 -7.78139e-5 0.1361292 -0.04939311 0.989459 4.35486e-6 0 0 0 1 0.8702358 -0.4715231 -0.1426743 0.1110573 0.4735445 0.8805049 -0.0216099 -7.78735e-5 0.1358151 -0.04875689 0.9895339 4.29898e-6 0 0 0 1 0.871031 -0.4702342 -0.1420736 0.1110572 0.4721929 0.8812271 -0.0217393 -7.79331e-5 0.1354218 -0.04815047 0.9896173 4.25056e-6 0 0 0 1 0.8743489 -0.4648236 -0.1394749 0.1110568 0.4665497 0.8842196 -0.02207511 -7.81715e-5 0.1335875 -0.04577058 0.9899796 4.05312e-6 0 0 0 1 0.8823791 -0.4513291 -0.1330755 0.1110554 0.4525002 0.8914663 -0.02305388 -7.88271e-5 0.1290372 -0.03987443 0.9908376 3.51667e-6 0 0 0 1 0.8923664 -0.4336884 -0.1248864 0.1110539 0.4341878 0.9004858 -0.0246275 -7.9602e-5 0.123139 -0.03224736 0.9918652 2.83495e-6 0 0 0 1 0.901904 -0.4158431 -0.1168052 0.1110522 0.4157246 0.9091032 -0.02654427 -8.03173e-5 0.1172262 -0.02461844 0.9928002 2.16812e-6 0 0 0 1 0.9089706 -0.4019101 -0.1106376 0.1110508 0.4013522 0.9154877 -0.02825886 -8.09133e-5 0.1126449 -0.01871812 0.9934588 1.64285e-6 0 0 0 1 0.9117467 -0.3962545 -0.1081696 0.1110506 0.3955289 0.9179956 -0.02900779 -8.11815e-5 0.1107937 -0.01633644 0.9937093 1.45659e-6 0 0 0 1</float_array>
        <technique_common>
          <accessor source="#node-Bip001_Spine1_matrix-output-array" count="16" stride="16">
            <param name="TRANSFORM" type="float4x4"/>
          </accessor>
        </technique_common>
      </source>
      <source id="node-Bip001_Spine1_matrix-interpolation">
        <Name_array id="node-Bip001_Spine1_matrix-interpolation-array" count="16">LINEAR LINEAR LINEAR LINEAR LINEAR LINEAR LINEAR LINEAR LINEAR LINEAR LINEAR LINEAR LINEAR LINEAR LINEAR LINEAR</Name_array>
        <technique_common>
          <accessor source="#node-Bip001_Spine1_matrix-interpolation-array" count="16" stride="1">
            <param name="INTERPOLATION" type="name"/>
          </accessor>
        </technique_common>
      </source>
      <source id="node-Bip001_Spine2_matrix-input">
        <float_array id="node-Bip001_Spine2_matrix-input-array" count="16">26.66667 26.7 26.73333 26.76667 26.8 26.83333 26.86667 26.9 26.93333 26.96667 27 27.03333 27.06667 27.1 27.13333 27.16667</float_array>
        <technique_common>
          <accessor source="#node-Bip001_Spine2_matrix-input-array" count="16" stride="1">
            <param name="TIME" type="float"/>
          </accessor>
        </technique_common>
      </source>
      <source id="node-Bip001_Spine2_matrix-output">
        <float_array id="node-Bip001_Spine2_matrix-output-array" count="256">0.9781341 -0.135043 -0.1581678 0.1110275 0.152882 0.9824771 0.1066114 -8.68738e-5 0.1409991 -0.1284614 0.98164 1.13435e-5 0 0 0 1 0.9775714 -0.1377124 -0.1593412 0.1110277 0.1557582 0.9819949 0.1068896 -8.68738e-5 0.1417522 -0.1293109 0.9814198 1.14255e-5 0 0 0 1 0.9760336 -0.1447862 -0.1624665 0.1110284 0.1633855 0.9806771 0.1075987 -8.67546e-5 0.1437484 -0.1315646 0.9808297 1.16229e-5 0 0 0 1 0.9737042 -0.154956 -0.1670002 0.1110292 0.1743646 0.9786801 0.108546 -8.65459e-5 0.14662 -0.1348106 0.9799636 1.1906e-5 0 0 0 1 0.9707637 -0.1669918 -0.1724273 0.1110302 0.1873791 0.9761592 0.1095556 -8.61883e-5 0.1500216 -0.1386619 0.9789108 1.22562e-5 0 0 0 1 0.9674432 -0.1796927 -0.1782254 0.1110315 0.2011373 0.973312 0.1104874 -8.60691e-5 0.1536152 -0.1427381 0.9777669 1.26064e-5 0 0 0 1 0.964091 -0.1917127 -0.1837795 0.1110327 0.2141803 0.9704393 0.1112406 -8.58903e-5 0.1570206 -0.146608 0.9766528 1.29491e-5 0 0 0 1 0.9611299 -0.2017616 -0.188472 0.1110334 0.2251014 0.967903 0.1117724 -8.55923e-5 0.1598712 -0.1498532 0.9756973 1.32471e-5 0 0 0 1 0.9589983 -0.2087049 -0.1917402 0.1110339 0.2326562 0.9660785 0.1120871 -8.54135e-5 0.161843 -0.1521008 0.9750242 1.34408e-5 0 0 0 1 0.9581771 -0.2113206 -0.1929769 0.1110342 0.2355042 0.9653757 0.1121942 -8.53538e-5 0.1625863 -0.1529488 0.9747678 1.35005e-5 0 0 0 1 0.959811 -0.2060829 -0.1905066 0.1110337 0.2298021 0.9667753 0.1119676 -8.53538e-5 0.1611025 -0.1512465 0.9752796 1.33663e-5 0 0 0 1 0.9636977 -0.1930691 -0.1844211 0.1110326 0.2156519 0.9701066 0.111298 -8.57711e-5 0.1574199 -0.1470283 0.9765252 1.29715e-5 0 0 0 1 0.9683862 -0.176157 -0.1766255 0.1110312 0.197302 0.9741286 0.1102048 -8.62479e-5 0.1526426 -0.1415694 0.9780891 1.25021e-5 0 0 0 1 0.9726945 -0.1591581 -0.1689204 0.1110298 0.1789023 0.977826 0.1088581 -8.66055e-5 0.1478491 -0.136106 0.9795998 1.20103e-5 0 0 0 1 0.9757653 -0.1459584 -0.1630288 0.1110285 0.1646461 0.9804612 0.1076452 -8.67248e-5 0.1441317 -0.1318785 0.9807314 1.16602e-5 0 0 0 1 0.9769405 -0.1406177 -0.160668 0.1110279 0.1588857 0.9814695 0.1071136 -8.67844e-5 0.1426286 -0.1301714 0.9811792 1.15e-5 0 0 0 1</float_array>
        <technique_common>
          <accessor source="#node-Bip001_Spine2_matrix-output-array" count="16" stride="16">
            <param name="TRANSFORM" type="float4x4"/>
          </accessor>
        </technique_common>
      </source>
      <source id="node-Bip001_Spine2_matrix-interpolation">
