<?xml version="1.0" encoding="utf-8"?>
<COLLADA xmlns="http://www.collada.org/2005/11/COLLADASchema" version="1.4.1">
  <asset>
    <contributor>
      <author>MattO</author>
      <authoring_tool>OpenCOLLADA for 3ds Max;  Version: 1.3.0;  Revision: 839M;  Platform: x64;  Configuration: Release_Max2012</authoring_tool>
      <source_data>file:///C:/Dropbox/Prj/GGStout/Kral/Mantis_TP_Kral_Animation_Master.max</source_data>
    </contributor>
    <created>2011-10-24T16:55:34</created>
    <modified>2011-10-24T16:55:34</modified>
    <unit name="meter" meter="1"/>
    <up_axis>Z_UP</up_axis>
  </asset>
  <library_effects>
    <effect id="ColorEffectR88G199B225">
      <profile_COMMON>
        <technique sid="common">
          <phong>
            <ambient>
              <color>0.345098 0.7803922 0.8823529 1</color>
            </ambient>
            <diffuse>
              <color>0.345098 0.7803922 0.8823529 1</color>
            </diffuse>
            <specular>
              <color>1 1 1 1</color>
            </specular>
            <shininess>
              <float>10</float>
            </shininess>
            <reflective>
              <color>0 0 0 1</color>
            </reflective>
            <transparent>
              <color>1 1 1 1</color>
            </transparent>
            <transparency>
              <float>1</float>
            </transparency>
          </phong>
        </technique>
      </profile_COMMON>
    </effect>
  </library_effects>
  <library_materials>
    <material id="ColorEffectR88G199B225-material" name="ColorEffectR88G199B225-material">
      <instance_effect url="#ColorEffectR88G199B225"/>
    </material>
  </library_materials>
  <library_geometries>
    <geometry id="geom-Bounds" name="Bounds">
      <mesh>
        <source id="geom-Bounds-positions">
          <float_array id="geom-Bounds-positions-array" count="24">-0.5 -0.5 0 0.5 -0.5 0 -0.5 0.5 0 0.5 0.5 0 -0.5 -0.5 2 0.5 -0.5 2 -0.5 0.5 2 0.5 0.5 2</float_array>
          <technique_common>
            <accessor source="#geom-Bounds-positions-array" count="8" stride="3">
              <param name="X" type="float"/>
              <param name="Y" type="float"/>
              <param name="Z" type="float"/>
            </accessor>
          </technique_common>
        </source>
        <source id="geom-Bounds-normals">
          <float_array id="geom-Bounds-normals-array" count="72">0 0 -1 0 0 -1 0 0 -1 0 0 -1 0 0 1 0 0 1 0 0 1 0 0 1 0 -1 0 0 -1 0 0 -1 0 0 -1 0 1 0 0 1 0 0 1 0 0 1 0 0 0 1 0 0 1 0 0 1 0 0 1 0 -1 0 0 -1 0 0 -1 0 0 -1 0 0</float_array>
          <technique_common>
            <accessor source="#geom-Bounds-normals-array" count="24" stride="3">
              <param name="X" type="float"/>
              <param name="Y" type="float"/>
              <param name="Z" type="float"/>
            </accessor>
          </technique_common>
        </source>
        <source id="geom-Bounds-map1">
          <float_array id="geom-Bounds-map1-array" count="36">0 0 0 1 0 0 0 1 0 1 1 0 0 0 0 1 0 0 0 1 0 1 1 0 0 0 0 1 0 0 0 1 0 1 1 0</float_array>
          <technique_common>
            <accessor source="#geom-Bounds-map1-array" count="12" stride="3">
              <param name="S" type="float"/>
              <param name="T" type="float"/>
              <param name="P" type="float"/>
            </accessor>
          </technique_common>
        </source>
        <vertices id="geom-Bounds-vertices">
          <input semantic="POSITION" source="#geom-Bounds-positions"/>
        </vertices>
        <triangles material="ColorMaterial" count="12">
          <input semantic="VERTEX" source="#geom-Bounds-vertices" offset="0"/>
          <input semantic="NORMAL" source="#geom-Bounds-normals" offset="1"/>
          <input semantic="TEXCOORD" source="#geom-Bounds-map1" offset="2" set="0"/>
          <p>0 0 9 2 1 11 3 2 10 3 2 10 1 3 8 0 0 9 4 4 8 5 5 9 7 6 11 7 6 11 6 7 10 4 4 8 0 8 4 1 9 5 5 10 7 5 10 7 4 11 6 0 8 4 1 12 0 3 13 1 7 14 3 7 14 3 5 15 2 1 12 0 3 16 4 2 17 5 6 18 7 6 18 7 7 19 6 3 16 4 2 20 0 0 21 1 4 22 3 4 22 3 6 23 2 2 20 0</p>
        </triangles>
      </mesh>
      <extra>
        <technique profile="OpenCOLLADA3dsMax">
          <max_box>
            <generateuvs>1</generateuvs>
            <height>2</height>
            <heightsegments>1</heightsegments>
            <length>1</length>
            <lengthsegments>1</lengthsegments>
            <width>1</width>
            <widthsegments>1</widthsegments>
          </max_box>
        </technique>
      </extra>
    </geometry>
  </library_geometries>
  <library_lights>
    <light id="EnvironmentAmbientLight" name="EnvironmentAmbientLight">
      <technique_common>
        <ambient>
          <color>0 0 0</color>
        </ambient>
      </technique_common>
    </light>
  </library_lights>
  <library_visual_scenes>
    <visual_scene id="MaxScene">
      <node name="EnvironmentAmbientLight">
        <instance_light url="#EnvironmentAmbientLight"/>
      </node>
      <node id="node-Bip001" name="Bip001">
        <matrix sid="matrix">0.4908427 -0.8335543 0.253497 0 0.8299861 0.5358466 0.1548918 -4.37066e-8 -0.2649463 0.1343715 0.9548548 0.8529336 0 0 0 1</matrix>
        <node id="node-Bip001_Pelvis" name="Bip001_Pelvis">
          <matrix>1.49012e-8 1 -1.34856e-6 0 -0.1140869 1.38208e-6 0.9934707 0 0.9934708 1.49012e-7 0.114087 0 0 0 0 1</matrix>
          <node id="node-Bip001_Spine" name="Bip001_Spine">
            <matrix>0.975136 -0.07331236 -0.2091303 0.09757125 0.05277598 0.9933682 -0.1021486 -8.77976e-5 0.2152321 0.08857173 0.9725381 0.01119617 0 0 0 1</matrix>
            <node id="node-Bip001_Spine1" name="Bip001_Spine1">
              <matrix>0.9235707 -0.3709308 -0.09709478 0.1110485 0.3695981 0.9286391 -0.03204076 -8.21352e-5 0.1020509 -0.006294083 0.9947593 5.43892e-7 0 0 0 1</matrix>
              <node id="node-Bip001_Spine2" name="Bip001_Spine2">
                <matrix>0.9833878 -0.1427243 -0.1121533 0.1110282 0.148766 0.9877338 0.04744574 -8.72612e-5 0.1040058 -0.06334212 0.9925575 5.59539e-6 0 0 0 1</matrix>
                <node id="node-Bip001_Spine3" name="Bip001_Spine3">
                  <matrix>0.9532421 -0.241303 -0.1819402 0.1110561 0.253619 0.966141 0.04742062 -1.62125e-4 0.1643372 -0.09134691 0.9821655 1.53184e-5 0 0 0 1</matrix>
                  <node id="node-Bip001_Neck" name="Bip001_Neck">
                    <matrix>0.9888968 -0.0641996 -0.1340206 0.2584252 0.04748258 0.9910948 -0.1244035 0.01280195 0.1408138 0.1166586 0.9831388 -4.58956e-6 0 0 0 1</matrix>
                    <node id="node-Bip001_Neck1" name="Bip001_Neck1">
                      <matrix>0.9879367 0.1545504 -0.009731639 0.04894263 -0.1547314 0.9826608 -0.1021558 -3.82662e-5 -0.00622531 0.1024293 0.9947207 -3.99351e-6 0 0 0 1</matrix>
                      <node id="node-Bip001_Neck2" name="Bip001_Neck2">
                        <matrix>0.9545162 0.2811762 -0.09918994 0.04893744 -0.2884499 0.9550412 -0.06850661 -3.71337e-5 0.07546806 0.0940019 0.9927076 -3.66569e-6 0 0 0 1</matrix>
                        <node id="node-Bip001_Head" name="Bip001_Head">
                          <matrix sid="matrix">0.9726763 0.1759888 0.1514201 0.04894865 -0.1765334 0.9842442 -0.009945521 0 -0.1507847 -0.01705691 0.9884195 0 0 0 0 1</matrix>
                          <node id="node-Bip001_Ponytail1" name="Bip001_Ponytail1">
                            <matrix sid="matrix">-0.05999061 -0.9981991 -2.76836e-6 0.009580731 0.9981991 -0.05999056 -2.94019e-6 0.1139534 2.76882e-6 -2.93925e-6 1 9.68575e-8 0 0 0 1</matrix>
                          </node>
                          <node id="node-ALTEYE" name="ALTEYE">
                            <matrix>-0.00948812 0.5772443 0.8165166 0.1153699 0.002645059 0.816565 -0.5772477 0.2046644 -0.9999516 -0.003317262 -0.00927451 -0.001006842 0 0 0 1</matrix>
                          </node>
                        </node>
                      </node>
                    </node>
                    <node id="node-Bip001_L_Clavicle" name="Bip001_L_Clavicle">
                      <matrix>0.3867267 0.04316634 0.9211833 -0.04311723 0.6360109 -0.7358133 -0.2325271 0.007412195 0.6677816 0.6758072 -0.312013 0.02784052 0 0 0 1</matrix>
                      <node id="node-Bip001_L_UpperArm" name="Bip001_L_UpperArm">
                        <matrix sid="matrix">0.4267665 -0.6878167 0.5871786 0.0796662 -0.05958241 0.6264788 0.7771578 1.19209e-7 -0.9023967 -0.3666505 0.2263784 1.19209e-7 0 0 0 1</matrix>
                        <node id="node-Bip001_L_Forearm" name="Bip001_L_Forearm">
                          <matrix sid="matrix">-0.4370701 0.8994275 0 0.4297334 -0.8994274 -0.4370701 -7.45058e-9 2.98023e-8 1.86265e-9 0 1 2.98023e-8 0 0 0 1</matrix>
                          <node id="node-Bip001_L_Hand" name="Bip001_L_Hand">
                            <matrix sid="matrix">0.7615528 -0.1740233 -0.6243023 0.3774393 -0.09251453 -0.9826014 0.1610451 5.96046e-8 -0.6414657 -0.06488729 -0.7644025 -2.98023e-8 0 0 0 1</matrix>
                            <node id="node-Bip001_L_Finger0" name="Bip001_L_Finger0">
                              <matrix>0.4919401 0.8244178 0.2798744 0.03908241 0.6521552 -0.135966 -0.7457929 0.01738542 -0.5767916 0.5494068 -0.6045355 -0.04049927 0 0 0 1</matrix>
                              <node id="node-Bip001_L_Finger01" name="Bip001_L_Finger01">
                                <matrix>0.9511044 0.3088696 0 0.1027657 -0.3088696 0.9511045 -1.49012e-8 -2.98023e-8 8.9407e-8 0 1 -5.96046e-8 0 0 0 1</matrix>
                                <node id="node-Bip001_L_Finger02" name="Bip001_L_Finger02">
                                  <matrix>0.8065712 -0.591137 0 0.05252492 0.5911371 0.8065712 7.45058e-9 2.23517e-8 -2.98023e-8 5.96046e-8 1 1.19209e-7 0 0 0 1</matrix>
                                </node>
                              </node>
                            </node>
                            <node id="node-Bip001_L_Finger1" name="Bip001_L_Finger1">
                              <matrix>0.6375436 -0.7703909 0.00598396 0.1458857 0.7704015 0.6375586 7.96303e-4 -1.52588e-5 -0.00442861 0.004102334 0.9999817 -0.01919669 0 0 0 1</matrix>
                              <node id="node-Bip001_L_Finger11" name="Bip001_L_Finger11">
                                <matrix>0.5190609 -0.8547373 0 0.08578128 0.8547372 0.5190609 0 2.98023e-8 0 -2.23517e-8 0.9999999 5.96046e-8 0 0 0 1</matrix>
                                <node id="node-Bip001_L_Finger12" name="Bip001_L_Finger12">
                                  <matrix>0.9649357 -0.2624862 -1.49012e-8 0.05549777 0.2624862 0.9649357 2.23517e-8 0 2.98023e-8 0 1 0 0 0 0 1</matrix>
                                </node>
                              </node>
                            </node>
                            <node id="node-Bip001_L_Finger2" name="Bip001_L_Finger2">
                              <matrix>0.5018925 -0.8550149 -0.1305896 0.1437579 0.8647376 0.492844 0.09661078 0.003213406 -0.01824334 -0.1614139 0.986718 0.02870387 0 0 0 1</matrix>
                              <node id="node-Bip001_L_Finger21" name="Bip001_L_Finger21">
                                <matrix>0.8477591 -0.5303818 7.45058e-9 0.07148433 0.5303818 0.8477591 0 -8.9407e-8 -2.23517e-8 -9.12696e-8 1 0 0 0 0 1</matrix>
                                <node id="node-Bip001_L_Finger22" name="Bip001_L_Finger22">
                                  <matrix>0.8033118 -0.5955587 -7.45058e-9 0.05113894 0.5955588 0.8033118 7.45058e-9 -2.98023e-8 1.49012e-8 2.98023e-8 0.9999999 -5.96046e-8 0 0 0 1</matrix>
                                </node>
                              </node>
                            </node>
                          </node>
                        </node>
                        <node id="node-Bip001_L_ForeTwist" name="Bip001_L_ForeTwist">
                          <matrix sid="matrix">-0.4370701 0.808164 0.3947667 0.4297334 -0.8994274 -0.3927212 -0.1918339 2.98023e-8 1.86265e-9 -0.4389089 0.8985316 2.98023e-8 0 0 0 1</matrix>
                          <node id="node-Bip001_L_ForeTwist1" name="Bip001_L_ForeTwist1">
                            <matrix sid="matrix">0.9999999 0 0 0.1887196 0 0.8985315 0.4389089 5.96046e-8 2.42144e-8 -0.4389088 0.8985316 -2.98023e-8 0 0 0 1</matrix>
                          </node>
                        </node>
                      </node>
                      <node id="node-Bip001_LUpArmTwist" name="Bip001_LUpArmTwist">
                        <matrix sid="matrix">0.4267665 -0.6878167 0.5871786 0.0796662 -0.05958241 0.6264788 0.7771578 1.19209e-7 -0.9023967 -0.3666505 0.2263784 1.19209e-7 0 0 0 1</matrix>
                        <node id="node-Bip001_LUpArmTwist1" name="Bip001_LUpArmTwist1">
                          <matrix>1 -2.98023e-8 0 0.2148666 0 1 -7.45058e-9 0 -1.49012e-8 0 1 2.98023e-8 0 0 0 1</matrix>
                        </node>
                      </node>
                    </node>
                    <node id="node-Bip001_R_Clavicle" name="Bip001_R_Clavicle">
                      <matrix>-0.4125288 -0.1381767 -0.9004036 -0.04935789 0.6517028 -0.7353823 -0.1857317 0.002242088 -0.6364772 -0.6634154 0.3934166 -0.01573151 0 0 0 1</matrix>
                      <node id="node-Bip001_R_UpperArm" name="Bip001_R_UpperArm">
                        <matrix sid="matrix">0.8224009 0.09044096 -0.5616733 0.0796662 -0.3879516 0.8112766 -0.4374058 0 0.4161129 0.5776251 0.7022814 5.96046e-8 0 0 0 1</matrix>
                        <node id="node-Bip001_R_Forearm" name="Bip001_R_Forearm">
                          <matrix sid="matrix">-0.6050363 0.796198 0 0.4297335 -0.796198 -0.6050363 7.45058e-9 5.96046e-8 3.72529e-9 -2.98023e-8 1 0 0 0 0 1</matrix>
                          <node id="node-Bip001_R_Hand" name="Bip001_R_Hand">
                            <matrix sid="matrix">0.9183453 0.3509018 0.1830565 0.3774393 0.2237799 -0.07887761 -0.9714425 5.96046e-8 -0.3264419 0.9330842 -0.1509617 0 0 0 0 1</matrix>
                            <node id="node-Bip001_R_Finger0" name="Bip001_R_Finger0">
                              <matrix>0.6486483 0.5772245 -0.4960517 0.03908235 0.667616 -0.1185831 0.7350015 0.01738539 0.3654375 -0.8079294 -0.462283 0.04049927 0 0 0 1</matrix>
                              <node id="node-Bip001_R_Finger01" name="Bip001_R_Finger01">
                                <matrix>0.6155394 -0.7881062 -2.98023e-8 0.1027657 0.7881061 0.6155393 -2.98023e-8 2.98023e-8 -2.98023e-8 2.98023e-8 1 0 0 0 0 1</matrix>
                                <node id="node-Bip001_R_Finger02" name="Bip001_R_Finger02">
                                  <matrix>0.152335 -0.9883289 1.49012e-8 0.05252486 0.9883291 0.1523349 -2.98023e-8 0 0 2.98023e-8 0.9999999 0 0 0 0 1</matrix>
                                </node>
                              </node>
                            </node>
                            <node id="node-Bip001_R_Finger1" name="Bip001_R_Finger1">
                              <matrix>0.7109717 -0.6323431 -0.3076713 0.1458857 0.6327782 0.766136 -0.1123713 -1.52886e-5 0.3067753 -0.1147949 0.9448339 0.01919669 0 0 0 1</matrix>
                              <node id="node-Bip001_R_Finger11" name="Bip001_R_Finger11">
                                <matrix>-0.6406225 -0.7678562 -2.98023e-8 0.08578134 0.7678561 -0.6406226 1.49012e-8 -5.96046e-8 0 1.49012e-8 1 0 0 0 0 1</matrix>
                                <node id="node-Bip001_R_Finger12" name="Bip001_R_Finger12">
                                  <matrix>0.8432422 -0.5375335 0 0.05549788 0.5375336 0.8432422 0 -1.49012e-8 -2.98023e-8 0 0.9999999 5.96046e-8 0 0 0 1</matrix>
                                </node>
                              </node>
                            </node>
                            <node id="node-Bip001_R_Finger2" name="Bip001_R_Finger2">
                              <matrix>0.2634968 -0.9557804 0.1305896 0.1437581 0.9628297 0.2522402 -0.09661078 0.003213406 0.05939874 0.1511922 0.9867182 -0.02870393 0 0 0 1</matrix>
                              <node id="node-Bip001_R_Finger21" name="Bip001_R_Finger21">
                                <matrix>-0.03544472 -0.9993717 -3.72529e-9 0.07148436 0.9993716 -0.03544476 1.49012e-8 0 -1.49012e-8 -3.72529e-9 1 0 0 0 0 1</matrix>
                                <node id="node-Bip001_R_Finger22" name="Bip001_R_Finger22">
                                  <matrix>0.7483485 -0.6633058 1.49012e-8 0.05113888 0.6633058 0.7483485 0 -2.98023e-8 7.45058e-9 0 1 0 0 0 0 1</matrix>
                                </node>
                              </node>
                            </node>
                            <node id="node-mount0" name="mount0">
                              <matrix>-2.96131e-9 1 5.37373e-7 0.1088288 -1 -3.01887e-7 -1.56462e-7 0.03070413 1.56462e-7 -4.4331e-7 0.9999998 0.01333499 0 0 0 1</matrix>
                            </node>
                          </node>
                        </node>
                        <node id="node-Bip001_R_ForeTwist" name="Bip001_R_ForeTwist">
                          <matrix sid="matrix">-0.6050363 0.7951469 -0.04089768 0.4297335 -0.796198 -0.6042376 0.03107842 5.96046e-8 3.72529e-9 0.05136618 0.99868 0 0 0 0 1</matrix>
                          <node id="node-Bip001_R_ForeTwist1" name="Bip001_R_ForeTwist1">
                            <matrix sid="matrix">0.9999999 1.49012e-8 -3.44589e-8 0.1887197 0 0.9986798 -0.0513662 5.96046e-8 2.98023e-8 0.05136618 0.9986798 0 0 0 0 1</matrix>
                          </node>
                        </node>
                      </node>
                      <node id="node-Bip001_RUpArmTwist" name="Bip001_RUpArmTwist">
                        <matrix sid="matrix">0.8224009 0.09044096 -0.5616733 0.0796662 -0.3879516 0.8112766 -0.4374058 0 0.4161129 0.5776251 0.7022814 5.96046e-8 0 0 0 1</matrix>
                        <node id="node-Bip001_RUpArmTwist1" name="Bip001_RUpArmTwist1">
                          <matrix>1 0 0 0.2148668 0 1 7.45058e-9 2.98023e-8 -1.49012e-8 0 1 0 0 0 0 1</matrix>
                        </node>
                      </node>
                    </node>
                  </node>
                </node>
              </node>
            </node>
            <node id="node-Bip001_L_Thigh" name="Bip001_L_Thigh">
              <matrix sid="matrix">-0.5047786 0.8628638 -0.0257753 -0.08190787 0.7449511 0.4504974 0.4920365 0.01268601 0.4361721 0.2291682 -0.8701929 0.08018947 0 0 0 1</matrix>
              <node id="node-Bip001_L_Calf" name="Bip001_L_Calf">
                <matrix sid="matrix">0.1985102 0.980099 -1.49012e-8 0.4541689 -0.9800988 0.1985102 1.49012e-8 0 2.98023e-8 -1.19209e-7 1 0 0 0 0 1</matrix>
                <node id="node-Bip001_L_HorseLink" name="Bip001_L_HorseLink">
                  <matrix sid="matrix">0.04062673 -0.9991745 -1.49012e-8 0.3208733 0.9991746 0.0406267 7.45058e-9 1.49012e-8 7.45058e-8 7.45058e-8 1 0 0 0 0 1</matrix>
                  <node id="node-Bip001_L_Foot" name="Bip001_L_Foot">
                    <matrix sid="matrix">0.5615731 0.8269241 0.02884048 0.36176 -0.7930818 0.527998 0.3037093 2.98023e-8 0.2359167 -0.1934279 0.9523281 0 0 0 0 1</matrix>
                    <node id="node-Bip001_L_Toe0" name="Bip001_L_Toe0">
                      <matrix>-0.2454681 -0.9694049 5.17337e-8 0.08654235 0.9569955 -0.2423258 0.1594924 0.1234713 -0.1546127 0.03915035 0.9871992 -0.02420595 0 0 0 1</matrix>
                      <node id="node-Bip001_L_Toe01" name="Bip001_L_Toe01">
                        <matrix>0.9623386 0.2718535 -1.49777e-8 0.04576612 -0.2718536 0.9623386 -2.34661e-9 -1.49012e-8 3.1748e-8 7.8843e-9 0.9999999 -1.49012e-8 0 0 0 1</matrix>
                        <node id="node-Bip001_L_Toe02" name="Bip001_L_Toe02">
                          <matrix>0.9133545 0.4071655 -1.60486e-9 0.0318737 -0.4071655 0.9133545 -1.71667e-11 3.72529e-9 -3.11583e-8 3.00236e-9 1 0 0 0 0 1</matrix>
                        </node>
                      </node>
                    </node>
                    <node id="node-Bip001_L_Toe1" name="Bip001_L_Toe1">
                      <matrix>-0.2402829 -0.9707029 1.09983e-7 0.09280639 0.9404519 -0.2327948 -0.2477028 0.1308167 0.2404459 -0.05951866 0.9688361 0.03696457 0 0 0 1</matrix>
                      <node id="node-Bip001_L_Toe11" name="Bip001_L_Toe11">
                        <matrix>0.9830521 0.1833258 -1.61435e-11 0.043706 -0.1833258 0.9830521 1.01963e-11 1.49012e-8 -4.88116e-11 8.01492e-12 1 -5.96046e-8 0 0 0 1</matrix>
                        <node id="node-Bip001_L_Toe12" name="Bip001_L_Toe12">
                          <matrix>0.9040335 0.4274615 2.49708e-10 0.03796011 -0.4274615 0.9040335 -2.06128e-11 -3.72529e-9 2.46075e-10 -2.24674e-10 1 2.98023e-8 0 0 0 1</matrix>
                        </node>
                      </node>
                    </node>
                    <node id="node-Bip001_L_Toe2" name="Bip001_L_Toe2">
                      <matrix>0.04881953 -0.8895264 0.454268 0.06798328 0.1495167 -0.4431772 -0.8838772 0.002804041 0.9875534 0.1110711 0.1113633 0.04295148 0 0 0 1</matrix>
                      <node id="node-Bip001_L_Toe21" name="Bip001_L_Toe21">
                        <matrix>1 -1.86265e-8 9.31323e-9 0.01451741 -3.72529e-9 0.9999999 5.96046e-8 2.98023e-8 -1.86265e-9 2.98023e-8 0.9999999 2.98023e-8 0 0 0 1</matrix>
                        <node id="node-Bip001_L_Toe22" name="Bip001_L_Toe22">
                          <matrix>0.5236049 0.8519611 9.31323e-9 0.03369503 -0.8519612 0.5236049 5.96046e-8 -2.98023e-8 -5.96046e-8 -2.98023e-8 0.9999999 0 0 0 0 1</matrix>
                        </node>
                      </node>
                    </node>
                  </node>
                </node>
              </node>
            </node>
            <node id="node-Bip001_R_Thigh" name="Bip001_R_Thigh">
              <matrix sid="matrix">-0.7638835 0.3272589 0.5562223 -0.113193 0.3475865 0.9348283 -0.07266036 -1.88619e-4 -0.5437512 0.1378314 -0.8278508 -0.0611746 0 0 0 1</matrix>
              <node id="node-Bip001_R_Calf" name="Bip001_R_Calf">
                <matrix sid="matrix">0.07075926 0.9974934 0 0.454169 -0.9974935 0.07075929 2.79397e-9 -1.76951e-8 -1.08033e-7 5.96046e-8 1 2.98023e-8 0 0 0 1</matrix>
                <node id="node-Bip001_R_HorseLink" name="Bip001_R_HorseLink">
                  <matrix sid="matrix">0.1141477 -0.9934639 0 0.3208733 0.9934638 0.1141477 2.98023e-8 1.49012e-8 -1.49012e-7 -1.24797e-7 1 2.98023e-8 0 0 0 1</matrix>
                  <node id="node-Bip001_R_Foot" name="Bip001_R_Foot">
                    <matrix sid="matrix">0.8694354 0.2156189 0.4445119 0.36176 0.008150463 0.8933541 -0.4492798 0 -0.4939794 0.3942429 0.7749561 0 0 0 0 1</matrix>
                    <node id="node-Bip001_R_Toe0" name="Bip001_R_Toe0">
                      <matrix>-0.2454687 -0.9694045 3.20496e-7 0.08654235 0.9569951 -0.2423265 -0.159494 0.1234713 0.1546143 -0.03915051 0.9871989 0.02420604 0 0 0 1</matrix>
                      <node id="node-Bip001_R_Toe01" name="Bip001_R_Toe01">
                        <matrix>0.9623386 0.2718535 2.68146e-8 0.04576601 -0.2718535 0.9623385 3.10185e-9 1.11759e-8 5.98081e-8 5.59072e-9 1 -5.96046e-8 0 0 0 1</matrix>
                        <node id="node-Bip001_R_Toe02" name="Bip001_R_Toe02">
                          <matrix>0.9133543 0.4071654 3.01348e-8 0.03187379 -0.4071654 0.9133543 -5.9976e-11 0 3.42276e-8 -9.23948e-9 1 0 0 0 0 1</matrix>
                        </node>
                      </node>
                    </node>
                    <node id="node-Bip001_R_Toe1" name="Bip001_R_Toe1">
                      <matrix>-0.240284 -0.9707026 -2.83231e-7 0.09280639 0.9404516 -0.2327958 0.2477035 0.1308167 -0.2404465 0.05951893 0.9688359 -0.03696448 0 0 0 1</matrix>
                      <node id="node-Bip001_R_Toe11" name="Bip001_R_Toe11">
                        <matrix>0.9830521 0.1833259 2.378e-8 0.04370604 -0.1833258 0.9830522 -7.90507e-10 -7.45058e-9 -2.32917e-8 -1.13657e-8 1 0 0 0 0 1</matrix>
                        <node id="node-Bip001_R_Toe12" name="Bip001_R_Toe12">
                          <matrix>0.9040335 0.4274615 3.55677e-8 0.03796015 -0.4274614 0.9040335 7.81952e-11 1.86265e-9 1.29217e-8 -3.47233e-9 0.9999999 0 0 0 0 1</matrix>
                        </node>
                      </node>
                    </node>
                    <node id="node-Bip001_R_Toe2" name="Bip001_R_Toe2">
                      <matrix>0.04881938 -0.8895261 -0.4542687 0.06798327 0.1495171 -0.4431777 0.8838767 0.002803974 -0.9875532 -0.1110713 0.1113638 -0.04295146 0 0 0 1</matrix>
                      <node id="node-Bip001_R_Toe21" name="Bip001_R_Toe21">
                        <matrix>1 0 -3.72529e-9 0.01451743 1.11759e-8 0.9999999 -2.98023e-8 -2.6077e-8 2.23517e-8 0 1 4.28408e-8 0 0 0 1</matrix>
                        <node id="node-Bip001_R_Toe22" name="Bip001_R_Toe22">
                          <matrix>0.5236049 0.8519613 -3.72529e-9 0.03369504 -0.8519612 0.5236048 -2.98023e-8 -1.86265e-9 5.96046e-8 1.04308e-7 1 -1.49012e-8 0 0 0 1</matrix>
                        </node>
                      </node>
                    </node>
                  </node>
                </node>
              </node>
            </node>
          </node>
        </node>
      </node>
      <node id="node-Bounds" name="Bounds">
        <matrix>1 0 0 0 0 1 0 0.411981 0 0 1 0 0 0 0 1</matrix>
        <instance_geometry url="#geom-Bounds">
          <bind_material>
            <technique_common>
              <instance_material symbol="ColorMaterial" target="#ColorEffectR88G199B225-material"/>
            </technique_common>
          </bind_material>
        </instance_geometry>
      </node>
      <node id="node-EYE" name="EYE">
        <matrix sid="matrix">-1 -7.64274e-15 -8.74228e-8 4.09043e-8 0 -1 8.74228e-8 0.411981 -8.74228e-8 8.74228e-8 1 1.6 0 0 0 1</matrix>
      </node>
      <node id="node-CAM" name="CAM">
        <matrix>0.9999996 -3.01991e-7 0 0 3.01991e-7 0.9999996 -1.77636e-15 -0.009719968 0 1.77636e-15 1 1.928079 0 0 0 1</matrix>
      </node>
    </visual_scene>
  </library_visual_scenes>
  <library_animations>
    <animation>
      <source id="node-Bip001_matrix-input">
        <float_array id="node-Bip001_matrix-input-array" count="90">0.3333333 0.3666667 0.4 0.4333333 0.4666667 0.5 0.5333334 0.5666667 0.6 0.6333333 0.6666667 0.7 0.7333333 0.7666667 0.8 0.8333333 0.8666667 0.9 0.9333333 0.9666666 1 1.033333 1.066667 1.1 1.133333 1.166667 1.2 1.233333 1.266667 1.3 1.333333 1.366667 1.4 1.433333 1.466667 1.5 1.533333 1.566667 1.6 1.633333 1.666667 1.7 1.733333 1.766667 1.8 1.833333 1.866667 1.9 1.933333 1.966667 2 2.033333 2.066667 2.1 2.133333 2.166667 2.2 2.233333 2.266667 2.3 2.333333 2.366667 2.4 2.433333 2.466667 2.5 2.533333 2.566667 2.6 2.633333 2.666667 2.7 2.733333 2.766667 2.8 2.833333 2.866667 2.9 2.933333 2.966667 3 3.033333 3.066667 3.1 3.133333 3.166667 3.2 3.233333 3.266667 3.3</float_array>
        <technique_common>
          <accessor source="#node-Bip001_matrix-input-array" count="90" stride="1">
            <param name="TIME" type="float"/>
          </accessor>
        </technique_common>
      </source>
      <source id="node-Bip001_matrix-output">
        <float_array id="node-Bip001_matrix-output-array" count="1440">0.4908427 -0.8335543 0.253497 0 0.8299861 0.5358466 0.1548918 0 -0.2649463 0.1343715 0.9548549 0.8529337 0 0 0 1 0.4909435 -0.8334786 0.2535505 0 0.8299021 0.5359666 0.1549265 0 -0.2650226 0.1343619 0.954835 0.8533846 0 0 0 1 0.4910277 -0.8334155 0.2535951 0 0.829832 0.5360668 0.1549555 0 -0.2650862 0.1343538 0.9548185 0.8538139 0 0 0 1 0.4910961 -0.8333641 0.2536314 0 0.829775 0.5361483 0.1549791 0 -0.265138 0.1343473 0.954805 0.8542219 0 0 0 1 0.4911502 -0.8333235 0.2536601 0 0.8297299 0.5362127 0.1549977 0 -0.265179 0.1343421 0.9547944 0.8546091 0 0 0 1 0.4911909 -0.833293 0.2536817 0 0.8296959 0.5362612 0.1550117 0 -0.2652098 0.1343383 0.9547864 0.8549757 0 0 0 1 0.4912195 -0.8332715 0.2536968 0 0.8296721 0.5362953 0.1550215 0 -0.2652314 0.1343355 0.9547808 0.855322 0 0 0 1 0.4912369 -0.8332584 0.253706 0 0.8296576 0.536316 0.1550275 0 -0.2652446 0.1343339 0.9547773 0.8556482 0 0 0 1 0.4912442 -0.8332529 0.25371 0 0.8296515 0.5363247 0.1550301 0 -0.2652502 0.1343332 0.9547758 0.8559548 0 0 0 1 0.4912427 -0.833254 0.2537092 0 0.8296527 0.536323 0.1550295 0 -0.2652491 0.1343334 0.9547761 0.856242 0 0 0 1 0.4912333 -0.8332611 0.2537043 0 0.8296605 0.5363118 0.1550263 0 -0.265242 0.1343343 0.954778 0.8565099 0 0 0 1 0.491217 -0.8332732 0.2536957 0 0.8296741 0.5362924 0.1550207 0 -0.2652297 0.1343359 0.9547812 0.8567589 0 0 0 1 0.4911949 -0.8332899 0.2536839 0 0.8296926 0.536266 0.155013 0 -0.2652129 0.134338 0.9547855 0.856989 0 0 0 1 0.4911679 -0.8333101 0.2536697 0 0.829715 0.5362339 0.1550037 0 -0.2651925 0.1343406 0.9547908 0.8572006 0 0 0 1 0.4911373 -0.8333332 0.2536534 0 0.8297406 0.5361974 0.1549932 0 -0.2651693 0.1343435 0.9547969 0.8573938 0 0 0 1 0.4911037 -0.8333583 0.2536357 0 0.8297685 0.5361575 0.1549816 0 -0.2651439 0.1343468 0.9548035 0.8575688 0 0 0 1 0.4910684 -0.8333848 0.2536169 0 0.8297979 0.5361155 0.1549695 0 -0.2651172 0.1343502 0.9548104 0.8577256 0 0 0 1 0.4910324 -0.8334118 0.2535979 0 0.8298279 0.5360726 0.1549571 0 -0.2650901 0.1343536 0.9548175 0.8578645 0 0 0 1 0.4909967 -0.8334386 0.253579 0 0.8298577 0.5360301 0.1549448 0 -0.2650631 0.134357 0.9548245 0.8579856 0 0 0 1 0.4909623 -0.8334645 0.2535609 0 0.8298864 0.5359892 0.154933 0 -0.2650371 0.1343604 0.9548312 0.858089 0 0 0 1 0.4909304 -0.8334884 0.2535439 0 0.829913 0.5359511 0.154922 0 -0.2650128 0.1343634 0.9548375 0.8581748 0 0 0 1 0.4909018 -0.8335099 0.2535287 0 0.8299368 0.5359171 0.1549121 0 -0.2649912 0.1343662 0.9548431 0.8582431 0 0 0 1 0.4908776 -0.833528 0.253516 0 0.829957 0.5358883 0.1549038 0 -0.2649729 0.1343684 0.9548479 0.858294 0 0 0 1 0.4908588 -0.8335421 0.2535061 0 0.8299726 0.535866 0.1548975 0 -0.2649589 0.1343703 0.9548515 0.8583275 0 0 0 1 0.4908471 -0.8335509 0.2534998 0 0.8299823 0.535852 0.1548933 0 -0.2649499 0.1343713 0.9548538 0.8583436 0 0 0 1 0.4908428 -0.833554 0.2534976 0 0.8299859 0.5358468 0.1548919 0 -0.2649466 0.1343718 0.9548547 0.8583425 0 0 0 1 0.4908428 -0.833554 0.2534976 0 0.8299859 0.5358468 0.1548919 0 -0.2649466 0.1343718 0.9548547 0.858301 0 0 0 1 0.4908428 -0.8335541 0.2534976 0 0.8299859 0.535847 0.1548919 0 -0.2649467 0.1343718 0.9548547 0.8581902 0 0 0 1 0.4908428 -0.8335541 0.2534976 0 0.8299859 0.535847 0.1548919 0 -0.2649467 0.1343718 0.9548547 0.8580146 0 0 0 1 0.4908428 -0.8335541 0.2534976 0 0.8299859 0.535847 0.1548919 0 -0.2649467 0.1343718 0.9548547 0.8577781 0 0 0 1 0.4908428 -0.8335541 0.2534976 0 0.8299859 0.535847 0.1548919 0 -0.2649467 0.1343718 0.9548547 0.8574847 0 0 0 1 0.4908428 -0.8335541 0.2534976 0 0.8299859 0.535847 0.1548919 0 -0.2649467 0.1343718 0.9548547 0.8571386 0 0 0 1 0.4908429 -0.833554 0.2534976 0 0.8299859 0.535847 0.154892 0 -0.2649468 0.1343718 0.9548547 0.8567436 0 0 0 1 0.4908429 -0.833554 0.2534976 0 0.8299859 0.535847 0.154892 0 -0.2649468 0.1343718 0.9548547 0.8563038 0 0 0 1 0.4908429 -0.833554 0.2534977 0 0.8299858 0.5358471 0.154892 0 -0.2649468 0.1343718 0.9548547 0.8558229 0 0 0 1 0.4908429 -0.833554 0.2534977 0 0.8299858 0.5358471 0.154892 0 -0.2649468 0.1343718 0.9548547 0.8553048 0 0 0 1 0.4908429 -0.833554 0.2534976 0 0.8299858 0.5358471 0.154892 0 -0.2649468 0.1343718 0.9548547 0.8547533 0 0 0 1 0.4908431 -0.8335539 0.2534976 0 0.8299857 0.5358472 0.154892 0 -0.2649468 0.1343717 0.9548547 0.8541723 0 0 0 1 0.4908431 -0.8335539 0.2534976 0 0.8299857 0.5358472 0.154892 0 -0.2649468 0.1343717 0.9548547 0.8535655 0 0 0 1 0.4908431 -0.8335539 0.2534976 0 0.8299857 0.5358472 0.154892 0 -0.2649468 0.1343717 0.9548547 0.8529366 0 0 0 1 0.4908431 -0.8335538 0.2534977 0 0.8299856 0.5358473 0.154892 0 -0.2649469 0.1343717 0.9548547 0.8522893 0 0 0 1 0.4908431 -0.8335538 0.2534977 0 0.8299856 0.5358473 0.154892 0 -0.2649469 0.1343717 0.9548547 0.8516275 0 0 0 1 0.4908432 -0.8335538 0.2534977 0 0.8299856 0.5358474 0.154892 0 -0.2649469 0.1343716 0.9548547 0.8509547 0 0 0 1 0.4908433 -0.8335537 0.2534976 0 0.8299856 0.5358474 0.154892 0 -0.2649469 0.1343716 0.9548547 0.8502746 0 0 0 1 0.4908433 -0.8335537 0.2534976 0 0.8299856 0.5358474 0.154892 0 -0.2649469 0.1343716 0.9548547 0.849591 0 0 0 1 0.4908433 -0.8335537 0.2534977 0 0.8299856 0.5358474 0.154892 0 -0.2649469 0.1343716 0.9548547 0.8489074 0 0 0 1 0.4908433 -0.8335537 0.2534977 0 0.8299856 0.5358474 0.154892 0 -0.2649469 0.1343716 0.9548547 0.8482277 0 0 0 1 0.4908434 -0.8335537 0.2534977 0 0.8299855 0.5358475 0.1548921 0 -0.2649469 0.1343716 0.9548546 0.8475555 0 0 0 1 0.4908434 -0.8335537 0.2534977 0 0.8299855 0.5358475 0.1548921 0 -0.264947 0.1343716 0.9548546 0.8468944 0 0 0 1 0.4908434 -0.8335537 0.2534977 0 0.8299855 0.5358475 0.1548921 0 -0.264947 0.1343716 0.9548546 0.8462482 0 0 0 1 0.4908434 -0.8335536 0.2534977 0 0.8299854 0.5358476 0.1548921 0 -0.264947 0.1343716 0.9548546 0.8456205 0 0 0 1 0.4908434 -0.8335536 0.2534977 0 0.8299854 0.5358476 0.1548921 0 -0.264947 0.1343716 0.9548546 0.8450151 0 0 0 1 0.4908435 -0.8335536 0.2534977 0 0.8299854 0.5358477 0.1548921 0 -0.264947 0.1343715 0.9548546 0.8444358 0 0 0 1 0.4908435 -0.8335536 0.2534977 0 0.8299854 0.5358477 0.1548921 0 -0.264947 0.1343715 0.9548546 0.8438863 0 0 0 1 0.4908435 -0.8335536 0.2534977 0 0.8299854 0.5358477 0.1548921 0 -0.264947 0.1343715 0.9548546 0.8433703 0 0 0 1 0.4908435 -0.8335536 0.2534977 0 0.8299854 0.5358477 0.1548922 0 -0.2649471 0.1343715 0.9548546 0.8428918 0 0 0 1 0.4908435 -0.8335536 0.2534977 0 0.8299854 0.5358477 0.1548922 0 -0.2649471 0.1343715 0.9548546 0.8424546 0 0 0 1 0.4908435 -0.8335536 0.2534977 0 0.8299854 0.5358477 0.1548922 0 -0.2649471 0.1343715 0.9548546 0.8420624 0 0 0 1 0.4908435 -0.8335536 0.2534977 0 0.8299854 0.5358477 0.1548922 0 -0.2649471 0.1343715 0.9548546 0.8417193 0 0 0 1 0.4908435 -0.8335536 0.2534977 0 0.8299854 0.5358477 0.1548922 0 -0.2649471 0.1343715 0.9548546 0.8414293 0 0 0 1 0.4908435 -0.8335536 0.2534977 0 0.8299854 0.5358477 0.1548922 0 -0.2649471 0.1343715 0.9548546 0.8411963 0 0 0 1 0.4908435 -0.8335536 0.2534977 0 0.8299854 0.5358477 0.1548922 0 -0.2649471 0.1343715 0.9548546 0.8410244 0 0 0 1 0.4908435 -0.8335536 0.2534977 0 0.8299854 0.5358477 0.1548922 0 -0.2649471 0.1343715 0.9548546 0.8409177 0 0 0 1 0.4908435 -0.8335536 0.2534977 0 0.8299854 0.5358477 0.1548922 0 -0.2649471 0.1343715 0.9548546 0.8408802 0 0 0 1 0.4908435 -0.8335536 0.2534977 0 0.8299854 0.5358477 0.1548922 0 -0.2649471 0.1343715 0.9548546 0.8409105 0 0 0 1 0.4908435 -0.8335536 0.2534977 0 0.8299854 0.5358477 0.1548922 0 -0.2649471 0.1343715 0.9548546 0.8409962 0 0 0 1 0.4908435 -0.8335536 0.2534977 0 0.8299854 0.5358477 0.1548922 0 -0.2649471 0.1343715 0.9548546 0.8411341 0 0 0 1 0.4908435 -0.8335536 0.2534977 0 0.8299854 0.5358477 0.1548921 0 -0.2649471 0.1343715 0.9548546 0.8413213 0 0 0 1 0.4908435 -0.8335536 0.2534977 0 0.8299854 0.5358477 0.1548921 0 -0.264947 0.1343715 0.9548546 0.8415548 0 0 0 1 0.4908434 -0.8335536 0.2534976 0 0.8299854 0.5358476 0.1548921 0 -0.2649469 0.1343715 0.9548546 0.8418319 0 0 0 1 0.4908434 -0.8335537 0.2534976 0 0.8299855 0.5358475 0.1548921 0 -0.2649469 0.1343715 0.9548547 0.8421494 0 0 0 1 0.4908433 -0.8335537 0.2534976 0 0.8299856 0.5358474 0.154892 0 -0.2649469 0.1343715 0.9548547 0.8425049 0 0 0 1 0.4908433 -0.8335538 0.2534976 0 0.8299856 0.5358474 0.154892 0 -0.2649468 0.1343716 0.9548547 0.8428955 0 0 0 1 0.4908431 -0.8335539 0.2534975 0 0.8299857 0.5358472 0.154892 0 -0.2649468 0.1343715 0.9548547 0.8433184 0 0 0 1 0.4908431 -0.8335539 0.2534974 0 0.8299857 0.5358472 0.154892 0 -0.2649467 0.1343716 0.9548547 0.843771 0 0 0 1 0.4908429 -0.833554 0.2534974 0 0.8299859 0.535847 0.154892 0 -0.2649467 0.1343716 0.9548547 0.8442507 0 0 0 1 0.4908429 -0.8335541 0.2534974 0 0.8299859 0.535847 0.1548919 0 -0.2649466 0.1343716 0.9548547 0.8447548 0 0 0 1 0.4908428 -0.8335541 0.2534973 0 0.8299859 0.5358468 0.1548919 0 -0.2649465 0.1343716 0.9548547 0.8452808 0 0 0 1 0.4908428 -0.8335541 0.2534973 0 0.8299859 0.5358468 0.1548919 0 -0.2649465 0.1343716 0.9548548 0.8458261 0 0 0 1 0.4908427 -0.8335543 0.2534973 0 0.8299861 0.5358466 0.1548919 0 -0.2649464 0.1343716 0.9548548 0.8463881 0 0 0 1 0.4908425 -0.8335544 0.2534973 0 0.8299862 0.5358465 0.1548919 0 -0.2649464 0.1343716 0.9548548 0.8469641 0 0 0 1 0.4908425 -0.8335544 0.2534971 0 0.8299862 0.5358465 0.1548918 0 -0.2649463 0.1343716 0.9548548 0.8475517 0 0 0 1 0.4908425 -0.8335544 0.2534971 0 0.8299862 0.5358464 0.1548917 0 -0.2649462 0.1343716 0.9548549 0.8481484 0 0 0 1 0.4908424 -0.8335545 0.2534971 0 0.8299863 0.5358463 0.1548918 0 -0.2649462 0.1343716 0.9548549 0.8487514 0 0 0 1 0.4908422 -0.8335546 0.2534971 0 0.8299864 0.5358462 0.1548917 0 -0.2649462 0.1343716 0.9548549 0.8493583 0 0 0 1 0.4908423 -0.8335546 0.253497 0 0.8299864 0.5358462 0.1548917 0 -0.2649461 0.1343716 0.9548549 0.8499665 0 0 0 1 0.4908421 -0.8335546 0.253497 0 0.8299866 0.535846 0.1548917 0 -0.2649461 0.1343717 0.9548549 0.8505733 0 0 0 1 0.4908421 -0.8335546 0.253497 0 0.8299866 0.535846 0.1548917 0 -0.2649461 0.1343717 0.9548549 0.8511761 0 0 0 1 0.4908421 -0.8335546 0.253497 0 0.8299866 0.535846 0.1548917 0 -0.2649461 0.1343716 0.9548549 0.8517722 0 0 0 1 0.4908421 -0.8335546 0.253497 0 0.8299866 0.535846 0.1548917 0 -0.2649461 0.1343716 0.9548549 0.852359 0 0 0 1</float_array>
        <technique_common>
          <accessor source="#node-Bip001_matrix-output-array" count="90" stride="16">
            <param name="TRANSFORM" type="float4x4"/>
          </accessor>
        </technique_common>
      </source>
      <source id="node-Bip001_matrix-interpolation">
        <Name_array id="node-Bip001_matrix-interpolation-array" count="90">LINEAR LINEAR LINEAR LINEAR LINEAR LINEAR LINEAR LINEAR LINEAR LINEAR LINEAR LINEAR LINEAR LINEAR LINEAR LINEAR LINEAR LINEAR LINEAR LINEAR LINEAR LINEAR LINEAR LINEAR LINEAR LINEAR LINEAR LINEAR LINEAR LINEAR LINEAR LINEAR LINEAR LINEAR LINEAR LINEAR LINEAR LINEAR LINEAR LINEAR LINEAR LINEAR LINEAR LINEAR LINEAR LINEAR LINEAR LINEAR LINEAR LINEAR LINEAR LINEAR LINEAR LINEAR LINEAR LINEAR LINEAR LINEAR LINEAR LINEAR LINEAR LINEAR LINEAR LINEAR LINEAR LINEAR LINEAR LINEAR LINEAR LINEAR LINEAR LINEAR LINEAR LINEAR LINEAR LINEAR LINEAR LINEAR LINEAR LINEAR LINEAR LINEAR LINEAR LINEAR LINEAR LINEAR LINEAR LINEAR LINEAR LINEAR</Name_array>
        <technique_common>
          <accessor source="#node-Bip001_matrix-interpolation-array" count="90" stride="1">
            <param name="INTERPOLATION" type="name"/>
          </accessor>
        </technique_common>
      </source>
      <source id="node-Bip001_Head_matrix-input">
        <float_array id="node-Bip001_Head_matrix-input-array" count="90">0.3333333 0.3666667 0.4 0.4333333 0.4666667 0.5 0.5333334 0.5666667 0.6 0.6333333 0.6666667 0.7 0.7333333 0.7666667 0.8 0.8333333 0.8666667 0.9 0.9333333 0.9666666 1 1.033333 1.066667 1.1 1.133333 1.166667 1.2 1.233333 1.266667 1.3 1.333333 1.366667 1.4 1.433333 1.466667 1.5 1.533333 1.566667 1.6 1.633333 1.666667 1.7 1.733333 1.766667 1.8 1.833333 1.866667 1.9 1.933333 1.966667 2 2.033333 2.066667 2.1 2.133333 2.166667 2.2 2.233333 2.266667 2.3 2.333333 2.366667 2.4 2.433333 2.466667 2.5 2.533333 2.566667 2.6 2.633333 2.666667 2.7 2.733333 2.766667 2.8 2.833333 2.866667 2.9 2.933333 2.966667 3 3.033333 3.066667 3.1 3.133333 3.166667 3.2 3.233333 3.266667 3.3</float_array>
        <technique_common>
          <accessor source="#node-Bip001_Head_matrix-input-array" count="90" stride="1">
            <param name="TIME" type="float"/>
          </accessor>
        </technique_common>
      </source>
      <source id="node-Bip001_Head_matrix-output">
