<?xml version="1.0" encoding="utf-8"?>
<COLLADA xmlns="http://www.collada.org/2005/11/COLLADASchema" version="1.4.1">
  <asset>
    <contributor>
      <author>MattO</author>
      <authoring_tool>OpenCOLLADA for 3ds Max;  Version: 1.3.0;  Revision: 839M;  Platform: x64;  Configuration: Release_Max2012</authoring_tool>
      <source_data>file:///C:/Dropbox/Prj/GGStout/Kral/Mantis_TP_Kral_Animation_Master.max</source_data>
    </contributor>
    <created>2011-10-24T16:55:26</created>
    <modified>2011-10-24T16:55:26</modified>
    <unit name="meter" meter="1"/>
    <up_axis>Z_UP</up_axis>
  </asset>
  <library_effects>
    <effect id="ColorEffectR88G199B225">
      <profile_COMMON>
        <technique sid="common">
          <phong>
            <ambient>
              <color>0.345098 0.7803922 0.8823529 1</color>
            </ambient>
            <diffuse>
              <color>0.345098 0.7803922 0.8823529 1</color>
            </diffuse>
            <specular>
              <color>1 1 1 1</color>
            </specular>
            <shininess>
              <float>10</float>
            </shininess>
            <reflective>
              <color>0 0 0 1</color>
            </reflective>
            <transparent>
              <color>1 1 1 1</color>
            </transparent>
            <transparency>
              <float>1</float>
            </transparency>
          </phong>
        </technique>
      </profile_COMMON>
    </effect>
  </library_effects>
  <library_materials>
    <material id="ColorEffectR88G199B225-material" name="ColorEffectR88G199B225-material">
      <instance_effect url="#ColorEffectR88G199B225"/>
    </material>
  </library_materials>
  <library_geometries>
    <geometry id="geom-Bounds" name="Bounds">
      <mesh>
        <source id="geom-Bounds-positions">
          <float_array id="geom-Bounds-positions-array" count="24">-0.5 -0.5 0 0.5 -0.5 0 -0.5 0.5 0 0.5 0.5 0 -0.5 -0.5 2 0.5 -0.5 2 -0.5 0.5 2 0.5 0.5 2</float_array>
          <technique_common>
            <accessor source="#geom-Bounds-positions-array" count="8" stride="3">
              <param name="X" type="float"/>
              <param name="Y" type="float"/>
              <param name="Z" type="float"/>
            </accessor>
          </technique_common>
        </source>
        <source id="geom-Bounds-normals">
          <float_array id="geom-Bounds-normals-array" count="72">0 0 -1 0 0 -1 0 0 -1 0 0 -1 0 0 1 0 0 1 0 0 1 0 0 1 0 -1 0 0 -1 0 0 -1 0 0 -1 0 1 0 0 1 0 0 1 0 0 1 0 0 0 1 0 0 1 0 0 1 0 0 1 0 -1 0 0 -1 0 0 -1 0 0 -1 0 0</float_array>
          <technique_common>
            <accessor source="#geom-Bounds-normals-array" count="24" stride="3">
              <param name="X" type="float"/>
              <param name="Y" type="float"/>
              <param name="Z" type="float"/>
            </accessor>
          </technique_common>
        </source>
        <source id="geom-Bounds-map1">
          <float_array id="geom-Bounds-map1-array" count="36">0 0 0 1 0 0 0 1 0 1 1 0 0 0 0 1 0 0 0 1 0 1 1 0 0 0 0 1 0 0 0 1 0 1 1 0</float_array>
          <technique_common>
            <accessor source="#geom-Bounds-map1-array" count="12" stride="3">
              <param name="S" type="float"/>
              <param name="T" type="float"/>
              <param name="P" type="float"/>
            </accessor>
          </technique_common>
        </source>
        <vertices id="geom-Bounds-vertices">
          <input semantic="POSITION" source="#geom-Bounds-positions"/>
        </vertices>
        <triangles material="ColorMaterial" count="12">
          <input semantic="VERTEX" source="#geom-Bounds-vertices" offset="0"/>
          <input semantic="NORMAL" source="#geom-Bounds-normals" offset="1"/>
          <input semantic="TEXCOORD" source="#geom-Bounds-map1" offset="2" set="0"/>
          <p>0 0 9 2 1 11 3 2 10 3 2 10 1 3 8 0 0 9 4 4 8 5 5 9 7 6 11 7 6 11 6 7 10 4 4 8 0 8 4 1 9 5 5 10 7 5 10 7 4 11 6 0 8 4 1 12 0 3 13 1 7 14 3 7 14 3 5 15 2 1 12 0 3 16 4 2 17 5 6 18 7 6 18 7 7 19 6 3 16 4 2 20 0 0 21 1 4 22 3 4 22 3 6 23 2 2 20 0</p>
        </triangles>
      </mesh>
      <extra>
        <technique profile="OpenCOLLADA3dsMax">
          <max_box>
            <generateuvs>1</generateuvs>
            <height>2</height>
            <heightsegments>1</heightsegments>
            <length>1</length>
            <lengthsegments>1</lengthsegments>
            <width>1</width>
            <widthsegments>1</widthsegments>
          </max_box>
        </technique>
      </extra>
    </geometry>
  </library_geometries>
  <library_lights>
    <light id="EnvironmentAmbientLight" name="EnvironmentAmbientLight">
      <technique_common>
        <ambient>
          <color>0 0 0</color>
        </ambient>
      </technique_common>
    </light>
  </library_lights>
  <library_visual_scenes>
    <visual_scene id="MaxScene">
      <node name="EnvironmentAmbientLight">
        <instance_light url="#EnvironmentAmbientLight"/>
      </node>
      <node id="node-Bip001" name="Bip001">
        <matrix sid="matrix">0.1726216 -0.979467 0.104144 -0.014 0.9443103 0.1946363 0.26532 -8.2537e-8 -0.2801424 0.0525443 0.9585193 0.8507228 0 0 0 1</matrix>
        <node id="node-Bip001_Pelvis" name="Bip001_Pelvis">
          <matrix sid="matrix">0 1 -1.37836e-6 0 -0.1140869 1.37836e-6 0.9934707 0 0.9934708 2.08616e-7 0.1140869 0 0 0 0 1</matrix>
          <node id="node-Bip001_Spine" name="Bip001_Spine">
            <matrix sid="matrix">0.9968293 -0.0653905 0.0453417 0.0975706 0.06663364 0.9974264 -0.02646988 -8.81702e-5 -0.04349411 0.02940721 0.9986209 0.01120143 0 0 0 1</matrix>
            <node id="node-Bip001_Spine1" name="Bip001_Spine1">
              <matrix sid="matrix">0.9202452 -0.370928 -0.1247442 0.1110485 0.3684718 0.9286401 -0.04308295 -8.21948e-5 0.1318232 -0.006317779 0.9912531 5.81145e-7 0 0 0 1</matrix>
              <node id="node-Bip001_Spine2" name="Bip001_Spine2">
                <matrix sid="matrix">0.9873904 -0.1427276 -0.06847605 0.1110283 0.1465191 0.9877353 0.05395435 -8.73804e-5 0.05993547 -0.06330707 0.9961927 5.60284e-6 0 0 0 1</matrix>
                <node id="node-Bip001_Spine3" name="Bip001_Spine3">
                  <matrix sid="matrix">0.960279 -0.2413087 -0.1401232 0.111056 0.2513068 0.966143 0.05841918 -1.62125e-4 0.121282 -0.09131263 0.9884092 1.53109e-5 0 0 0 1</matrix>
                  <node id="node-Bip001_Neck" name="Bip001_Neck">
                    <matrix sid="matrix">0.9962751 -0.06420577 -0.05756486 0.2584253 0.05691224 0.9910874 -0.1204439 0.01280224 0.064785 0.1167191 0.9910498 -4.52995e-6 0 0 0 1</matrix>
                    <node id="node-Bip001_Neck1" name="Bip001_Neck1">
                      <matrix sid="matrix">0.9876223 0.1545509 -0.02676342 0.04894257 -0.1564701 0.9826621 -0.09945931 -3.82662e-5 0.01092787 0.1024159 0.9946817 -3.99351e-6 0 0 0 1</matrix>
                      <node id="node-Bip001_Neck2" name="Bip001_Neck2">
                        <matrix sid="matrix">0.9510022 0.3023924 -0.06444632 0.04893684 -0.2904413 0.9452 0.149133 -3.69549e-5 0.1060114 -0.1231079 0.9867148 4.82053e-6 0 0 0 1</matrix>
                        <node id="node-Bip001_Head" name="Bip001_Head">
                          <matrix sid="matrix">0.9831142 0.01872543 0.1820316 0.04894865 -0.02807248 0.9984087 0.04890931 5.96046e-8 -0.180826 -0.05319355 0.9820755 0 0 0 0 1</matrix>
                          <node id="node-Bip001_Ponytail1" name="Bip001_Ponytail1">
                            <matrix>-0.05999056 -0.998199 -2.76533e-6 0.009580612 0.998199 -0.05999067 -2.93879e-6 0.1139534 2.76556e-6 -2.94461e-6 1 8.9407e-8 0 0 0 1</matrix>
                          </node>
                          <node id="node-ALTEYE" name="ALTEYE">
                            <matrix>-0.009488136 0.5772442 0.8165166 0.1153698 0.002645043 0.8165648 -0.5772477 0.2046644 -0.9999516 -0.003317263 -0.009274509 -0.001006857 0 0 0 1</matrix>
                          </node>
                        </node>
                      </node>
                    </node>
                    <node id="node-Bip001_L_Clavicle" name="Bip001_L_Clavicle">
                      <matrix sid="matrix">0.3342246 -0.008938909 0.9424511 -0.04513061 0.6360526 -0.7357718 -0.2325442 0.007413507 0.6955076 0.6771704 -0.2402275 0.02444144 0 0 0 1</matrix>
                      <node id="node-Bip001_L_UpperArm" name="Bip001_L_UpperArm">
                        <matrix sid="matrix">0.3351959 -0.8811712 0.3334388 0.07966626 0.6000657 0.4725173 0.6454833 0 -0.7263367 -0.01627842 0.6871461 1.19209e-7 0 0 0 1</matrix>
                        <node id="node-Bip001_L_Forearm" name="Bip001_L_Forearm">
                          <matrix sid="matrix">-0.3014646 0.9534774 0 0.4297334 -0.9534772 -0.3014648 5.96046e-8 -1.19209e-7 -5.96046e-8 -1.49012e-7 1 -1.19209e-7 0 0 0 1</matrix>
                          <node id="node-Bip001_L_Hand" name="Bip001_L_Hand">
                            <matrix sid="matrix">0.9670453 -0.1906846 0.1687095 0.3774394 -0.1748474 -0.01571134 0.9844702 0 -0.1850726 -0.9815256 -0.04853413 1.19209e-7 0 0 0 1</matrix>
                            <node id="node-Bip001_L_Finger0" name="Bip001_L_Finger0">
                              <matrix sid="matrix">0.6994027 0.1122524 0.7058581 0.03908238 0.5897547 0.4672709 -0.6586711 0.01738536 -0.4037641 0.8769591 0.260609 -0.04049924 0 0 0 1</matrix>
                              <node id="node-Bip001_L_Finger01" name="Bip001_L_Finger01">
                                <matrix sid="matrix">0.7867156 -0.6173156 -4.47035e-8 0.1027657 0.6173155 0.7867158 0 0 -1.49012e-8 -7.45058e-9 1 0 0 0 0 1</matrix>
                                <node id="node-Bip001_L_Finger02" name="Bip001_L_Finger02">
                                  <matrix sid="matrix">0.6132534 -0.7898864 0 0.05252492 0.7898862 0.6132534 1.49012e-8 2.98023e-8 1.49012e-8 -8.9407e-8 0.9999999 -2.98023e-8 0 0 0 1</matrix>
                                </node>
                              </node>
                            </node>
                            <node id="node-Bip001_L_Finger1" name="Bip001_L_Finger1">
                              <matrix>0.6375438 -0.770391 0.005984008 0.1458858 0.7704015 0.6375586 7.96348e-4 -1.52588e-5 -0.004428625 0.004102364 0.9999818 -0.01919666 0 0 0 1</matrix>
                              <node id="node-Bip001_L_Finger11" name="Bip001_L_Finger11">
                                <matrix>0.5190609 -0.8547373 5.96046e-8 0.08578128 0.8547373 0.5190609 7.45058e-9 5.96046e-8 -1.49012e-8 5.96046e-8 0.9999999 0 0 0 0 1</matrix>
                                <node id="node-Bip001_L_Finger12" name="Bip001_L_Finger12">
                                  <matrix>0.9649358 -0.2624862 2.98023e-8 0.05549777 0.2624862 0.9649358 0 -2.98023e-8 1.86265e-9 -2.98023e-8 1 0 0 0 0 1</matrix>
                                </node>
                              </node>
                            </node>
                            <node id="node-Bip001_L_Finger2" name="Bip001_L_Finger2">
                              <matrix>0.5018926 -0.8550152 -0.1305896 0.143758 0.8647377 0.4928441 0.09661087 0.003213406 -0.01824334 -0.161414 0.9867182 0.02870396 0 0 0 1</matrix>
                              <node id="node-Bip001_L_Finger21" name="Bip001_L_Finger21">
                                <matrix>0.847759 -0.5303817 -2.98023e-8 0.07148433 0.5303817 0.8477591 4.47035e-8 -2.98023e-8 5.96046e-8 0 0.9999999 -2.98023e-8 0 0 0 1</matrix>
                                <node id="node-Bip001_L_Finger22" name="Bip001_L_Finger22">
                                  <matrix>0.8033118 -0.5955587 1.49012e-8 0.05113888 0.5955586 0.8033118 -2.98023e-8 0 0 5.96046e-8 1 0 0 0 0 1</matrix>
                                </node>
                              </node>
                            </node>
                          </node>
                        </node>
                        <node id="node-Bip001_L_ForeTwist" name="Bip001_L_ForeTwist">
                          <matrix sid="matrix">-0.3014646 0.9533488 0.01565535 0.4297334 -0.9534772 -0.3014241 -0.004949778 -1.19209e-7 -5.96046e-8 -0.01641941 0.9998652 -1.19209e-7 0 0 0 1</matrix>
                          <node id="node-Bip001_L_ForeTwist1" name="Bip001_L_ForeTwist1">
                            <matrix sid="matrix">1 0 0 0.1887197 0 0.9998653 0.01641926 2.98023e-8 -2.98023e-8 -0.01641923 0.9998652 0 0 0 0 1</matrix>
                          </node>
                        </node>
                      </node>
                      <node id="node-Bip001_LUpArmTwist" name="Bip001_LUpArmTwist">
                        <matrix sid="matrix">0.3351959 -0.8811712 0.3334388 0.07966626 0.6000657 0.4725173 0.6454833 0 -0.7263367 -0.01627842 0.6871461 1.19209e-7 0 0 0 1</matrix>
                        <node id="node-Bip001_LUpArmTwist1" name="Bip001_LUpArmTwist1">
                          <matrix>1 -1.49012e-8 0 0.2148667 -5.96046e-8 1 5.96046e-8 0 7.45058e-9 0 1 0 0 0 0 1</matrix>
                        </node>
                      </node>
                    </node>
                    <node id="node-Bip001_R_Clavicle" name="Bip001_R_Clavicle">
                      <matrix sid="matrix">-0.3623546 -0.0867469 -0.9279947 -0.04800189 0.6516629 -0.7354232 -0.1857095 0.002240896 -0.6663591 -0.6720325 0.3230138 -0.01948114 0 0 0 1</matrix>
                      <node id="node-Bip001_R_UpperArm" name="Bip001_R_UpperArm">
                        <matrix sid="matrix">0.9681399 -0.2482138 0.03309152 0.0796662 0.1470726 0.4566728 -0.8773936 0 0.2026691 0.8543067 0.4786286 0 0 0 0 1</matrix>
                        <node id="node-Bip001_R_Forearm" name="Bip001_R_Forearm">
                          <matrix sid="matrix">-0.6693101 0.7429832 2.98023e-8 0.4297334 -0.7429831 -0.6693102 1.49012e-8 0 0 2.98023e-8 0.9999999 0 0 0 0 1</matrix>
                          <node id="node-Bip001_R_Hand" name="Bip001_R_Hand">
                            <matrix sid="matrix">0.8679009 -0.4439443 -0.2228486 0.3774394 -0.2034022 0.09167475 -0.9747941 8.9407e-8 0.4531839 0.8913524 -0.01073468 0 0 0 0 1</matrix>
                            <node id="node-Bip001_R_Finger0" name="Bip001_R_Finger0">
                              <matrix>0.6486483 0.5772245 -0.4960517 0.03908239 0.6676159 -0.1185831 0.7350015 0.01738548 0.3654375 -0.8079292 -0.4622829 0.04049915 0 0 0 1</matrix>
                              <node id="node-Bip001_R_Finger01" name="Bip001_R_Finger01">
                                <matrix>0.6155394 -0.7881062 -2.98023e-8 0.1027656 0.7881062 0.6155395 0 -1.19209e-7 8.9407e-8 0 1 -1.19209e-7 0 0 0 1</matrix>
                                <node id="node-Bip001_R_Finger02" name="Bip001_R_Finger02">
                                  <matrix>0.1523348 -0.9883291 2.98023e-8 0.05252501 0.9883289 0.1523349 7.45058e-9 5.96046e-8 6.70552e-8 2.98023e-8 1 0 0 0 0 1</matrix>
                                </node>
                              </node>
                            </node>
                            <node id="node-Bip001_R_Finger1" name="Bip001_R_Finger1">
                              <matrix>0.7109717 -0.6323431 -0.3076713 0.1458857 0.6327782 0.7661361 -0.1123712 -1.52588e-5 0.3067752 -0.1147948 0.9448338 0.0191966 0 0 0 1</matrix>
                              <node id="node-Bip001_R_Finger11" name="Bip001_R_Finger11">
                                <matrix>-0.6406226 -0.7678562 -1.49012e-8 0.08578122 0.7678561 -0.6406225 -5.96046e-8 0 -2.98023e-8 0 1 8.9407e-8 0 0 0 1</matrix>
                                <node id="node-Bip001_R_Finger12" name="Bip001_R_Finger12">
                                  <matrix>0.8432422 -0.5375336 -1.49012e-8 0.05549771 0.5375336 0.8432422 -2.98023e-8 1.19209e-7 -1.86265e-8 5.96046e-8 1 2.98023e-8 0 0 0 1</matrix>
                                </node>
                              </node>
                            </node>
                            <node id="node-Bip001_R_Finger2" name="Bip001_R_Finger2">
                              <matrix>0.2634968 -0.9557804 0.1305896 0.143758 0.9628298 0.2522402 -0.09661075 0.003213286 0.05939871 0.1511922 0.9867181 -0.02870387 0 0 0 1</matrix>
                              <node id="node-Bip001_R_Finger21" name="Bip001_R_Finger21">
                                <matrix>-0.03544475 -0.9993717 0 0.07148433 0.9993717 -0.0354447 0 0 -1.11759e-8 2.98023e-8 1 2.98023e-8 0 0 0 1</matrix>
                                <node id="node-Bip001_R_Finger22" name="Bip001_R_Finger22">
                                  <matrix>0.7483484 -0.6633058 -3.35276e-8 0.05113888 0.6633059 0.7483485 2.98023e-8 0 -5.96046e-8 2.98023e-8 1 -5.96046e-8 0 0 0 1</matrix>
                                </node>
                              </node>
                            </node>
                            <node id="node-mount0" name="mount0">
                              <matrix>-2.70084e-8 1 5.06639e-7 0.1088288 -1 -3.43658e-7 -8.9407e-8 0.03070414 1.78814e-7 -4.46104e-7 0.9999998 0.01333508 0 0 0 1</matrix>
                            </node>
                          </node>
                        </node>
                        <node id="node-Bip001_R_ForeTwist" name="Bip001_R_ForeTwist">
                          <matrix sid="matrix">-0.6693101 0.7429782 -0.002727181 0.4297334 -0.7429831 -0.6693057 0.002456769 0 0 0.003670663 0.9999932 0 0 0 0 1</matrix>
                          <node id="node-Bip001_R_ForeTwist1" name="Bip001_R_ForeTwist1">
                            <matrix sid="matrix">1 0 1.49012e-8 0.1887197 4.47035e-8 0.9999933 -0.003670663 2.98023e-8 0 0.003670633 0.9999933 -1.19209e-7 0 0 0 1</matrix>
                          </node>
                        </node>
                      </node>
                      <node id="node-Bip001_RUpArmTwist" name="Bip001_RUpArmTwist">
                        <matrix sid="matrix">0.9681399 -0.2482138 0.03309152 0.0796662 0.1470726 0.4566728 -0.8773936 0 0.2026691 0.8543067 0.4786286 0 0 0 0 1</matrix>
                        <node id="node-Bip001_RUpArmTwist1" name="Bip001_RUpArmTwist1">
                          <matrix>0.9999999 2.98023e-8 2.98023e-8 0.2148667 0 1 1.49012e-8 2.98023e-8 0 0 0.9999999 -1.19209e-7 0 0 0 1</matrix>
                        </node>
                      </node>
                    </node>
                  </node>
                </node>
              </node>
            </node>
            <node id="node-Bip001_L_Thigh" name="Bip001_L_Thigh">
              <matrix sid="matrix">-0.7722888 0.562843 0.2945808 -0.09992933 0.6225956 0.7627566 0.1748636 0.008276016 -0.1262728 0.31845 -0.9394918 0.05696532 0 0 0 1</matrix>
              <node id="node-Bip001_L_Calf" name="Bip001_L_Calf">
                <matrix sid="matrix">-0.4950679 0.8688542 9.31323e-10 0.454169 -0.8688542 -0.4950679 3.25963e-9 2.98023e-8 -1.42027e-8 -2.8871e-8 1 1.49012e-8 0 0 0 1</matrix>
                <node id="node-Bip001_L_HorseLink" name="Bip001_L_HorseLink">
                  <matrix sid="matrix">-0.4576556 -0.8891299 -4.19095e-9 0.3208734 0.8891298 -0.4576556 1.86265e-9 -2.98023e-8 -2.8871e-8 -1.46683e-8 1 -7.45058e-9 0 0 0 1</matrix>
                  <node id="node-Bip001_L_Foot" name="Bip001_L_Foot">
                    <matrix sid="matrix">0.6818185 0.7243203 0.1023881 0.36176 -0.7077786 0.6885654 -0.1578822 -1.86265e-8 -0.1848582 0.03517897 0.9821354 7.45058e-9 0 0 0 1</matrix>
                    <node id="node-Bip001_L_Toe0" name="Bip001_L_Toe0">
                      <matrix sid="matrix">-0.6555851 -0.7201618 -0.2271024 0.08654235 0.7102288 -0.6902148 0.1384875 0.1234713 -0.2564828 -0.07050432 0.9639739 -0.02420596 0 0 0 1</matrix>
                      <node id="node-Bip001_L_Toe01" name="Bip001_L_Toe01">
                        <matrix sid="matrix">0.9979081 -0.06465049 6.04194e-9 0.04576607 0.06465042 0.997908 -1.85537e-10 -9.31323e-10 1.26141e-8 2.48406e-9 1 7.45058e-9 0 0 0 1</matrix>
                        <node id="node-Bip001_L_Toe02" name="Bip001_L_Toe02">
                          <matrix sid="matrix">0.08123678 0.9966949 -8.13884e-9 0.03187378 -0.9966949 0.08123687 -2.90993e-9 7.45058e-9 -1.38466e-8 3.19915e-10 1 -1.49012e-8 0 0 0 1</matrix>
                        </node>
                      </node>
                    </node>
                    <node id="node-Bip001_L_Toe1" name="Bip001_L_Toe1">
                      <matrix sid="matrix">-0.8077229 -0.5890465 -0.02465597 0.09280638 0.5797127 -0.7859212 -0.2150839 0.1308167 0.1073168 -0.1880216 0.9762843 0.03696452 0 0 0 1</matrix>
                      <node id="node-Bip001_L_Toe11" name="Bip001_L_Toe11">
                        <matrix sid="matrix">0.9879117 -0.1550181 -1.12994e-8 0.04370603 0.1550181 0.9879118 -1.20904e-8 3.72529e-9 -3.541e-9 2.33988e-8 1 -3.72529e-9 0 0 0 1</matrix>
                        <node id="node-Bip001_L_Toe12" name="Bip001_L_Toe12">
                          <matrix sid="matrix">0.05895773 0.9982606 -3.87263e-9 0.03796013 -0.9982604 0.05895779 6.45196e-9 0 9.58403e-9 -2.05229e-8 0.9999999 7.45058e-9 0 0 0 1</matrix>
                        </node>
                      </node>
                    </node>
                    <node id="node-Bip001_L_Toe2" name="Bip001_L_Toe2">
                      <matrix sid="matrix">0.09777644 -0.9149252 0.3916014 0.06798328 0.1107248 -0.3810431 -0.9179032 0.002804011 0.9890299 0.1331093 0.06404781 0.04295148 0 0 0 1</matrix>
                      <node id="node-Bip001_L_Toe21" name="Bip001_L_Toe21">
                        <matrix sid="matrix">1 0 -1.86265e-9 0.01451742 0 1 0 1.11759e-8 0 7.45058e-9 0.9999999 0 0 0 0 1</matrix>
                        <node id="node-Bip001_L_Toe22" name="Bip001_L_Toe22">
                          <matrix sid="matrix">0.5236049 0.8519613 -1.86265e-9 0.03369504 -0.8519614 0.5236049 0 -3.72529e-9 -2.98023e-8 1.86265e-9 0.9999999 0 0 0 0 1</matrix>
                        </node>
                      </node>
                    </node>
                  </node>
                </node>
              </node>
            </node>
            <node id="node-Bip001_R_Thigh" name="Bip001_R_Thigh">
              <matrix sid="matrix">-0.6604594 0.6626825 0.353051 -0.09360701 0.6653491 0.7344331 -0.1338611 0.004001319 -0.3479998 0.1464924 -0.9259784 -0.08819001 0 0 0 1</matrix>
              <node id="node-Bip001_R_Calf" name="Bip001_R_Calf">
                <matrix sid="matrix">-0.8614739 0.5078021 -1.49012e-8 0.454169 -0.5078019 -0.8614739 -1.49012e-8 5.96046e-8 7.45058e-9 1.49012e-8 1 0 0 0 0 1</matrix>
                <node id="node-Bip001_R_HorseLink" name="Bip001_R_HorseLink">
                  <matrix sid="matrix">-0.8861153 -0.4634653 2.98023e-8 0.3208733 0.4634652 -0.8861153 0 0 0 1.49012e-8 1 -2.98023e-8 0 0 0 1</matrix>
                  <node id="node-Bip001_R_Foot" name="Bip001_R_Foot">
                    <matrix sid="matrix">0.3731362 0.9251494 0.0697718 0.36176 -0.9272403 0.3693078 0.06194359 2.98023e-8 0.03153977 -0.08780862 0.995638 0 0 0 0 1</matrix>
                    <node id="node-Bip001_R_Toe0" name="Bip001_R_Toe0">
                      <matrix sid="matrix">0.5779281 -0.7961318 0.1793692 0.08654235 0.8104193 0.5857401 -0.01136025 0.1234713 -0.09601943 0.1519297 0.9837161 0.02420597 0 0 0 1</matrix>
                      <node id="node-Bip001_R_Toe01" name="Bip001_R_Toe01">
                        <matrix sid="matrix">0.4581302 0.8888854 2.79397e-9 0.04576607 -0.8888853 0.4581302 6.98492e-10 -1.49012e-8 4.19095e-9 -6.51926e-9 1 -1.49012e-8 0 0 0 1</matrix>
                        <node id="node-Bip001_R_Toe02" name="Bip001_R_Toe02">
                          <matrix sid="matrix">0.3162257 0.948684 -1.16415e-8 0.03187375 -0.9486839 0.3162256 -1.39698e-8 7.45058e-9 -3.25963e-9 9.31323e-9 1 1.49012e-8 0 0 0 1</matrix>
                        </node>
                      </node>
                    </node>
                    <node id="node-Bip001_R_Toe1" name="Bip001_R_Toe1">
                      <matrix sid="matrix">0.5589359 -0.8254054 0.0793508 0.09280638 0.8283894 0.5600783 -0.009137303 0.1308167 -0.03690065 0.07084052 0.9968048 -0.03696451 0 0 0 1</matrix>
                      <node id="node-Bip001_R_Toe11" name="Bip001_R_Toe11">
                        <matrix sid="matrix">0.3875983 0.9218284 7.45058e-9 0.04370601 -0.9218285 0.3875983 -1.86265e-8 1.49012e-8 3.72529e-8 -2.98023e-8 1 2.98023e-8 0 0 0 1</matrix>
                        <node id="node-Bip001_R_Toe12" name="Bip001_R_Toe12">
                          <matrix sid="matrix">0.3049994 0.9523523 3.72529e-9 0.03796015 -0.9523523 0.3049994 0 0 -1.86265e-8 7.45058e-9 1 -1.49012e-8 0 0 0 1</matrix>
                        </node>
                      </node>
                    </node>
                    <node id="node-Bip001_R_Toe2" name="Bip001_R_Toe2">
                      <matrix sid="matrix">0.3976858 -0.460178 -0.7937773 0.06798328 0.3496199 -0.7238593 0.5948056 0.002803996 -0.8482994 -0.5140659 -0.1269812 -0.04295148 0 0 0 1</matrix>
                      <node id="node-Bip001_R_Toe21" name="Bip001_R_Toe21">
                        <matrix sid="matrix">0.9531193 0.3025944 7.45058e-9 0.01451743 -0.3025945 0.9531195 1.49012e-8 -7.45058e-9 -1.49012e-8 1.49012e-8 0.9999998 0 0 0 0 1</matrix>
                        <node id="node-Bip001_R_Toe22" name="Bip001_R_Toe22">
                          <matrix sid="matrix">0.2743029 0.9616433 -1.49012e-8 0.03369501 -0.9616433 0.2743029 0 7.45058e-9 -2.98023e-8 2.23517e-8 0.9999998 7.45058e-9 0 0 0 1</matrix>
                        </node>
                      </node>
                    </node>
                  </node>
                </node>
              </node>
            </node>
          </node>
        </node>
      </node>
      <node id="node-Bounds" name="Bounds">
        <matrix sid="matrix">1 0 0 0 0 1 0 0.411981 0 0 1 0 0 0 0 1</matrix>
        <instance_geometry url="#geom-Bounds">
          <bind_material>
            <technique_common>
              <instance_material symbol="ColorMaterial" target="#ColorEffectR88G199B225-material"/>
            </technique_common>
          </bind_material>
        </instance_geometry>
      </node>
      <node id="node-EYE" name="EYE">
        <matrix sid="matrix">-0.9998431 0.01771264 -5.74166e-7 4.09043e-8 -0.01771264 -0.9998431 5.54177e-7 0.411981 -5.6426e-7 5.6426e-7 0.9999999 1.6 0 0 0 1</matrix>
      </node>
      <node id="node-CAM" name="CAM">
        <matrix sid="matrix">-0.9999996 1.50996e-7 0 0 -1.50996e-7 -0.9999996 1.77636e-15 -0.009719968 0 1.77636e-15 1 1.928079 0 0 0 1</matrix>
      </node>
    </visual_scene>
  </library_visual_scenes>
  <library_animations>
    <animation>
      <source id="node-Bip001_matrix-input">
        <float_array id="node-Bip001_matrix-input-array" count="20">13 13.03333 13.06667 13.1 13.13333 13.16667 13.2 13.23333 13.26667 13.3 13.33333 13.36667 13.4 13.43333 13.46667 13.5 13.53333 13.56667 13.6 13.63333</float_array>
        <technique_common>
          <accessor source="#node-Bip001_matrix-input-array" count="20" stride="1">
            <param name="TIME" type="float"/>
          </accessor>
        </technique_common>
      </source>
      <source id="node-Bip001_matrix-output">
        <float_array id="node-Bip001_matrix-output-array" count="320">0.1726216 -0.979467 0.104144 -0.01399999 0.9443103 0.1946363 0.26532 0 -0.2801424 0.05254429 0.9585193 0.8507229 0 0 0 1 0.169488 -0.9802231 0.1021588 -0.01033359 0.9368289 0.1924276 0.2921012 0.2541949 -0.3059825 0.04619765 0.9509156 0.8863801 0 0 0 1 0.1482101 -0.9845388 0.09336566 -0.001063227 0.9189245 0.1719941 0.3549588 0.5063079 -0.3655291 0.0331875 0.9302081 0.9697862 0 0 0 1 0.09718191 -0.992572 0.07318836 0.01136171 0.895276 0.1193062 0.4292398 0.7572488 -0.4347833 0.02380943 0.9002203 1.068783 0 0 0 1 0.01860725 -0.999045 0.03953504 0.02458721 0.8733482 0.03549069 0.4858019 1.007892 -0.4867411 0.02548837 0.8731744 1.151969 0 0 0 1 -0.06612217 -0.9978108 0.001199662 0.03624027 0.8635133 -0.05662012 0.5011376 1.25912 -0.4999725 0.03417223 0.8653668 1.187183 0 0 0 1 -0.1509668 -0.9878908 -0.0357849 0.04628837 0.8765463 -0.1505122 0.457179 1.507296 -0.457029 0.03765171 0.8886545 1.158124 0 0 0 1 -0.2199364 -0.9735186 -0.06236618 0.0563364 0.904874 -0.2274782 0.3598009 1.755472 -0.3644599 0.02269977 0.9309424 1.089507 0 0 0 1 -0.2458536 -0.9665074 -0.07361859 0.06638449 0.9339601 -0.2565273 0.2488222 2.003648 -0.2593737 -0.007583022 0.9657473 1.007911 0 0 0 1 -0.2377618 -0.9681634 -0.07828825 0.07643258 0.9544414 -0.2478312 0.1661964 2.251824 -0.1803075 -0.03520637 0.98298 0.9392937 0 0 0 1 -0.2278568 -0.9703832 -0.08023446 0.08648061 0.9619977 -0.2370882 0.1354606 2.5 -0.1504713 -0.04631972 0.9875287 0.9102354 0 0 0 1 -0.2337071 -0.9691688 -0.07805687 0.07646441 0.9560962 -0.2436673 0.1628075 2.75 -0.1768079 -0.03658056 0.9835653 0.9412838 0 0 0 1 -0.2346818 -0.9693852 -0.07222688 0.06644815 0.9405161 -0.2452139 0.2351586 3 -0.2456703 -0.01274305 0.9692697 1.014601 0 0 0 1 -0.2060695 -0.9767163 -0.0596702 0.05643188 0.9190263 -0.2141181 0.3309743 3.25 -0.3360445 0.0133652 0.9417513 1.101784 0 0 0 1 -0.1417765 -0.9892951 -0.03456205 0.04641568 0.8985138 -0.1432619 0.4149085 3.5 -0.4154184 0.02776974 0.9092065 1.175101 0 0 0 1 -0.06498312 -0.9978848 -0.00173664 0.03639942 0.8891677 -0.05869317 0.4538015 3.75 -0.4529436 0.02794528 0.8911011 1.20615 0 0 0 1 0.01143395 -0.9994049 0.03254407 0.02478325 0.8955706 0.02471172 0.4442327 3.999874 -0.4447725 0.0240662 0.8953202 1.168886 0 0 0 1 0.08432304 -0.9943306 0.06477856 0.01159965 0.9100509 0.1033269 0.4014111 4.249623 -0.4058287 0.02510362 0.9136043 1.080893 0 0 0 1 0.1362585 -0.9868314 0.0871632 -7.86014e-4 0.9260877 0.1581295 0.3425736 4.499436 -0.3518455 0.03404223 0.9354389 0.9762572 0 0 0 1 0.1635012 -0.9815163 0.09946429 -0.01002699 0.9386957 0.1857962 0.2903964 4.749497 -0.3035088 0.04588651 0.9517231 0.8882637 0 0 0 1</float_array>
        <technique_common>
          <accessor source="#node-Bip001_matrix-output-array" count="20" stride="16">
            <param name="TRANSFORM" type="float4x4"/>
          </accessor>
        </technique_common>
      </source>
      <source id="node-Bip001_matrix-interpolation">
        <Name_array id="node-Bip001_matrix-interpolation-array" count="20">LINEAR LINEAR LINEAR LINEAR LINEAR LINEAR LINEAR LINEAR LINEAR LINEAR LINEAR LINEAR LINEAR LINEAR LINEAR LINEAR LINEAR LINEAR LINEAR LINEAR</Name_array>
        <technique_common>
          <accessor source="#node-Bip001_matrix-interpolation-array" count="20" stride="1">
            <param name="INTERPOLATION" type="name"/>
          </accessor>
        </technique_common>
      </source>
      <source id="node-Bip001_Pelvis_matrix-input">
        <float_array id="node-Bip001_Pelvis_matrix-input-array" count="20">13 13.03333 13.06667 13.1 13.13333 13.16667 13.2 13.23333 13.26667 13.3 13.33333 13.36667 13.4 13.43333 13.46667 13.5 13.53333 13.56667 13.6 13.63333</float_array>
        <technique_common>
          <accessor source="#node-Bip001_Pelvis_matrix-input-array" count="20" stride="1">
            <param name="TIME" type="float"/>
          </accessor>
        </technique_common>
      </source>
      <source id="node-Bip001_Pelvis_matrix-output">
        <float_array id="node-Bip001_Pelvis_matrix-output-array" count="320">0 1 -1.37836e-6 0 -0.1140869 1.37836e-6 0.9934707 0 0.9934708 2.08616e-7 0.1140869 0 0 0 0 1 -0.005351483 0.9997559 0.02143591 0 -0.04860657 -0.02167099 0.9985828 0 0.9988037 0.004301965 0.04871064 0 0 0 0 1 -0.01200038 0.997396 0.07111477 0 0.09783041 -0.06960755 0.9927659 0 0.9951308 0.01887071 -0.09674036 0 0 0 0 1 -0.01065295 0.9920979 0.1250129 0 0.2465435 -0.1185544 0.9618529 0 0.9690731 0.04106765 -0.2433324 0 0 0 0 1 -0.005311071 0.9873738 0.1583194 0 0.3221814 -0.1481897 0.9350076 0 0.946663 0.05597347 -0.3173264 0 0 0 0 1 -0.002942383 0.9856735 0.1686397 0 0.3242561 -0.1585882 0.9325813 0 0.9459649 0.05742645 -0.319144 0 0 0 0 1 -0.002466917 0.9852852 0.1709007 0 0.301154 -0.1622351 0.9396734 0 0.9535724 0.05378556 -0.2963224 0 0 0 0 1 -0.00291264 0.9857931 0.1679391 0 0.2579661 -0.161515 0.9525579 0 0.9661496 0.04609704 -0.2538307 0 0 0 0 1 -0.003163874 0.9866874 0.162597 0 0.1997439 -0.1586976 0.9669112 0 0.979843 0.03553694 -0.1965827 0 0 0 0 1 -0.00233829 0.9874646 0.1578222 0 0.1318934 -0.1561393 0.9788895 0 0.991261 0.02310466 -0.129875 0 0 0 0 1 -2.08616e-7 0.9876508 0.1566722 0 0.06026631 -0.1563875 0.9858555 0 0.9981824 0.009442269 -0.05952203 0 0 0 0 1 0.005643427 0.9864966 0.1636846 0 -0.04675483 -0.1632479 0.9854766 0 0.9988905 -0.01321452 0.04520219 0 0 0 0 1 0.01267766 0.9843097 0.1759931 0 -0.1898912 -0.1704343 0.9668989 0 0.9817233 -0.04567754 0.184751 0 0 0 0 1 0.01780927 0.9826604 0.1845575 0 -0.3163087 -0.169569 0.9333783 0 0.9484891 -0.07499992 0.3078042 0 0 0 0 1 0.02079313 0.9835428 0.1794741 0 -0.3786181 -0.1583963 0.9118984 0 0.9253193 -0.08691352 0.3690935 0 0 0 0 1 0.02234953 0.9875841 0.1554933 0 -0.3709093 -0.1362413 0.9186211 0 0.9284003 -0.07820469 0.3632592 0 0 0 0 1 0.02189171 0.9926581 0.1189565 0 -0.3263472 -0.1053721 0.9393585 0 0.9449965 -0.05938529 0.3216444 0 0 0 0 1 0.01792329 0.9968304 0.0775128 0 -0.2608656 -0.07017773 0.962821 0 0.9652088 -0.03747731 0.258781 0 0 0 0 1 0.01083618 0.9991813 0.0389831 0 -0.1915197 -0.03618979 0.9808214 0 0.981429 -0.01809436 0.1909707 0 0 0 0 1 0.003424644 0.9999353 0.01085412 0 -0.13647 -0.01028531 0.9905909 0 0.9906383 -0.004873692 0.1364259 0 0 0 0 1</float_array>
        <technique_common>
          <accessor source="#node-Bip001_Pelvis_matrix-output-array" count="20" stride="16">
            <param name="TRANSFORM" type="float4x4"/>
          </accessor>
        </technique_common>
      </source>
      <source id="node-Bip001_Pelvis_matrix-interpolation">
        <Name_array id="node-Bip001_Pelvis_matrix-interpolation-array" count="20">LINEAR LINEAR LINEAR LINEAR LINEAR LINEAR LINEAR LINEAR LINEAR LINEAR LINEAR LINEAR LINEAR LINEAR LINEAR LINEAR LINEAR LINEAR LINEAR LINEAR</Name_array>
        <technique_common>
          <accessor source="#node-Bip001_Pelvis_matrix-interpolation-array" count="20" stride="1">
            <param name="INTERPOLATION" type="name"/>
          </accessor>
        </technique_common>
      </source>
      <source id="node-Bip001_Spine_matrix-input">
        <float_array id="node-Bip001_Spine_matrix-input-array" count="20">13 13.03333 13.06667 13.1 13.13333 13.16667 13.2 13.23333 13.26667 13.3 13.33333 13.36667 13.4 13.43333 13.46667 13.5 13.53333 13.56667 13.6 13.63333</float_array>
        <technique_common>
          <accessor source="#node-Bip001_Spine_matrix-input-array" count="20" stride="1">
            <param name="TIME" type="float"/>
          </accessor>
        </technique_common>
      </source>
      <source id="node-Bip001_Spine_matrix-output">
        <float_array id="node-Bip001_Spine_matrix-output-array" count="320">0.9968293 -0.06539046 0.04534167 0.09757059 0.06663364 0.9974264 -0.02646982 -8.81702e-5 -0.0434941 0.0294072 0.9986209 0.01120138 0 0 0 1 0.9957469 -0.06477141 0.0655204 0.0980944 0.06629413 0.9975721 -0.02133715 3.34248e-4 -0.06397926 0.02559 0.9976233 0.004781424 0 0 0 1 0.9891303 -0.07308661 0.1275912 0.09773421 0.07621484 0.9968947 -0.01980346 0.001764953 -0.1257476 0.02931255 0.9916291 -0.009503066 0 0 0 1 0.9689522 -0.0897516 0.2303832 0.09517693 0.1023326 0.9938105 -0.0432294 0.003945231 -0.2250773 0.06546294 0.9721394 -0.02390247 0 0 0 1 0.9377827 -0.1135782 0.3281221 0.09297823 0.1455947 0.9865255 -0.07463175 0.005409777 -0.3152242 0.1177612 0.9416826 -0.03117382 0 0 0 1 0.9214492 -0.1393383 0.3626517 0.09291183 0.1814432 0.9797576 -0.08457952 0.005553007 -0.3435255 0.1437365 0.9280788 -0.03135454 0 0 0 1 0.9204823 -0.1501125 0.3608024 0.09365987 0.1933249 0.9773052 -0.08660244 0.005195558 -0.339614 0.1494681 0.9286128 -0.02911388 0 0 0 1 0.9311323 -0.158073 0.3286428 0.09489583 0.1958191 0.9769577 -0.08490341 0.004440665 -0.3076492 0.1434108 0.9406303 -0.02494037 0 0 0 1 0.9568811 -0.1764692 0.2307314 0.09624218 0.1953783 0.9787873 -0.06166476 0.003403186 -0.214955 0.1040858 0.9710617 -0.01931476 0 0 0 1 0.9775895 -0.1919761 0.08639305 0.0973649 0.1944928 0.9806651 -0.02164298 0.002181768 -0.08056771 0.03796082 0.9960259 -0.01275777 0 0 0 1 0.981699 -0.1885341 -0.02687251 0.09804427 0.1885764 0.982058 -9.75387e-4 8.40664e-4 0.02657431 -0.004109978 0.9996385 -0.005845069 0 0 0 1 0.9796565 -0.1627198 -0.1174545 0.09811162 0.1623021 0.9866532 -0.01317626 -0.001385211 0.1180309 -0.006154835 0.9929909 0.004439711 0 0 0 1 0.9647851 -0.1255603 -0.2311372 0.09642243 0.1209048 0.992073 -0.03425598 -0.004573345 0.2336061 0.005104124 0.9723179 0.01814323 0 0 0 1 0.9363162 -0.08943164 -0.3395793 0.09315538 0.07822495 0.995847 -0.0465781 -0.007453441 0.3423346 0.01704829 0.9394234 0.03022676 0 0 0 1 0.9120618 -0.05496716 -0.4063521 0.09087681 0.04367107 0.9983596 -0.03702783 -0.0086236 0.4077207 0.01602584 0.912966 0.0362457 0 0 0 1 0.9109193 -0.02843552 -0.4116035 0.09117722 0.02534896 0.9995947 -0.01295715 -0.007768869 0.4118051 0.001369237 0.9112709 0.03567421 0 0 0 1 0.9269917 -0.02008223 -0.3745442 0.0928061 0.02445739 0.999677 0.006931245 -0.00592041 0.3742839 -0.0155856 0.9271832 0.03158879 0 0 0 1 0.9599744 -0.0320394 -0.2782499 0.09479236 0.03540205 0.9993483 0.007067978 -0.003768682 0.2778421 -0.01663577 0.9604827 0.02541542 0 0 0 1 0.9891863 -0.04850882 -0.1384106 0.09638714 0.04833972 0.9988206 -0.004584968 -0.00186491 0.1384698 -0.002155244 0.9903645 0.01875495 0 0 0 1 0.9980986 -0.06070178 -0.0106908 0.09729242 0.060503 0.9980052 -0.01802211 -5.66483e-4 0.01176357 0.01734101 0.9997803 0.0133965 0 0 0 1</float_array>
        <technique_common>
          <accessor source="#node-Bip001_Spine_matrix-output-array" count="20" stride="16">
            <param name="TRANSFORM" type="float4x4"/>
          </accessor>
        </technique_common>
      </source>
      <source id="node-Bip001_Spine_matrix-interpolation">
        <Name_array id="node-Bip001_Spine_matrix-interpolation-array" count="20">LINEAR LINEAR LINEAR LINEAR LINEAR LINEAR LINEAR LINEAR LINEAR LINEAR LINEAR LINEAR LINEAR LINEAR LINEAR LINEAR LINEAR LINEAR LINEAR LINEAR</Name_array>
        <technique_common>
          <accessor source="#node-Bip001_Spine_matrix-interpolation-array" count="20" stride="1">
            <param name="INTERPOLATION" type="name"/>
          </accessor>
        </technique_common>
      </source>
      <source id="node-Bip001_Spine1_matrix-input">
        <float_array id="node-Bip001_Spine1_matrix-input-array" count="20">13 13.03333 13.06667 13.1 13.13333 13.16667 13.2 13.23333 13.26667 13.3 13.33333 13.36667 13.4 13.43333 13.46667 13.5 13.53333 13.56667 13.6 13.63333</float_array>
        <technique_common>
          <accessor source="#node-Bip001_Spine1_matrix-input-array" count="20" stride="1">
            <param name="TIME" type="float"/>
          </accessor>
        </technique_common>
      </source>
      <source id="node-Bip001_Spine1_matrix-output">
