<?xml version="1.0" encoding="utf-8"?>
<COLLADA xmlns="http://www.collada.org/2005/11/COLLADASchema" version="1.4.1">
  <asset>
    <contributor>
      <author>MattO</author>
      <authoring_tool>OpenCOLLADA for 3ds Max;  Version: 1.3.0;  Revision: 839M;  Platform: x64;  Configuration: Release_Max2012</authoring_tool>
      <source_data>file:///C:/Dropbox/Prj/GGStout/Kral/Mantis_TP_Kral_Animation_Master.max</source_data>
    </contributor>
    <created>2011-10-24T16:55:24</created>
    <modified>2011-10-24T16:55:24</modified>
    <unit name="meter" meter="1"/>
    <up_axis>Z_UP</up_axis>
  </asset>
  <library_effects>
    <effect id="ColorEffectR88G199B225">
      <profile_COMMON>
        <technique sid="common">
          <phong>
            <ambient>
              <color>0.345098 0.7803922 0.8823529 1</color>
            </ambient>
            <diffuse>
              <color>0.345098 0.7803922 0.8823529 1</color>
            </diffuse>
            <specular>
              <color>1 1 1 1</color>
            </specular>
            <shininess>
              <float>10</float>
            </shininess>
            <reflective>
              <color>0 0 0 1</color>
            </reflective>
            <transparent>
              <color>1 1 1 1</color>
            </transparent>
            <transparency>
              <float>1</float>
            </transparency>
          </phong>
        </technique>
      </profile_COMMON>
    </effect>
  </library_effects>
  <library_materials>
    <material id="ColorEffectR88G199B225-material" name="ColorEffectR88G199B225-material">
      <instance_effect url="#ColorEffectR88G199B225"/>
    </material>
  </library_materials>
  <library_geometries>
    <geometry id="geom-Bounds" name="Bounds">
      <mesh>
        <source id="geom-Bounds-positions">
          <float_array id="geom-Bounds-positions-array" count="24">-0.5 -0.5 0 0.5 -0.5 0 -0.5 0.5 0 0.5 0.5 0 -0.5 -0.5 2 0.5 -0.5 2 -0.5 0.5 2 0.5 0.5 2</float_array>
          <technique_common>
            <accessor source="#geom-Bounds-positions-array" count="8" stride="3">
              <param name="X" type="float"/>
              <param name="Y" type="float"/>
              <param name="Z" type="float"/>
            </accessor>
          </technique_common>
        </source>
        <source id="geom-Bounds-normals">
          <float_array id="geom-Bounds-normals-array" count="72">0 0 -1 0 0 -1 0 0 -1 0 0 -1 0 0 1 0 0 1 0 0 1 0 0 1 0 -1 0 0 -1 0 0 -1 0 0 -1 0 1 0 0 1 0 0 1 0 0 1 0 0 0 1 0 0 1 0 0 1 0 0 1 0 -1 0 0 -1 0 0 -1 0 0 -1 0 0</float_array>
          <technique_common>
            <accessor source="#geom-Bounds-normals-array" count="24" stride="3">
              <param name="X" type="float"/>
              <param name="Y" type="float"/>
              <param name="Z" type="float"/>
            </accessor>
          </technique_common>
        </source>
        <source id="geom-Bounds-map1">
          <float_array id="geom-Bounds-map1-array" count="36">0 0 0 1 0 0 0 1 0 1 1 0 0 0 0 1 0 0 0 1 0 1 1 0 0 0 0 1 0 0 0 1 0 1 1 0</float_array>
          <technique_common>
            <accessor source="#geom-Bounds-map1-array" count="12" stride="3">
              <param name="S" type="float"/>
              <param name="T" type="float"/>
              <param name="P" type="float"/>
            </accessor>
          </technique_common>
        </source>
        <vertices id="geom-Bounds-vertices">
          <input semantic="POSITION" source="#geom-Bounds-positions"/>
        </vertices>
        <triangles material="ColorMaterial" count="12">
          <input semantic="VERTEX" source="#geom-Bounds-vertices" offset="0"/>
          <input semantic="NORMAL" source="#geom-Bounds-normals" offset="1"/>
          <input semantic="TEXCOORD" source="#geom-Bounds-map1" offset="2" set="0"/>
          <p>0 0 9 2 1 11 3 2 10 3 2 10 1 3 8 0 0 9 4 4 8 5 5 9 7 6 11 7 6 11 6 7 10 4 4 8 0 8 4 1 9 5 5 10 7 5 10 7 4 11 6 0 8 4 1 12 0 3 13 1 7 14 3 7 14 3 5 15 2 1 12 0 3 16 4 2 17 5 6 18 7 6 18 7 7 19 6 3 16 4 2 20 0 0 21 1 4 22 3 4 22 3 6 23 2 2 20 0</p>
        </triangles>
      </mesh>
      <extra>
        <technique profile="OpenCOLLADA3dsMax">
          <max_box>
            <generateuvs>1</generateuvs>
            <height>2</height>
            <heightsegments>1</heightsegments>
            <length>1</length>
            <lengthsegments>1</lengthsegments>
            <width>1</width>
            <widthsegments>1</widthsegments>
          </max_box>
        </technique>
      </extra>
    </geometry>
  </library_geometries>
  <library_lights>
    <light id="EnvironmentAmbientLight" name="EnvironmentAmbientLight">
      <technique_common>
        <ambient>
          <color>0 0 0</color>
        </ambient>
      </technique_common>
    </light>
  </library_lights>
  <library_visual_scenes>
    <visual_scene id="MaxScene">
      <node name="EnvironmentAmbientLight">
        <instance_light url="#EnvironmentAmbientLight"/>
      </node>
      <node id="node-Bip001" name="Bip001">
        <matrix sid="matrix">0.172621 -0.9794672 0.1041439 -0.014 0.9443106 0.1946357 0.2653194 -8.2537e-8 -0.2801418 0.05254447 0.9585195 0.9088534 0 0 0 1</matrix>
        <node id="node-Bip001_Pelvis" name="Bip001_Pelvis">
          <matrix sid="matrix">0 0.9999999 -1.40071e-6 0 -0.114087 1.35787e-6 0.9934707 0 0.9934707 2.08616e-7 0.1140869 0 0 0 0 1</matrix>
          <node id="node-Bip001_Spine" name="Bip001_Spine">
            <matrix sid="matrix">0.9968292 -0.06539053 0.04534172 0.09757066 0.06663364 0.9974264 -0.02646984 -8.81553e-5 -0.04349415 0.0294072 0.9986208 0.01120141 0 0 0 1</matrix>
            <node id="node-Bip001_Spine1" name="Bip001_Spine1">
              <matrix sid="matrix">0.9202453 -0.370928 -0.1247442 0.1110485 0.3684716 0.92864 -0.04308298 -8.21948e-5 0.1318232 -0.006317809 0.9912532 5.81145e-7 0 0 0 1</matrix>
              <node id="node-Bip001_Spine2" name="Bip001_Spine2">
                <matrix sid="matrix">0.9873905 -0.1427276 -0.06847605 0.1110282 0.1465192 0.9877354 0.05395436 -8.73208e-5 0.05993543 -0.06330708 0.9961927 5.59539e-6 0 0 0 1</matrix>
                <node id="node-Bip001_Spine3" name="Bip001_Spine3">
                  <matrix sid="matrix">0.960279 -0.2413087 -0.1401232 0.111056 0.2513068 0.9661428 0.05841918 -1.62184e-4 0.1212821 -0.09131265 0.9884092 1.53221e-5 0 0 0 1</matrix>
                  <node id="node-Bip001_Neck" name="Bip001_Neck">
                    <matrix sid="matrix">0.9962749 -0.0642058 -0.05756485 0.2584252 0.05691221 0.9910874 -0.1204439 0.01280212 0.064785 0.1167191 0.9910498 -4.54485e-6 0 0 0 1</matrix>
                    <node id="node-Bip001_Neck1" name="Bip001_Neck1">
                      <matrix sid="matrix">0.9876224 0.1545509 -0.02676342 0.04894269 -0.15647 0.9826623 -0.09945934 -3.83854e-5 0.01092786 0.1024159 0.9946818 -3.98606e-6 0 0 0 1</matrix>
                      <node id="node-Bip001_Neck2" name="Bip001_Neck2">
                        <matrix>0.9510024 0.3023925 -0.06444633 0.04893672 -0.2904414 0.9452 0.149133 -3.67761e-5 0.1060114 -0.1231079 0.9867148 4.79817e-6 0 0 0 1</matrix>
                        <node id="node-Bip001_Head" name="Bip001_Head">
                          <matrix sid="matrix">0.9831142 0.01872537 0.1820316 0.04894865 -0.02807239 0.9984088 0.04890931 -5.96046e-8 -0.1808261 -0.05319356 0.9820756 0 0 0 0 1</matrix>
                          <node id="node-Bip001_Ponytail1" name="Bip001_Ponytail1">
                            <matrix sid="matrix">-0.05999058 -0.998199 -2.76696e-6 0.009580851 0.9981991 -0.05999067 -2.93693e-6 0.1139534 2.76812e-6 -2.94484e-6 1 8.9407e-8 0 0 0 1</matrix>
                          </node>
                          <node id="node-ALTEYE" name="ALTEYE">
                            <matrix>-0.009488132 0.5772442 0.8165166 0.1153698 0.002645043 0.8165649 -0.5772477 0.2046643 -0.9999516 -0.003317277 -0.009274511 -0.001006849 0 0 0 1</matrix>
                          </node>
                        </node>
                      </node>
                    </node>
                    <node id="node-Bip001_L_Clavicle" name="Bip001_L_Clavicle">
                      <matrix sid="matrix">0.3342247 -0.008938938 0.9424511 -0.04513061 0.6360527 -0.7357719 -0.2325442 0.007413626 0.6955076 0.6771705 -0.2402275 0.02444146 0 0 0 1</matrix>
                      <node id="node-Bip001_L_UpperArm" name="Bip001_L_UpperArm">
                        <matrix sid="matrix">0.3951795 -0.3608965 0.8447408 0.07966623 -0.2447331 0.8449925 0.4754928 0 -0.8854032 -0.3946413 0.2456003 0 0 0 0 1</matrix>
                        <node id="node-Bip001_L_Forearm" name="Bip001_L_Forearm">
                          <matrix sid="matrix">-0.4447383 0.8956607 7.45058e-9 0.4297334 -0.8956606 -0.4447383 -2.79397e-8 0 -4.65661e-10 -1.49012e-8 1 0 0 0 0 1</matrix>
                          <node id="node-Bip001_L_Hand" name="Bip001_L_Hand">
                            <matrix sid="matrix">0.8150848 -0.09850462 -0.5709059 0.3774393 0.0448381 -0.9717573 0.2316835 5.96046e-8 -0.5776038 -0.2144401 -0.787648 -2.98023e-8 0 0 0 1</matrix>
                            <node id="node-Bip001_L_Finger0" name="Bip001_L_Finger0">
                              <matrix>0.4919401 0.8244182 0.2798744 0.03908238 0.6521552 -0.135966 -0.7457928 0.01738536 -0.5767916 0.5494069 -0.6045356 -0.04049921 0 0 0 1</matrix>
                              <node id="node-Bip001_L_Finger01" name="Bip001_L_Finger01">
                                <matrix>0.9511045 0.3088697 2.98023e-8 0.1027658 -0.3088696 0.9511044 0 0 5.96046e-8 2.98023e-8 1 0 0 0 0 1</matrix>
                                <node id="node-Bip001_L_Finger02" name="Bip001_L_Finger02">
                                  <matrix>0.8065711 -0.5911369 0 0.05252492 0.5911369 0.8065712 0 1.49012e-8 5.96046e-8 -2.98023e-8 0.9999999 5.96046e-8 0 0 0 1</matrix>
                                </node>
                              </node>
                            </node>
                            <node id="node-Bip001_L_Finger1" name="Bip001_L_Finger1">
                              <matrix>0.6375438 -0.7703909 0.005983971 0.1458857 0.7704015 0.6375586 7.96273e-4 -1.53184e-5 -0.004428551 0.004102379 0.9999818 -0.01919663 0 0 0 1</matrix>
                              <node id="node-Bip001_L_Finger11" name="Bip001_L_Finger11">
                                <matrix>0.5190607 -0.8547372 1.49012e-8 0.08578134 0.8547373 0.5190609 1.49012e-8 0 -5.96046e-8 1.11759e-8 1 5.96046e-8 0 0 0 1</matrix>
                                <node id="node-Bip001_L_Finger12" name="Bip001_L_Finger12">
                                  <matrix>0.9649358 -0.2624862 0 0.05549777 0.2624862 0.9649357 -3.72529e-8 0 -1.49012e-8 -4.47035e-8 1 -1.19209e-7 0 0 0 1</matrix>
                                </node>
                              </node>
                            </node>
                            <node id="node-Bip001_L_Finger2" name="Bip001_L_Finger2">
                              <matrix>0.5018926 -0.855015 -0.1305895 0.143758 0.8647377 0.492844 0.09661076 0.003213346 -0.01824334 -0.161414 0.9867181 0.02870387 0 0 0 1</matrix>
                              <node id="node-Bip001_L_Finger21" name="Bip001_L_Finger21">
                                <matrix>0.8477589 -0.5303817 7.45058e-9 0.07148439 0.5303817 0.847759 7.45058e-9 -2.98023e-8 7.45058e-9 2.14204e-8 1 0 0 0 0 1</matrix>
                                <node id="node-Bip001_L_Finger22" name="Bip001_L_Finger22">
                                  <matrix>0.8033118 -0.5955587 1.49012e-8 0.05113888 0.5955587 0.8033118 2.70084e-8 2.98023e-8 -7.45058e-9 1.49012e-8 0.9999999 0 0 0 0 1</matrix>
                                </node>
                              </node>
                            </node>
                          </node>
                        </node>
                        <node id="node-Bip001_L_ForeTwist" name="Bip001_L_ForeTwist">
                          <matrix sid="matrix">-0.4447383 0.814781 0.371941 0.4297334 -0.8956606 -0.4045777 -0.1846865 0 -4.65661e-10 -0.4152701 0.9096984 0 0 0 0 1</matrix>
                          <node id="node-Bip001_L_ForeTwist1" name="Bip001_L_ForeTwist1">
                            <matrix sid="matrix">1 -7.45058e-9 -2.98023e-8 0.1887196 -3.72529e-9 0.9096982 0.41527 5.96046e-8 -3.72529e-9 -0.4152701 0.9096984 2.98023e-8 0 0 0 1</matrix>
                          </node>
                        </node>
                      </node>
                      <node id="node-Bip001_LUpArmTwist" name="Bip001_LUpArmTwist">
                        <matrix sid="matrix">0.3951795 -0.3608965 0.8447408 0.07966623 -0.2447331 0.8449925 0.4754928 0 -0.8854032 -0.3946413 0.2456003 0 0 0 0 1</matrix>
                        <node id="node-Bip001_LUpArmTwist1" name="Bip001_LUpArmTwist1">
                          <matrix>1 0 7.45058e-9 0.2148666 2.98023e-8 1 -2.79397e-8 -5.96046e-8 -1.86265e-8 -1.67638e-8 1 0 0 0 0 1</matrix>
                        </node>
                      </node>
                    </node>
                    <node id="node-Bip001_R_Clavicle" name="Bip001_R_Clavicle">
                      <matrix sid="matrix">-0.3623546 -0.0867469 -0.9279947 -0.04800189 0.6516631 -0.7354233 -0.1857096 0.002240896 -0.6663591 -0.6720325 0.3230138 -0.01948113 0 0 0 1</matrix>
                      <node id="node-Bip001_R_UpperArm" name="Bip001_R_UpperArm">
                        <matrix sid="matrix">0.813652 -0.346137 -0.4670755 0.0796662 -0.1733994 0.6223627 -0.7632806 5.96046e-8 0.5548899 0.7020357 0.4463667 0 0 0 0 1</matrix>
                        <node id="node-Bip001_R_Forearm" name="Bip001_R_Forearm">
                          <matrix sid="matrix">-0.6919679 0.7219285 1.49012e-8 0.4297336 -0.7219284 -0.691968 0 5.96046e-8 2.23517e-8 5.96046e-8 1 0 0 0 0 1</matrix>
                          <node id="node-Bip001_R_Hand" name="Bip001_R_Hand">
                            <matrix sid="matrix">0.9643094 0.1933604 0.1808839 0.3774393 0.2203528 -0.2072839 -0.9531411 1.19209e-7 -0.1468054 0.9589812 -0.2424933 5.96046e-8 0 0 0 1</matrix>
                            <node id="node-Bip001_R_Finger0" name="Bip001_R_Finger0">
                              <matrix>0.6486482 0.5772244 -0.4960517 0.03908235 0.6676158 -0.118583 0.7350014 0.01738541 0.3654375 -0.8079293 -0.462283 0.04049909 0 0 0 1</matrix>
                              <node id="node-Bip001_R_Finger01" name="Bip001_R_Finger01">
                                <matrix>0.6155393 -0.7881061 0 0.1027657 0.7881061 0.6155393 0 5.96046e-8 -1.49012e-8 2.98023e-8 1 -5.96046e-8 0 0 0 1</matrix>
                                <node id="node-Bip001_R_Finger02" name="Bip001_R_Finger02">
                                  <matrix>0.1523349 -0.988329 -1.49012e-8 0.05252486 0.9883291 0.1523349 -2.98023e-8 0 -2.98023e-8 2.98023e-8 1 0 0 0 0 1</matrix>
                                </node>
                              </node>
                            </node>
                            <node id="node-Bip001_R_Finger1" name="Bip001_R_Finger1">
                              <matrix>0.7109717 -0.6323431 -0.3076712 0.1458857 0.6327781 0.7661359 -0.1123713 -1.52588e-5 0.3067753 -0.1147949 0.9448338 0.01919651 0 0 0 1</matrix>
                              <node id="node-Bip001_R_Finger11" name="Bip001_R_Finger11">
                                <matrix>-0.6406225 -0.7678562 0 0.08578122 0.7678561 -0.6406227 -7.45058e-9 5.96046e-8 8.9407e-8 1.49012e-8 1 5.96046e-8 0 0 0 1</matrix>
                                <node id="node-Bip001_R_Finger12" name="Bip001_R_Finger12">
                                  <matrix>0.8432424 -0.5375337 0 0.05549771 0.5375336 0.8432423 0 0 -2.98023e-8 2.23517e-8 1 0 0 0 0 1</matrix>
                                </node>
                              </node>
                            </node>
                            <node id="node-Bip001_R_Finger2" name="Bip001_R_Finger2">
                              <matrix>0.2634968 -0.9557803 0.1305896 0.143758 0.9628297 0.2522402 -0.09661077 0.003213421 0.05939873 0.1511922 0.9867181 -0.02870387 0 0 0 1</matrix>
                              <node id="node-Bip001_R_Finger21" name="Bip001_R_Finger21">
                                <matrix>-0.0354448 -0.9993717 0 0.07148442 0.9993717 -0.03544478 0 -5.96046e-8 -1.49012e-8 -7.45058e-9 1 0 0 0 0 1</matrix>
                                <node id="node-Bip001_R_Finger22" name="Bip001_R_Finger22">
                                  <matrix>0.7483485 -0.6633058 0 0.05113894 0.6633057 0.7483485 -3.72529e-9 1.49012e-8 2.23517e-8 1.49012e-8 1 -1.19209e-7 0 0 0 1</matrix>
                                </node>
                              </node>
                            </node>
                            <node id="node-mount0" name="mount0">
                              <matrix>-4.58531e-8 1 5.07105e-7 0.1088288 -1 -3.17552e-7 -1.49012e-7 0.03070413 1.80677e-7 -4.13507e-7 0.9999998 0.01333499 0 0 0 1</matrix>
                            </node>
                          </node>
                        </node>
                        <node id="node-Bip001_R_ForeTwist" name="Bip001_R_ForeTwist">
                          <matrix sid="matrix">-0.6919679 0.7194408 -0.05988236 0.4297336 -0.7219284 -0.6895834 0.05739719 5.96046e-8 2.23517e-8 0.08294785 0.9965539 0 0 0 0 1</matrix>
                          <node id="node-Bip001_R_ForeTwist1" name="Bip001_R_ForeTwist1">
                            <matrix sid="matrix">0.9999999 -2.98023e-8 -5.58794e-9 0.1887197 0 0.9965538 -0.08294772 5.96046e-8 -7.45058e-9 0.08294775 0.9965538 5.96046e-8 0 0 0 1</matrix>
                          </node>
                        </node>
                      </node>
                      <node id="node-Bip001_RUpArmTwist" name="Bip001_RUpArmTwist">
                        <matrix sid="matrix">0.813652 -0.346137 -0.4670755 0.0796662 -0.1733994 0.6223627 -0.7632806 5.96046e-8 0.5548899 0.7020357 0.4463667 0 0 0 0 1</matrix>
                        <node id="node-Bip001_RUpArmTwist1" name="Bip001_RUpArmTwist1">
                          <matrix>1 -5.96046e-8 1.49012e-8 0.2148669 0 1 0 5.96046e-8 -1.49012e-8 -1.49012e-8 1 0 0 0 0 1</matrix>
                        </node>
                      </node>
                    </node>
                  </node>
                </node>
              </node>
            </node>
            <node id="node-Bip001_L_Thigh" name="Bip001_L_Thigh">
              <matrix sid="matrix">-0.8196797 0.5334146 -0.2087921 -0.09992927 0.4692001 0.8343052 0.2894584 0.008276016 0.3285975 0.1392979 -0.9341413 0.05696535 0 0 0 1</matrix>
              <node id="node-Bip001_L_Calf" name="Bip001_L_Calf">
                <matrix sid="matrix">0.07496142 0.9971865 -2.98023e-8 0.4541689 -0.9971863 0.07496142 7.45058e-9 1.49012e-8 7.45058e-8 -8.9407e-8 1 -5.96046e-8 0 0 0 1</matrix>
                <node id="node-Bip001_L_HorseLink" name="Bip001_L_HorseLink">
                  <matrix sid="matrix">0.008876398 -0.9999605 0 0.3208733 0.9999605 0.008876428 2.98023e-8 5.96046e-8 1.78814e-7 1.19209e-7 1 5.96046e-8 0 0 0 1</matrix>
                  <node id="node-Bip001_L_Foot" name="Bip001_L_Foot">
                    <matrix sid="matrix">0.6611227 0.7489271 -0.04500386 0.36176 -0.7498873 0.6576531 -0.07184535 1.49012e-8 -0.02421007 0.0812463 0.9964001 0 0 0 0 1</matrix>
                    <node id="node-Bip001_L_Toe0" name="Bip001_L_Toe0">
                      <matrix sid="matrix">-0.4495881 -0.8909038 -0.06450638 0.08654237 0.8317738 -0.4438845 0.3333452 0.1234713 -0.3256119 0.0962134 0.9405956 -0.02420604 0 0 0 1</matrix>
                      <node id="node-Bip001_L_Toe01" name="Bip001_L_Toe01">
                        <matrix sid="matrix">0.9716384 0.2364717 0 0.04576606 -0.2364718 0.9716383 0 5.96046e-8 -1.86265e-8 0 1 5.96046e-8 0 0 0 1</matrix>
                        <node id="node-Bip001_L_Toe02" name="Bip001_L_Toe02">
                          <matrix sid="matrix">0.8443083 0.5358577 -1.86265e-8 0.03187376 -0.5358578 0.8443084 2.98023e-8 0 5.96046e-8 0 1 -8.9407e-8 0 0 0 1</matrix>
                        </node>
                      </node>
                    </node>
                    <node id="node-Bip001_L_Toe1" name="Bip001_L_Toe1">
                      <matrix sid="matrix">-0.83109 -0.4636124 -0.3071689 0.09280638 0.553948 -0.7390569 -0.3833227 0.1308167 -0.04930218 -0.4887313 0.8710402 0.03696445 0 0 0 1</matrix>
                      <node id="node-Bip001_L_Toe11" name="Bip001_L_Toe11">
                        <matrix sid="matrix">0.9879116 -0.1550182 -5.25074e-9 0.04370602 0.1550179 0.9879116 8.17545e-9 7.45058e-9 1.21944e-8 -3.9538e-8 1 0 0 0 0 1</matrix>
                        <node id="node-Bip001_L_Toe12" name="Bip001_L_Toe12">
                          <matrix sid="matrix">0.5042803 0.8635399 2.6331e-9 0.03796013 -0.8635399 0.5042804 4.75347e-9 0 1.85148e-8 2.68151e-8 0.9999999 -5.96046e-8 0 0 0 1</matrix>
                        </node>
                      </node>
                    </node>
                    <node id="node-Bip001_L_Toe2" name="Bip001_L_Toe2">
                      <matrix sid="matrix">-0.2112011 -0.8915808 0.4005967 0.06798328 -0.06515695 -0.3960881 -0.9158979 0.002804037 0.9752685 -0.2195403 0.02556149 0.04295141 0 0 0 1</matrix>
                      <node id="node-Bip001_L_Toe21" name="Bip001_L_Toe21">
                        <matrix sid="matrix">0.9999999 2.98023e-8 0 0.0145174 2.98023e-8 0.9999999 -7.45058e-9 -1.49012e-8 0 7.45058e-9 0.9999999 1.49012e-8 0 0 0 1</matrix>
                        <node id="node-Bip001_L_Toe22" name="Bip001_L_Toe22">
                          <matrix sid="matrix">0.5236048 0.8519611 0 0.03369513 -0.8519611 0.5236048 -7.45058e-9 1.49012e-8 -7.45058e-9 -1.30385e-8 0.9999999 0 0 0 0 1</matrix>
                        </node>
                      </node>
                    </node>
                  </node>
                </node>
              </node>
            </node>
            <node id="node-Bip001_R_Thigh" name="Bip001_R_Thigh">
              <matrix sid="matrix">-0.3138961 0.703129 0.6380274 -0.09360701 0.8527993 0.5041969 -0.1360836 0.004001319 -0.4173758 0.5013933 -0.7578933 -0.08819 0 0 0 1</matrix>
              <node id="node-Bip001_R_Calf" name="Bip001_R_Calf">
                <matrix sid="matrix">-0.5177468 0.855534 0 0.4541689 -0.855534 -0.5177467 -2.98023e-8 2.98023e-8 8.9407e-8 2.98023e-8 1 2.98023e-8 0 0 0 1</matrix>
                <node id="node-Bip001_R_HorseLink" name="Bip001_R_HorseLink">
                  <matrix sid="matrix">-0.758561 -0.6516018 0 0.3208732 0.6516019 -0.7585611 2.98023e-8 2.98023e-8 1.19209e-7 5.96046e-8 1 0 0 0 0 1</matrix>
                  <node id="node-Bip001_R_Foot" name="Bip001_R_Foot">
                    <matrix sid="matrix">-0.2083503 0.976783 -0.04984693 0.36176 -0.9710323 -0.2126819 -0.1089161 2.98023e-8 -0.116989 0.02571025 0.9928004 5.96046e-8 0 0 0 1</matrix>
                    <node id="node-Bip001_R_Toe0" name="Bip001_R_Toe0">
                      <matrix sid="matrix">0.5779281 -0.7961318 0.1793692 0.08654237 0.8104194 0.5857403 -0.01136029 0.1234713 -0.09601948 0.1519296 0.9837161 0.02420595 0 0 0 1</matrix>
                      <node id="node-Bip001_R_Toe01" name="Bip001_R_Toe01">
                        <matrix sid="matrix">0.4581301 0.8888851 0 0.04576604 -0.8888851 0.4581301 -1.49012e-8 -2.98023e-8 -5.96046e-8 2.98023e-8 1 0 0 0 0 1</matrix>
                        <node id="node-Bip001_R_Toe02" name="Bip001_R_Toe02">
                          <matrix sid="matrix">0.3162256 0.9486839 1.49012e-8 0.03187373 -0.9486839 0.3162255 4.47035e-8 2.98023e-8 -1.49012e-8 4.47035e-8 1 -5.96046e-8 0 0 0 1</matrix>
                        </node>
                      </node>
                    </node>
                    <node id="node-Bip001_R_Toe1" name="Bip001_R_Toe1">
                      <matrix sid="matrix">0.5589359 -0.8254053 0.07935077 0.0928064 0.8283894 0.5600783 -0.009137347 0.1308167 -0.03690067 0.07084049 0.9968048 -0.03696454 0 0 0 1</matrix>
                      <node id="node-Bip001_R_Toe11" name="Bip001_R_Toe11">
                        <matrix sid="matrix">0.3875983 0.9218283 -2.98023e-8 0.04370603 -0.9218283 0.3875983 7.45058e-9 -2.98023e-8 -1.49012e-8 0 1 -5.96046e-8 0 0 0 1</matrix>
                        <node id="node-Bip001_R_Toe12" name="Bip001_R_Toe12">
                          <matrix sid="matrix">0.3049995 0.9523525 -1.49012e-8 0.03796014 -0.9523525 0.3049995 0 1.49012e-8 -1.49012e-8 2.98023e-8 1 0 0 0 0 1</matrix>
                        </node>
                      </node>
                    </node>
                    <node id="node-Bip001_R_Toe2" name="Bip001_R_Toe2">
                      <matrix sid="matrix">0.3976858 -0.4601779 -0.7937772 0.0679833 0.3496199 -0.7238594 0.5948056 0.002804026 -0.8482994 -0.514066 -0.1269812 -0.04295149 0 0 0 1</matrix>
                      <node id="node-Bip001_R_Toe21" name="Bip001_R_Toe21">
                        <matrix sid="matrix">0.9531195 0.3025944 -1.49012e-8 0.01451746 -0.3025945 0.9531194 -7.45058e-9 0 -2.98023e-8 2.98023e-8 0.9999999 0 0 0 0 1</matrix>
                        <node id="node-Bip001_R_Toe22" name="Bip001_R_Toe22">
                          <matrix sid="matrix">0.2743028 0.9616433 0 0.03369507 -0.9616433 0.274303 0 -1.49012e-8 -2.98023e-8 -4.47035e-8 1 2.98023e-8 0 0 0 1</matrix>
                        </node>
                      </node>
                    </node>
                  </node>
                </node>
              </node>
            </node>
          </node>
        </node>
      </node>
      <node id="node-Bounds" name="Bounds">
        <matrix sid="matrix">1 0 0 0 0 1 0 0.411981 0 0 1 0 0 0 0 1</matrix>
        <instance_geometry url="#geom-Bounds">
          <bind_material>
            <technique_common>
              <instance_material symbol="ColorMaterial" target="#ColorEffectR88G199B225-material"/>
            </technique_common>
          </bind_material>
        </instance_geometry>
      </node>
      <node id="node-EYE" name="EYE">
        <matrix sid="matrix">-0.9999971 0.002421276 -8.76342e-8 4.09043e-8 -0.002421276 -0.9999971 8.72108e-8 0.411981 -8.74228e-8 8.74228e-8 1 1.6 0 0 0 1</matrix>
      </node>
      <node id="node-CAM" name="CAM">
        <matrix sid="matrix">-0.9999996 1.50996e-7 0 0 -1.50996e-7 -0.9999996 1.77636e-15 -0.009719968 0 1.77636e-15 1 1.928079 0 0 0 1</matrix>
      </node>
    </visual_scene>
  </library_visual_scenes>
  <library_animations>
    <animation>
      <source id="node-Bip001_matrix-input">
        <float_array id="node-Bip001_matrix-input-array" count="20">17 17.03333 17.06667 17.1 17.13333 17.16667 17.2 17.23333 17.26667 17.3 17.33333 17.36667 17.4 17.43333 17.46667 17.5 17.53333 17.56667 17.6 17.63333</float_array>
        <technique_common>
          <accessor source="#node-Bip001_matrix-input-array" count="20" stride="1">
            <param name="TIME" type="float"/>
          </accessor>
        </technique_common>
      </source>
      <source id="node-Bip001_matrix-output">
        <float_array id="node-Bip001_matrix-output-array" count="320">0.172621 -0.9794672 0.1041439 -0.01399999 0.9443106 0.1946356 0.2653194 0 -0.2801418 0.05254441 0.9585195 0.9088534 0 0 0 1 0.1740077 -0.9790869 0.1054054 -0.1114627 0.943462 0.1964225 0.2670162 -1.79653e-7 -0.282136 0.05298304 0.9579102 0.8860395 0 0 0 1 0.1748549 -0.9787115 0.1074693 -0.2075081 0.9427546 0.1979049 0.2684166 -4.25209e-7 -0.2839711 0.05438309 0.9572893 0.8633354 0 0 0 1 0.175298 -0.9783835 0.1097107 -0.3029155 0.942213 0.1990354 0.2694802 -7.54326e-7 -0.2854913 0.05613148 0.9567361 0.843538 0 0 0 1 0.1754676 -0.9781485 0.1115193 -0.3981907 0.9418649 0.1997599 0.2701601 -1.10465e-6 -0.2865338 0.05763167 0.9563352 0.8294596 0 0 0 1 0.1754947 -0.978058 0.1122681 -0.4938022 0.9417413 0.2000168 0.2704009 -1.41332e-6 -0.2869232 0.05827355 0.9561795 0.8240632 0 0 0 1 0.1754522 -0.9780796 0.1121464 -0.5931721 0.9417801 0.1999361 0.2703252 -1.68893e-6 -0.2868217 0.05818808 0.9562152 0.8295753 0 0 0 1 0.1753345 -0.9781392 0.1118105 -0.6925419 0.9418874 0.1997131 0.2701163 -1.96454e-6 -0.2865414 0.05795222 0.9563136 0.8444336 0 0 0 1 0.1751564 -0.9782289 0.1113029 -0.7919118 0.9420493 0.1993762 0.2698004 -2.24015e-6 -0.2861178 0.05759555 0.9564619 0.8662036 0 0 0 1 0.1749321 -0.9783415 0.110664 -0.8912817 0.9422527 0.1989524 0.2694025 -2.51577e-6 -0.2855846 0.05714631 0.9566482 0.8925359 0 0 0 1 0.1746748 -0.9784699 0.1099334 -0.9906515 0.942485 0.1984677 0.2689472 -2.79138e-6 -0.284975 0.05663228 0.9568606 0.9211357 0 0 0 1 0.1743987 -0.9786069 0.1091497 -1.090021 0.9427337 0.1979484 0.2684581 -3.06699e-6 -0.2843209 0.05608034 0.9570876 0.9497355 0 0 0 1 0.1741167 -0.9787459 0.1083512 -1.189391 0.9429864 0.1974194 0.2679594 -3.3426e-6 -0.2836548 0.05551749 0.957318 0.9760677 0 0 0 1 0.1738429 -0.9788799 0.1075769 -1.288761 0.9432311 0.1969068 0.2674751 -3.61822e-6 -0.2830086 0.05497121 0.9575408 0.9978378 0 0 0 1 0.1735908 -0.9790025 0.1068657 -1.388131 0.9434552 0.1964362 0.26703 -3.89383e-6 -0.2824153 0.05446898 0.9577446 1.012696 0 0 0 1 0.1733752 -0.9791069 0.1062583 -1.487501 0.9436465 0.1960344 0.2666493 -4.16944e-6 -0.2819084 0.05403989 0.9579182 1.018208 0 0 0 1 0.1727452 -0.9791209 0.1071518 -1.589751 0.9438244 0.1956602 0.2662943 -4.49914e-6 -0.2816997 0.05513137 0.9579175 1.009511 0 0 0 1 0.1716958 -0.9790484 0.1094746 -1.691756 0.9440019 0.1952863 0.2659389 -4.87334e-6 -0.281746 0.05768364 0.9577535 0.9879128 0 0 0 1 0.170886 -0.9790025 0.111141 -1.793887 0.9441573 0.1949591 0.2656279 -5.22488e-6 -0.2817183 0.05954247 0.9576479 0.959806 0 0 0 1 0.1709699 -0.9791073 0.1100822 -1.896511 0.9442676 0.1947262 0.265406 -5.48717e-6 -0.2812969 0.05857062 0.9578317 0.9313665 0 0 0 1</float_array>
        <technique_common>
          <accessor source="#node-Bip001_matrix-output-array" count="20" stride="16">
            <param name="TRANSFORM" type="float4x4"/>
          </accessor>
        </technique_common>
      </source>
      <source id="node-Bip001_matrix-interpolation">
        <Name_array id="node-Bip001_matrix-interpolation-array" count="20">LINEAR LINEAR LINEAR LINEAR LINEAR LINEAR LINEAR LINEAR LINEAR LINEAR LINEAR LINEAR LINEAR LINEAR LINEAR LINEAR LINEAR LINEAR LINEAR LINEAR</Name_array>
        <technique_common>
          <accessor source="#node-Bip001_matrix-interpolation-array" count="20" stride="1">
            <param name="INTERPOLATION" type="name"/>
          </accessor>
        </technique_common>
      </source>
      <source id="node-Bip001_Pelvis_matrix-input">
        <float_array id="node-Bip001_Pelvis_matrix-input-array" count="20">17 17.03333 17.06667 17.1 17.13333 17.16667 17.2 17.23333 17.26667 17.3 17.33333 17.36667 17.4 17.43333 17.46667 17.5 17.53333 17.56667 17.6 17.63333</float_array>
        <technique_common>
          <accessor source="#node-Bip001_Pelvis_matrix-input-array" count="20" stride="1">
            <param name="TIME" type="float"/>
          </accessor>
        </technique_common>
      </source>
      <source id="node-Bip001_Pelvis_matrix-output">
        <float_array id="node-Bip001_Pelvis_matrix-output-array" count="320">0 1 -1.40071e-6 0 -0.1140869 1.35787e-6 0.9934707 0 0.9934707 2.08616e-7 0.1140869 0 0 0 0 1 0 1 -1.40443e-6 0 -0.123553 1.35507e-6 0.9923378 0 0.9923378 1.49012e-7 0.123553 0 0 0 0 1 0 1 -1.35228e-6 0 -0.1462684 1.36998e-6 0.9892449 0 0.989245 1.78814e-7 0.1462684 0 0 0 0 1 0 1 -1.42306e-6 0 -0.1737121 1.37091e-6 0.9847965 0 0.9847965 2.38419e-7 0.1737121 0 0 0 0 1 0 1 -1.38581e-6 0 -0.197458 1.34856e-6 0.9803113 0 0.9803112 2.68221e-7 0.197458 0 0 0 0 1 0 1 -1.40816e-6 0 -0.209223 1.36718e-6 0.977868 0 0.977868 2.98023e-7 0.209223 0 0 0 0 1 0 1 -1.43051e-6 0 -0.2007583 1.35414e-6 0.9796408 0 0.9796407 3.27826e-7 0.2007583 0 0 0 0 1 0 1 -1.37463e-6 0 -0.1533114 1.35973e-6 0.9881779 0 0.988178 2.08616e-7 0.1533114 0 0 0 0 1 0 1 -1.36718e-6 0 -0.07050377 1.39698e-6 0.9975116 0 0.9975117 0 0.07050371 0 0 0 0 1 0 1 -1.38953e-6 0 0.02146637 1.38208e-6 0.9997697 0 0.9997696 0 -0.02146637 0 0 0 0 1 0 1 -1.40164e-6 0 0.095555 1.36718e-6 0.9954242 0 0.9954241 -1.19209e-7 -0.095555 0 0 0 0 1 0 1 -1.37463e-6 0 0.1253374 1.37463e-6 0.9921142 0 0.9921142 -2.08616e-7 -0.1253374 0 0 0 0 1 0 1 -1.38674e-6 0 0.09403955 1.36904e-6 0.9955685 0 0.9955685 -1.49012e-7 -0.09403955 0 0 0 0 1 0 1 -1.38767e-6 0 0.01888018 1.36346e-6 0.9998217 0 0.9998217 0 -0.01888018 0 0 0 0 1 0 1 -1.40071e-6 0 -0.07437145 1.3886e-6 0.9972307 0 0.9972307 0 0.07437145 0 0 0 0 1 0 0.9999999 -1.39698e-6 0 -0.1593258 1.36439e-6 0.987226 0 0.9872259 2.08616e-7 0.1593258 0 0 0 0 1 0 1 -1.39326e-6 0 -0.2104524 1.34856e-6 0.9776041 0 0.977604 2.98023e-7 0.2104524 0 0 0 0 1 0 1 -1.40816e-6 0 -0.2101927 1.36346e-6 0.9776601 0 0.97766 2.68221e-7 0.2101926 0 0 0 0 1 0 1 -1.39326e-6 0 -0.175605 1.37649e-6 0.9844607 0 0.9844606 2.98023e-7 0.1756049 0 0 0 0 1 0 1 -1.37091e-6 0 -0.1341958 1.39326e-6 0.9909549 0 0.9909549 2.08616e-7 0.1341958 0 0 0 0 1</float_array>
        <technique_common>
          <accessor source="#node-Bip001_Pelvis_matrix-output-array" count="20" stride="16">
            <param name="TRANSFORM" type="float4x4"/>
          </accessor>
        </technique_common>
      </source>
      <source id="node-Bip001_Pelvis_matrix-interpolation">
        <Name_array id="node-Bip001_Pelvis_matrix-interpolation-array" count="20">LINEAR LINEAR LINEAR LINEAR LINEAR LINEAR LINEAR LINEAR LINEAR LINEAR LINEAR LINEAR LINEAR LINEAR LINEAR LINEAR LINEAR LINEAR LINEAR LINEAR</Name_array>
        <technique_common>
          <accessor source="#node-Bip001_Pelvis_matrix-interpolation-array" count="20" stride="1">
            <param name="INTERPOLATION" type="name"/>
          </accessor>
        </technique_common>
      </source>
      <source id="node-Bip001_Spine_matrix-input">
        <float_array id="node-Bip001_Spine_matrix-input-array" count="20">17 17.03333 17.06667 17.1 17.13333 17.16667 17.2 17.23333 17.26667 17.3 17.33333 17.36667 17.4 17.43333 17.46667 17.5 17.53333 17.56667 17.6 17.63333</float_array>
        <technique_common>
          <accessor source="#node-Bip001_Spine_matrix-input-array" count="20" stride="1">
            <param name="TIME" type="float"/>
          </accessor>
        </technique_common>
      </source>
      <source id="node-Bip001_Spine_matrix-output">
        <float_array id="node-Bip001_Spine_matrix-output-array" count="320">0.9968292 -0.06539052 0.04534167 0.09757065 0.06663364 0.9974264 -0.02646982 -8.81553e-5 -0.0434941 0.0294072 0.9986208 0.01120138 0 0 0 1 0.9971985 -0.06566786 0.03581923 0.09745943 0.06663358 0.9974263 -0.02646982 -8.82149e-5 -0.03398877 0.02878242 0.9990076 0.01213109 0 0 0 1 0.9977157 -0.06631046 0.01290905 0.0971558 0.06663364 0.9974264 -0.02646988 -8.82149e-5 -0.01112061 0.02726948 0.9995665 0.01436203 0 0 0 1 0.997639 -0.06704288 -0.01488298 0.0967189 0.0666337 0.9974262 -0.02646982 -8.81553e-5 0.01661932 0.02541559 0.9995387 0.01705735 0 0 0 1 0.9969462 -0.0676375 -0.03903156 0.09627854 0.06663376 0.9974265 -0.02646982 -8.81851e-5 0.04072141 0.02378821 0.9988874 0.01938945 0 0 0 1 0.9963847 -0.06791847 -0.05103123 0.09603857 0.06663376 0.9974262 -0.02646982 -8.81851e-5 0.05269765 0.02297371 0.9983462 0.02054494 0 0 0 1 0.9968034 -0.06771725 -0.04239535 0.09621262 0.06663376 0.9974263 -0.02646982 -8.81851e-5 0.0440787 0.02356022 0.9987503 0.01971364 0 0 0 1 0.9977694 -0.06650298 0.005788505 0.09705096 0.06663364 0.9974263 -0.02646982 -8.82447e-5 -0.004013299 0.02679651 0.999633 0.01505368 0 0 0 1 0.9939706 -0.06404089 0.08899748 0.09796732 0.06663358 0.9974263 -0.02646988 -8.81851e-5 -0.08707332 0.03224045 0.99568 0.006920993 0 0 0 1 0.9817625 -0.06080681 0.1801243 0.09818881 0.06663346 0.9974263 -0.02646982 -8.81851e-5 -0.1780512 0.03798943 0.9832876 -0.002111613 0 0 0 1 0.9658537 -0.05782181 0.2525537 0.09776186 0.06663334 0.9974264 -0.02646988 -8.82447e-5 -0.2503732 0.04239451 0.9672207 -0.00938791 0 0 0 1 0.9579182 -0.05652558 0.2814205 0.09743666 0.06663334 0.9974263 -0.02646988 -8.82149e-5 -0.2792 0.04410797 0.9592194 -0.01231288 0 0 0 1 0.9662337 -0.0578863 0.251081 0.09777599 0.0666334 0.9974263 -0.02646988 -8.82447e-5 -0.2489025 0.04230648 0.967604 -0.009238958 0 0 0 1 0.9822199 -0.06090492 0.1775803 0.09819394 0.0666334 0.9974264 -0.02646982 -8.82149e-5 -0.1755111 0.03783202 0.9837504 -0.001857519 0 0 0 1 0.9943011 -0.06416547 0.08513569 0.09793972 0.06663364 0.9974264 -0.02646982 -8.82149e-5 -0.08321809 0.03199189 0.9960178 0.007300972 0 0 0 1 0.9977754 -0.06666499 -2.98604e-4 0.09695744 0.0666337 0.9974265 -0.02646982 -8.81553e-5 0.002062499 0.02639102 0.9996496 0.01564431 0 0 0 1 0.9963178 -0.06794726 -0.05228644 0.09601259 0.0666337 0.9974263 -0.02646982 -8.81553e-5 0.05395048 0.0228883 0.9982813 0.02066552 0 0 0 1 0.9963321 -0.06794124 -0.05202114 0.09601813 0.06663382 0.9974263 -0.02646982 -8.81553e-5 0.05368566 0.02290642 0.998295 0.02064025 0 0 0 1 0.9976053 -0.06709164 -0.01680457 0.09668594 0.0666337 0.9974264 -0.02646982 -8.82149e-5 0.01853722 0.02528667 0.9995084 0.01724314 0 0 0 1 0.9975058 -0.06597298 0.02509576 0.09732353 0.0666337 0.9974264 -0.02646982 -8.81553e-5 -0.02328485 0.02807605 0.9993346 0.01317632 0 0 0 1</float_array>
        <technique_common>
          <accessor source="#node-Bip001_Spine_matrix-output-array" count="20" stride="16">
            <param name="TRANSFORM" type="float4x4"/>
          </accessor>
        </technique_common>
      </source>
      <source id="node-Bip001_Spine_matrix-interpolation">
        <Name_array id="node-Bip001_Spine_matrix-interpolation-array" count="20">LINEAR LINEAR LINEAR LINEAR LINEAR LINEAR LINEAR LINEAR LINEAR LINEAR LINEAR LINEAR LINEAR LINEAR LINEAR LINEAR LINEAR LINEAR LINEAR LINEAR</Name_array>
        <technique_common>
          <accessor source="#node-Bip001_Spine_matrix-interpolation-array" count="20" stride="1">
            <param name="INTERPOLATION" type="name"/>
          </accessor>
        </technique_common>
      </source>
      <source id="node-Bip001_Spine1_matrix-input">
        <float_array id="node-Bip001_Spine1_matrix-input-array" count="20">17 17.03333 17.06667 17.1 17.13333 17.16667 17.2 17.23333 17.26667 17.3 17.33333 17.36667 17.4 17.43333 17.46667 17.5 17.53333 17.56667 17.6 17.63333</float_array>
        <technique_common>
          <accessor source="#node-Bip001_Spine1_matrix-input-array" count="20" stride="1">
            <param name="TIME" type="float"/>
          </accessor>
        </technique_common>
      </source>
      <source id="node-Bip001_Spine1_matrix-output">
