<?xml version="1.0" encoding="utf-8"?>
<COLLADA xmlns="http://www.collada.org/2005/11/COLLADASchema" version="1.4.1">
  <asset>
    <contributor>
      <author>MattO</author>
      <authoring_tool>OpenCOLLADA for 3ds Max;  Version: 1.3.0;  Revision: 839M;  Platform: x64;  Configuration: Release_Max2012</authoring_tool>
      <source_data>file:///C:/Dropbox/Prj/GGStout/Kral/Mantis_TP_Kral_Animation_Master.max</source_data>
    </contributor>
    <created>2011-10-24T16:55:26</created>
    <modified>2011-10-24T16:55:26</modified>
    <unit name="meter" meter="1"/>
    <up_axis>Z_UP</up_axis>
  </asset>
  <library_effects>
    <effect id="ColorEffectR88G199B225">
      <profile_COMMON>
        <technique sid="common">
          <phong>
            <ambient>
              <color>0.345098 0.7803922 0.8823529 1</color>
            </ambient>
            <diffuse>
              <color>0.345098 0.7803922 0.8823529 1</color>
            </diffuse>
            <specular>
              <color>1 1 1 1</color>
            </specular>
            <shininess>
              <float>10</float>
            </shininess>
            <reflective>
              <color>0 0 0 1</color>
            </reflective>
            <transparent>
              <color>1 1 1 1</color>
            </transparent>
            <transparency>
              <float>1</float>
            </transparency>
          </phong>
        </technique>
      </profile_COMMON>
    </effect>
  </library_effects>
  <library_materials>
    <material id="ColorEffectR88G199B225-material" name="ColorEffectR88G199B225-material">
      <instance_effect url="#ColorEffectR88G199B225"/>
    </material>
  </library_materials>
  <library_geometries>
    <geometry id="geom-Bounds" name="Bounds">
      <mesh>
        <source id="geom-Bounds-positions">
          <float_array id="geom-Bounds-positions-array" count="24">-0.5 -0.5 0 0.5 -0.5 0 -0.5 0.5 0 0.5 0.5 0 -0.5 -0.5 2 0.5 -0.5 2 -0.5 0.5 2 0.5 0.5 2</float_array>
          <technique_common>
            <accessor source="#geom-Bounds-positions-array" count="8" stride="3">
              <param name="X" type="float"/>
              <param name="Y" type="float"/>
              <param name="Z" type="float"/>
            </accessor>
          </technique_common>
        </source>
        <source id="geom-Bounds-normals">
          <float_array id="geom-Bounds-normals-array" count="72">0 0 -1 0 0 -1 0 0 -1 0 0 -1 0 0 1 0 0 1 0 0 1 0 0 1 0 -1 0 0 -1 0 0 -1 0 0 -1 0 1 0 0 1 0 0 1 0 0 1 0 0 0 1 0 0 1 0 0 1 0 0 1 0 -1 0 0 -1 0 0 -1 0 0 -1 0 0</float_array>
          <technique_common>
            <accessor source="#geom-Bounds-normals-array" count="24" stride="3">
              <param name="X" type="float"/>
              <param name="Y" type="float"/>
              <param name="Z" type="float"/>
            </accessor>
          </technique_common>
        </source>
        <source id="geom-Bounds-map1">
          <float_array id="geom-Bounds-map1-array" count="36">0 0 0 1 0 0 0 1 0 1 1 0 0 0 0 1 0 0 0 1 0 1 1 0 0 0 0 1 0 0 0 1 0 1 1 0</float_array>
          <technique_common>
            <accessor source="#geom-Bounds-map1-array" count="12" stride="3">
              <param name="S" type="float"/>
              <param name="T" type="float"/>
              <param name="P" type="float"/>
            </accessor>
          </technique_common>
        </source>
        <vertices id="geom-Bounds-vertices">
          <input semantic="POSITION" source="#geom-Bounds-positions"/>
        </vertices>
        <triangles material="ColorMaterial" count="12">
          <input semantic="VERTEX" source="#geom-Bounds-vertices" offset="0"/>
          <input semantic="NORMAL" source="#geom-Bounds-normals" offset="1"/>
          <input semantic="TEXCOORD" source="#geom-Bounds-map1" offset="2" set="0"/>
          <p>0 0 9 2 1 11 3 2 10 3 2 10 1 3 8 0 0 9 4 4 8 5 5 9 7 6 11 7 6 11 6 7 10 4 4 8 0 8 4 1 9 5 5 10 7 5 10 7 4 11 6 0 8 4 1 12 0 3 13 1 7 14 3 7 14 3 5 15 2 1 12 0 3 16 4 2 17 5 6 18 7 6 18 7 7 19 6 3 16 4 2 20 0 0 21 1 4 22 3 4 22 3 6 23 2 2 20 0</p>
        </triangles>
      </mesh>
      <extra>
        <technique profile="OpenCOLLADA3dsMax">
          <max_box>
            <generateuvs>1</generateuvs>
            <height>2</height>
            <heightsegments>1</heightsegments>
            <length>1</length>
            <lengthsegments>1</lengthsegments>
            <width>1</width>
            <widthsegments>1</widthsegments>
          </max_box>
        </technique>
      </extra>
    </geometry>
  </library_geometries>
  <library_lights>
    <light id="EnvironmentAmbientLight" name="EnvironmentAmbientLight">
      <technique_common>
        <ambient>
          <color>0 0 0</color>
        </ambient>
      </technique_common>
    </light>
  </library_lights>
  <library_visual_scenes>
    <visual_scene id="MaxScene">
      <node name="EnvironmentAmbientLight">
        <instance_light url="#EnvironmentAmbientLight"/>
      </node>
      <node id="node-Bip001" name="Bip001">
        <matrix sid="matrix">0.1726207 -0.9794674 0.1041433 -0.014 0.9443109 0.1946352 0.265319 -8.2537e-8 -0.2801413 0.05254412 0.9585197 0.9088534 0 0 0 1</matrix>
        <node id="node-Bip001_Pelvis" name="Bip001_Pelvis">
          <matrix sid="matrix">-2.98023e-8 1 -1.40443e-6 0 -0.1140869 1.37649e-6 0.9934707 0 0.9934708 1.78814e-7 0.114087 0 0 0 0 1</matrix>
          <node id="node-Bip001_Spine" name="Bip001_Spine">
            <matrix sid="matrix">0.996829 -0.06539047 0.0453417 0.09757066 0.06663364 0.9974263 -0.02646987 -8.81851e-5 -0.04349415 0.02940723 0.9986207 0.01120143 0 0 0 1</matrix>
            <node id="node-Bip001_Spine1" name="Bip001_Spine1">
              <matrix sid="matrix">0.9202452 -0.3709279 -0.1247442 0.1110484 0.3684717 0.9286401 -0.04308298 -8.21352e-5 0.1318232 -0.006317809 0.9912531 5.51343e-7 0 0 0 1</matrix>
              <node id="node-Bip001_Spine2" name="Bip001_Spine2">
                <matrix sid="matrix">0.9873906 -0.1427275 -0.06847606 0.1110283 0.1465192 0.9877355 0.05395438 -8.73208e-5 0.05993547 -0.06330708 0.9961927 5.60284e-6 0 0 0 1</matrix>
                <node id="node-Bip001_Spine3" name="Bip001_Spine3">
                  <matrix sid="matrix">0.9602789 -0.2413088 -0.1401232 0.1110559 0.2513068 0.9661429 0.05841916 -1.62065e-4 0.121282 -0.09131265 0.9884092 1.53128e-5 0 0 0 1</matrix>
                  <node id="node-Bip001_Neck" name="Bip001_Neck">
                    <matrix sid="matrix">0.996275 -0.06420577 -0.05756485 0.2584253 0.05691218 0.9910874 -0.1204439 0.01280224 0.06478499 0.1167191 0.9910498 -4.54485e-6 0 0 0 1</matrix>
                    <node id="node-Bip001_Neck1" name="Bip001_Neck1">
                      <matrix sid="matrix">0.9876223 0.154551 -0.02676342 0.04894257 -0.1564701 0.9826622 -0.09945934 -3.82662e-5 0.01092787 0.1024159 0.9946817 -3.98606e-6 0 0 0 1</matrix>
                      <node id="node-Bip001_Neck2" name="Bip001_Neck2">
                        <matrix sid="matrix">0.9510024 0.3023925 -0.06444632 0.04893684 -0.2904412 0.9452001 0.149133 -3.68357e-5 0.1060114 -0.1231079 0.9867149 4.80562e-6 0 0 0 1</matrix>
                        <node id="node-Bip001_Head" name="Bip001_Head">
                          <matrix sid="matrix">0.9831143 0.01872531 0.1820316 0.04894865 -0.0280726 0.9984088 0.04890931 0 -0.180826 -0.05319357 0.9820753 0 0 0 0 1</matrix>
                          <node id="node-Bip001_Ponytail1" name="Bip001_Ponytail1">
                            <matrix>-0.05999067 -0.998199 -2.7623e-6 0.009580612 0.9981989 -0.05999064 -2.94298e-6 0.1139534 2.76463e-6 -2.94205e-6 1 9.49949e-8 0 0 0 1</matrix>
                          </node>
                          <node id="node-ALTEYE" name="ALTEYE">
                            <matrix>-0.009488137 0.5772443 0.8165166 0.1153699 0.002645045 0.8165649 -0.5772476 0.2046643 -0.9999516 -0.003317255 -0.009274507 -0.001006844 0 0 0 1</matrix>
                          </node>
                        </node>
                      </node>
                    </node>
                    <node id="node-Bip001_L_Clavicle" name="Bip001_L_Clavicle">
                      <matrix sid="matrix">0.3342247 -0.008938923 0.9424511 -0.04513067 0.6360527 -0.735772 -0.2325443 0.007413626 0.6955077 0.6771705 -0.2402275 0.02444145 0 0 0 1</matrix>
                      <node id="node-Bip001_L_UpperArm" name="Bip001_L_UpperArm">
                        <matrix sid="matrix">0.3951783 -0.3608953 0.8447418 0.07966617 -0.2447343 0.844993 0.4754916 1.19209e-7 -0.8854033 -0.3946413 0.2455994 1.19209e-7 0 0 0 1</matrix>
                        <node id="node-Bip001_L_Forearm" name="Bip001_L_Forearm">
                          <matrix sid="matrix">-0.4447331 0.8956633 2.23517e-8 0.4297334 -0.895663 -0.4447331 4.84288e-8 0 -2.70084e-8 7.45058e-9 0.9999999 -2.98023e-8 0 0 0 1</matrix>
                          <node id="node-Bip001_L_Hand" name="Bip001_L_Hand">
                            <matrix sid="matrix">0.8150853 -0.09850984 -0.5709043 0.3774393 0.04483458 -0.9717564 0.2316878 5.96046e-8 -0.5776035 -0.2144416 -0.7876478 -2.98023e-8 0 0 0 1</matrix>
                            <node id="node-Bip001_L_Finger0" name="Bip001_L_Finger0">
                              <matrix>0.4919401 0.824418 0.2798744 0.03908239 0.6521552 -0.135966 -0.7457928 0.0173853 -0.5767916 0.5494068 -0.6045356 -0.04049921 0 0 0 1</matrix>
                              <node id="node-Bip001_L_Finger01" name="Bip001_L_Finger01">
                                <matrix>0.9511044 0.3088697 0 0.1027657 -0.3088696 0.9511043 1.49012e-8 0 0 4.47035e-8 0.9999999 0 0 0 0 1</matrix>
                                <node id="node-Bip001_L_Finger02" name="Bip001_L_Finger02">
                                  <matrix>0.8065711 -0.5911369 0 0.05252492 0.5911369 0.8065711 0 2.98023e-8 5.96046e-8 0 1 0 0 0 0 1</matrix>
                                </node>
                              </node>
                            </node>
                            <node id="node-Bip001_L_Finger1" name="Bip001_L_Finger1">
                              <matrix>0.6375437 -0.770391 0.005983962 0.1458857 0.7704015 0.6375586 7.96288e-4 -1.53184e-5 -0.004428595 0.004102305 0.9999817 -0.01919657 0 0 0 1</matrix>
                              <node id="node-Bip001_L_Finger11" name="Bip001_L_Finger11">
                                <matrix>0.5190609 -0.8547373 0 0.08578128 0.8547373 0.5190609 0 -2.98023e-8 1.49012e-8 1.11759e-8 1 -5.96046e-8 0 0 0 1</matrix>
                                <node id="node-Bip001_L_Finger12" name="Bip001_L_Finger12">
                                  <matrix>0.9649358 -0.2624862 0 0.05549777 0.2624862 0.9649357 7.45058e-9 5.96046e-8 0 -4.47035e-8 1 -5.96046e-8 0 0 0 1</matrix>
                                </node>
                              </node>
                            </node>
                            <node id="node-Bip001_L_Finger2" name="Bip001_L_Finger2">
                              <matrix>0.5018925 -0.855015 -0.1305896 0.143758 0.8647377 0.492844 0.09661077 0.003213346 -0.01824342 -0.161414 0.9867181 0.02870399 0 0 0 1</matrix>
                              <node id="node-Bip001_L_Finger21" name="Bip001_L_Finger21">
                                <matrix>0.8477589 -0.5303817 2.23517e-8 0.07148439 0.5303816 0.847759 -1.49012e-8 5.96046e-8 1.49012e-8 -9.31323e-10 1 -5.96046e-8 0 0 0 1</matrix>
                                <node id="node-Bip001_L_Finger22" name="Bip001_L_Finger22">
                                  <matrix>0.8033118 -0.5955588 0 0.05113888 0.5955588 0.8033119 3.1665e-8 -2.98023e-8 1.49012e-8 4.84288e-8 1 5.96046e-8 0 0 0 1</matrix>
                                </node>
                              </node>
                            </node>
                          </node>
                        </node>
                        <node id="node-Bip001_L_ForeTwist" name="Bip001_L_ForeTwist">
                          <matrix sid="matrix">-0.4447331 0.8147839 0.3719407 0.4297334 -0.895663 -0.4045732 -0.1846837 0 -2.70084e-8 -0.4152685 0.9096989 -2.98023e-8 0 0 0 1</matrix>
                          <node id="node-Bip001_L_ForeTwist1" name="Bip001_L_ForeTwist1">
                            <matrix sid="matrix">1 0 -1.49012e-8 0.1887197 0 0.9096989 0.4152684 0 -9.31323e-9 -0.4152685 0.909699 1.49012e-8 0 0 0 1</matrix>
                          </node>
                        </node>
                      </node>
                      <node id="node-Bip001_LUpArmTwist" name="Bip001_LUpArmTwist">
                        <matrix sid="matrix">0.3951783 -0.3608953 0.8447418 0.07966617 -0.2447343 0.844993 0.4754916 1.19209e-7 -0.8854033 -0.3946413 0.2455994 1.19209e-7 0 0 0 1</matrix>
                        <node id="node-Bip001_LUpArmTwist1" name="Bip001_LUpArmTwist1">
                          <matrix>1 0 2.23517e-8 0.2148666 -5.96046e-8 1 4.84288e-8 5.96046e-8 -1.11759e-8 2.42144e-8 0.9999999 -2.98023e-8 0 0 0 1</matrix>
                        </node>
                      </node>
                    </node>
                    <node id="node-Bip001_R_Clavicle" name="Bip001_R_Clavicle">
                      <matrix sid="matrix">-0.3623546 -0.0867469 -0.9279947 -0.04800195 0.651663 -0.7354233 -0.1857095 0.002240896 -0.6663591 -0.6720325 0.3230138 -0.01948114 0 0 0 1</matrix>
                      <node id="node-Bip001_R_UpperArm" name="Bip001_R_UpperArm">
                        <matrix sid="matrix">0.8136511 -0.3461384 -0.467076 0.07966626 -0.173399 0.6223632 -0.7632805 0 0.5548914 0.7020347 0.4463664 5.96046e-8 0 0 0 1</matrix>
                        <node id="node-Bip001_R_Forearm" name="Bip001_R_Forearm">
                          <matrix sid="matrix">-0.6919647 0.7219316 -1.49012e-8 0.4297335 -0.7219315 -0.6919646 0 5.96046e-8 -1.86265e-8 -5.96046e-8 1 0 0 0 0 1</matrix>
                          <node id="node-Bip001_R_Hand" name="Bip001_R_Hand">
                            <matrix sid="matrix">0.9643108 0.1933584 0.1808787 0.3774393 0.2203473 -0.2072845 -0.9531422 1.19209e-7 -0.1468047 0.9589816 -0.2424927 5.96046e-8 0 0 0 1</matrix>
                            <node id="node-Bip001_R_Finger0" name="Bip001_R_Finger0">
                              <matrix>0.6486481 0.5772246 -0.4960517 0.03908229 0.6676159 -0.1185831 0.7350016 0.01738538 0.3654376 -0.8079293 -0.462283 0.04049921 0 0 0 1</matrix>
                              <node id="node-Bip001_R_Finger01" name="Bip001_R_Finger01">
                                <matrix>0.6155394 -0.7881061 0 0.1027657 0.7881061 0.6155394 2.98023e-8 8.9407e-8 5.96046e-8 0 1 -5.96046e-8 0 0 0 1</matrix>
                                <node id="node-Bip001_R_Finger02" name="Bip001_R_Finger02">
                                  <matrix>0.1523349 -0.9883291 -2.98023e-8 0.05252492 0.9883291 0.152335 2.98023e-8 0 2.98023e-8 0 1 -5.96046e-8 0 0 0 1</matrix>
                                </node>
                              </node>
                            </node>
                            <node id="node-Bip001_R_Finger1" name="Bip001_R_Finger1">
                              <matrix>0.7109717 -0.6323431 -0.3076712 0.1458858 0.6327782 0.7661361 -0.1123713 -1.52737e-5 0.3067753 -0.1147949 0.9448339 0.01919663 0 0 0 1</matrix>
                              <node id="node-Bip001_R_Finger11" name="Bip001_R_Finger11">
                                <matrix>-0.6406224 -0.767856 2.98023e-8 0.08578122 0.767856 -0.6406225 0 0 2.98023e-8 1.49012e-8 0.9999999 -5.96046e-8 0 0 0 1</matrix>
                                <node id="node-Bip001_R_Finger12" name="Bip001_R_Finger12">
                                  <matrix>0.8432422 -0.5375336 0 0.05549783 0.5375336 0.8432422 1.49012e-8 -1.49012e-8 -2.98023e-8 0 0.9999999 5.96046e-8 0 0 0 1</matrix>
                                </node>
                              </node>
                            </node>
                            <node id="node-Bip001_R_Finger2" name="Bip001_R_Finger2">
                              <matrix>0.2634968 -0.9557804 0.1305896 0.1437579 0.9628298 0.2522402 -0.09661078 0.003213391 0.05939874 0.1511922 0.9867182 -0.02870387 0 0 0 1</matrix>
                              <node id="node-Bip001_R_Finger21" name="Bip001_R_Finger21">
                                <matrix>-0.03544473 -0.9993716 3.72529e-9 0.0714844 0.9993716 -0.03544473 1.49012e-8 -5.96046e-8 1.49012e-8 -7.45058e-9 1 1.19209e-7 0 0 0 1</matrix>
                                <node id="node-Bip001_R_Finger22" name="Bip001_R_Finger22">
                                  <matrix>0.7483486 -0.6633058 1.49012e-8 0.05113888 0.6633058 0.7483485 0 0 -7.45058e-9 0 1 -1.19209e-7 0 0 0 1</matrix>
                                </node>
                              </node>
                            </node>
                            <node id="node-mount0" name="mount0">
                              <matrix>-4.61296e-8 1 5.08036e-7 0.1088289 -1 -3.02389e-7 -1.47149e-7 0.0307041 1.546e-7 -4.27943e-7 0.9999998 0.01333499 0 0 0 1</matrix>
                            </node>
                          </node>
                        </node>
                        <node id="node-Bip001_R_ForeTwist" name="Bip001_R_ForeTwist">
                          <matrix sid="matrix">-0.6919647 0.7194439 -0.05988242 0.4297335 -0.7219315 -0.68958 0.05739672 5.96046e-8 -1.86265e-8 0.08294743 0.9965539 0 0 0 0 1</matrix>
                          <node id="node-Bip001_R_ForeTwist1" name="Bip001_R_ForeTwist1">
                            <matrix sid="matrix">0.9999999 0 0 0.1887196 -1.49012e-8 0.9965538 -0.08294744 1.19209e-7 -1.86265e-9 0.08294746 0.9965539 2.98023e-8 0 0 0 1</matrix>
                          </node>
                        </node>
                      </node>
                      <node id="node-Bip001_RUpArmTwist" name="Bip001_RUpArmTwist">
                        <matrix sid="matrix">0.8136511 -0.3461384 -0.467076 0.07966626 -0.173399 0.6223632 -0.7632805 0 0.5548914 0.7020347 0.4463664 5.96046e-8 0 0 0 1</matrix>
                        <node id="node-Bip001_RUpArmTwist1" name="Bip001_RUpArmTwist1">
                          <matrix>1 2.98023e-8 -1.49012e-8 0.2148668 -2.98023e-8 1 0 5.96046e-8 -2.98023e-8 1.49012e-8 1 0 0 0 0 1</matrix>
                        </node>
                      </node>
                    </node>
                  </node>
                </node>
              </node>
            </node>
            <node id="node-Bip001_L_Thigh" name="Bip001_L_Thigh">
              <matrix sid="matrix">-0.7653571 0.5726502 0.2937693 -0.09992939 0.6320773 0.754786 0.1754326 0.008276075 -0.1212714 0.3199535 -0.9396398 0.05696531 0 0 0 1</matrix>
              <node id="node-Bip001_L_Calf" name="Bip001_L_Calf">
                <matrix sid="matrix">-0.3357891 0.9419374 9.31323e-10 0.454169 -0.9419373 -0.3357891 -9.31323e-10 0 4.11092e-10 -3.72529e-9 1 -7.45058e-9 0 0 0 1</matrix>
                <node id="node-Bip001_L_HorseLink" name="Bip001_L_HorseLink">
                  <matrix sid="matrix">-0.283228 -0.9590526 5.12955e-10 0.3208732 0.9590524 -0.2832279 0 2.98023e-8 1.30385e-8 -1.5134e-8 0.9999999 -1.49012e-8 0 0 0 1</matrix>
                  <node id="node-Bip001_L_Foot" name="Bip001_L_Foot">
                    <matrix sid="matrix">0.6820037 0.7242848 0.1014034 0.3617601 -0.7077838 0.6885663 -0.1578552 3.72529e-9 -0.1841551 0.0358862 0.9822419 0 0 0 0 1</matrix>
                    <node id="node-Bip001_L_Toe0" name="Bip001_L_Toe0">
                      <matrix sid="matrix">-0.6555851 -0.7201618 -0.2271016 0.08654234 0.7102289 -0.6902145 0.1384873 0.1234713 -0.2564821 -0.07050391 0.9639739 -0.02420596 0 0 0 1</matrix>
                      <node id="node-Bip001_L_Toe01" name="Bip001_L_Toe01">
                        <matrix sid="matrix">0.997908 -0.0646504 -1.24231e-8 0.04576608 0.06465046 0.997908 4.14775e-9 -3.72529e-9 -2.4968e-8 1.05699e-8 1 -1.49012e-8 0 0 0 1</matrix>
                        <node id="node-Bip001_L_Toe02" name="Bip001_L_Toe02">
                          <matrix sid="matrix">0.08123684 0.9966948 -1.93405e-8 0.03187376 -0.9966947 0.08123681 -1.7385e-9 1.11759e-8 6.82508e-9 4.17351e-8 1 7.45058e-9 0 0 0 1</matrix>
                        </node>
                      </node>
                    </node>
                    <node id="node-Bip001_L_Toe1" name="Bip001_L_Toe1">
                      <matrix sid="matrix">-0.807723 -0.5890461 -0.02465533 0.09280638 0.5797122 -0.7859215 -0.2150834 0.1308167 0.1073169 -0.1880208 0.9762841 0.03696451 0 0 0 1</matrix>
                      <node id="node-Bip001_L_Toe11" name="Bip001_L_Toe11">
                        <matrix sid="matrix">0.9879117 -0.155018 -6.37993e-9 0.04370602 0.155018 0.9879117 7.7307e-12 -1.86265e-9 -3.32486e-8 2.84721e-8 1 0 0 0 0 1</matrix>
                        <node id="node-Bip001_L_Toe12" name="Bip001_L_Toe12">
                          <matrix sid="matrix">0.0589577 0.9982606 -1.84322e-8 0.03796014 -0.9982606 0.05895787 4.46926e-9 1.30385e-8 1.63757e-8 2.7967e-8 1 3.72529e-9 0 0 0 1</matrix>
                        </node>
                      </node>
                    </node>
                    <node id="node-Bip001_L_Toe2" name="Bip001_L_Toe2">
                      <matrix sid="matrix">0.0977775 -0.9149249 0.3916017 0.06798326 0.1107247 -0.3810434 -0.9179029 0.002804026 0.9890296 0.1331103 0.06404728 0.04295146 0 0 0 1</matrix>
                      <node id="node-Bip001_L_Toe21" name="Bip001_L_Toe21">
                        <matrix sid="matrix">1 0 -1.86265e-9 0.01451743 2.98023e-8 1 0 1.11759e-8 1.86265e-9 0 1 0 0 0 0 1</matrix>
                        <node id="node-Bip001_L_Toe22" name="Bip001_L_Toe22">
                          <matrix sid="matrix">0.5236049 0.8519612 -1.86265e-9 0.03369504 -0.8519612 0.5236049 0 -7.45058e-9 7.45058e-9 -3.72529e-9 1 0 0 0 0 1</matrix>
                        </node>
                      </node>
                    </node>
                  </node>
                </node>
              </node>
            </node>
            <node id="node-Bip001_R_Thigh" name="Bip001_R_Thigh">
              <matrix sid="matrix">-0.6693873 0.661708 0.3377326 -0.09360707 0.6647202 0.7364795 -0.1254813 0.004001349 -0.3317651 0.140502 -0.9328403 -0.08819002 0 0 0 1</matrix>
              <node id="node-Bip001_R_Calf" name="Bip001_R_Calf">
                <matrix sid="matrix">-0.644226 0.7648352 -1.49012e-8 0.4541689 -0.7648351 -0.6442261 2.23517e-8 0 -1.11759e-8 0 1 -1.49012e-8 0 0 0 1</matrix>
                <node id="node-Bip001_R_HorseLink" name="Bip001_R_HorseLink">
                  <matrix sid="matrix">-0.7917318 -0.6108689 -3.72529e-9 0.3208733 0.610869 -0.791732 1.49012e-8 -5.96046e-8 -8.19564e-8 7.45058e-9 1 1.49012e-8 0 0 0 1</matrix>
                  <node id="node-Bip001_R_Foot" name="Bip001_R_Foot">
                    <matrix sid="matrix">0.2211361 0.9732631 0.06211294 0.3617601 -0.9742651 0.2176146 0.05874719 -1.49012e-8 0.04365977 -0.07350557 0.9963387 -1.49012e-8 0 0 0 1</matrix>
                    <node id="node-Bip001_R_Toe0" name="Bip001_R_Toe0">
                      <matrix sid="matrix">0.5779279 -0.7961318 0.1793692 0.08654234 0.8104193 0.5857401 -0.01136027 0.1234713 -0.09601945 0.1519296 0.9837162 0.02420595 0 0 0 1</matrix>
                      <node id="node-Bip001_R_Toe01" name="Bip001_R_Toe01">
                        <matrix sid="matrix">0.4581301 0.8888852 2.79397e-9 0.04576606 -0.8888853 0.4581302 1.3737e-8 -1.49012e-8 -8.3819e-9 1.86265e-9 1 0 0 0 0 1</matrix>
                        <node id="node-Bip001_R_Toe02" name="Bip001_R_Toe02">
                          <matrix sid="matrix">0.3162256 0.9486839 -3.72529e-9 0.03187376 -0.948684 0.3162257 -3.72529e-9 1.49012e-8 -8.84756e-9 1.30385e-8 1 0 0 0 0 1</matrix>
                        </node>
                      </node>
                    </node>
                    <node id="node-Bip001_R_Toe1" name="Bip001_R_Toe1">
                      <matrix sid="matrix">0.5589359 -0.8254054 0.07935078 0.09280637 0.8283894 0.5600782 -0.009137299 0.1308167 -0.03690067 0.0708405 0.9968049 -0.03696452 0 0 0 1</matrix>
                      <node id="node-Bip001_R_Toe11" name="Bip001_R_Toe11">
                        <matrix sid="matrix">0.3875983 0.9218283 7.45058e-9 0.04370601 -0.9218284 0.3875983 -1.11759e-8 1.49012e-8 -2.23517e-8 7.45058e-9 0.9999999 1.49012e-8 0 0 0 1</matrix>
                        <node id="node-Bip001_R_Toe12" name="Bip001_R_Toe12">
                          <matrix sid="matrix">0.3049995 0.9523526 3.72529e-9 0.03796014 -0.9523526 0.3049995 -1.49012e-8 -1.49012e-8 -1.11759e-8 1.49012e-8 1 -1.49012e-8 0 0 0 1</matrix>
                        </node>
                      </node>
                    </node>
                    <node id="node-Bip001_R_Toe2" name="Bip001_R_Toe2">
                      <matrix sid="matrix">0.3976857 -0.4601779 -0.7937772 0.06798327 0.3496199 -0.7238593 0.5948055 0.002804011 -0.8482994 -0.514066 -0.1269812 -0.04295149 0 0 0 1</matrix>
                      <node id="node-Bip001_R_Toe21" name="Bip001_R_Toe21">
                        <matrix sid="matrix">0.9531195 0.3025944 7.45058e-9 0.01451741 -0.3025945 0.9531195 7.45058e-9 -7.45058e-9 -5.96046e-8 3.72529e-8 1 0 0 0 0 1</matrix>
                        <node id="node-Bip001_R_Toe22" name="Bip001_R_Toe22">
                          <matrix sid="matrix">0.2743028 0.9616433 0 0.03369504 -0.9616433 0.2743028 7.45058e-9 0 0 0 1 3.72529e-9 0 0 0 1</matrix>
                        </node>
                      </node>
                    </node>
                  </node>
                </node>
              </node>
            </node>
          </node>
        </node>
      </node>
      <node id="node-Bounds" name="Bounds">
        <matrix sid="matrix">1 0 0 0 0 1 0 0.411981 0 0 1 0 0 0 0 1</matrix>
        <instance_geometry url="#geom-Bounds">
          <bind_material>
            <technique_common>
              <instance_material symbol="ColorMaterial" target="#ColorEffectR88G199B225-material"/>
            </technique_common>
          </bind_material>
        </instance_geometry>
      </node>
      <node id="node-EYE" name="EYE">
        <matrix sid="matrix">-0.9996784 0.02535699 -8.22774e-7 4.09043e-8 -0.02535699 -0.9996784 7.82067e-7 0.411981 -8.02679e-7 8.02679e-7 1 1.6 0 0 0 1</matrix>
      </node>
      <node id="node-CAM" name="CAM">
        <matrix sid="matrix">-0.9999996 1.50996e-7 0 0 -1.50996e-7 -0.9999996 1.77636e-15 -0.009719968 0 1.77636e-15 1 1.928079 0 0 0 1</matrix>
      </node>
    </visual_scene>
  </library_visual_scenes>
  <library_animations>
    <animation>
      <source id="node-Bip001_matrix-input">
        <float_array id="node-Bip001_matrix-input-array" count="20">11 11.03333 11.06667 11.1 11.13333 11.16667 11.2 11.23333 11.26667 11.3 11.33333 11.36667 11.4 11.43333 11.46667 11.5 11.53333 11.56667 11.6 11.63333</float_array>
        <technique_common>
          <accessor source="#node-Bip001_matrix-input-array" count="20" stride="1">
            <param name="TIME" type="float"/>
          </accessor>
        </technique_common>
      </source>
      <source id="node-Bip001_matrix-output">
        <float_array id="node-Bip001_matrix-output-array" count="320">0.1726206 -0.9794674 0.1041433 -0.01399999 0.9443109 0.1946351 0.2653191 0 -0.2801413 0.05254411 0.9585197 0.9088534 0 0 0 1 0.1567834 -0.9827495 0.09809333 -0.01033353 0.9443187 0.1782574 0.2765617 0.1821781 -0.2892767 0.0492711 0.9559766 0.9219881 0 0 0 1 0.1127464 -0.9903615 0.08045077 -0.001062989 0.9457427 0.1317923 0.2969876 0.366024 -0.3047279 0.0426014 0.9514862 0.95221 0 0 0 1 0.05176085 -0.9971725 0.05447888 0.01136219 0.9479646 0.06622016 0.3114133 0.5531538 -0.3141403 0.03552502 0.9487117 0.987964 0 0 0 1 -0.0124545 -0.9995886 0.0258404 0.02458792 0.9504055 -0.003802299 0.3109902 0.7452189 -0.3107639 0.02843207 0.9500618 1.017966 0 0 0 1 -0.06612229 -0.9978109 0.001199543 0.03624117 0.9525272 -0.06276333 0.2979143 0.9434128 -0.2971868 0.0208413 0.9545919 1.030657 0 0 0 1 -0.1151573 -0.9931033 -0.02201908 0.04789435 0.9546859 -0.1167721 0.2737502 1.14966 -0.2744334 0.01050299 0.9615488 1.018022 0 0 0 1 -0.1633096 -0.9855306 -0.04538089 0.06111997 0.9572043 -0.1694203 0.2346415 1.363156 -0.2389348 -0.005119562 0.9710221 0.9881858 0 0 0 1 -0.1998509 -0.9777351 -0.06398326 0.07354515 0.9595659 -0.2085114 0.1890937 1.580601 -0.1982247 -0.02360558 0.9798723 0.9527067 0 0 0 1 -0.2210059 -0.9723141 -0.07590645 0.08281552 0.9613114 -0.2303035 0.1511316 1.798818 -0.1644289 -0.03956872 0.985595 0.9228705 0 0 0 1 -0.2278568 -0.9703833 -0.08023416 0.08648198 0.9619978 -0.237088 0.1354604 2.014601 -0.1504711 -0.04631948 0.9875287 0.9102354 0 0 0 1 -0.2207034 -0.9723603 -0.07619321 0.08282721 0.9614104 -0.2300424 0.1508997 2.230031 -0.1642565 -0.03994882 0.9856084 0.9229065 0 0 0 1 -0.1989257 -0.977861 -0.06493389 0.07358634 0.9599052 -0.2077693 0.1881859 2.447238 -0.1975109 -0.02489537 0.9799845 0.9528277 0 0 0 1 -0.1618866 -0.9856832 -0.04713165 0.06120079 0.9578437 -0.1684426 0.2327284 2.663073 -0.2373354 -0.007469117 0.9713991 0.9884078 0 0 0 1 -0.1136678 -0.9932162 -0.02452129 0.04801732 0.955594 -0.1160496 0.270874 2.874408 -0.2718821 0.007357239 0.9623025 1.018329 0 0 0 1 -0.06498265 -0.9978849 -0.001734673 0.03640127 0.9535644 -0.06260871 0.29461 3.077982 -0.2940955 0.01749038 0.955616 1.031 0 0 0 1 -0.01281619 -0.9996619 0.02262651 0.02478528 0.9514908 -0.005235552 0.3076329 3.274474 -0.3074104 0.02547162 0.9512361 1.018824 0 0 0 1 0.04880315 -0.9975069 0.05097246 0.01160192 0.9490839 0.06221467 0.308819 3.466254 -0.3112204 0.03330576 0.949754 0.9898271 0 0 0 1 0.1079155 -0.9911574 0.07720851 -7.83491e-4 0.9467709 0.1261528 0.2961592 3.652212 -0.3032804 0.04113864 0.9520129 0.9547875 0 0 0 1 0.1525253 -0.9836242 0.09601771 -0.01002424 0.9450128 0.1735931 0.2771575 3.830852 -0.2892868 0.04846441 0.9560148 0.9242137 0 0 0 1</float_array>
        <technique_common>
          <accessor source="#node-Bip001_matrix-output-array" count="20" stride="16">
            <param name="TRANSFORM" type="float4x4"/>
          </accessor>
        </technique_common>
      </source>
      <source id="node-Bip001_matrix-interpolation">
        <Name_array id="node-Bip001_matrix-interpolation-array" count="20">LINEAR LINEAR LINEAR LINEAR LINEAR LINEAR LINEAR LINEAR LINEAR LINEAR LINEAR LINEAR LINEAR LINEAR LINEAR LINEAR LINEAR LINEAR LINEAR LINEAR</Name_array>
        <technique_common>
          <accessor source="#node-Bip001_matrix-interpolation-array" count="20" stride="1">
            <param name="INTERPOLATION" type="name"/>
          </accessor>
        </technique_common>
      </source>
      <source id="node-Bip001_Pelvis_matrix-input">
        <float_array id="node-Bip001_Pelvis_matrix-input-array" count="20">11 11.03333 11.06667 11.1 11.13333 11.16667 11.2 11.23333 11.26667 11.3 11.33333 11.36667 11.4 11.43333 11.46667 11.5 11.53333 11.56667 11.6 11.63333</float_array>
        <technique_common>
          <accessor source="#node-Bip001_Pelvis_matrix-input-array" count="20" stride="1">
            <param name="TIME" type="float"/>
          </accessor>
        </technique_common>
      </source>
      <source id="node-Bip001_Pelvis_matrix-output">
        <float_array id="node-Bip001_Pelvis_matrix-output-array" count="320">0 1 -1.40443e-6 0 -0.1140869 1.37649e-6 0.9934707 0 0.9934708 1.78814e-7 0.1140869 0 0 0 0 1 0.00148487 0.9999416 -0.01070535 0 -0.04798269 0.01076424 0.9987901 0 0.998847 -9.69499e-4 0.04799586 0 0 0 0 1 0.002197027 0.9994047 -0.03442806 0 0.1000912 0.0340355 0.9943959 0 0.9949758 -0.005630731 -0.09995681 0 0 0 0 1 -7.69168e-4 0.99832 -0.05793648 0 0.2514865 0.05626755 0.9662238 0 0.9678605 -0.01382702 -0.2511073 0 0 0 0 1 -0.003765046 0.9976567 -0.06831449 0 0.331293 0.06570148 0.9412376 0 0.9435203 -0.0190882 -0.330764 0 0 0 0 1 -0.005942225 0.9976493 -0.06826645 0 0.3387064 0.06624037 0.9385576 0 0.9408733 -0.01754516 -0.3383038 0 0 0 0 1 -0.009446978 0.9977157 -0.06689089 0 0.3215988 0.06637132 0.944547 0 0.946829 -0.01258891 -0.3214911 0 0 0 0 1 -0.01219505 0.9980055 -0.06193917 0 0.2852779 0.06284195 0.9563826 0 0.9583674 -0.006006717 -0.2854753 0 0 0 0 1 -0.01241135 0.9986224 -0.05098372 0 0.2349482 0.05247253 0.9705905 0 0.9719285 6.78152e-5 -0.2352758 0 0 0 0 1 -0.008702158 0.9994716 -0.03131943 0 0.1760098 0.03236258 0.9838563 0 0.9843499 0.003049135 -0.1761985 0 0 0 0 1 0 1 -1.38395e-6 0 0.1140842 1.38115e-6 0.9934712 0 0.9934712 -1.49012e-7 -0.1140842 0 0 0 0 1 0.02173316 0.9972124 0.071379 0 0.02111238 -0.07183772 0.9971929 0 0.9995409 -0.02016514 -0.02261477 0 0 0 0 1 0.04535412 0.9825649 0.1803023 0 -0.1075263 -0.1746378 0.9787439 0 0.9931671 -0.06377732 0.09773093 0 0 0 0 1 0.05482095 0.9585966 0.2794408 0 -0.2262145 -0.2606611 0.9385535 0 0.9725335 -0.1146659 0.2025588 0 0 0 0 1 0.05309462 0.9451586 0.3222675 0 -0.2895032 -0.2942936 0.9108124 0 0.9557034 -0.1416567 0.258001 0 0 0 0 1 0.04875373 0.9529948 0.2990387 0 -0.2914909 -0.272786 0.9168539 0 0.9553306 -0.1318671 0.26449 0 0 0 0 1 0.04251295 0.969847 0.2399785 0 -0.2630369 -0.2208569 0.9391666 0 0.9638488 -0.1030499 0.2457162 0 0 0 0 1 0.03246891 0.9862248 0.1621925 0 -0.217531 -0.1514148 0.9642375 0 0.9755133 -0.06658965 0.2096182 0 0 0 0 1 0.0189144 0.996291 0.08394414 0 -0.1686193 -0.07957786 0.9824637 0 0.9854998 -0.03273737 0.1664887 0 0 0 0 1 0.005870282 0.9996972 0.0238955 0 -0.1298327 -0.02293175 0.9912707 0 0.9915186 -0.008921504 0.1296588 0 0 0 0 1</float_array>
        <technique_common>
          <accessor source="#node-Bip001_Pelvis_matrix-output-array" count="20" stride="16">
            <param name="TRANSFORM" type="float4x4"/>
          </accessor>
        </technique_common>
      </source>
      <source id="node-Bip001_Pelvis_matrix-interpolation">
        <Name_array id="node-Bip001_Pelvis_matrix-interpolation-array" count="20">LINEAR LINEAR LINEAR LINEAR LINEAR LINEAR LINEAR LINEAR LINEAR LINEAR LINEAR LINEAR LINEAR LINEAR LINEAR LINEAR LINEAR LINEAR LINEAR LINEAR</Name_array>
        <technique_common>
          <accessor source="#node-Bip001_Pelvis_matrix-interpolation-array" count="20" stride="1">
            <param name="INTERPOLATION" type="name"/>
          </accessor>
        </technique_common>
      </source>
      <source id="node-Bip001_Spine_matrix-input">
        <float_array id="node-Bip001_Spine_matrix-input-array" count="20">11 11.03333 11.06667 11.1 11.13333 11.16667 11.2 11.23333 11.26667 11.3 11.33333 11.36667 11.4 11.43333 11.46667 11.5 11.53333 11.56667 11.6 11.63333</float_array>
        <technique_common>
          <accessor source="#node-Bip001_Spine_matrix-input-array" count="20" stride="1">
            <param name="TIME" type="float"/>
          </accessor>
        </technique_common>
      </source>
      <source id="node-Bip001_Spine_matrix-output">
        <float_array id="node-Bip001_Spine_matrix-output-array" count="320">0.996829 -0.06539046 0.04534167 0.09757065 0.06663364 0.9974263 -0.02646982 -8.81851e-5 -0.0434941 0.0294072 0.9986207 0.01120138 0 0 0 1 0.9923757 -0.06479364 0.1048449 0.09809869 0.0658406 0.9978086 -0.006552457 -1.83493e-4 -0.1041906 0.01340556 0.994467 0.004712283 0 0 0 1 0.969753 -0.07076817 0.2336038 0.09771895 0.06466203 0.9973378 0.03370505 -6.41197e-4 -0.2353672 -0.01758033 0.9717476 -0.009814798 0 0 0 1 0.9303535 -0.08936131 0.3556079 0.09505772 0.06552284 0.9947546 0.07855027 -0.001445829 -0.3607619 -0.04977905 0.9313285 -0.02465581 0 0 0 1 0.9080688 -0.1158777 0.4024716 0.0926696 0.07567864 0.990543 0.1144437 -0.001962304 -0.4119268 -0.07346427 0.9082506 -0.03247654 0 0 0 1 0.9153558 -0.1444627 0.3758378 0.09241235 0.09691357 0.9850264 0.1425861 -0.001810133 -0.3908085 -0.0940932 0.9156501 -0.03321522 0 0 0 1 0.9303351 -0.1730189 0.3233279 0.09299969 0.123355 0.977971 0.1683923 -0.001322627 -0.3453404 -0.1167771 0.9311836 -0.03156208 0 0 0 1 0.947438 -0.1960911 0.2528032 0.0941348 0.1511414 0.9707512 0.1865425 -6.75678e-4 -0.2819883 -0.1385285 0.9493641 -0.02802312 0 0 0 1 0.9623726 -0.2093576 0.1732295 0.09546792 0.1753516 0.9654701 0.1926631 -7.86781e-5 -0.2075835 -0.1550376 0.965853 -0.02309191 0 0 0 1 0.9731248 -0.2100137 0.09445828 0.09668779 0.1903424 0.9644433 0.1833546 2.141e-4 -0.1296066 -0.1604475 0.9784981 -0.01728951 0 0 0 1 0.9800884 -0.1967871 0.02649265 0.09758245 0.1904107 0.9692862 0.1556536 -8.55923e-5 -0.05630958 -0.1475098 0.9874565 -0.01119077 0 0 0 1 0.9859547 -0.1577911 -0.05473005 0.09817516 0.1619385 0.9833754 0.08215034 -0.002066969 0.04085761 -0.08985942 0.9951159 -0.002213001 0 0 0 1 0.981727 -0.1055842 -0.1583178 0.09754443 0.102038 0.9943164 -0.03038585 -0.006351232 0.1606263 0.01367616 0.9869207 0.009596526 0 0 0 1 0.9667715 -0.06748485 -0.2465745 0.09551501 0.03438669 0.9900907 -0.1361538 -0.01134872 0.2533195 0.1231507 0.9595119 0.01988154 0 0 0 1 0.9592096 -0.05097943 -0.2780613 0.09386062 -0.004897236 0.9804615 -0.1966506 -0.01399803 0.2826535 0.1899909 0.9402183 0.02532064 0 0 0 1 0.9678668 -0.04681295 -0.247068 0.09382343 -0.004644989 0.9790233 -0.2036959 -0.01303672 0.2514209 0.1982982 0.9473466 0.02595698 0 0 0 1 0.9815451 -0.04689007 -0.1853925 0.09466004 0.01314455 0.9837224 -0.1792136 -0.01020693 0.1907781 0.1734693 0.9661843 0.02411544 0 0 0 1 0.992796 -0.05017882 -0.1088032 0.09580612 0.03533118 0.9903063 -0.1343322 -0.006627082 0.1144892 0.1295204 0.9849449 0.02057433 0 0 0 1 0.9978565 -0.05598121 -0.03388893 0.09678721 0.0530129 0.9951449 -0.08292293 -0.00330305 0.03836655 0.08094865 0.9959796 0.01634299 0 0 0 1 0.9978035 -0.0622043 0.02278703 0.09737873 0.06310707 0.9971517 -0.04130643 -9.64403e-4 -0.02015262 0.04265373 0.9988868 0.01272964 0 0 0 1</float_array>
        <technique_common>
          <accessor source="#node-Bip001_Spine_matrix-output-array" count="20" stride="16">
            <param name="TRANSFORM" type="float4x4"/>
          </accessor>
        </technique_common>
      </source>
      <source id="node-Bip001_Spine_matrix-interpolation">
        <Name_array id="node-Bip001_Spine_matrix-interpolation-array" count="20">LINEAR LINEAR LINEAR LINEAR LINEAR LINEAR LINEAR LINEAR LINEAR LINEAR LINEAR LINEAR LINEAR LINEAR LINEAR LINEAR LINEAR LINEAR LINEAR LINEAR</Name_array>
        <technique_common>
          <accessor source="#node-Bip001_Spine_matrix-interpolation-array" count="20" stride="1">
            <param name="INTERPOLATION" type="name"/>
          </accessor>
        </technique_common>
      </source>
      <source id="node-Bip001_Spine1_matrix-input">
        <float_array id="node-Bip001_Spine1_matrix-input-array" count="20">11 11.03333 11.06667 11.1 11.13333 11.16667 11.2 11.23333 11.26667 11.3 11.33333 11.36667 11.4 11.43333 11.46667 11.5 11.53333 11.56667 11.6 11.63333</float_array>
        <technique_common>
          <accessor source="#node-Bip001_Spine1_matrix-input-array" count="20" stride="1">
            <param name="TIME" type="float"/>
          </accessor>
        </technique_common>
      </source>
      <source id="node-Bip001_Spine1_matrix-output">
