<?xml version="1.0" encoding="utf-8"?>
<COLLADA xmlns="http://www.collada.org/2005/11/COLLADASchema" version="1.4.1">
  <asset>
    <contributor>
      <author>MattO</author>
      <authoring_tool>OpenCOLLADA for 3ds Max;  Version: 1.3.0;  Revision: 839M;  Platform: x64;  Configuration: Release_Max2012</authoring_tool>
      <source_data>file:///C:/Dropbox/Prj/GGStout/Kral/Mantis_TP_Kral_Animation_Master.max</source_data>
    </contributor>
    <created>2011-10-24T16:55:24</created>
    <modified>2011-10-24T16:55:24</modified>
    <unit name="meter" meter="1"/>
    <up_axis>Z_UP</up_axis>
  </asset>
  <library_effects>
    <effect id="ColorEffectR88G199B225">
      <profile_COMMON>
        <technique sid="common">
          <phong>
            <ambient>
              <color>0.345098 0.7803922 0.8823529 1</color>
            </ambient>
            <diffuse>
              <color>0.345098 0.7803922 0.8823529 1</color>
            </diffuse>
            <specular>
              <color>1 1 1 1</color>
            </specular>
            <shininess>
              <float>10</float>
            </shininess>
            <reflective>
              <color>0 0 0 1</color>
            </reflective>
            <transparent>
              <color>1 1 1 1</color>
            </transparent>
            <transparency>
              <float>1</float>
            </transparency>
          </phong>
        </technique>
      </profile_COMMON>
    </effect>
  </library_effects>
  <library_materials>
    <material id="ColorEffectR88G199B225-material" name="ColorEffectR88G199B225-material">
      <instance_effect url="#ColorEffectR88G199B225"/>
    </material>
  </library_materials>
  <library_geometries>
    <geometry id="geom-Bounds" name="Bounds">
      <mesh>
        <source id="geom-Bounds-positions">
          <float_array id="geom-Bounds-positions-array" count="24">-0.5 -0.5 0 0.5 -0.5 0 -0.5 0.5 0 0.5 0.5 0 -0.5 -0.5 2 0.5 -0.5 2 -0.5 0.5 2 0.5 0.5 2</float_array>
          <technique_common>
            <accessor source="#geom-Bounds-positions-array" count="8" stride="3">
              <param name="X" type="float"/>
              <param name="Y" type="float"/>
              <param name="Z" type="float"/>
            </accessor>
          </technique_common>
        </source>
        <source id="geom-Bounds-normals">
          <float_array id="geom-Bounds-normals-array" count="72">0 0 -1 0 0 -1 0 0 -1 0 0 -1 0 0 1 0 0 1 0 0 1 0 0 1 0 -1 0 0 -1 0 0 -1 0 0 -1 0 1 0 0 1 0 0 1 0 0 1 0 0 0 1 0 0 1 0 0 1 0 0 1 0 -1 0 0 -1 0 0 -1 0 0 -1 0 0</float_array>
          <technique_common>
            <accessor source="#geom-Bounds-normals-array" count="24" stride="3">
              <param name="X" type="float"/>
              <param name="Y" type="float"/>
              <param name="Z" type="float"/>
            </accessor>
          </technique_common>
        </source>
        <source id="geom-Bounds-map1">
          <float_array id="geom-Bounds-map1-array" count="36">0 0 0 1 0 0 0 1 0 1 1 0 0 0 0 1 0 0 0 1 0 1 1 0 0 0 0 1 0 0 0 1 0 1 1 0</float_array>
          <technique_common>
            <accessor source="#geom-Bounds-map1-array" count="12" stride="3">
              <param name="S" type="float"/>
              <param name="T" type="float"/>
              <param name="P" type="float"/>
            </accessor>
          </technique_common>
        </source>
        <vertices id="geom-Bounds-vertices">
          <input semantic="POSITION" source="#geom-Bounds-positions"/>
        </vertices>
        <triangles material="ColorMaterial" count="12">
          <input semantic="VERTEX" source="#geom-Bounds-vertices" offset="0"/>
          <input semantic="NORMAL" source="#geom-Bounds-normals" offset="1"/>
          <input semantic="TEXCOORD" source="#geom-Bounds-map1" offset="2" set="0"/>
          <p>0 0 9 2 1 11 3 2 10 3 2 10 1 3 8 0 0 9 4 4 8 5 5 9 7 6 11 7 6 11 6 7 10 4 4 8 0 8 4 1 9 5 5 10 7 5 10 7 4 11 6 0 8 4 1 12 0 3 13 1 7 14 3 7 14 3 5 15 2 1 12 0 3 16 4 2 17 5 6 18 7 6 18 7 7 19 6 3 16 4 2 20 0 0 21 1 4 22 3 4 22 3 6 23 2 2 20 0</p>
        </triangles>
      </mesh>
      <extra>
        <technique profile="OpenCOLLADA3dsMax">
          <max_box>
            <generateuvs>1</generateuvs>
            <height>2</height>
            <heightsegments>1</heightsegments>
            <length>1</length>
            <lengthsegments>1</lengthsegments>
            <width>1</width>
            <widthsegments>1</widthsegments>
          </max_box>
        </technique>
      </extra>
    </geometry>
  </library_geometries>
  <library_lights>
    <light id="EnvironmentAmbientLight" name="EnvironmentAmbientLight">
      <technique_common>
        <ambient>
          <color>0 0 0</color>
        </ambient>
      </technique_common>
    </light>
  </library_lights>
  <library_visual_scenes>
    <visual_scene id="MaxScene">
      <node name="EnvironmentAmbientLight">
        <instance_light url="#EnvironmentAmbientLight"/>
      </node>
      <node id="node-Bip001" name="Bip001">
        <matrix sid="matrix">0.1726223 -0.979467 0.1041443 -0.013679 0.9443098 0.1946372 0.2653216 4 -0.2801441 0.05254402 0.9585189 0.9088534 0 0 0 1</matrix>
        <node id="node-Bip001_Pelvis" name="Bip001_Pelvis">
          <matrix sid="matrix">0 1 -1.37836e-6 0 -0.1140869 1.34204e-6 0.9934707 0 0.9934708 1.49012e-7 0.114087 0 0 0 0 1</matrix>
          <node id="node-Bip001_Spine" name="Bip001_Spine">
            <matrix sid="matrix">0.9777721 0.1956308 0.07543594 0.09754777 -0.1877239 0.9770541 -0.1006239 -8.60691e-5 -0.09339011 0.08422617 0.9920606 0.01119673 0 0 0 1</matrix>
            <node id="node-Bip001_Spine1" name="Bip001_Spine1">
              <matrix sid="matrix">0.9922555 -0.06778981 -0.1040845 0.1110214 0.05799842 0.9938456 -0.09437849 -8.89301e-5 0.1098418 0.08761083 0.9900804 -7.92742e-6 0 0 0 1</matrix>
              <node id="node-Bip001_Spine2" name="Bip001_Spine2">
                <matrix sid="matrix">0.9968468 0.05792473 -0.05423473 0.1110106 -0.05625201 0.9979076 0.03187804 -8.74996e-5 0.05596778 -0.02872669 0.9980193 2.563e-6 0 0 0 1</matrix>
                <node id="node-Bip001_Spine3" name="Bip001_Spine3">
                  <matrix sid="matrix">0.988374 -0.09209612 -0.1209754 0.1110311 0.1000515 0.9930854 0.06140868 -1.66655e-4 0.1144834 -0.07279852 0.9907541 1.21891e-5 0 0 0 1</matrix>
                  <node id="node-Bip001_Neck" name="Bip001_Neck">
                    <matrix sid="matrix">0.9603829 -0.2726585 -0.05763616 0.2584336 0.2633846 0.9556184 -0.1319921 0.01280379 0.09106695 0.1115824 0.9895737 -4.32134e-6 0 0 0 1</matrix>
                    <node id="node-Bip001_Neck1" name="Bip001_Neck1">
                      <matrix sid="matrix">0.9958679 0.08845127 -0.02057871 0.04894495 -0.0901297 0.9904156 -0.1046616 -3.86238e-5 0.01112401 0.1060839 0.9942949 -4.12762e-6 0 0 0 1</matrix>
                      <node id="node-Bip001_Neck2" name="Bip001_Neck2">
                        <matrix sid="matrix">0.9960475 0.05137464 -0.07245748 0.04894662 -0.04283783 0.9924632 0.1148109 -3.91006e-5 0.07780975 -0.1112532 0.9907413 4.41074e-6 0 0 0 1</matrix>
                        <node id="node-Bip001_Head" name="Bip001_Head">
                          <matrix sid="matrix">0.9818189 0.04757321 0.1837622 0.04894876 -0.05724129 0.9972218 0.04766779 0 -0.180984 -0.05731995 0.9818141 -2.98023e-8 0 0 0 1</matrix>
                          <node id="node-Bip001_Ponytail1" name="Bip001_Ponytail1">
                            <matrix>-0.05999064 -0.998199 -2.77348e-6 0.009580612 0.998199 -0.0599906 -2.93367e-6 0.1139536 2.77162e-6 -2.94484e-6 1 8.9407e-8 0 0 0 1</matrix>
                          </node>
                          <node id="node-ALTEYE" name="ALTEYE">
                            <matrix>-0.009488121 0.5772442 0.8165166 0.1153698 0.002645063 0.8165649 -0.5772477 0.2046645 -0.9999516 -0.003317257 -0.009274516 -0.001006871 0 0 0 1</matrix>
                          </node>
                        </node>
                      </node>
                    </node>
                    <node id="node-Bip001_L_Clavicle" name="Bip001_L_Clavicle">
                      <matrix sid="matrix">0.4626002 -0.1610577 0.871815 -0.0424962 0.5594051 -0.709865 -0.4279693 0.01700044 0.6877987 0.6856764 -0.2382872 0.02439134 0 0 0 1</matrix>
                      <node id="node-Bip001_L_UpperArm" name="Bip001_L_UpperArm">
                        <matrix sid="matrix">0.2271428 -0.4496073 0.863863 0.07966638 -0.4072651 0.7619025 0.5036265 -4.76837e-7 -0.8846135 -0.4662165 -0.01004869 0 0 0 0 1</matrix>
                        <node id="node-Bip001_L_Forearm" name="Bip001_L_Forearm">
                          <matrix sid="matrix">0.5489052 0.8358846 0 0.4297335 -0.8358846 0.5489051 0 0 2.42144e-8 -1.49012e-8 1 0 0 0 0 1</matrix>
                          <node id="node-Bip001_L_Hand" name="Bip001_L_Hand">
                            <matrix sid="matrix">0.6292791 -0.2263017 -0.743502 0.3774385 -0.09087685 -0.9715304 0.2187918 2.38419e-7 -0.7718478 -0.07011406 -0.6319296 -2.38419e-7 0 0 0 1</matrix>
                            <node id="node-Bip001_L_Finger0" name="Bip001_L_Finger0">
                              <matrix>0.49194 0.8244181 0.2798744 0.03908193 0.6521552 -0.1359659 -0.7457929 0.0173856 -0.5767916 0.5494069 -0.6045356 -0.04049921 0 0 0 1</matrix>
                              <node id="node-Bip001_L_Finger01" name="Bip001_L_Finger01">
                                <matrix>0.9511045 0.3088696 0 0.102766 -0.3088697 0.9511045 1.49012e-8 5.96046e-8 5.96046e-8 5.96046e-8 1 4.76837e-7 0 0 0 1</matrix>
                                <node id="node-Bip001_L_Finger02" name="Bip001_L_Finger02">
                                  <matrix>0.8065711 -0.5911369 0 0.05252457 0.5911369 0.8065711 1.49012e-8 0 2.98023e-8 0 0.9999999 -2.38419e-7 0 0 0 1</matrix>
                                </node>
                              </node>
                            </node>
                            <node id="node-Bip001_L_Finger1" name="Bip001_L_Finger1">
                              <matrix>0.6375438 -0.770391 0.005984049 0.1458857 0.7704015 0.6375586 7.96303e-4 -1.52588e-5 -0.004428625 0.004102319 0.9999817 -0.01919699 0 0 0 1</matrix>
                              <node id="node-Bip001_L_Finger11" name="Bip001_L_Finger11">
                                <matrix>0.5190609 -0.8547373 0 0.08578122 0.8547374 0.5190609 -1.49012e-8 2.38419e-7 2.98023e-8 2.98023e-8 1 0 0 0 0 1</matrix>
                                <node id="node-Bip001_L_Finger12" name="Bip001_L_Finger12">
                                  <matrix>0.9649358 -0.2624862 -1.49012e-8 0.05549765 0.2624862 0.9649358 2.6077e-8 0 1.49012e-8 -6.70552e-8 1 0 0 0 0 1</matrix>
                                </node>
                              </node>
                            </node>
                            <node id="node-Bip001_L_Finger2" name="Bip001_L_Finger2">
                              <matrix>0.5018926 -0.8550149 -0.1305896 0.1437583 0.8647376 0.4928441 0.09661078 0.003213406 -0.01824336 -0.161414 0.9867181 0.02870369 0 0 0 1</matrix>
                              <node id="node-Bip001_L_Finger21" name="Bip001_L_Finger21">
                                <matrix>0.8477589 -0.5303817 -2.23517e-8 0.07148433 0.5303817 0.8477589 -2.23517e-8 5.96046e-8 -2.23517e-8 -1.21072e-8 0.9999999 4.76837e-7 0 0 0 1</matrix>
                                <node id="node-Bip001_L_Finger22" name="Bip001_L_Finger22">
                                  <matrix>0.8033118 -0.5955587 0 0.05113888 0.5955587 0.8033118 2.79397e-8 0 3.72529e-8 1.86265e-8 0.9999999 0 0 0 0 1</matrix>
                                </node>
                              </node>
                            </node>
                          </node>
                        </node>
                        <node id="node-Bip001_L_ForeTwist" name="Bip001_L_ForeTwist">
                          <matrix sid="matrix">0.5489052 0.7657735 0.3351032 0.4297335 -0.8358846 0.5028648 0.2200541 0 2.42144e-8 -0.4008965 0.9161233 0 0 0 0 1</matrix>
                          <node id="node-Bip001_L_ForeTwist1" name="Bip001_L_ForeTwist1">
                            <matrix sid="matrix">1 1.49012e-8 -2.98023e-8 0.1887197 -7.45058e-9 0.9161233 0.4008964 1.19209e-7 -5.58794e-9 -0.4008965 0.9161233 0 0 0 0 1</matrix>
                          </node>
                        </node>
                      </node>
                      <node id="node-Bip001_LUpArmTwist" name="Bip001_LUpArmTwist">
                        <matrix sid="matrix">0.2271428 -0.4496073 0.863863 0.07966638 -0.4072651 0.7619025 0.5036265 -4.76837e-7 -0.8846135 -0.4662165 -0.01004869 0 0 0 0 1</matrix>
                        <node id="node-Bip001_LUpArmTwist1" name="Bip001_LUpArmTwist1">
                          <matrix>0.9999999 2.98023e-8 0 0.2148666 0 0.9999999 0 4.76837e-7 0 -7.45058e-9 1 0 0 0 0 1</matrix>
                        </node>
                      </node>
                    </node>
                    <node id="node-Bip001_R_Clavicle" name="Bip001_R_Clavicle">
                      <matrix sid="matrix">-0.2195824 -0.2414344 -0.9452476 -0.04653215 0.7057403 -0.7082676 0.01696065 0.0120554 -0.6735831 -0.663375 0.3259131 -0.01946582 0 0 0 1</matrix>
                      <node id="node-Bip001_R_UpperArm" name="Bip001_R_UpperArm">
                        <matrix sid="matrix">0.8233799 -0.1998199 -0.5311472 0.07966638 -0.1958274 0.7784218 -0.5964153 2.38419e-7 0.5326322 0.5950897 0.6018065 0 0 0 0 1</matrix>
                        <node id="node-Bip001_R_Forearm" name="Bip001_R_Forearm">
                          <matrix sid="matrix">0.09652969 0.9953301 -2.98023e-8 0.4297336 -0.9953301 0.09652959 7.45058e-9 0 -8.19564e-8 0 1 0 0 0 0 1</matrix>
                          <node id="node-Bip001_R_Hand" name="Bip001_R_Hand">
                            <matrix sid="matrix">0.9468328 0.1896539 0.2598826 0.3774385 0.3075595 -0.2965108 -0.9041506 -1.19209e-7 -0.09441768 0.936009 -0.339076 1.19209e-7 0 0 0 1</matrix>
                            <node id="node-Bip001_R_Finger0" name="Bip001_R_Finger0">
                              <matrix>0.6486482 0.5772244 -0.4960516 0.03908205 0.6676159 -0.1185831 0.7350016 0.01738538 0.3654375 -0.8079293 -0.462283 0.04049921 0 0 0 1</matrix>
                              <node id="node-Bip001_R_Finger01" name="Bip001_R_Finger01">
                                <matrix>0.6155393 -0.788106 1.49012e-8 0.1027658 0.7881061 0.6155393 0 2.38419e-7 5.96046e-8 0 0.9999999 0 0 0 0 1</matrix>
                                <node id="node-Bip001_R_Finger02" name="Bip001_R_Finger02">
                                  <matrix>0.152335 -0.9883291 2.98023e-8 0.05252457 0.9883291 0.1523349 5.96046e-8 1.19209e-7 2.98023e-8 -4.47035e-8 1 -2.38419e-7 0 0 0 1</matrix>
                                </node>
                              </node>
                            </node>
                            <node id="node-Bip001_R_Finger1" name="Bip001_R_Finger1">
                              <matrix>0.7109717 -0.632343 -0.3076712 0.1458855 0.6327782 0.7661361 -0.1123713 -1.52886e-5 0.3067753 -0.1147948 0.9448339 0.01919663 0 0 0 1</matrix>
                              <node id="node-Bip001_R_Finger11" name="Bip001_R_Finger11">
                                <matrix>-0.6406225 -0.7678561 2.98023e-8 0.0857811 0.7678561 -0.6406225 0 4.76837e-7 2.98023e-8 2.98023e-8 0.9999999 4.76837e-7 0 0 0 1</matrix>
                                <node id="node-Bip001_R_Finger12" name="Bip001_R_Finger12">
                                  <matrix>0.8432423 -0.5375336 2.98023e-8 0.05549765 0.5375336 0.8432422 0 -5.96046e-8 -5.96046e-8 9.31323e-9 0.9999999 -1.19209e-7 0 0 0 1</matrix>
                                </node>
                              </node>
                            </node>
                            <node id="node-Bip001_R_Finger2" name="Bip001_R_Finger2">
                              <matrix>0.2634968 -0.9557803 0.1305896 0.1437578 0.9628298 0.2522402 -0.09661077 0.003213406 0.05939873 0.1511922 0.9867181 -0.02870393 0 0 0 1</matrix>
                              <node id="node-Bip001_R_Finger21" name="Bip001_R_Finger21">
                                <matrix>-0.0354447 -0.9993717 7.45058e-9 0.07148433 0.9993717 -0.03544479 1.49012e-8 -4.76837e-7 -1.49012e-8 7.45058e-9 1 0 0 0 0 1</matrix>
                                <node id="node-Bip001_R_Finger22" name="Bip001_R_Finger22">
                                  <matrix>0.7483485 -0.6633058 0 0.05113888 0.6633058 0.7483484 0 1.19209e-7 1.49012e-8 -2.98023e-8 1 0 0 0 0 1</matrix>
                                </node>
                              </node>
                            </node>
                            <node id="node-mount0" name="mount0">
                              <matrix>-2.26937e-8 1 5.03846e-7 0.1088285 -1 -3.02462e-7 -1.17347e-7 0.0307041 1.56462e-7 -4.43775e-7 0.9999998 0.01333499 0 0 0 1</matrix>
                            </node>
                          </node>
                        </node>
                        <node id="node-Bip001_R_ForeTwist" name="Bip001_R_ForeTwist">
                          <matrix sid="matrix">0.09652969 0.9882202 -0.1187544 0.4297336 -0.9953301 0.09584008 -0.01151708 0 -8.19564e-8 0.1193116 0.9928568 0 0 0 0 1</matrix>
                          <node id="node-Bip001_R_ForeTwist1" name="Bip001_R_ForeTwist1">
                            <matrix sid="matrix">1 2.98023e-8 1.49012e-8 0.1887188 0 0.9928569 -0.1193116 -1.19209e-7 -7.45058e-9 0.1193116 0.9928569 1.19209e-7 0 0 0 1</matrix>
                          </node>
                        </node>
                      </node>
                      <node id="node-Bip001_RUpArmTwist" name="Bip001_RUpArmTwist">
                        <matrix sid="matrix">0.8233799 -0.1998199 -0.5311472 0.07966638 -0.1958274 0.7784218 -0.5964153 2.38419e-7 0.5326322 0.5950897 0.6018065 0 0 0 0 1</matrix>
                        <node id="node-Bip001_RUpArmTwist1" name="Bip001_RUpArmTwist1">
                          <matrix>0.9999999 0 -2.98023e-8 0.2148669 0 1 7.45058e-9 4.76837e-7 0 0 1 0 0 0 0 1</matrix>
                        </node>
                      </node>
                    </node>
                  </node>
                </node>
              </node>
            </node>
            <node id="node-Bip001_L_Thigh" name="Bip001_L_Thigh">
              <matrix sid="matrix">-0.8860843 0.3667873 0.2834108 -0.1011374 0.4098734 0.9055431 0.1095257 -0.01382041 -0.216468 0.2132115 -0.9527238 0.05362582 0 0 0 1</matrix>
              <node id="node-Bip001_L_Calf" name="Bip001_L_Calf">
                <matrix sid="matrix">-0.3362664 0.9417669 0 0.4541689 -0.9417667 -0.3362665 -9.31323e-10 -4.76837e-7 -3.25381e-8 -1.11759e-8 1 -1.49012e-8 0 0 0 1</matrix>
                <node id="node-Bip001_L_HorseLink" name="Bip001_L_HorseLink">
                  <matrix sid="matrix">-0.2825649 -0.9592482 3.7835e-10 0.3208733 0.9592481 -0.2825649 0 -2.98023e-8 -1.86265e-8 -1.53668e-8 1 2.98023e-8 0 0 0 1</matrix>
                  <node id="node-Bip001_L_Foot" name="Bip001_L_Foot">
                    <matrix sid="matrix">0.6780764 0.723917 0.1271087 0.3617601 -0.7188039 0.6892459 -0.09089002 0 -0.153406 -0.02973587 0.9877158 0 0 0 0 1</matrix>
                    <node id="node-Bip001_L_Toe0" name="Bip001_L_Toe0">
                      <matrix sid="matrix">-0.6555842 -0.7201629 -0.2271017 0.08654213 0.7102296 -0.6902138 0.1384894 0.1234715 -0.2564836 -0.07050285 0.9639738 -0.02420598 0 0 0 1</matrix>
                      <node id="node-Bip001_L_Toe01" name="Bip001_L_Toe01">
                        <matrix sid="matrix">0.9979081 -0.06465051 1.63413e-9 0.04576588 0.06465048 0.9979081 3.95084e-9 0 2.02632e-8 -6.53199e-9 1 -5.96046e-8 0 0 0 1</matrix>
                        <node id="node-Bip001_L_Toe02" name="Bip001_L_Toe02">
                          <matrix sid="matrix">0.08123675 0.9966948 6.50743e-10 0.0318737 -0.9966949 0.0812369 -9.29049e-10 0 1.46797e-8 -2.95586e-8 0.9999999 0 0 0 0 1</matrix>
                        </node>
                      </node>
                    </node>
                    <node id="node-Bip001_L_Toe1" name="Bip001_L_Toe1">
                      <matrix sid="matrix">-0.8077224 -0.5890472 -0.02465586 0.0928061 0.5797136 -0.7859212 -0.2150817 0.1308167 0.1073157 -0.1880197 0.9762849 0.03696451 0 0 0 1</matrix>
                      <node id="node-Bip001_L_Toe11" name="Bip001_L_Toe11">
                        <matrix sid="matrix">0.9879118 -0.1550181 -1.74868e-8 0.04370618 0.155018 0.9879116 -4.44038e-9 0 -2.27536e-8 1.38298e-8 1 0 0 0 0 1</matrix>
                        <node id="node-Bip001_L_Toe12" name="Bip001_L_Toe12">
                          <matrix sid="matrix">0.05895779 0.9982605 -4.48506e-9 0.03796005 -0.9982606 0.05895773 2.80693e-9 0 1.26189e-8 3.54586e-8 1 0 0 0 0 1</matrix>
                        </node>
                      </node>
                    </node>
                    <node id="node-Bip001_L_Toe2" name="Bip001_L_Toe2">
                      <matrix sid="matrix">0.09777759 -0.9149256 0.3916004 0.06798303 0.1107255 -0.3810419 -0.9179037 0.002804041 0.9890296 0.1331106 0.06404816 0.04295149 0 0 0 1</matrix>
                      <node id="node-Bip001_L_Toe21" name="Bip001_L_Toe21">
                        <matrix sid="matrix">1 -2.98023e-8 -1.86265e-9 0.01451743 2.98023e-8 1 7.45058e-9 0 0 7.45058e-9 0.9999999 2.38419e-7 0 0 0 1</matrix>
                        <node id="node-Bip001_L_Toe22" name="Bip001_L_Toe22">
                          <matrix sid="matrix">0.5236049 0.8519612 -1.86265e-9 0.03369506 -0.8519613 0.5236049 7.45058e-9 0 0 -3.72529e-9 0.9999999 -2.38419e-7 0 0 0 1</matrix>
                        </node>
                      </node>
                    </node>
                  </node>
                </node>
              </node>
            </node>
            <node id="node-Bip001_R_Thigh" name="Bip001_R_Thigh">
              <matrix sid="matrix">-0.861526 0.4147045 0.2929046 -0.08756232 0.4114871 0.908271 -0.07564674 -0.02606392 -0.2974078 0.05535483 -0.9531446 -0.09057593 0 0 0 1</matrix>
              <node id="node-Bip001_R_Calf" name="Bip001_R_Calf">
                <matrix sid="matrix">-0.643205 0.765694 -7.45058e-9 0.4541688 -0.765694 -0.643205 1.30385e-8 0 -1.86265e-9 -3.72529e-9 1 -5.96046e-8 0 0 0 1</matrix>
                <node id="node-Bip001_R_HorseLink" name="Bip001_R_HorseLink">
                  <matrix sid="matrix">-0.8223053 -0.5690466 1.02445e-8 0.3208733 0.5690466 -0.8223053 3.72529e-9 -2.38419e-7 3.72529e-9 2.98023e-8 1 5.96046e-8 0 0 0 1</matrix>
                  <node id="node-Bip001_R_Foot" name="Bip001_R_Foot">
                    <matrix sid="matrix">0.2100305 0.9769136 -0.039078 0.3617605 -0.9703172 0.2131799 0.1141866 0 0.119881 0.01393538 0.9926905 -5.96046e-8 0 0 0 1</matrix>
                    <node id="node-Bip001_R_Toe0" name="Bip001_R_Toe0">
                      <matrix sid="matrix">0.5779279 -0.796132 0.1793692 0.08654261 0.8104194 0.5857401 -0.01136026 0.1234713 -0.09601949 0.1519296 0.9837162 0.02420595 0 0 0 1</matrix>
                      <node id="node-Bip001_R_Toe01" name="Bip001_R_Toe01">
                        <matrix sid="matrix">0.4581301 0.8888853 -7.45058e-9 0.04576606 -0.8888853 0.4581302 2.65427e-8 -4.76837e-7 -5.40167e-8 1.86265e-8 1 5.96046e-8 0 0 0 1</matrix>
                        <node id="node-Bip001_R_Toe02" name="Bip001_R_Toe02">
                          <matrix sid="matrix">0.3162256 0.948684 -1.39698e-9 0.0318737 -0.948684 0.3162256 -1.86265e-8 0 3.25963e-9 3.72529e-9 1 0 0 0 0 1</matrix>
                        </node>
                      </node>
                    </node>
                    <node id="node-Bip001_R_Toe1" name="Bip001_R_Toe1">
                      <matrix sid="matrix">0.5589359 -0.8254055 0.07935078 0.09280658 0.8283894 0.5600783 -0.00913731 0.1308169 -0.03690065 0.0708405 0.996805 -0.03696451 0 0 0 1</matrix>
                      <node id="node-Bip001_R_Toe11" name="Bip001_R_Toe11">
                        <matrix sid="matrix">0.3875983 0.9218284 7.45058e-9 0.043706 -0.9218283 0.3875982 0 2.38419e-7 3.72529e-9 7.45058e-9 1 0 0 0 0 1</matrix>
                        <node id="node-Bip001_R_Toe12" name="Bip001_R_Toe12">
                          <matrix sid="matrix">0.3049994 0.9523525 -7.45058e-9 0.03795981 -0.9523525 0.3049995 -7.45058e-9 2.38419e-7 -3.72529e-9 -7.45058e-9 1 -5.96046e-8 0 0 0 1</matrix>
                        </node>
                      </node>
                    </node>
                    <node id="node-Bip001_R_Toe2" name="Bip001_R_Toe2">
                      <matrix sid="matrix">0.3976857 -0.460178 -0.7937773 0.06798291 0.3496199 -0.7238593 0.5948055 0.002804518 -0.8482995 -0.514066 -0.1269812 -0.04295158 0 0 0 1</matrix>
                      <node id="node-Bip001_R_Toe21" name="Bip001_R_Toe21">
                        <matrix sid="matrix">0.9531193 0.3025944 -7.45058e-9 0.01451741 -0.3025945 0.9531193 7.45058e-9 -2.98023e-8 -2.98023e-8 -7.45058e-9 0.9999999 -2.38419e-7 0 0 0 1</matrix>
                        <node id="node-Bip001_R_Toe22" name="Bip001_R_Toe22">
                          <matrix sid="matrix">0.2743029 0.9616433 -1.49012e-8 0.03369498 -0.9616433 0.2743028 1.49012e-8 0 -2.98023e-8 -1.49012e-8 1 -2.38419e-7 0 0 0 1</matrix>
                        </node>
                      </node>
                    </node>
                  </node>
                </node>
              </node>
            </node>
          </node>
        </node>
      </node>
      <node id="node-Bounds" name="Bounds">
        <matrix sid="matrix">1 0 0 0 0 1 0 4.411981 0 0 1 0 0 0 0 1</matrix>
        <instance_geometry url="#geom-Bounds">
          <bind_material>
            <technique_common>
              <instance_material symbol="ColorMaterial" target="#ColorEffectR88G199B225-material"/>
            </technique_common>
          </bind_material>
        </instance_geometry>
      </node>
      <node id="node-EYE" name="EYE">
        <matrix sid="matrix">-0.9999493 0.01006725 -8.82985e-8 4.09043e-8 -0.01006725 -0.9999493 8.65382e-8 4.411981 -8.74228e-8 8.74228e-8 1 1.6 0 0 0 1</matrix>
      </node>
      <node id="node-CAM" name="CAM">
        <matrix sid="matrix">-0.9999996 1.50996e-7 0 0 -1.50996e-7 -0.9999996 1.77636e-15 3.99028 0 1.77636e-15 1 1.928079 0 0 0 1</matrix>
      </node>
    </visual_scene>
  </library_visual_scenes>
  <library_animations>
    <animation>
      <source id="node-Bip001_matrix-input">
        <float_array id="node-Bip001_matrix-input-array" count="30">15 15.03333 15.06667 15.1 15.13333 15.16667 15.2 15.23333 15.26667 15.3 15.33333 15.36667 15.4 15.43333 15.46667 15.5 15.53333 15.56667 15.6 15.63333 15.66667 15.7 15.73333 15.76667 15.8 15.83333 15.86667 15.9 15.93333 15.96667</float_array>
        <technique_common>
          <accessor source="#node-Bip001_matrix-input-array" count="30" stride="1">
            <param name="TIME" type="float"/>
          </accessor>
        </technique_common>
      </source>
      <source id="node-Bip001_matrix-output">
        <float_array id="node-Bip001_matrix-output-array" count="480">0.1726223 -0.979467 0.1041443 -0.01367896 0.9443098 0.1946371 0.2653216 4 -0.2801441 0.05254399 0.9585189 0.9088534 0 0 0 1 0.1657218 -0.9809439 0.1014162 -0.00741887 0.9447414 0.1874126 0.2689613 3.870565 -0.2828426 0.05123931 0.9577968 0.9170238 0 0 0 1 0.1472378 -0.9846339 0.09389936 -0.001158773 0.9455659 0.1679766 0.2787273 3.741131 -0.2902172 0.0477488 0.9557688 0.9322495 0 0 0 1 0.1193954 -0.9894388 0.08219331 0.005101263 0.9466846 0.138403 0.2909175 3.611696 -0.2992209 0.04307693 0.953211 0.951951 0 0 0 1 0.08457958 -0.9941594 0.06703215 0.01136136 0.9480032 0.1010025 0.3018082 3.482262 -0.3068159 0.03801989 0.9510092 0.9736395 0 0 0 1 0.04559308 -0.9977316 0.04952752 0.01762151 0.9494333 0.05869668 0.3084333 3.352826 -0.3106408 0.03296065 0.9499558 0.9948683 0 0 0 1 0.005587458 -0.9994987 0.03116261 0.02388167 0.95089 0.01495504 0.3091673 3.22339 -0.3094784 0.02790474 0.950497 1.013187 0 0 0 1 -0.03223657 -0.999388 0.01357418 0.03014189 0.9522931 -0.02658808 0.3040245 3.093953 -0.3034775 0.02272731 0.9525675 1.026097 0 0 0 1 -0.06498253 -0.9978849 -0.001736044 0.03640156 0.9535642 -0.06260883 0.2946108 2.964527 -0.2940964 0.01748907 0.9556158 1.031 0 0 0 1 -0.09776139 -0.9950633 -0.01707965 0.04355591 0.9549115 -0.09862315 0.2800312 2.828823 -0.2803332 0.01106667 0.959839 1.024232 0 0 0 1 -0.1333601 -0.9904933 -0.03373801 0.05071026 0.9564736 -0.1375463 0.2573702 2.69312 -0.2595639 0.00205332 0.9657238 1.006929 0 0 0 1 -0.1665316 -0.9848015 -0.04932725 0.05786454 0.9580808 -0.1734352 0.228038 2.557417 -0.2331272 -0.009283959 0.9724019 0.9834071 0 0 0 1 -0.1935923 -0.9791015 -0.06230813 0.06501883 0.9595791 -0.2021908 0.1957728 2.421714 -0.2042796 -0.02188944 0.9786678 0.9578289 0 0 0 1 -0.2128036 -0.9744403 -0.07197594 0.07217305 0.9608245 -0.2220784 0.1658229 2.286013 -0.1775689 -0.03386855 0.9835254 0.9343069 0 0 0 1 -0.22407 -0.9714416 -0.07806295 0.07932722 0.9616787 -0.2333816 0.1438997 2.150312 -0.1580087 -0.04282784 0.9865085 0.9170036 0 0 0 1 -0.2278568 -0.9703832 -0.08023446 0.08648198 0.9619977 -0.2370882 0.1354606 2.014601 -0.1504713 -0.04631972 0.9875287 0.9102354 0 0 0 1 -0.2252529 -0.9711295 -0.07853978 0.08020186 0.9617248 -0.2345318 0.1417047 1.880702 -0.1560337 -0.04361426 0.9867883 0.915475 0 0 0 1 -0.2174745 -0.9732738 -0.07377642 0.07392174 0.9609819 -0.2267382 0.158441 1.746803 -0.1709344 -0.0364409 0.9846083 0.9291784 0 0 0 1 -0.2040855 -0.9767103 -0.06622797 0.06764161 0.9598745 -0.2129408 0.1824751 1.612905 -0.1923279 -0.02632999 0.9809774 0.9484366 0 0 0 1 -0.1846648 -0.9812025 -0.0560404 0.06136149 0.9585034 -0.1924072 0.2103586 1.479005 -0.2171869 -0.01486903 0.9760168 0.9704465 0 0 0 1 -0.1594301 -0.9862534 -0.04343008 0.0550813 0.9569705 -0.165202 0.2385703 1.345106 -0.2424655 -0.003525972 0.9701536 0.9924565 0 0 0 1 -0.1295937 -0.9911451 -0.02892732 0.04880112 0.9553838 -0.1326205 0.2639198 1.211205 -0.2654192 0.00656557 0.9641107 1.011715 0 0 0 1 -0.09743654 -0.9951496 -0.01354831 0.04252088 0.9538601 -0.09726119 0.2840624 1.077303 -0.2840023 0.01475483 0.9587101 1.025418 0 0 0 1 -0.06612229 -0.9978109 0.001199543 0.03624117 0.9525272 -0.06276333 0.2979143 0.9434128 -0.2971868 0.0208413 0.9545919 1.030657 0 0 0 1 -0.03101599 -0.9993592 0.01786965 0.02818399 0.951322 -0.02403092 0.3072603 0.8071862 -0.306634 0.02652978 0.9514577 1.023762 0 0 0 1 0.0119667 -0.9991875 0.0384885 0.01897215 0.950101 0.02336108 0.3110666 0.6690537 -0.311713 0.03284549 0.9496085 1.006149 0 0 0 1 0.05781626 -0.9965154 0.06012016 0.009483575 0.9488791 0.07357066 0.3069461 0.5304627 -0.3102996 0.03930026 0.9498261 0.9822414 0 0 0 1 0.1012406 -0.9916629 0.0797187 5.74385e-4 0.947672 0.1205145 0.2956249 0.3928223 -0.3027675 0.04561793 0.9519721 0.956306 0 0 0 1 0.1374094 -0.9859747 0.09472393 -0.006900072 0.9464963 0.1588928 0.2808877 0.2575452 -0.2919992 0.05105918 0.9550547 0.9325581 0 0 0 1 0.1623625 -0.9813058 0.1033319 -0.01206415 0.9453694 0.1847033 0.2686287 0.1260899 -0.2826926 0.0540716 0.9576853 0.9152653 0 0 0 1</float_array>
        <technique_common>
          <accessor source="#node-Bip001_matrix-output-array" count="30" stride="16">
            <param name="TRANSFORM" type="float4x4"/>
          </accessor>
        </technique_common>
      </source>
      <source id="node-Bip001_matrix-interpolation">
        <Name_array id="node-Bip001_matrix-interpolation-array" count="30">LINEAR LINEAR LINEAR LINEAR LINEAR LINEAR LINEAR LINEAR LINEAR LINEAR LINEAR LINEAR LINEAR LINEAR LINEAR LINEAR LINEAR LINEAR LINEAR LINEAR LINEAR LINEAR LINEAR LINEAR LINEAR LINEAR LINEAR LINEAR LINEAR LINEAR</Name_array>
        <technique_common>
          <accessor source="#node-Bip001_matrix-interpolation-array" count="30" stride="1">
            <param name="INTERPOLATION" type="name"/>
          </accessor>
        </technique_common>
      </source>
      <source id="node-Bip001_Pelvis_matrix-input">
        <float_array id="node-Bip001_Pelvis_matrix-input-array" count="30">15 15.03333 15.06667 15.1 15.13333 15.16667 15.2 15.23333 15.26667 15.3 15.33333 15.36667 15.4 15.43333 15.46667 15.5 15.53333 15.56667 15.6 15.63333 15.66667 15.7 15.73333 15.76667 15.8 15.83333 15.86667 15.9 15.93333 15.96667</float_array>
        <technique_common>
          <accessor source="#node-Bip001_Pelvis_matrix-input-array" count="30" stride="1">
            <param name="TIME" type="float"/>
          </accessor>
        </technique_common>
      </source>
      <source id="node-Bip001_Pelvis_matrix-output">
        <float_array id="node-Bip001_Pelvis_matrix-output-array" count="480">0 1 -1.37836e-6 0 -0.1140869 1.34204e-6 0.9934707 0 0.9934708 1.49012e-7 0.1140869 0 0 0 0 1 0.002764403 0.9999352 0.01105016 0 -0.1214002 -0.01063293 0.9925467 0 0.9926 -0.004085302 0.1213629 0 0 0 0 1 0.00977683 0.9991212 0.04076212 0 -0.1408268 -0.03898197 0.9892666 0 0.9899861 -0.01541227 0.1403219 0 0 0 0 1 0.0189144 0.9962909 0.08394414 0 -0.1686193 -0.07957786 0.9824637 0 0.9854997 -0.03273737 0.1664888 0 0 0 0 1 0.0282191 0.9904119 0.1352338 0 -0.2009277 -0.1269062 0.9713512 0 0.9791997 -0.05458277 0.19542 0 0 0 0 1 0.03629523 0.9812876 0.1890962 0 -0.2337567 -0.175635 0.9563003 0 0.9716175 -0.07891166 0.2230079 0 0 0 0 1 0.04251295 0.9698468 0.2399786 0 -0.2630368 -0.2208569 0.9391667 0 0.9638487 -0.1030499 0.2457162 0 0 0 0 1 0.04698836 0.9581133 0.2825089 0 -0.2847297 -0.2582412 0.9231687 0 0.9574556 -0.1238169 0.2606691 0 0 0 0 1 0.05032205 0.9488845 0.3115862 0 -0.2948727 -0.2839577 0.9123694 0 0.9542106 -0.1377906 0.2655107 0 0 0 0 1 0.05309462 0.9451586 0.3222674 0 -0.2895032 -0.2942936 0.9108124 0 0.9557034 -0.1416567 0.258001 0 0 0 0 1 0.05495929 0.9516822 0.3021267 0 -0.2555546 -0.2790987 0.9256326 0 0.9652312 -0.128082 0.2278677 0 0 0 0 1 0.05338174 0.9666555 0.2504549 0 -0.1906669 -0.2363311 0.9527822 0 0.9802023 -0.09861469 0.1716935 0 0 0 0 1 0.04535412 0.9825652 0.1803023 0 -0.1075263 -0.1746379 0.978744 0 0.9931673 -0.06377732 0.09773093 0 0 0 0 1 0.03058725 0.9939199 0.1057716 0 -0.01995062 -0.1051928 0.9942517 0 0.999333 -0.0325216 0.01661175 0 0 0 0 1 0.0129742 0.9990661 0.04121792 0 0.05814296 -0.0419054 0.9974286 0 0.998224 -0.0105443 -0.05863237 0 0 0 0 1 0 1 -1.40443e-6 0 0.1140842 1.37929e-6 0.9934712 0 0.9934712 -1.63913e-7 -0.1140842 0 0 0 0 1 -0.006402492 0.9997304 -0.02232497 0 0.1554192 0.02304893 0.9875797 0 0.987828 0.002853274 -0.1555249 0 0 0 0 1 -0.01044577 0.9991837 -0.03901982 0 0.1962683 0.04031169 0.9797212 0 0.9804945 0.002575576 -0.1965292 0 0 0 0 1 -0.01241135 0.9986222 -0.05098372 0 0.2349482 0.05247259 0.9705905 0 0.9719285 6.78301e-5 -0.2352758 0 0 0 0 1 -0.01262515 0.9981734 -0.05908215 0 0.2697966 0.06029593 0.9610277 0 0.9628347 -0.003806948 -0.270065 0 0 0 0 1 -0.01148033 0.9978753 -0.06413161 0 0.2992007 0.0646255 0.9519991 0 0.954121 -0.008258938 -0.299307 0 0 0 0 1 -0.009446918 0.9977156 -0.06689095 0 0.3215988 0.06637132 0.9445469 0 0.946829 -0.01258891 -0.3214911 0 0 0 0 1 -0.0070706 0.9976558 -0.0680648 0 0.3354592 0.06648862 0.9397055 0 0.9420281 -0.01618868 -0.335143 0 0 0 0 1 -0.004960298 0.9976512 -0.06832033 0 0.3392339 0.06594854 0.9383876 0 0.940689 -0.01852184 -0.3387642 0 0 0 0 1 -0.003765046 0.9976568 -0.06831449 0 0.3312931 0.06570148 0.9412378 0 0.9435204 -0.01908832 -0.3307641 0 0 0 0 1 -0.002094686 0.997983 -0.06344795 0 0.2894241 0.06133753 0.9552338 0 0.9571987 -0.01636242 -0.2889688 0 0 0 0 1 5.28097e-4 0.998701 -0.05095154 0 0.2054967 0.04975575 0.9773921 0 0.9786577 -0.0109865 -0.2052035 0 0 0 0 1 0.002197086 0.9994048 -0.03442806 0 0.1000912 0.0340355 0.994396 0 0.9949758 -0.005630671 -0.09995681 0 0 0 0 1 0.002070903 0.9998394 -0.01780271 0 -0.003921985 0.01781076 0.9998337 0 0.9999902 -0.002000689 0.003958284 0 0 0 0 1 7.92801e-4 0.9999869 -0.005064249 0 -0.08288043 0.005112588 0.9965463 0 0.9965592 -3.70353e-4 0.08288341 0 0 0 0 1</float_array>
        <technique_common>
          <accessor source="#node-Bip001_Pelvis_matrix-output-array" count="30" stride="16">
            <param name="TRANSFORM" type="float4x4"/>
          </accessor>
        </technique_common>
      </source>
      <source id="node-Bip001_Pelvis_matrix-interpolation">
        <Name_array id="node-Bip001_Pelvis_matrix-interpolation-array" count="30">LINEAR LINEAR LINEAR LINEAR LINEAR LINEAR LINEAR LINEAR LINEAR LINEAR LINEAR LINEAR LINEAR LINEAR LINEAR LINEAR LINEAR LINEAR LINEAR LINEAR LINEAR LINEAR LINEAR LINEAR LINEAR LINEAR LINEAR LINEAR LINEAR LINEAR</Name_array>
        <technique_common>
          <accessor source="#node-Bip001_Pelvis_matrix-interpolation-array" count="30" stride="1">
            <param name="INTERPOLATION" type="name"/>
          </accessor>
        </technique_common>
      </source>
      <source id="node-Bip001_Spine_matrix-input">
        <float_array id="node-Bip001_Spine_matrix-input-array" count="30">15 15.03333 15.06667 15.1 15.13333 15.16667 15.2 15.23333 15.26667 15.3 15.33333 15.36667 15.4 15.43333 15.46667 15.5 15.53333 15.56667 15.6 15.63333 15.66667 15.7 15.73333 15.76667 15.8 15.83333 15.86667 15.9 15.93333 15.96667</float_array>
        <technique_common>
          <accessor source="#node-Bip001_Spine_matrix-input-array" count="30" stride="1">
            <param name="TIME" type="float"/>
          </accessor>
        </technique_common>
      </source>
      <source id="node-Bip001_Spine_matrix-output">
