<?xml version="1.0" encoding="utf-8"?>
<COLLADA xmlns="http://www.collada.org/2005/11/COLLADASchema" version="1.4.1">
  <asset>
    <contributor>
      <author>MattO</author>
      <authoring_tool>OpenCOLLADA for 3ds Max;  Version: 1.3.0;  Revision: 839M;  Platform: x64;  Configuration: Release_Max2012</authoring_tool>
      <source_data>file:///C:/Dropbox/Prj/GGStout/Kral/TP_Soldier_Kral_Animation_Master.max</source_data>
    </contributor>
    <created>2011-10-25T11:46:22</created>
    <modified>2011-10-25T11:46:22</modified>
    <unit name="meter" meter="1"/>
    <up_axis>Z_UP</up_axis>
  </asset>
  <library_effects>
    <effect id="ShapeBounds">
      <profile_COMMON>
        <technique sid="common">
          <blinn>
            <emission>
              <color>0 0 0 1</color>
            </emission>
            <ambient>
              <color>0.1647059 1 0 1</color>
            </ambient>
            <diffuse>
              <color>0.1647059 1 0 1</color>
            </diffuse>
            <specular>
              <color>0.9 0.9 0.9 1</color>
            </specular>
            <shininess>
              <float>10</float>
            </shininess>
            <reflective>
              <color>0 0 0 1</color>
            </reflective>
            <transparent opaque="A_ONE">
              <color>1 1 1 1</color>
            </transparent>
            <transparency>
              <float>1</float>
            </transparency>
          </blinn>
        </technique>
      </profile_COMMON>
      <extra>
        <technique profile="OpenCOLLADA3dsMax">
          <extended_shader>
            <apply_reflection_dimming>0</apply_reflection_dimming>
            <dim_level>0</dim_level>
            <falloff_type>0</falloff_type>
            <index_of_refraction>1.5</index_of_refraction>
            <opacity_type>0</opacity_type>
            <reflection_level>3</reflection_level>
            <wire_size>1</wire_size>
            <wire_units>0</wire_units>
          </extended_shader>
          <shader>
            <ambient_diffuse_lock>1</ambient_diffuse_lock>
            <ambient_diffuse_texture_lock>1</ambient_diffuse_texture_lock>
            <diffuse_specular_lock>0</diffuse_specular_lock>
            <soften>0.1</soften>
            <use_self_illum_color>0</use_self_illum_color>
          </shader>
        </technique>
      </extra>
    </effect>
  </library_effects>
  <library_materials>
    <material id="ShapeBounds-material" name="ShapeBounds">
      <instance_effect url="#ShapeBounds"/>
    </material>
  </library_materials>
  <library_geometries>
    <geometry id="geom-Bounds" name="Bounds">
      <mesh>
        <source id="geom-Bounds-positions">
          <float_array id="geom-Bounds-positions-array" count="24">-0.425 -0.425 0 0.425 -0.425 0 -0.425 0.425 0 0.425 0.425 0 -0.425 -0.425 1.84 0.425 -0.425 1.84 -0.425 0.425 1.84 0.425 0.425 1.84</float_array>
          <technique_common>
            <accessor source="#geom-Bounds-positions-array" count="8" stride="3">
              <param name="X" type="float"/>
              <param name="Y" type="float"/>
              <param name="Z" type="float"/>
            </accessor>
          </technique_common>
        </source>
        <source id="geom-Bounds-normals">
          <float_array id="geom-Bounds-normals-array" count="72">0 0 -1 0 0 -1 0 0 -1 0 0 -1 0 0 1 0 0 1 0 0 1 0 0 1 0 -1 0 0 -1 0 0 -1 0 0 -1 0 1 0 0 1 0 0 1 0 0 1 0 0 0 1 0 0 1 0 0 1 0 0 1 0 -1 0 0 -1 0 0 -1 0 0 -1 0 0</float_array>
          <technique_common>
            <accessor source="#geom-Bounds-normals-array" count="24" stride="3">
              <param name="X" type="float"/>
              <param name="Y" type="float"/>
              <param name="Z" type="float"/>
            </accessor>
          </technique_common>
        </source>
        <source id="geom-Bounds-map1">
          <float_array id="geom-Bounds-map1-array" count="36">0 0 0 1 0 0 0 1 0 1 1 0 0 0 0 1 0 0 0 1 0 1 1 0 0 0 0 1 0 0 0 1 0 1 1 0</float_array>
          <technique_common>
            <accessor source="#geom-Bounds-map1-array" count="12" stride="3">
              <param name="S" type="float"/>
              <param name="T" type="float"/>
              <param name="P" type="float"/>
            </accessor>
          </technique_common>
        </source>
        <vertices id="geom-Bounds-vertices">
          <input semantic="POSITION" source="#geom-Bounds-positions"/>
        </vertices>
        <triangles material="ShapeBounds" count="12">
          <input semantic="VERTEX" source="#geom-Bounds-vertices" offset="0"/>
          <input semantic="NORMAL" source="#geom-Bounds-normals" offset="1"/>
          <input semantic="TEXCOORD" source="#geom-Bounds-map1" offset="2" set="0"/>
          <p>0 0 9 2 1 11 3 2 10 3 2 10 1 3 8 0 0 9 4 4 8 5 5 9 7 6 11 7 6 11 6 7 10 4 4 8 0 8 4 1 9 5 5 10 7 5 10 7 4 11 6 0 8 4 1 12 0 3 13 1 7 14 3 7 14 3 5 15 2 1 12 0 3 16 4 2 17 5 6 18 7 6 18 7 7 19 6 3 16 4 2 20 0 0 21 1 4 22 3 4 22 3 6 23 2 2 20 0</p>
        </triangles>
      </mesh>
      <extra>
        <technique profile="OpenCOLLADA3dsMax">
          <max_box>
            <generateuvs>1</generateuvs>
            <height>1.84</height>
            <heightsegments>1</heightsegments>
            <length>0.85</length>
            <lengthsegments>1</lengthsegments>
            <width>0.85</width>
            <widthsegments>1</widthsegments>
          </max_box>
        </technique>
      </extra>
    </geometry>
  </library_geometries>
  <library_lights>
    <light id="EnvironmentAmbientLight" name="EnvironmentAmbientLight">
      <technique_common>
        <ambient>
          <color>0 0 0</color>
        </ambient>
      </technique_common>
    </light>
  </library_lights>
  <library_visual_scenes>
    <visual_scene id="MaxScene">
      <node name="EnvironmentAmbientLight">
        <instance_light url="#EnvironmentAmbientLight"/>
      </node>
      <node id="node-Bip01" name="Bip01">
        <matrix sid="matrix">0.7792376 -0.6267173 0.003750267 -8.10623e-5 0.6267178 0.7792454 0.001183462 0.009366653 -0.003664074 0.001428161 0.9999923 0.5107247 0 0 0 1</matrix>
        <node id="node-Bip01_Pelvis" name="Bip01_Pelvis">
          <matrix>-0.009626727 0.991236 0.1317526 0 -0.1217413 -0.1319404 0.9837534 0 0.9925151 -0.006569401 0.1219445 0 0 0 0 1</matrix>
          <node id="node-Bip01_Spine" name="Bip01_Spine">
            <matrix>0.9142389 -0.1596023 -0.3724171 0.1975123 0.1756539 0.9844078 0.009333353 0.02499346 0.3651207 -0.07394949 0.9280187 0.02780975 0 0 0 1</matrix>
            <node id="node-Bip01_Spine1" name="Bip01_Spine1">
              <matrix>0.9850423 0.02363098 -0.1706853 0.1022272 -0.01319335 0.9979873 0.06202877 -1.00799e-4 0.1718076 -0.05884901 0.9833713 5.96046e-6 0 0 0 1</matrix>
              <node id="node-Bip01_Spine2" name="Bip01_Spine2">
                <matrix>0.9369743 -0.3477308 -0.03409582 0.1269257 0.349036 0.9270918 0.1366547 -1.58831e-4 -0.01590908 -0.1399427 0.9900318 2.39015e-5 0 0 0 1</matrix>
                <node id="node-Bip01_Neck" name="Bip01_Neck">
                  <matrix>0.8407079 -0.4308255 0.3280236 0.215107 0.4136219 0.9019011 0.1244631 -4.96507e-5 -0.3494668 0.03104058 0.9364344 -1.66893e-6 0 0 0 1</matrix>
                  <node id="node-Bip01_Head" name="Bip01_Head">
                    <matrix>0.9475712 -0.06889541 -0.3120293 0.07051814 -0.2855058 0.2560083 -0.923551 -0.01395917 0.1435105 0.9642164 0.2229159 0 0 0 0 1</matrix>
                    <node id="node-AltEye" name="AltEye">
                      <matrix>0.4506336 0.3792481 0.8081467 0.06454706 0.04412816 0.8947043 -0.4444742 0.2214611 -0.8916178 0.2359567 0.3864483 0.04716256 0 0 0 1</matrix>
                    </node>
                  </node>
                  <node id="node-Bip01_L_Clavicle" name="Bip01_L_Clavicle">
                    <matrix>-0.5778345 -0.4531804 0.6787746 -0.04690337 0.283809 -0.8913432 -0.3534967 -0.01204771 0.7652189 -0.01162023 0.6436656 0.05588397 0 0 0 1</matrix>
                    <node id="node-Bip01_L_UpperArm" name="Bip01_L_UpperArm">
                      <matrix sid="matrix">0.9763234 0.08688664 0.1980987 0.1824008 -0.2039167 0.675272 0.7088201 -2.98023e-8 -0.07218355 -0.7324333 0.6770014 0 0 0 0 1</matrix>
                      <node id="node-Bip01_L_Forearm" name="Bip01_L_Forearm">
                        <matrix sid="matrix">-0.6322088 0.7747983 2.98023e-8 0.2843689 -0.7747983 -0.6322086 0 0 0 -2.98023e-8 1 0 0 0 0 1</matrix>
                        <node id="node-Bip01_L_Hand" name="Bip01_L_Hand">
                          <matrix sid="matrix">0.9322796 0.3474637 -0.1006167 0.281068 0.2501956 -0.8202517 -0.5143826 -8.9407e-8 -0.2612602 0.4543745 -0.8516378 -5.96046e-8 0 0 0 1</matrix>
                          <node id="node-Bip01_L_Finger0" name="Bip01_L_Finger0">
                            <matrix>0.6413842 0.3141903 0.6999363 0.02119678 0.7352949 0.008702941 -0.6776914 -0.004734218 -0.2190156 0.94932 -0.2254408 -0.02572191 0 0 0 1</matrix>
                            <node id="node-Bip01_L_Finger01" name="Bip01_L_Finger01">
                              <matrix>0.9975641 -0.06975644 0 0.04982865 0.06975642 0.9975642 1.58325e-8 0 0 -1.67638e-8 1 1.49012e-8 0 0 0 1</matrix>
                              <node id="node-Bip01_L_Finger02" name="Bip01_L_Finger02">
                                <matrix>0.9203135 0.3911815 1.49012e-8 0.05202222 -0.3911815 0.9203135 3.72529e-9 0 -1.49012e-8 1.11759e-8 1 2.98023e-8 0 0 0 1</matrix>
                              </node>
                            </node>
                          </node>
                          <node id="node-Bip01_L_Finger1" name="Bip01_L_Finger1">
                            <matrix>0.9592717 -0.2819768 -0.01693493 0.1199946 0.2798395 0.9567644 -0.07931913 -0.008367538 0.03856897 0.07134956 0.9967055 -0.0410139 0 0 0 1</matrix>
                            <node id="node-Bip01_L_Finger11" name="Bip01_L_Finger11">
                              <matrix>0.7001773 -0.7139691 0 0.0364418 0.7139691 0.7001773 -4.47035e-8 5.96046e-8 -5.96046e-8 -3.42261e-8 0.9999999 2.38419e-7 0 0 0 1</matrix>
                              <node id="node-Bip01_L_Finger12" name="Bip01_L_Finger12">
                                <matrix>0.8757259 -0.4828088 2.98023e-8 0.03117555 0.4828088 0.8757259 1.14087e-8 -2.98023e-8 0 -1.49012e-8 1 0 0 0 0 1</matrix>
                              </node>
                            </node>
                          </node>
                          <node id="node-Bip01_L_Finger2" name="Bip01_L_Finger2">
                            <matrix>0.9066654 -0.4205881 -0.03260919 0.1229538 0.4217875 0.9024837 0.08728349 -0.008801997 -0.007281095 -0.09289104 0.9956496 -0.01328248 0 0 0 1</matrix>
                            <node id="node-Bip01_L_Finger21" name="Bip01_L_Finger21">
                              <matrix>0.8156036 -0.5786113 7.45058e-9 0.03895521 0.5786112 0.8156036 7.45058e-9 5.96046e-8 0 -2.98023e-8 1 0 0 0 0 1</matrix>
                              <node id="node-Bip01_L_Finger22" name="Bip01_L_Finger22">
                                <matrix>0.9762961 -0.2164396 1.49012e-8 0.03800529 0.2164396 0.976296 -2.79397e-9 0 0 1.11759e-8 1 0 0 0 0 1</matrix>
                              </node>
                            </node>
                          </node>
                          <node id="node-Bip01_L_Finger3" name="Bip01_L_Finger3">
                            <matrix>0.9367907 -0.338013 -0.09038845 0.1211882 0.3480915 0.9264979 0.1429456 -0.001191139 0.03542727 -0.1653735 0.9855944 0.01196867 0 0 0 1</matrix>
                            <node id="node-Bip01_L_Finger31" name="Bip01_L_Finger31">
                              <matrix>0.9381478 -0.346235 -7.45058e-9 0.03155839 0.3462351 0.9381478 0 -2.98023e-8 -1.49012e-8 -1.86265e-8 0.9999999 -5.96046e-8 0 0 0 1</matrix>
                              <node id="node-Bip01_L_Finger32" name="Bip01_L_Finger32">
                                <matrix>0.8922837 -0.4514751 -7.45058e-9 0.03366596 0.4514751 0.8922837 -7.45058e-9 0 0 6.98492e-9 1 0 0 0 0 1</matrix>
                              </node>
                            </node>
                          </node>
                          <node id="node-Bip01_L_Finger4" name="Bip01_L_Finger4">
                            <matrix>0.9820985 -0.1883418 0.003122214 0.1136797 0.1857741 0.9711843 0.1492954 0.005147457 -0.03115077 -0.1460428 0.9887877 0.03886586 0 0 0 1</matrix>
                            <node id="node-Bip01_L_Finger41" name="Bip01_L_Finger41">
                              <matrix>0.8499687 -0.5268333 1.49012e-8 0.03661615 0.5268333 0.8499688 0 0 0 -5.58794e-9 1 0 0 0 0 1</matrix>
                              <node id="node-Bip01_L_Finger42" name="Bip01_L_Finger42">
                                <matrix>0.9624559 -0.271437 -7.45058e-9 0.01772636 0.271437 0.962456 -7.45058e-9 2.98023e-8 -7.45058e-9 1.86265e-9 0.9999998 5.96046e-8 0 0 0 1</matrix>
                              </node>
                            </node>
                          </node>
                        </node>
                      </node>
                    </node>
                  </node>
                  <node id="node-Bip01_R_Clavicle" name="Bip01_R_Clavicle">
                    <matrix>0.2073932 -0.1669673 -0.9639035 8.67009e-4 0.5679267 -0.7817281 0.2576058 -0.01629043 -0.7965222 -0.6008521 -0.06729989 -0.07212147 0 0 0 1</matrix>
                    <node id="node-Bip01_R_UpperArm" name="Bip01_R_UpperArm">
                      <matrix>-0.23343 0.9286883 -0.2881809 0.1824006 -0.9698442 -0.2437254 1.59115e-4 5.96046e-8 -0.07008928 0.2795278 0.9575758 -5.96046e-8 0 0 0 1</matrix>
                      <node id="node-Bip01_R_Forearm" name="Bip01_R_Forearm">
                        <matrix>0.5407855 0.8411607 0 0.2843689 -0.8411607 0.5407854 0 0 -4.47035e-8 -5.96046e-8 1 5.96046e-8 0 0 0 1</matrix>
                        <node id="node-Bip01_R_Hand" name="Bip01_R_Hand">
                          <matrix>0.970637 0.2201094 0.09703489 0.2810681 0.2283399 -0.7161987 -0.6594849 2.98023e-8 -0.07566257 0.6622773 -0.7454287 0 0 0 0 1</matrix>
                          <node id="node-Bip01_R_Finger0" name="Bip01_R_Finger0">
                            <matrix>0.5215107 0.269013 -0.8097275 0.02119678 0.7250715 0.3605265 0.5867638 -0.004734248 0.4497753 -0.893114 -0.007035471 0.02572179 0 0 0 1</matrix>
                            <node id="node-Bip01_R_Finger01" name="Bip01_R_Finger01">
                              <matrix>0.6423535 -0.7636236 0.06527562 0.04982859 0.7605615 0.6456372 0.06854743 -1.19209e-7 -0.09448879 0.005614415 0.9955101 -5.96046e-8 0 0 0 1</matrix>
                              <node id="node-Bip01_R_Finger02" name="Bip01_R_Finger02">
                                <matrix>0.9505157 -0.3106765 2.23517e-8 0.05202241 0.3106766 0.9505159 -1.11759e-8 0 0 -3.35276e-8 1 0 0 0 0 1</matrix>
                              </node>
                            </node>
                          </node>
                          <node id="node-Bip01_R_Finger1" name="Bip01_R_Finger1">
                            <matrix>0.9820225 -0.1733427 -0.0747267 0.1199946 0.1795577 0.9799358 0.0865149 -0.008367568 0.05823064 -0.09837732 0.993444 0.04101384 0 0 0 1</matrix>
                            <node id="node-Bip01_R_Finger11" name="Bip01_R_Finger11">
                              <matrix>0.8240547 -0.5665104 -7.45058e-9 0.03644162 0.5665103 0.8240548 -7.45058e-9 2.98023e-8 -8.3819e-9 2.98023e-8 1 -5.96046e-8 0 0 0 1</matrix>
                              <node id="node-Bip01_R_Finger12" name="Bip01_R_Finger12">
                                <matrix>0.8146398 -0.5796778 0.01831833 0.03117546 0.5799671 0.8142333 -0.02573048 -5.96046e-8 -1.49012e-8 0.0315851 0.999501 -1.19209e-7 0 0 0 1</matrix>
                              </node>
                            </node>
                          </node>
                          <node id="node-Bip01_R_Finger2" name="Bip01_R_Finger2">
                            <matrix>0.6754014 -0.7374504 -1.52119e-4 0.1229538 0.7368312 0.6748427 -0.04082684 -0.008802027 0.03021043 0.02746242 0.9991662 0.01328236 0 0 0 1</matrix>
                            <node id="node-Bip01_R_Finger21" name="Bip01_R_Finger21">
                              <matrix>0.5508358 -0.8338858 -0.03484871 0.03895521 0.832222 0.5519371 -0.05265062 -5.96046e-8 0.0631389 -9.31323e-9 0.9980047 -1.19209e-7 0 0 0 1</matrix>
                              <node id="node-Bip01_R_Finger22" name="Bip01_R_Finger22">
                                <matrix>0.1984735 -0.9799247 0.01886614 0.03800541 0.9755273 0.1993682 0.09272986 5.96046e-8 -0.09462959 -7.45058e-9 0.9955127 0 0 0 0 1</matrix>
                              </node>
                            </node>
                          </node>
                          <node id="node-Bip01_R_Finger3" name="Bip01_R_Finger3">
                            <matrix>0.7159052 -0.6949216 0.06755453 0.121188 0.6883786 0.6863561 -0.234627 -0.001191229 0.1166809 0.2144738 0.9697353 -0.01196867 0 0 0 1</matrix>
                            <node id="node-Bip01_R_Finger31" name="Bip01_R_Finger31">
                              <matrix>0.4441952 -0.8949344 0.0422235 0.03155839 0.8909184 0.4461976 0.08468728 0 -0.09462959 1.30385e-8 0.9955125 0 0 0 0 1</matrix>
                              <node id="node-Bip01_R_Finger32" name="Bip01_R_Finger32">
                                <matrix>0.1993679 -0.9794359 -0.03095102 0.03366596 0.9799247 0.1992684 0.006297078 -5.96046e-8 -5.58794e-9 -0.03158513 0.9995011 1.19209e-7 0 0 0 1</matrix>
                              </node>
                            </node>
                          </node>
                          <node id="node-Bip01_R_Finger4" name="Bip01_R_Finger4">
                            <matrix>0.5925789 -0.789795 -0.1583476 0.1136796 0.7783521 0.6120422 -0.1399001 0.005147427 0.2074078 -0.04034828 0.977422 -0.03886575 0 0 0 1</matrix>
                            <node id="node-Bip01_R_Finger41" name="Bip01_R_Finger41">
                              <matrix>0.4202557 -0.9064696 0.04120623 0.03661621 0.906853 0.4211511 0.0157878 0 -0.03166522 0.030733 0.9990259 0 0 0 0 1</matrix>
                              <node id="node-Bip01_R_Finger42" name="Bip01_R_Finger42">
                                <matrix>0.402447 -0.9138246 -0.05441485 0.0177263 0.915423 0.4021217 0.01728317 -1.19209e-7 0.006087646 -0.05676816 0.9983688 0 0 0 0 1</matrix>
                              </node>
                            </node>
                          </node>
                          <node id="node-mount0" name="mount0">
                            <matrix>-6.33911e-7 1 0 0.109539 -1 -6.55506e-7 4.74975e-7 0.0251826 4.74975e-7 7.45058e-9 1 0.01321667 0 0 0 1</matrix>
                          </node>
                        </node>
                      </node>
                    </node>
                  </node>
                </node>
                <node id="node-Bip01_L_Pauldron_Upper" name="Bip01_L_Pauldron_Upper">
                  <matrix>0.9726267 0.1182922 0.2000108 0.176903 0.1448454 -0.9816831 -0.1237685 -0.03908369 0.1817062 0.1493512 -0.971945 0.2290199 0 0 0 1</matrix>
                </node>
                <node id="node-Bip01_R_Pauldron_Lower" name="Bip01_R_Pauldron_Lower">
                  <matrix>-0.1156723 -0.9403759 -0.3198652 0.172906 0.909775 -0.22955 0.3458564 -0.1133294 -0.3986599 -0.2509995 0.8820827 -0.2351094 0 0 0 1</matrix>
                </node>
                <node id="node-Bip01_L_Pauldron_Lower" name="Bip01_L_Pauldron_Lower">
                  <matrix>-0.2099968 -0.76872 0.6041283 0.1529203 0.4002343 -0.6313505 -0.6642358 -0.1054225 0.8920279 0.1023055 0.4402497 0.2344801 0 0 0 1</matrix>
                </node>
              </node>
            </node>
            <node id="node-Bip01_L_Thigh" name="Bip01_L_Thigh">
              <matrix sid="matrix">0.07581216 0.9947484 -0.06876249 -0.1485698 0.5896056 0.01089172 0.807618 -4.51192e-4 0.8041255 -0.10177 -0.5856834 0.1658255 0 0 0 1</matrix>
              <node id="node-Bip01_L_Calf" name="Bip01_L_Calf">
                <matrix sid="matrix">-0.5028377 0.8643811 -1.67638e-8 0.4629988 -0.8643809 -0.5028377 -7.45058e-9 0 4.09782e-8 -2.6077e-8 1 -7.45058e-9 0 0 0 1</matrix>
                <node id="node-Bip01_L_Foot" name="Bip01_L_Foot">
                  <matrix sid="matrix">0.7165825 -0.6847648 -0.1326906 0.3610501 0.6956877 0.7153798 0.06519426 7.45058e-9 0.05028142 -0.1390283 0.9890112 0 0 0 0 1</matrix>
                  <node id="node-Bip01_L_Toe0" name="Bip01_L_Toe0">
                    <matrix>4.76837e-7 -1 1.39046e-6 0.1486307 1 4.7707e-7 2.30575e-8 0.1543275 -2.30466e-8 1.38953e-6 1 0 0 0 0 1</matrix>
                  </node>
                </node>
              </node>
            </node>
            <node id="node-Bip01_R_Thigh" name="Bip01_R_Thigh">
              <matrix sid="matrix">-0.5348744 0.7715561 0.3443989 -0.2416653 0.8287497 0.3996798 0.3917015 0.01840352 0.1645705 0.4949317 -0.8532053 -0.07079417 0 0 0 1</matrix>
              <node id="node-Bip01_R_Calf" name="Bip01_R_Calf">
                <matrix sid="matrix">-0.7345036 0.6786046 -2.98023e-8 0.4629987 -0.6786045 -0.7345037 -2.98023e-8 1.49012e-8 2.98023e-8 0 1 0 0 0 0 1</matrix>
                <node id="node-Bip01_R_Foot" name="Bip01_R_Foot">
                  <matrix sid="matrix">0.845941 -0.5104899 -0.1542226 0.3610502 0.5212088 0.8526438 0.03660789 4.47035e-8 0.1128088 -0.1113501 0.9873579 2.98023e-8 0 0 0 1</matrix>
                  <node id="node-Bip01_R_Toe0" name="Bip01_R_Toe0">
                    <matrix>-0.6632261 -0.7481881 0.01858823 0.1486306 0.7465618 -0.6631249 -0.05395305 0.1543275 0.05269335 -0.02190569 0.9983705 0 0 0 0 1</matrix>
                  </node>
                </node>
              </node>
            </node>
          </node>
          <node id="node-Bip01_FannyPack" name="Bip01_FannyPack">
            <matrix>-0.9629918 -0.2062317 0.1735378 0.2299507 -0.2083319 0.9780385 0.006227079 -0.1378937 -0.1710108 -0.03015682 -0.9848076 0.01013964 0 0 0 1</matrix>
          </node>
        </node>
        <node id="node-Eye" name="Eye">
          <matrix sid="matrix">0.7792379 0.6267177 -0.003664111 0.05838358 -0.6267173 0.7792452 0.001428192 0.07274419 0.003750314 0.001183283 0.999992 0.5282081 0 0 0 1</matrix>
          <node id="node-cam" name="cam">
            <matrix>1 -6.03104e-8 3.55271e-15 4.85452e-8 6.03104e-8 1 -2.32831e-9 -0.104 -3.55271e-15 2.32832e-9 1 0.3005601 0 0 0 1</matrix>
          </node>
        </node>
      </node>
      <node id="node-Bounds" name="Bounds">
        <matrix>0.9999915 0.001706907 0.003750479 0 -0.001711356 0.9999978 0.001183292 0.1035326 -0.003748452 -0.0011897 0.9999923 -8.93474e-5 0 0 0 1</matrix>
        <instance_geometry url="#geom-Bounds">
          <bind_material>
            <technique_common>
              <instance_material symbol="ShapeBounds" target="#ShapeBounds-material"/>
            </technique_common>
          </bind_material>
        </instance_geometry>
      </node>
    </visual_scene>
  </library_visual_scenes>
  <library_animations>
    <animation>
      <source id="node-Bip01_matrix-input">
        <float_array id="node-Bip01_matrix-input-array" count="60">10 10.03333 10.06667 10.1 10.13333 10.16667 10.2 10.23333 10.26667 10.3 10.33333 10.36667 10.4 10.43333 10.46667 10.5 10.53333 10.56667 10.6 10.63333 10.66667 10.7 10.73333 10.76667 10.8 10.83333 10.86667 10.9 10.93333 10.96667 11 11.03333 11.06667 11.1 11.13333 11.16667 11.2 11.23333 11.26667 11.3 11.33333 11.36667 11.4 11.43333 11.46667 11.5 11.53333 11.56667 11.6 11.63333 11.66667 11.7 11.73333 11.76667 11.8 11.83333 11.86667 11.9 11.93333 11.96667</float_array>
        <technique_common>
          <accessor source="#node-Bip01_matrix-input-array" count="60" stride="1">
            <param name="TIME" type="float"/>
          </accessor>
        </technique_common>
      </source>
      <source id="node-Bip01_matrix-output">
        <float_array id="node-Bip01_matrix-output-array" count="960">0.7792376 -0.6267173 0.003750264 -8.10623e-5 0.6267178 0.7792454 0.00118345 0.009366631 -0.003664016 0.001428127 0.9999923 0.5107247 0 0 0 1 0.7792376 -0.6267173 0.003750264 -8.10623e-5 0.6267178 0.7792454 0.00118345 0.009471476 -0.003664016 0.001428127 0.9999923 0.5107067 0 0 0 1 0.7792376 -0.6267173 0.003750264 -8.10623e-5 0.6267178 0.7792454 0.00118345 0.00958544 -0.003664016 0.001428127 0.9999923 0.5106545 0 0 0 1 0.7792376 -0.6267173 0.003750264 -8.10623e-5 0.6267178 0.7792454 0.00118345 0.009707629 -0.003664016 0.001428127 0.9999923 0.5105702 0 0 0 1 0.7792376 -0.6267173 0.003750264 -8.10623e-5 0.6267178 0.7792454 0.00118345 0.00983715 -0.003664016 0.001428127 0.9999923 0.5104566 0 0 0 1 0.7792376 -0.6267173 0.003750264 -8.10623e-5 0.6267178 0.7792454 0.00118345 0.009973108 -0.003664016 0.001428127 0.9999923 0.510316 0 0 0 1 0.7792377 -0.6267173 0.003750264 -8.10623e-5 0.6267178 0.7792454 0.00118345 0.01011466 -0.003664016 0.001428127 0.9999923 0.5101508 0 0 0 1 0.7792376 -0.6267173 0.003750264 -8.10623e-5 0.6267178 0.7792454 0.00118345 0.01026082 -0.003664016 0.001428127 0.9999923 0.5099636 0 0 0 1 0.7792376 -0.6267173 0.003750264 -8.10623e-5 0.6267178 0.7792454 0.00118345 0.01041078 -0.003664016 0.001428127 0.9999923 0.5097567 0 0 0 1 0.7792376 -0.6267173 0.003750264 -8.10623e-5 0.6267178 0.7792454 0.00118345 0.01056367 -0.003664016 0.001428127 0.9999923 0.5095328 0 0 0 1 0.7792376 -0.6267173 0.003750264 -8.10623e-5 0.6267178 0.7792454 0.00118345 0.01071852 -0.003664016 0.001428127 0.9999923 0.509294 0 0 0 1 0.7792376 -0.6267173 0.003750264 -8.10623e-5 0.6267178 0.7792454 0.00118345 0.01087445 -0.003664016 0.001428127 0.9999923 0.509043 0 0 0 1 0.7792376 -0.6267173 0.003750264 -8.10623e-5 0.6267178 0.7792454 0.00118345 0.01103067 -0.003664016 0.001428127 0.9999923 0.5087822 0 0 0 1 0.7792376 -0.6267173 0.003750264 -8.10623e-5 0.6267178 0.7792454 0.00118345 0.01118618 -0.003664016 0.001428127 0.9999923 0.508514 0 0 0 1 0.7792376 -0.6267173 0.003750264 -8.10623e-5 0.6267178 0.7792454 0.00118345 0.01134014 -0.003664016 0.001428127 0.9999923 0.5082409 0 0 0 1 0.7792376 -0.6267173 0.003750264 -8.10623e-5 0.6267178 0.7792454 0.00118345 0.01149171 -0.003664016 0.001428127 0.9999923 0.5079655 0 0 0 1 0.7792376 -0.6267173 0.003750264 -8.10623e-5 0.6267178 0.7792454 0.00118345 0.01163989 -0.003664016 0.001428127 0.9999923 0.50769 0 0 0 1 0.7792376 -0.6267173 0.003750264 -8.10623e-5 0.6267178 0.7792454 0.00118345 0.01178383 -0.003664016 0.001428127 0.9999923 0.5074169 0 0 0 1 0.7792376 -0.6267173 0.003750264 -8.10623e-5 0.6267178 0.7792454 0.00118345 0.01192271 -0.003664016 0.001428127 0.9999923 0.5071488 0 0 0 1 0.7792376 -0.6267173 0.003750264 -8.10623e-5 0.6267178 0.7792454 0.00118345 0.01205557 -0.003664016 0.001428127 0.9999923 0.5068879 0 0 0 1 0.7792376 -0.6267173 0.003750264 -8.10623e-5 0.6267178 0.7792454 0.00118345 0.01218152 -0.003664016 0.001428127 0.9999923 0.5066369 0 0 0 1 0.7792376 -0.6267173 0.003750264 -8.10623e-5 0.6267178 0.7792454 0.00118345 0.01229971 -0.003664016 0.001428127 0.9999923 0.5063982 0 0 0 1 0.7792376 -0.6267173 0.003750264 -8.10623e-5 0.6267178 0.7792454 0.00118345 0.01240921 -0.003664016 0.001428127 0.9999923 0.5061742 0 0 0 1 0.7792376 -0.6267173 0.003750264 -8.10623e-5 0.6267178 0.7792454 0.00118345 0.01250922 -0.003664016 0.001428127 0.9999923 0.5059673 0 0 0 1 0.7792377 -0.6267173 0.003750264 -8.10623e-5 0.6267178 0.7792454 0.00118345 0.01259869 -0.003664016 0.001428127 0.9999923 0.5057801 0 0 0 1 0.7792376 -0.6267173 0.003750264 -8.10623e-5 0.6267178 0.7792454 0.00118345 0.01267689 -0.003664016 0.001428127 0.9999923 0.5056149 0 0 0 1 0.7792376 -0.6267173 0.003750264 -8.10623e-5 0.6267178 0.7792454 0.00118345 0.01274287 -0.003664016 0.001428127 0.9999923 0.5054743 0 0 0 1 0.7792376 -0.6267173 0.003750264 -8.10623e-5 0.6267178 0.7792454 0.00118345 0.01279574 -0.003664016 0.001428127 0.9999923 0.5053607 0 0 0 1 0.7792376 -0.6267173 0.003750264 -8.10623e-5 0.6267178 0.7792454 0.00118345 0.0128346 -0.003664016 0.001428127 0.9999923 0.5052765 0 0 0 1 0.7792376 -0.6267173 0.003750264 -8.10623e-5 0.6267178 0.7792454 0.00118345 0.01285856 -0.003664016 0.001428127 0.9999923 0.5052242 0 0 0 1 0.7792376 -0.6267173 0.003750264 -8.10623e-5 0.6267178 0.7792454 0.00118345 0.01286673 -0.003664016 0.001428127 0.9999923 0.5052062 0 0 0 1 0.7792376 -0.6267173 0.003750264 -8.10623e-5 0.6267178 0.7792454 0.00118345 0.01285856 -0.003664016 0.001428127 0.9999923 0.5052242 0 0 0 1 0.7792376 -0.6267173 0.003750264 -8.10623e-5 0.6267178 0.7792454 0.00118345 0.0128346 -0.003664016 0.001428127 0.9999923 0.5052765 0 0 0 1 0.7792376 -0.6267173 0.003750264 -8.10623e-5 0.6267178 0.7792454 0.00118345 0.01279574 -0.003664016 0.001428127 0.9999923 0.5053607 0 0 0 1 0.7792376 -0.6267173 0.003750264 -8.10623e-5 0.6267178 0.7792454 0.00118345 0.01274287 -0.003664016 0.001428127 0.9999923 0.5054743 0 0 0 1 0.7792376 -0.6267173 0.003750264 -8.10623e-5 0.6267178 0.7792454 0.00118345 0.01267689 -0.003664016 0.001428127 0.9999923 0.5056149 0 0 0 1 0.7792377 -0.6267173 0.003750264 -8.10623e-5 0.6267178 0.7792454 0.00118345 0.01259869 -0.003664016 0.001428127 0.9999923 0.5057801 0 0 0 1 0.7792376 -0.6267173 0.003750264 -8.10623e-5 0.6267178 0.7792454 0.00118345 0.01250922 -0.003664016 0.001428127 0.9999923 0.5059673 0 0 0 1 0.7792376 -0.6267173 0.003750264 -8.10623e-5 0.6267178 0.7792454 0.00118345 0.01240921 -0.003664016 0.001428127 0.9999923 0.5061742 0 0 0 1 0.7792376 -0.6267173 0.003750264 -8.10623e-5 0.6267178 0.7792454 0.00118345 0.01229971 -0.003664016 0.001428127 0.9999923 0.5063982 0 0 0 1 0.7792376 -0.6267173 0.003750264 -8.10623e-5 0.6267178 0.7792454 0.00118345 0.01218152 -0.003664016 0.001428127 0.9999923 0.5066369 0 0 0 1 0.7792376 -0.6267173 0.003750264 -8.10623e-5 0.6267178 0.7792454 0.00118345 0.01205557 -0.003664016 0.001428127 0.9999923 0.5068879 0 0 0 1 0.7792376 -0.6267173 0.003750264 -8.10623e-5 0.6267178 0.7792454 0.00118345 0.01192271 -0.003664016 0.001428127 0.9999923 0.5071488 0 0 0 1 0.7792376 -0.6267173 0.003750264 -8.10623e-5 0.6267178 0.7792454 0.00118345 0.01178383 -0.003664016 0.001428127 0.9999923 0.5074169 0 0 0 1 0.7792376 -0.6267173 0.003750264 -8.10623e-5 0.6267178 0.7792454 0.00118345 0.01163989 -0.003664016 0.001428127 0.9999923 0.50769 0 0 0 1 0.7792376 -0.6267173 0.003750264 -8.10623e-5 0.6267178 0.7792454 0.00118345 0.01149171 -0.003664016 0.001428127 0.9999923 0.5079655 0 0 0 1 0.7792376 -0.6267173 0.003750264 -8.10623e-5 0.6267178 0.7792454 0.00118345 0.01134014 -0.003664016 0.001428127 0.9999923 0.5082409 0 0 0 1 0.7792376 -0.6267173 0.003750264 -8.10623e-5 0.6267178 0.7792454 0.00118345 0.01118618 -0.003664016 0.001428127 0.9999923 0.508514 0 0 0 1 0.7792376 -0.6267173 0.003750264 -8.10623e-5 0.6267178 0.7792454 0.00118345 0.01103067 -0.003664016 0.001428127 0.9999923 0.5087822 0 0 0 1 0.7792376 -0.6267173 0.003750264 -8.10623e-5 0.6267178 0.7792454 0.00118345 0.01087445 -0.003664016 0.001428127 0.9999923 0.509043 0 0 0 1 0.7792376 -0.6267173 0.003750264 -8.10623e-5 0.6267178 0.7792454 0.00118345 0.01071852 -0.003664016 0.001428127 0.9999923 0.509294 0 0 0 1 0.7792376 -0.6267173 0.003750264 -8.10623e-5 0.6267178 0.7792454 0.00118345 0.01056367 -0.003664016 0.001428127 0.9999923 0.5095328 0 0 0 1 0.7792376 -0.6267173 0.003750264 -8.10623e-5 0.6267178 0.7792454 0.00118345 0.01041078 -0.003664016 0.001428127 0.9999923 0.5097567 0 0 0 1 0.7792376 -0.6267173 0.003750264 -8.10623e-5 0.6267178 0.7792454 0.00118345 0.01026082 -0.003664016 0.001428127 0.9999923 0.5099636 0 0 0 1 0.7792377 -0.6267173 0.003750264 -8.10623e-5 0.6267178 0.7792454 0.00118345 0.01011466 -0.003664016 0.001428127 0.9999923 0.5101508 0 0 0 1 0.7792376 -0.6267173 0.003750264 -8.10623e-5 0.6267178 0.7792454 0.00118345 0.009973108 -0.003664016 0.001428127 0.9999923 0.510316 0 0 0 1 0.7792376 -0.6267173 0.003750264 -8.10623e-5 0.6267178 0.7792454 0.00118345 0.00983715 -0.003664016 0.001428127 0.9999923 0.5104566 0 0 0 1 0.7792376 -0.6267173 0.003750264 -8.10623e-5 0.6267178 0.7792454 0.00118345 0.009707629 -0.003664016 0.001428127 0.9999923 0.5105702 0 0 0 1 0.7792376 -0.6267173 0.003750264 -8.10623e-5 0.6267178 0.7792454 0.00118345 0.00958544 -0.003664016 0.001428127 0.9999923 0.5106545 0 0 0 1 0.7792376 -0.6267173 0.003750264 -8.10623e-5 0.6267178 0.7792454 0.00118345 0.009471476 -0.003664016 0.001428127 0.9999923 0.5107067 0 0 0 1</float_array>
        <technique_common>
          <accessor source="#node-Bip01_matrix-output-array" count="60" stride="16">
            <param name="TRANSFORM" type="float4x4"/>
          </accessor>
        </technique_common>
      </source>
      <source id="node-Bip01_matrix-interpolation">
        <Name_array id="node-Bip01_matrix-interpolation-array" count="60">LINEAR LINEAR LINEAR LINEAR LINEAR LINEAR LINEAR LINEAR LINEAR LINEAR LINEAR LINEAR LINEAR LINEAR LINEAR LINEAR LINEAR LINEAR LINEAR LINEAR LINEAR LINEAR LINEAR LINEAR LINEAR LINEAR LINEAR LINEAR LINEAR LINEAR LINEAR LINEAR LINEAR LINEAR LINEAR LINEAR LINEAR LINEAR LINEAR LINEAR LINEAR LINEAR LINEAR LINEAR LINEAR LINEAR LINEAR LINEAR LINEAR LINEAR LINEAR LINEAR LINEAR LINEAR LINEAR LINEAR LINEAR LINEAR LINEAR LINEAR</Name_array>
        <technique_common>
          <accessor source="#node-Bip01_matrix-interpolation-array" count="60" stride="1">
            <param name="INTERPOLATION" type="name"/>
          </accessor>
        </technique_common>
      </source>
      <source id="node-Bip01_L_UpperArm_matrix-input">
        <float_array id="node-Bip01_L_UpperArm_matrix-input-array" count="60">10 10.03333 10.06667 10.1 10.13333 10.16667 10.2 10.23333 10.26667 10.3 10.33333 10.36667 10.4 10.43333 10.46667 10.5 10.53333 10.56667 10.6 10.63333 10.66667 10.7 10.73333 10.76667 10.8 10.83333 10.86667 10.9 10.93333 10.96667 11 11.03333 11.06667 11.1 11.13333 11.16667 11.2 11.23333 11.26667 11.3 11.33333 11.36667 11.4 11.43333 11.46667 11.5 11.53333 11.56667 11.6 11.63333 11.66667 11.7 11.73333 11.76667 11.8 11.83333 11.86667 11.9 11.93333 11.96667</float_array>
        <technique_common>
          <accessor source="#node-Bip01_L_UpperArm_matrix-input-array" count="60" stride="1">
            <param name="TIME" type="float"/>
          </accessor>
        </technique_common>
      </source>
      <source id="node-Bip01_L_UpperArm_matrix-output">
