<?xml version="1.0" encoding="utf-8"?>
<COLLADA xmlns="http://www.collada.org/2005/11/COLLADASchema" version="1.4.1">
  <asset>
    <contributor>
      <author>MattO</author>
      <authoring_tool>OpenCOLLADA for 3ds Max;  Version: 1.3.0;  Revision: 839M;  Platform: x64;  Configuration: Release_Max2012</authoring_tool>
      <source_data>file:///C:/Dropbox/Prj/GGStout/Kral/TP_Soldier_Kral_Animation_Master.max</source_data>
    </contributor>
    <created>2011-10-25T11:46:13</created>
    <modified>2011-10-25T11:46:13</modified>
    <unit name="meter" meter="1"/>
    <up_axis>Z_UP</up_axis>
  </asset>
  <library_effects>
    <effect id="ShapeBounds">
      <profile_COMMON>
        <technique sid="common">
          <blinn>
            <emission>
              <color>0 0 0 1</color>
            </emission>
            <ambient>
              <color>0.1647059 1 0 1</color>
            </ambient>
            <diffuse>
              <color>0.1647059 1 0 1</color>
            </diffuse>
            <specular>
              <color>0.9 0.9 0.9 1</color>
            </specular>
            <shininess>
              <float>10</float>
            </shininess>
            <reflective>
              <color>0 0 0 1</color>
            </reflective>
            <transparent opaque="A_ONE">
              <color>1 1 1 1</color>
            </transparent>
            <transparency>
              <float>1</float>
            </transparency>
          </blinn>
        </technique>
      </profile_COMMON>
      <extra>
        <technique profile="OpenCOLLADA3dsMax">
          <extended_shader>
            <apply_reflection_dimming>0</apply_reflection_dimming>
            <dim_level>0</dim_level>
            <falloff_type>0</falloff_type>
            <index_of_refraction>1.5</index_of_refraction>
            <opacity_type>0</opacity_type>
            <reflection_level>3</reflection_level>
            <wire_size>1</wire_size>
            <wire_units>0</wire_units>
          </extended_shader>
          <shader>
            <ambient_diffuse_lock>1</ambient_diffuse_lock>
            <ambient_diffuse_texture_lock>1</ambient_diffuse_texture_lock>
            <diffuse_specular_lock>0</diffuse_specular_lock>
            <soften>0.1</soften>
            <use_self_illum_color>0</use_self_illum_color>
          </shader>
        </technique>
      </extra>
    </effect>
  </library_effects>
  <library_materials>
    <material id="ShapeBounds-material" name="ShapeBounds">
      <instance_effect url="#ShapeBounds"/>
    </material>
  </library_materials>
  <library_geometries>
    <geometry id="geom-Bounds" name="Bounds">
      <mesh>
        <source id="geom-Bounds-positions">
          <float_array id="geom-Bounds-positions-array" count="24">-0.425 -0.425 0 0.425 -0.425 0 -0.425 0.425 0 0.425 0.425 0 -0.425 -0.425 1.84 0.425 -0.425 1.84 -0.425 0.425 1.84 0.425 0.425 1.84</float_array>
          <technique_common>
            <accessor source="#geom-Bounds-positions-array" count="8" stride="3">
              <param name="X" type="float"/>
              <param name="Y" type="float"/>
              <param name="Z" type="float"/>
            </accessor>
          </technique_common>
        </source>
        <source id="geom-Bounds-normals">
          <float_array id="geom-Bounds-normals-array" count="72">0 0 -1 0 0 -1 0 0 -1 0 0 -1 0 0 1 0 0 1 0 0 1 0 0 1 0 -1 0 0 -1 0 0 -1 0 0 -1 0 1 0 0 1 0 0 1 0 0 1 0 0 0 1 0 0 1 0 0 1 0 0 1 0 -1 0 0 -1 0 0 -1 0 0 -1 0 0</float_array>
          <technique_common>
            <accessor source="#geom-Bounds-normals-array" count="24" stride="3">
              <param name="X" type="float"/>
              <param name="Y" type="float"/>
              <param name="Z" type="float"/>
            </accessor>
          </technique_common>
        </source>
        <source id="geom-Bounds-map1">
          <float_array id="geom-Bounds-map1-array" count="36">0 0 0 1 0 0 0 1 0 1 1 0 0 0 0 1 0 0 0 1 0 1 1 0 0 0 0 1 0 0 0 1 0 1 1 0</float_array>
          <technique_common>
            <accessor source="#geom-Bounds-map1-array" count="12" stride="3">
              <param name="S" type="float"/>
              <param name="T" type="float"/>
              <param name="P" type="float"/>
            </accessor>
          </technique_common>
        </source>
        <vertices id="geom-Bounds-vertices">
          <input semantic="POSITION" source="#geom-Bounds-positions"/>
        </vertices>
        <triangles material="ShapeBounds" count="12">
          <input semantic="VERTEX" source="#geom-Bounds-vertices" offset="0"/>
          <input semantic="NORMAL" source="#geom-Bounds-normals" offset="1"/>
          <input semantic="TEXCOORD" source="#geom-Bounds-map1" offset="2" set="0"/>
          <p>0 0 9 2 1 11 3 2 10 3 2 10 1 3 8 0 0 9 4 4 8 5 5 9 7 6 11 7 6 11 6 7 10 4 4 8 0 8 4 1 9 5 5 10 7 5 10 7 4 11 6 0 8 4 1 12 0 3 13 1 7 14 3 7 14 3 5 15 2 1 12 0 3 16 4 2 17 5 6 18 7 6 18 7 7 19 6 3 16 4 2 20 0 0 21 1 4 22 3 4 22 3 6 23 2 2 20 0</p>
        </triangles>
      </mesh>
      <extra>
        <technique profile="OpenCOLLADA3dsMax">
          <max_box>
            <generateuvs>1</generateuvs>
            <height>1.84</height>
            <heightsegments>1</heightsegments>
            <length>0.85</length>
            <lengthsegments>1</lengthsegments>
            <width>0.85</width>
            <widthsegments>1</widthsegments>
          </max_box>
        </technique>
      </extra>
    </geometry>
  </library_geometries>
  <library_lights>
    <light id="EnvironmentAmbientLight" name="EnvironmentAmbientLight">
      <technique_common>
        <ambient>
          <color>0 0 0</color>
        </ambient>
      </technique_common>
    </light>
  </library_lights>
  <library_visual_scenes>
    <visual_scene id="MaxScene">
      <node name="EnvironmentAmbientLight">
        <instance_light url="#EnvironmentAmbientLight"/>
      </node>
      <node id="node-Bip01" name="Bip01">
        <matrix>0.7792375 -0.6267176 0.003750265 -8.10623e-5 0.626718 0.7792452 0.001183461 0.009366653 -0.003664072 0.001428162 0.9999923 0.8041399 0 0 0 1</matrix>
        <node id="node-Bip01_Pelvis" name="Bip01_Pelvis">
          <matrix>-0.009626739 0.9912359 0.1317526 0 -0.1217414 -0.1319404 0.9837533 0 0.992515 -0.0065694 0.1219446 0 0 0 0 1</matrix>
          <node id="node-Bip01_Spine" name="Bip01_Spine">
            <matrix>0.9142388 -0.1596023 -0.3724172 0.1975123 0.1756539 0.9844077 0.009333325 0.02499345 0.3651207 -0.0739495 0.9280186 0.02780976 0 0 0 1</matrix>
            <node id="node-Bip01_Spine1" name="Bip01_Spine1">
              <matrix sid="matrix">0.9850423 0.02363096 -0.1706854 0.1022273 -0.01319334 0.9979873 0.06202874 -1.00821e-4 0.1718076 -0.058849 0.9833714 5.93066e-6 0 0 0 1</matrix>
              <node id="node-Bip01_Spine2" name="Bip01_Spine2">
                <matrix sid="matrix">0.9369741 -0.3477308 -0.03409588 0.1269257 0.349036 0.9270917 0.1366548 -1.58809e-4 -0.01590905 -0.1399426 0.9900318 2.39611e-5 0 0 0 1</matrix>
                <node id="node-Bip01_Neck" name="Bip01_Neck">
                  <matrix sid="matrix">0.840708 -0.4308254 0.3280236 0.215107 0.4136219 0.9019012 0.1244631 -4.96805e-5 -0.3494667 0.03104061 0.9364344 -1.63913e-6 0 0 0 1</matrix>
                  <node id="node-Bip01_Head" name="Bip01_Head">
                    <matrix sid="matrix">0.9475712 -0.06889544 -0.3120292 0.07051814 -0.2855058 0.2560084 -0.923551 -0.01395911 0.1435104 0.9642162 0.222916 0 0 0 0 1</matrix>
                    <node id="node-AltEye" name="AltEye">
                      <matrix sid="matrix">0.4506335 0.3792483 0.8081468 0.06454694 0.04412793 0.8947045 -0.4444744 0.2214611 -0.8916179 0.2359566 0.3864482 0.04716265 0 0 0 1</matrix>
                    </node>
                  </node>
                  <node id="node-Bip01_L_Clavicle" name="Bip01_L_Clavicle">
                    <matrix sid="matrix">-0.5778345 -0.4531803 0.6787747 -0.04690343 0.283809 -0.8913432 -0.3534966 -0.01204771 0.7652189 -0.01162016 0.6436655 0.05588402 0 0 0 1</matrix>
                    <node id="node-Bip01_L_UpperArm" name="Bip01_L_UpperArm">
                      <matrix sid="matrix">0.949599 0.1279812 0.2861509 0.1824008 -0.303984 0.5988076 0.7409609 -2.98023e-8 -0.07652026 -0.7906012 0.6075314 0 0 0 0 1</matrix>
                      <node id="node-Bip01_L_Forearm" name="Bip01_L_Forearm">
                        <matrix sid="matrix">-0.6192181 0.7852188 0 0.2843688 -0.785219 -0.6192181 2.98023e-8 0 2.98023e-8 2.98023e-8 1 0 0 0 0 1</matrix>
                        <node id="node-Bip01_L_Hand" name="Bip01_L_Hand">
                          <matrix sid="matrix">0.8445969 0.5014189 -0.1877106 0.2810681 0.3764395 -0.8054477 -0.4577636 -2.98023e-8 -0.3807223 0.3159641 -0.8690324 0 0 0 0 1</matrix>
                          <node id="node-Bip01_L_Finger0" name="Bip01_L_Finger0">
                            <matrix sid="matrix">0.6413842 0.3141903 0.6999363 0.02119678 0.7352948 0.008702949 -0.6776913 -0.004734278 -0.2190156 0.9493201 -0.2254408 -0.02572179 0 0 0 1</matrix>
                            <node id="node-Bip01_L_Finger01" name="Bip01_L_Finger01">
                              <matrix sid="matrix">0.997564 -0.06975641 0 0.04982865 0.06975643 0.9975641 -2.23517e-8 0 2.98023e-8 -7.45058e-9 0.9999999 0 0 0 0 1</matrix>
                              <node id="node-Bip01_L_Finger02" name="Bip01_L_Finger02">
                                <matrix sid="matrix">0.9203137 0.3911814 2.98023e-8 0.05202234 -0.3911815 0.9203137 1.49012e-8 0 0 -2.23517e-8 1 0 0 0 0 1</matrix>
                              </node>
                            </node>
                          </node>
                          <node id="node-Bip01_L_Finger1" name="Bip01_L_Finger1">
                            <matrix sid="matrix">0.9592717 -0.2819768 -0.01693499 0.1199946 0.2798395 0.9567645 -0.07931915 -0.008367658 0.03856897 0.07134952 0.9967054 -0.04101372 0 0 0 1</matrix>
                            <node id="node-Bip01_L_Finger11" name="Bip01_L_Finger11">
                              <matrix sid="matrix">0.7001772 -0.7139692 0 0.03644156 0.7139691 0.7001772 -1.49012e-8 -5.96046e-8 0 -3.72529e-9 1 0 0 0 0 1</matrix>
                              <node id="node-Bip01_L_Finger12" name="Bip01_L_Finger12">
                                <matrix sid="matrix">0.8757259 -0.4828088 -2.98023e-8 0.03117549 0.4828088 0.8757257 1.30385e-8 0 2.98023e-8 2.23517e-8 1 0 0 0 0 1</matrix>
                              </node>
                            </node>
                          </node>
                          <node id="node-Bip01_L_Finger2" name="Bip01_L_Finger2">
                            <matrix sid="matrix">0.9066654 -0.4205882 -0.03260922 0.1229538 0.4217875 0.9024836 0.08728345 -0.008801997 -0.00728111 -0.09289105 0.9956498 -0.01328236 0 0 0 1</matrix>
                            <node id="node-Bip01_L_Finger21" name="Bip01_L_Finger21">
                              <matrix sid="matrix">0.8156036 -0.578611 -1.49012e-8 0.03895509 0.5786111 0.8156035 2.98023e-8 -2.98023e-8 -1.49012e-8 1.86265e-9 1 5.96046e-8 0 0 0 1</matrix>
                              <node id="node-Bip01_L_Finger22" name="Bip01_L_Finger22">
                                <matrix sid="matrix">0.976296 -0.2164397 1.49012e-8 0.03800535 0.2164397 0.9762961 -7.45058e-9 -4.47035e-8 -1.49012e-8 4.65661e-9 1 5.96046e-8 0 0 0 1</matrix>
                              </node>
                            </node>
                          </node>
                          <node id="node-Bip01_L_Finger3" name="Bip01_L_Finger3">
                            <matrix sid="matrix">0.9367908 -0.338013 -0.09038849 0.1211882 0.3480915 0.9264979 0.1429456 -0.001191199 0.03542729 -0.1653736 0.9855945 0.01196873 0 0 0 1</matrix>
                            <node id="node-Bip01_L_Finger31" name="Bip01_L_Finger31">
                              <matrix sid="matrix">0.9381478 -0.3462351 -1.49012e-8 0.03155851 0.3462352 0.9381479 0 0 0 -7.45058e-9 1 5.96046e-8 0 0 0 1</matrix>
                              <node id="node-Bip01_L_Finger32" name="Bip01_L_Finger32">
                                <matrix sid="matrix">0.8922837 -0.4514749 1.49012e-8 0.0336659 0.451475 0.8922838 -1.49012e-8 -5.96046e-8 0 4.19095e-9 0.9999999 0 0 0 0 1</matrix>
                              </node>
                            </node>
                          </node>
                          <node id="node-Bip01_L_Finger4" name="Bip01_L_Finger4">
                            <matrix sid="matrix">0.9820986 -0.1883418 0.003122136 0.1136798 0.1857741 0.9711843 0.1492954 0.005147576 -0.03115072 -0.1460429 0.9887877 0.03886592 0 0 0 1</matrix>
                            <node id="node-Bip01_L_Finger41" name="Bip01_L_Finger41">
                              <matrix sid="matrix">0.8499687 -0.5268333 3.72529e-9 0.03661621 0.5268332 0.8499687 -7.45058e-9 0 7.45058e-9 1.49012e-8 1 -5.96046e-8 0 0 0 1</matrix>
                              <node id="node-Bip01_L_Finger42" name="Bip01_L_Finger42">
                                <matrix sid="matrix">0.9624562 -0.271437 -7.45058e-9 0.01772618 0.2714371 0.9624562 7.45058e-9 -2.98023e-8 0 -5.58794e-9 1 0 0 0 0 1</matrix>
                              </node>
                            </node>
                          </node>
                        </node>
                      </node>
                    </node>
                  </node>
                  <node id="node-Bip01_R_Clavicle" name="Bip01_R_Clavicle">
                    <matrix sid="matrix">0.2073931 -0.1669673 -0.9639036 8.67009e-4 0.5679266 -0.7817281 0.2576057 -0.01629043 -0.7965222 -0.6008521 -0.06729981 -0.07212147 0 0 0 1</matrix>
                    <node id="node-Bip01_R_UpperArm" name="Bip01_R_UpperArm">
                      <matrix sid="matrix">-0.23343 0.9286885 -0.2881811 0.1824007 -0.9698443 -0.2437255 1.59115e-4 1.19209e-7 -0.07008946 0.2795279 0.9575759 0 0 0 0 1</matrix>
                      <node id="node-Bip01_R_Forearm" name="Bip01_R_Forearm">
                        <matrix sid="matrix">0.5407854 0.8411606 2.98023e-8 0.2843689 -0.8411605 0.5407854 -2.98023e-8 0 -1.11759e-7 5.96046e-8 1 1.19209e-7 0 0 0 1</matrix>
                        <node id="node-Bip01_R_Hand" name="Bip01_R_Hand">
                          <matrix sid="matrix">0.970637 0.2201094 0.09703489 0.2810681 0.2283399 -0.7161988 -0.6594849 -1.19209e-7 -0.07566255 0.6622773 -0.7454287 0 0 0 0 1</matrix>
                          <node id="node-Bip01_R_Finger0" name="Bip01_R_Finger0">
                            <matrix>0.5215106 0.269013 -0.8097275 0.02119672 0.7250716 0.3605264 0.5867638 -0.004734188 0.4497753 -0.8931141 -0.007035498 0.02572179 0 0 0 1</matrix>
                            <node id="node-Bip01_R_Finger01" name="Bip01_R_Finger01">
                              <matrix>0.6423535 -0.7636236 0.06527568 0.04982865 0.7605615 0.6456373 0.0685474 -1.19209e-7 -0.09448887 0.005614469 0.9955102 0 0 0 0 1</matrix>
                              <node id="node-Bip01_R_Finger02" name="Bip01_R_Finger02">
                                <matrix>0.9505156 -0.3106765 1.86265e-9 0.0520224 0.3106765 0.9505157 -1.49012e-8 0 5.21541e-8 -2.6077e-8 0.9999999 -1.19209e-7 0 0 0 1</matrix>
                              </node>
                            </node>
                          </node>
                          <node id="node-Bip01_R_Finger1" name="Bip01_R_Finger1">
                            <matrix>0.9820225 -0.1733427 -0.07472672 0.1199946 0.1795577 0.9799358 0.08651491 -0.008367538 0.05823065 -0.09837732 0.9934441 0.04101396 0 0 0 1</matrix>
                            <node id="node-Bip01_R_Finger11" name="Bip01_R_Finger11">
                              <matrix>0.8240545 -0.5665103 -7.45058e-9 0.03644174 0.5665102 0.8240546 -7.45058e-9 5.96046e-8 -8.3819e-9 4.47035e-8 0.9999999 0 0 0 0 1</matrix>
                              <node id="node-Bip01_R_Finger12" name="Bip01_R_Finger12">
                                <matrix>0.8146399 -0.5796779 0.01831832 0.03117546 0.5799672 0.8142334 -0.02573051 -5.96046e-8 -2.23517e-8 0.0315851 0.999501 1.19209e-7 0 0 0 1</matrix>
                              </node>
                            </node>
                          </node>
                          <node id="node-Bip01_R_Finger2" name="Bip01_R_Finger2">
                            <matrix>0.6754014 -0.7374505 -1.5212e-4 0.1229538 0.7368314 0.6748427 -0.04082684 -0.008801997 0.03021043 0.02746242 0.9991663 0.01328242 0 0 0 1</matrix>
                            <node id="node-Bip01_R_Finger21" name="Bip01_R_Finger21">
                              <matrix>0.5508358 -0.8338857 -0.0348487 0.03895515 0.8322219 0.551937 -0.05265062 0 0.0631389 -9.31323e-9 0.9980046 -1.19209e-7 0 0 0 1</matrix>
                              <node id="node-Bip01_R_Finger22" name="Bip01_R_Finger22">
                                <matrix>0.1984734 -0.9799247 0.01886612 0.03800538 0.9755272 0.1993681 0.09272984 5.96046e-8 -0.09462957 7.45058e-9 0.9955125 -1.19209e-7 0 0 0 1</matrix>
                              </node>
                            </node>
                          </node>
                          <node id="node-Bip01_R_Finger3" name="Bip01_R_Finger3">
                            <matrix>0.7159052 -0.6949215 0.06755453 0.1211881 0.6883787 0.6863562 -0.234627 -0.001191229 0.1166809 0.2144738 0.9697353 -0.01196885 0 0 0 1</matrix>
                            <node id="node-Bip01_R_Finger31" name="Bip01_R_Finger31">
                              <matrix>0.4441952 -0.8949345 0.04222353 0.03155845 0.8909186 0.4461977 0.08468729 -5.96046e-8 -0.09462962 1.11759e-8 0.9955127 0 0 0 0 1</matrix>
                              <node id="node-Bip01_R_Finger32" name="Bip01_R_Finger32">
                                <matrix>0.1993681 -0.9794359 -0.03095102 0.03366596 0.9799247 0.1992686 0.006297067 5.96046e-8 -4.65661e-9 -0.03158514 0.9995012 0 0 0 0 1</matrix>
                              </node>
                            </node>
                          </node>
                          <node id="node-Bip01_R_Finger4" name="Bip01_R_Finger4">
                            <matrix>0.5925791 -0.789795 -0.1583476 0.1136795 0.7783522 0.6120424 -0.1399001 0.005147427 0.2074078 -0.04034831 0.9774221 -0.0388658 0 0 0 1</matrix>
                            <node id="node-Bip01_R_Finger41" name="Bip01_R_Finger41">
                              <matrix>0.4202556 -0.9064697 0.04120623 0.03661624 0.906853 0.421151 0.0157878 5.96046e-8 -0.0316652 0.03073308 0.9990259 1.19209e-7 0 0 0 1</matrix>
                              <node id="node-Bip01_R_Finger42" name="Bip01_R_Finger42">
                                <matrix>0.4024471 -0.9138247 -0.05441484 0.01772633 0.9154232 0.4021218 0.01728316 -5.96046e-8 0.006087616 -0.05676817 0.9983688 0 0 0 0 1</matrix>
                              </node>
                            </node>
                          </node>
                          <node id="node-mount0" name="mount0">
                            <matrix>-6.33299e-7 1 0 0.109539 -1 -6.49918e-7 4.76837e-7 0.02518263 4.73112e-7 1.11759e-8 1 0.01321661 0 0 0 1</matrix>
                          </node>
                        </node>
                      </node>
                    </node>
                  </node>
                </node>
                <node id="node-Bip01_L_Pauldron_Upper" name="Bip01_L_Pauldron_Upper">
                  <matrix sid="matrix">0.9726267 0.1182923 0.2000104 0.176903 0.1448454 -0.9816831 -0.1237685 -0.03908369 0.181706 0.1493511 -0.9719451 0.2290199 0 0 0 1</matrix>
                </node>
                <node id="node-Bip01_R_Pauldron_Lower" name="Bip01_R_Pauldron_Lower">
                  <matrix sid="matrix">-0.1156725 -0.9403759 -0.3198652 0.1729059 0.9097751 -0.2295502 0.3458564 -0.1133294 -0.3986599 -0.2509995 0.8820827 -0.2351094 0 0 0 1</matrix>
                </node>
                <node id="node-Bip01_L_Pauldron_Lower" name="Bip01_L_Pauldron_Lower">
                  <matrix sid="matrix">-0.2099968 -0.76872 0.6041282 0.1529201 0.4002343 -0.6313505 -0.6642357 -0.1054225 0.8920279 0.1023054 0.4402498 0.2344802 0 0 0 1</matrix>
                </node>
              </node>
            </node>
            <node id="node-Bip01_L_Thigh" name="Bip01_L_Thigh">
              <matrix>-0.4488799 0.8921272 -0.05115051 -0.1485698 0.5193907 0.3070579 0.7974642 -4.51192e-4 0.7271455 0.3313984 -0.6011945 0.1658256 0 0 0 1</matrix>
              <node id="node-Bip01_L_Calf" name="Bip01_L_Calf">
                <matrix>0.4034085 0.9150201 -1.86265e-9 0.4629987 -0.91502 0.4034086 -7.45058e-9 0 -2.98023e-8 4.65661e-8 1 7.45058e-9 0 0 0 1</matrix>
                <node id="node-Bip01_L_Foot" name="Bip01_L_Foot">
                  <matrix>0.9319397 -0.3536289 -0.08021871 0.3610501 0.361551 0.9231075 0.1309704 4.47035e-8 0.02773557 -0.1510597 0.9881355 -1.49012e-8 0 0 0 1</matrix>
                  <node id="node-Bip01_L_Toe0" name="Bip01_L_Toe0">
                    <matrix>5.95115e-7 -1 1.7453e-6 0.1486307 1 5.95115e-7 -1.00219e-7 0.1543275 9.98807e-8 1.74437e-6 1 -3.72529e-9 0 0 0 1</matrix>
                  </node>
                </node>
              </node>
            </node>
            <node id="node-Bip01_R_Thigh" name="Bip01_R_Thigh">
              <matrix>-0.9150376 0.3601422 0.1816703 -0.2416654 0.4023388 0.8470592 0.3472961 0.01840353 -0.02880949 0.3908821 -0.9199899 -0.07079414 0 0 0 1</matrix>
              <node id="node-Bip01_R_Calf" name="Bip01_R_Calf">
                <matrix>0.443982 0.8960356 2.98023e-8 0.4629987 -0.8960354 0.443982 -3.72529e-9 7.45058e-9 0 -5.96046e-8 0.9999999 0 0 0 0 1</matrix>
                <node id="node-Bip01_R_Foot" name="Bip01_R_Foot">
                  <matrix sid="matrix">0.6470413 -0.7363909 0.1976517 0.36105 0.7123538 0.6762781 0.1876163 0 -0.2718264 0.01940255 0.9621506 0 0 0 0 1</matrix>
                  <node id="node-Bip01_R_Toe0" name="Bip01_R_Toe0">
                    <matrix sid="matrix">-0.1805816 -0.9786912 0.09774465 0.1486307 0.9833313 -0.1817888 -0.003514291 0.1543275 0.0212083 0.09548074 0.9952053 0 0 0 0 1</matrix>
                  </node>
                </node>
              </node>
            </node>
          </node>
          <node id="node-Bip01_FannyPack" name="Bip01_FannyPack">
            <matrix sid="matrix">-0.9629918 -0.2062316 0.1735378 0.2299507 -0.2083318 0.9780384 0.00622705 -0.1378937 -0.1710108 -0.03015687 -0.9848076 0.01013963 0 0 0 1</matrix>
          </node>
        </node>
        <node id="node-Eye" name="Eye">
          <matrix>0.7792376 0.6267179 -0.003664108 0.05941321 -0.6267175 0.779245 0.001428192 0.07234284 0.003750311 0.001183282 0.9999919 0.7662548 0 0 0 1</matrix>
          <node id="node-cam" name="cam">
            <matrix>1 -6.03104e-8 3.55271e-15 4.84288e-8 6.03104e-8 1 -2.32831e-9 -0.104 -3.55271e-15 2.32832e-9 1 0.3005601 0 0 0 1</matrix>
          </node>
        </node>
      </node>
      <node id="node-Bounds" name="Bounds">
        <matrix>0.9999915 0.001706907 0.003750479 0 -0.001711356 0.9999978 0.001183292 0.1035326 -0.003748452 -0.0011897 0.9999923 -8.93474e-5 0 0 0 1</matrix>
        <instance_geometry url="#geom-Bounds">
          <bind_material>
            <technique_common>
              <instance_material symbol="ShapeBounds" target="#ShapeBounds-material"/>
            </technique_common>
          </bind_material>
        </instance_geometry>
      </node>
    </visual_scene>
  </library_visual_scenes>
  <library_animations>
    <animation>
      <source id="node-Bip01_Spine1_matrix-input">
        <float_array id="node-Bip01_Spine1_matrix-input-array" count="76">43.66667 43.7 43.73333 43.76667 43.8 43.83333 43.86666 43.9 43.93333 43.96667 44 44.03333 44.06667 44.1 44.13334 44.16667 44.2 44.23333 44.26667 44.3 44.33333 44.36666 44.4 44.43333 44.46667 44.5 44.53333 44.56667 44.6 44.63334 44.66667 44.7 44.73333 44.76667 44.8 44.83333 44.86666 44.9 44.93333 44.96667 45 45.03333 45.06667 45.1 45.13334 45.16667 45.2 45.23333 45.26667 45.3 45.33333 45.36666 45.4 45.43333 45.46667 45.5 45.53333 45.56667 45.6 45.63334 45.66667 45.7 45.73333 45.76667 45.8 45.83333 45.86666 45.9 45.93333 45.96667 46 46.03333 46.06667 46.1 46.13334 46.16667</float_array>
        <technique_common>
          <accessor source="#node-Bip01_Spine1_matrix-input-array" count="76" stride="1">
            <param name="TIME" type="float"/>
          </accessor>
        </technique_common>
      </source>
      <source id="node-Bip01_Spine1_matrix-output">
        <float_array id="node-Bip01_Spine1_matrix-output-array" count="1216">0.9850423 0.02363091 -0.1706854 0.1022273 -0.0131933 0.9979873 0.0620287 -1.00821e-4 0.1718076 -0.05884897 0.9833714 5.93066e-6 0 0 0 1 0.9880935 0.03063786 -0.1507741 0.1022267 -0.02463334 0.9988337 0.04153257 -1.0094e-4 0.1518707 -0.03732395 0.9876956 3.72529e-6 0 0 0 1 0.9911839 0.03986376 -0.126355 0.1022256 -0.03815239 0.999145 0.01593631 -1.0094e-4 0.1268822 -0.010975 0.9918572 1.11759e-6 0 0 0 1 0.9937949 0.05113714 -0.09877634 0.1022246 -0.05273109 0.9985165 -0.01359224 -1.00881e-4 0.09793472 0.01871651 0.9950169 -1.90735e-6 0 0 0 1 0.9955236 0.06417226 -0.06939095 0.1022235 -0.06743854 0.9966719 -0.04579919 -1.00702e-4 0.06622087 0.05027389 0.9965378 -5.126e-6 0 0 0 1 0.9961272 0.07853764 -0.03952997 0.1022217 -0.08148002 0.993512 -0.07934099 -1.00374e-4 0.03304225 0.0822547 0.9960635 -8.29995e-6 0 0 0 1 0.9955506 0.09364646 -0.0104736 0.1022202 -0.09423011 0.9891396 -0.1128008 -9.9957e-5 -2.03595e-4 0.1132858 0.9935625 -1.14441e-5 0 0 0 1 0.9939294 0.1087652 0.01657694 0.1022188 -0.1052497 0.9838598 -0.1447161 -9.94205e-5 -0.03204947 0.1420928 0.9893344 -1.43796e-5 0 0 0 1 0.9915746 0.1230387 0.04051661 0.1022173 -0.1142804 0.9781613 -0.1736105 -9.88096e-5 -0.06099265 0.1675176 0.9839805 -1.69277e-5 0 0 0 1 0.988935 0.1355262 0.06033712 0.102216 -0.1212161 0.9726742 -0.1980202 -9.82583e-5 -0.08552527 0.1885153 0.9783393 -1.90139e-5 0 0 0 1 0.9865411 0.1452455 0.07510554 0.102215 -0.1260489 0.9681093 -0.2165096 -9.78112e-5 -0.1041575 0.2041287 0.9733874 -2.06232e-5 0 0 0 1 0.9848214 0.1516728 0.08439409 0.1022145 -0.1289632 0.9648286 -0.2290731 -9.74983e-5 -0.11617 0.2147124 0.969744 -2.17259e-5 0 0 0 1 0.9838526 0.1552363 0.0890842 0.1022142 -0.1304346 0.962701 -0.2370526 -9.7245e-5 -0.1225607 0.2216053 0.9674038 -2.24113e-5 0 0 0 1 0.9835624 0.1564311 0.09019297 0.102214 -0.1308398 0.9616485 -0.2410671 -9.71258e-5 -0.1244443 0.2253038 0.9663085 -2.27839e-5 0 0 0 1 0.983799 0.1557993 0.08869266 0.102214 -0.130479 0.961529 -0.2417386 -9.71407e-5 -0.1229433 0.2262498 0.9662796 -2.28584e-5 0 0 0 1 0.9843762 0.1539095 0.08553034 0.1022142 -0.12961 0.9621598 -0.2396873 -9.72003e-5 -0.119184 0.2248569 0.9670753 -2.27541e-5 0 0 0 1 0.9851046 0.1513398 0.08164423 0.1022145 -0.1284756 0.9633383 -0.2355287 -9.73195e-5 -0.1142959 0.221531 0.9684321 -2.23815e-5 0 0 0 1 0.9858086 0.1486658 0.07797551 0.1022147 -0.1273235 0.964856 -0.229874 -9.74536e-5 -0.1094096 0.2166836 0.9700917 -2.18749e-5 0 0 0 1 0.9863345 0.1464518 0.07547503 0.102215 -0.1264188 0.96651 -0.2233316 -9.76622e-5 -0.1056548 0.2107383 0.9718162 -2.13087e-5 0 0 0 1 0.9865411 0.1452455 0.07510554 0.102215 -0.1260489 0.9681093 -0.2165096 -9.78112e-5 -0.1041575 0.2041287 0.9733874 -2.06381e-5 0 0 0 1 0.9865407 0.1446527 0.07624721 0.1022151 -0.1260476 0.9697757 -0.2089198 -9.79751e-5 -0.1041636 0.1964972 0.974956 -1.98632e-5 0 0 0 1 0.9865401 0.1439313 0.07760751 0.1022152 -0.1260461 0.971692 -0.1998183 -9.81688e-5 -0.1041709 0.1873467 0.9767548 -1.89394e-5 0 0 0 1 0.9865394 0.1430945 0.07914829 0.1022154 -0.1260445 0.97377 -0.1894334 -9.84073e-5 -0.1041792 0.1769073 0.9786986 -1.78963e-5 0 0 0 1 0.9865387 0.1421558 0.08083111 0.1022153 -0.1260427 0.9759258 -0.177995 -9.8601e-5 -0.1041883 0.1654109 0.9807059 -1.67191e-5 0 0 0 1 0.9865377 0.1411302 0.08261853 0.1022156 -0.126041 0.9780827 -0.1657355 -9.88245e-5 -0.104198 0.153091 0.9827033 -1.54972e-5 0 0 0 1 0.986537 0.140034 0.08447349 0.1022155 -0.1260393 0.9801731 -0.1528895 -9.90182e-5 -0.1042084 0.1401842 0.9846264 -1.41859e-5 0 0 0 1 0.9865359 0.1388852 0.08635973 0.1022158 -0.1260378 0.9821407 -0.1396942 -9.92268e-5 -0.104219 0.1269287 0.9864216 -1.28448e-5 0 0 0 1 0.9865352 0.1377034 0.08824235 0.1022158 -0.1260364 0.9839416 -0.1263886 -9.94056e-5 -0.1042296 0.113565 0.9880483 -1.1459e-5 0 0 0 1 0.9865341 0.1365104 0.09008741 0.102216 -0.1260351 0.9855445 -0.1132144 -9.95696e-5 -0.1042401 0.1003357 0.9894781 -1.01477e-5 0 0 0 1 0.9865333 0.1353295 0.09186184 0.1022161 -0.126034 0.986931 -0.100414 -9.97186e-5 -0.1042503 0.08748406 0.990696 -8.85129e-6 0 0 0 1 0.9865323 0.1341858 0.09353417 0.1022162 -0.1260331 0.9880947 -0.0882315 -9.9808e-5 -0.1042601 0.07525473 0.991699 -7.59959e-6 0 0 0 1 0.9865315 0.1331058 0.09507375 0.1022163 -0.1260323 0.9890404 -0.07691055 -9.99421e-5 -0.1042692 0.0638923 0.9924948 -6.4671e-6 0 0 0 1 0.9865306 0.132117 0.0964511 0.1022163 -0.1260317 0.9897818 -0.06669598 -9.99868e-5 -0.1042773 0.05364179 0.9931007 -5.42402e-6 0 0 0 1 0.98653 0.1312481 0.09763729 0.1022164 -0.1260312 0.9903393 -0.05783176 -1.00046e-4 -0.1042844 0.04474735 0.9935405 -4.51505e-6 0 0 0 1 0.9865295 0.1305278 0.09860384 0.1022166 -0.1260309 0.9907372 -0.05056124 -1.00091e-4 -0.1042902 0.03745299 0.9938415 -3.76999e-6 0 0 0 1 0.9865289 0.1299851 0.09932249 0.1022167 -0.1260308 0.9909995 -0.04512763 -1.00121e-4 -0.1042945 0.03200191 0.9940316 -3.24845e-6 0 0 0 1 0.9864848 0.1296988 0.1001313 0.1022167 -0.1261317 0.9911579 -0.0411964 -1.00121e-4 -0.1045891 0.02800983 0.9941211 -2.80142e-6 0 0 0 1 0.9863606 0.1297027 0.1013431 0.1022167 -0.126418 0.9912407 -0.03821593 -1.00136e-4 -0.1054122 0.02488321 0.9941174 -2.5034e-6 0 0 0 1 0.9861667 0.1299584 0.1028907 0.1022168 -0.1268633 0.9912632 -0.03610235 -1.00166e-4 -0.1066837 0.02254986 0.9940374 -2.29478e-6 0 0 0 1 0.9859135 0.1304283 0.1047063 0.1022166 -0.1274397 0.9912368 -0.03477144 -1.00121e-4 -0.108324 0.0209378 0.9938951 -2.08616e-6 0 0 0 1 0.9856114 0.1310755 0.1067214 0.1022164 -0.1281182 0.9911714 -0.03413885 -1.00106e-4 -0.1102539 0.01997464 0.9937027 -1.99676e-6 0 0 0 1 0.9852719 0.1318632 0.1088671 0.1022163 -0.1288698 0.9910745 -0.03412014 -1.00106e-4 -0.1123946 0.01958799 0.9934707 -1.95205e-6 0 0 0 1 0.9849056 0.1327553 0.1110743 0.1022163 -0.1296648 0.9909532 -0.03463071 -1.00106e-4 -0.1146669 0.01970559 0.9932087 -1.98185e-6 0 0 0 1 0.9845249 0.1337147 0.1132745 0.1022163 -0.1304744 0.9908129 -0.03558552 -1.00076e-4 -0.1169922 0.0202555 0.9929263 -2.05636e-6 0 0 0 1 0.9841434 0.1347044 0.115399 0.1022162 -0.1312696 0.9906599 -0.03689944 -1.00076e-4 -0.1192917 0.02116602 0.9926337 -2.13087e-6 0 0 0 1 0.983774 0.1356869 0.1173791 0.1022161 -0.1320224 0.9904994 -0.03848701 -1.00091e-4 -0.1214862 0.02236586 0.9923412 -2.26498e-6 0 0 0 1 0.9834318 0.136624 0.1191471 0.102216 -0.1327054 0.9903376 -0.04026234 -1.00046e-4 -0.1234967 0.0237838 0.99206 -2.39909e-6 0 0 0 1 0.9831315 0.137477 0.1206353 0.102216 -0.133292 0.9901807 -0.04213988 -1.00046e-4 -0.1252442 0.02534931 0.991802 -2.563e-6 0 0 0 1 0.9828885 0.1382068 0.1217765 0.1022157 -0.1337562 0.9900357 -0.04403364 -1.00002e-4 -0.1266489 0.02699178 0.9915804 -2.71201e-6 0 0 0 1 0.9827182 0.1387736 0.1225038 0.1022158 -0.1340726 0.9899101 -0.04585778 -1.00017e-4 -0.1276316 0.02864092 0.9914081 -2.90573e-6 0 0 0 1 0.982636 0.1391374 0.1227502 0.1022155 -0.1342165 0.9898118 -0.04752665 -9.99719e-5 -0.1281124 0.03022623 0.9912992 -3.03984e-6 0 0 0 1 0.9826564 0.1392579 0.1224493 0.1022156 -0.1341629 0.9897495 -0.04895448 -9.9957e-5 -0.1280114 0.03167724 0.9912667 -3.18885e-6 0 0 0 1 0.9827931 0.139095 0.1215341 0.1022157 -0.1338869 0.9897318 -0.05005615 -9.99868e-5 -0.1272487 0.03292304 0.9913244 -3.32296e-6 0 0 0 1 0.983058 0.1386085 0.1199374 0.102216 -0.1333631 0.9897673 -0.05074709 -1.00017e-4 -0.1257442 0.03389203 0.9914837 -3.47197e-6 0 0 0 1 0.9834608 0.1377591 0.1175916 0.102216 -0.1325649 0.9898646 -0.05094289 -1.00017e-4 -0.1234176 0.0345118 0.9917547 -3.48687e-6 0 0 0 1 0.9840081 0.1365082 0.1144279 0.102216 -0.1314642 0.9900308 -0.05056059 -1.00002e-4 -0.1201891 0.03470885 0.9921442 -3.48687e-6 0 0 0 1 0.9847037 0.1348189 0.1103764 0.1022161 -0.1300309 0.9902729 -0.04951769 -1.00031e-4 -0.1159787 0.03440791 0.9926556 -3.45707e-6 0 0 0 1 0.985546 0.1326555 0.1053657 0.1022164 -0.1282318 0.9905951 -0.04773318 -1.00091e-4 -0.1107069 0.03353196 0.9932875 -3.39746e-6 0 0 0 1 0.9865289 0.129985 0.09932249 0.1022166 -0.1260307 0.9909995 -0.04512763 -1.00121e-4 -0.1042945 0.03200185 0.9940316 -3.24845e-6 0 0 0 1 0.9877337 0.1265188 0.09151649 0.1022169 -0.123155 0.991518 -0.04153633 -1.00166e-4 -0.09599542 0.02975606 0.9949369 -3.01003e-6 0 0 0 1 0.9891749 0.1220754 0.08142817 0.1022174 -0.1194026 0.9921585 -0.03694093 -1.0024e-4 -0.08529925 0.02681839 0.9959943 -2.71201e-6 0 0 0 1 0.9907365 0.116787 0.06929922 0.1022179 -0.1148381 0.9928853 -0.03148376 -1.00285e-4 -0.07248312 0.023234 0.9970989 -2.32458e-6 0 0 0 1 0.9923005 0.1107867 0.05537301 0.1022185 -0.1095265 0.9936618 -0.02530825 -1.00374e-4 -0.05782586 0.01904863 0.9981451 -1.92225e-6 0 0 0 1 0.9937552 0.1042076 0.03989672 0.1022192 -0.1035357 0.9944528 -0.0185576 -1.00464e-4 -0.04160922 0.01431107 0.9990317 -1.43051e-6 0 0 0 1 0.9949983 0.09718114 0.02312195 0.1022199 -0.09693902 0.9952257 -0.0113725 -1.00538e-4 -0.02411681 0.009074211 0.9996681 -9.08971e-7 0 0 0 1 0.9959425 0.08983653 0.005306065 0.1022206 -0.08981657 0.9959509 -0.003889977 -1.00613e-4 -0.005634129 0.003397643 0.9999784 -3.57628e-7 0 0 0 1 0.9965192 0.08229923 -0.01328837 0.1022214 -0.08225607 0.9966043 0.003757894 -1.00672e-4 0.01355242 -0.002651691 0.9999049 2.68221e-7 0 0 0 1 0.9966807 0.07469004 -0.03239393 0.1022223 -0.07435441 0.9971663 0.01144558 -1.00732e-4 0.03315699 -0.00899899 0.9994097 9.08971e-7 0 0 0 1 0.9964024 0.06712418 -0.05173861 0.1022229 -0.066217 0.9976235 0.01905494 -1.00777e-4 0.05289465 -0.01556032 0.998479 1.59442e-6 0 0 0 1 0.9956842 0.0597105 -0.07104772 0.1022237 -0.05795818 0.997968 0.02647614 -1.00821e-4 0.07248413 -0.02224403 0.9971216 2.25008e-6 0 0 0 1 0.9945504 0.05255073 -0.09004431 0.1022244 -0.04970067 0.9981987 0.03360831 -1.00851e-4 0.09164822 -0.02894991 0.9953705 2.92063e-6 0 0 0 1 0.993049 0.04573965 -0.1084514 0.1022251 -0.04157471 0.9983201 0.04035997 -1.00881e-4 0.1101152 -0.03557056 0.9932822 3.56138e-6 0 0 0 1 0.9912501 0.03936457 -0.1259924 0.1022258 -0.03371697 0.9983424 0.04664838 -1.00881e-4 0.1276198 -0.04199212 0.9909339 4.20213e-6 0 0 0 1 0.9892432 0.03350603 -0.1423926 0.1022263 -0.02626961 0.9982808 0.05239939 -1.00866e-4 0.1439036 -0.04809516 0.9884225 4.82798e-6 0 0 0 1 0.9871345 0.02823835 -0.1573801 0.1022268 -0.0193789 0.998155 0.05754643 -1.00836e-4 0.1587147 -0.05375617 0.9858601 5.42402e-6 0 0 0 1 0.9850423 0.02363091 -0.1706854 0.1022273 -0.0131933 0.9979873 0.0620287 -1.00821e-4 0.1718076 -0.05884897 0.9833714 5.93066e-6 0 0 0 1</float_array>
        <technique_common>
          <accessor source="#node-Bip01_Spine1_matrix-output-array" count="76" stride="16">
            <param name="TRANSFORM" type="float4x4"/>
          </accessor>
        </technique_common>
      </source>
      <source id="node-Bip01_Spine1_matrix-interpolation">
        <Name_array id="node-Bip01_Spine1_matrix-interpolation-array" count="76">LINEAR LINEAR LINEAR LINEAR LINEAR LINEAR LINEAR LINEAR LINEAR LINEAR LINEAR LINEAR LINEAR LINEAR LINEAR LINEAR LINEAR LINEAR LINEAR LINEAR LINEAR LINEAR LINEAR LINEAR LINEAR LINEAR LINEAR LINEAR LINEAR LINEAR LINEAR LINEAR LINEAR LINEAR LINEAR LINEAR LINEAR LINEAR LINEAR LINEAR LINEAR LINEAR LINEAR LINEAR LINEAR LINEAR LINEAR LINEAR LINEAR LINEAR LINEAR LINEAR LINEAR LINEAR LINEAR LINEAR LINEAR LINEAR LINEAR LINEAR LINEAR LINEAR LINEAR LINEAR LINEAR LINEAR LINEAR LINEAR LINEAR LINEAR LINEAR LINEAR LINEAR LINEAR LINEAR LINEAR</Name_array>
        <technique_common>
          <accessor source="#node-Bip01_Spine1_matrix-interpolation-array" count="76" stride="1">
            <param name="INTERPOLATION" type="name"/>
          </accessor>
        </technique_common>
      </source>
      <source id="node-Bip01_Spine2_matrix-input">
        <float_array id="node-Bip01_Spine2_matrix-input-array" count="76">43.66667 43.7 43.73333 43.76667 43.8 43.83333 43.86666 43.9 43.93333 43.96667 44 44.03333 44.06667 44.1 44.13334 44.16667 44.2 44.23333 44.26667 44.3 44.33333 44.36666 44.4 44.43333 44.46667 44.5 44.53333 44.56667 44.6 44.63334 44.66667 44.7 44.73333 44.76667 44.8 44.83333 44.86666 44.9 44.93333 44.96667 45 45.03333 45.06667 45.1 45.13334 45.16667 45.2 45.23333 45.26667 45.3 45.33333 45.36666 45.4 45.43333 45.46667 45.5 45.53333 45.56667 45.6 45.63334 45.66667 45.7 45.73333 45.76667 45.8 45.83333 45.86666 45.9 45.93333 45.96667 46 46.03333 46.06667 46.1 46.13334 46.16667</float_array>
        <technique_common>
          <accessor source="#node-Bip01_Spine2_matrix-input-array" count="76" stride="1">
            <param name="TIME" type="float"/>
          </accessor>
        </technique_common>
      </source>
      <source id="node-Bip01_Spine2_matrix-output">
