<?xml version="1.0" encoding="utf-8"?>
<COLLADA xmlns="http://www.collada.org/2005/11/COLLADASchema" version="1.4.1">
  <asset>
    <contributor>
      <author>MattO</author>
      <authoring_tool>OpenCOLLADA for 3ds Max;  Version: 1.3.0;  Revision: 839M;  Platform: x64;  Configuration: Release_Max2012</authoring_tool>
      <source_data>file:///C:/Dropbox/Prj/GGStout/Kral/TP_Soldier_Kral_Animation_Master.max</source_data>
    </contributor>
    <created>2011-10-25T11:46:17</created>
    <modified>2011-10-25T11:46:17</modified>
    <unit name="meter" meter="1"/>
    <up_axis>Z_UP</up_axis>
  </asset>
  <library_effects>
    <effect id="ShapeBounds">
      <profile_COMMON>
        <technique sid="common">
          <blinn>
            <emission>
              <color>0 0 0 1</color>
            </emission>
            <ambient>
              <color>0.1647059 1 0 1</color>
            </ambient>
            <diffuse>
              <color>0.1647059 1 0 1</color>
            </diffuse>
            <specular>
              <color>0.9 0.9 0.9 1</color>
            </specular>
            <shininess>
              <float>10</float>
            </shininess>
            <reflective>
              <color>0 0 0 1</color>
            </reflective>
            <transparent opaque="A_ONE">
              <color>1 1 1 1</color>
            </transparent>
            <transparency>
              <float>1</float>
            </transparency>
          </blinn>
        </technique>
      </profile_COMMON>
      <extra>
        <technique profile="OpenCOLLADA3dsMax">
          <extended_shader>
            <apply_reflection_dimming>0</apply_reflection_dimming>
            <dim_level>0</dim_level>
            <falloff_type>0</falloff_type>
            <index_of_refraction>1.5</index_of_refraction>
            <opacity_type>0</opacity_type>
            <reflection_level>3</reflection_level>
            <wire_size>1</wire_size>
            <wire_units>0</wire_units>
          </extended_shader>
          <shader>
            <ambient_diffuse_lock>1</ambient_diffuse_lock>
            <ambient_diffuse_texture_lock>1</ambient_diffuse_texture_lock>
            <diffuse_specular_lock>0</diffuse_specular_lock>
            <soften>0.1</soften>
            <use_self_illum_color>0</use_self_illum_color>
          </shader>
        </technique>
      </extra>
    </effect>
  </library_effects>
  <library_materials>
    <material id="ShapeBounds-material" name="ShapeBounds">
      <instance_effect url="#ShapeBounds"/>
    </material>
  </library_materials>
  <library_geometries>
    <geometry id="geom-Bounds" name="Bounds">
      <mesh>
        <source id="geom-Bounds-positions">
          <float_array id="geom-Bounds-positions-array" count="24">-0.425 -0.425 0 0.425 -0.425 0 -0.425 0.425 0 0.425 0.425 0 -0.425 -0.425 1.84 0.425 -0.425 1.84 -0.425 0.425 1.84 0.425 0.425 1.84</float_array>
          <technique_common>
            <accessor source="#geom-Bounds-positions-array" count="8" stride="3">
              <param name="X" type="float"/>
              <param name="Y" type="float"/>
              <param name="Z" type="float"/>
            </accessor>
          </technique_common>
        </source>
        <source id="geom-Bounds-normals">
          <float_array id="geom-Bounds-normals-array" count="72">0 0 -1 0 0 -1 0 0 -1 0 0 -1 0 0 1 0 0 1 0 0 1 0 0 1 0 -1 0 0 -1 0 0 -1 0 0 -1 0 1 0 0 1 0 0 1 0 0 1 0 0 0 1 0 0 1 0 0 1 0 0 1 0 -1 0 0 -1 0 0 -1 0 0 -1 0 0</float_array>
          <technique_common>
            <accessor source="#geom-Bounds-normals-array" count="24" stride="3">
              <param name="X" type="float"/>
              <param name="Y" type="float"/>
              <param name="Z" type="float"/>
            </accessor>
          </technique_common>
        </source>
        <source id="geom-Bounds-map1">
          <float_array id="geom-Bounds-map1-array" count="36">0 0 0 1 0 0 0 1 0 1 1 0 0 0 0 1 0 0 0 1 0 1 1 0 0 0 0 1 0 0 0 1 0 1 1 0</float_array>
          <technique_common>
            <accessor source="#geom-Bounds-map1-array" count="12" stride="3">
              <param name="S" type="float"/>
              <param name="T" type="float"/>
              <param name="P" type="float"/>
            </accessor>
          </technique_common>
        </source>
        <vertices id="geom-Bounds-vertices">
          <input semantic="POSITION" source="#geom-Bounds-positions"/>
        </vertices>
        <triangles material="ShapeBounds" count="12">
          <input semantic="VERTEX" source="#geom-Bounds-vertices" offset="0"/>
          <input semantic="NORMAL" source="#geom-Bounds-normals" offset="1"/>
          <input semantic="TEXCOORD" source="#geom-Bounds-map1" offset="2" set="0"/>
          <p>0 0 9 2 1 11 3 2 10 3 2 10 1 3 8 0 0 9 4 4 8 5 5 9 7 6 11 7 6 11 6 7 10 4 4 8 0 8 4 1 9 5 5 10 7 5 10 7 4 11 6 0 8 4 1 12 0 3 13 1 7 14 3 7 14 3 5 15 2 1 12 0 3 16 4 2 17 5 6 18 7 6 18 7 7 19 6 3 16 4 2 20 0 0 21 1 4 22 3 4 22 3 6 23 2 2 20 0</p>
        </triangles>
      </mesh>
      <extra>
        <technique profile="OpenCOLLADA3dsMax">
          <max_box>
            <generateuvs>1</generateuvs>
            <height>1.84</height>
            <heightsegments>1</heightsegments>
            <length>0.85</length>
            <lengthsegments>1</lengthsegments>
            <width>0.85</width>
            <widthsegments>1</widthsegments>
          </max_box>
        </technique>
      </extra>
    </geometry>
  </library_geometries>
  <library_lights>
    <light id="EnvironmentAmbientLight" name="EnvironmentAmbientLight">
      <technique_common>
        <ambient>
          <color>0 0 0</color>
        </ambient>
      </technique_common>
    </light>
  </library_lights>
  <library_visual_scenes>
    <visual_scene id="MaxScene">
      <node name="EnvironmentAmbientLight">
        <instance_light url="#EnvironmentAmbientLight"/>
      </node>
      <node id="node-Bip01" name="Bip01">
        <matrix sid="matrix">0.7792376 -0.6267173 0.003750267 -8.10623e-5 0.6267178 0.7792454 0.001183462 0.009366653 -0.003664074 0.001428161 0.9999923 0.6226478 0 0 0 1</matrix>
        <node id="node-Bip01_Pelvis" name="Bip01_Pelvis">
          <matrix sid="matrix">-0.009626727 0.991236 0.1317526 0 -0.1217413 -0.1319404 0.9837534 0 0.9925151 -0.006569401 0.1219445 0 0 0 0 1</matrix>
          <node id="node-Bip01_Spine" name="Bip01_Spine">
            <matrix sid="matrix">0.9142389 -0.1596023 -0.3724171 0.1975124 0.1756539 0.9844078 0.009333353 0.02499346 0.3651207 -0.07394949 0.9280187 0.02780975 0 0 0 1</matrix>
            <node id="node-Bip01_Spine1" name="Bip01_Spine1">
              <matrix>0.9850423 0.02363098 -0.1706853 0.1022273 -0.01319335 0.9979873 0.06202877 -1.00791e-4 0.1718076 -0.05884901 0.9833713 5.97537e-6 0 0 0 1</matrix>
              <node id="node-Bip01_Spine2" name="Bip01_Spine2">
                <matrix sid="matrix">0.8835585 -0.3774273 -0.2772602 0.1269307 0.4144816 0.9058136 0.0877869 -1.55173e-4 0.2180128 -0.1924841 0.9567759 3.29316e-5 0 0 0 1</matrix>
                <node id="node-Bip01_Neck" name="Bip01_Neck">
                  <matrix>0.8407078 -0.4308256 0.3280237 0.2151071 0.4136221 0.9019013 0.1244631 -4.97401e-5 -0.3494667 0.03104064 0.9364345 -1.78814e-6 0 0 0 1</matrix>
                  <node id="node-Bip01_Head" name="Bip01_Head">
                    <matrix sid="matrix">0.9551594 0.125056 -0.2683871 0.0705182 -0.2814225 0.1016552 -0.9541843 -0.01395923 -0.09204364 0.9869282 0.1322905 0 0 0 0 1</matrix>
                    <node id="node-AltEye" name="AltEye">
                      <matrix>0.4506336 0.3792482 0.8081467 0.06454694 0.04412814 0.8947044 -0.4444743 0.2214612 -0.8916179 0.2359568 0.3864483 0.04716259 0 0 0 1</matrix>
                    </node>
                  </node>
                  <node id="node-Bip01_L_Clavicle" name="Bip01_L_Clavicle">
                    <matrix>-0.5778345 -0.4531804 0.6787746 -0.04690343 0.2838091 -0.8913431 -0.3534967 -0.01204771 0.7652189 -0.01162018 0.6436655 0.05588409 0 0 0 1</matrix>
                    <node id="node-Bip01_L_UpperArm" name="Bip01_L_UpperArm">
                      <matrix sid="matrix">0.7958956 0.5946971 0.1135134 0.1824006 -0.3484856 0.2966728 0.8891249 2.98023e-8 0.4950839 -0.7472084 0.443364 5.96046e-8 0 0 0 1</matrix>
                      <node id="node-Bip01_L_Forearm" name="Bip01_L_Forearm">
                        <matrix sid="matrix">-0.3993267 0.9168088 -1.49012e-8 0.284369 -0.916809 -0.3993266 -4.47035e-8 5.96046e-8 0 -2.98023e-8 1 0 0 0 0 1</matrix>
                        <node id="node-Bip01_L_Hand" name="Bip01_L_Hand">
                          <matrix sid="matrix">0.7416799 0.6273053 -0.2374851 0.2810681 0.373865 -0.6805777 -0.6301105 -5.96046e-8 -0.5568988 0.3785528 -0.739298 5.96046e-8 0 0 0 1</matrix>
                          <node id="node-Bip01_L_Finger0" name="Bip01_L_Finger0">
                            <matrix>0.6413841 0.3141904 0.6999362 0.02119678 0.7352948 0.008702926 -0.6776913 -0.004734218 -0.2190156 0.9493202 -0.2254407 -0.02572191 0 0 0 1</matrix>
                            <node id="node-Bip01_L_Finger01" name="Bip01_L_Finger01">
                              <matrix>0.9975641 -0.06975642 0 0.04982853 0.06975646 0.9975641 -7.45058e-9 -5.96046e-8 5.96046e-8 3.35276e-8 1 -2.98023e-8 0 0 0 1</matrix>
                              <node id="node-Bip01_L_Finger02" name="Bip01_L_Finger02">
                                <matrix>0.9203135 0.3911814 0 0.05202222 -0.3911814 0.9203134 1.11759e-8 0 -2.98023e-8 5.58794e-8 1 2.98023e-8 0 0 0 1</matrix>
                              </node>
                            </node>
                          </node>
                          <node id="node-Bip01_L_Finger1" name="Bip01_L_Finger1">
                            <matrix>0.9592717 -0.2819768 -0.01693499 0.1199945 0.2798395 0.9567646 -0.07931912 -0.008367598 0.03856896 0.07134956 0.9967056 -0.04101372 0 0 0 1</matrix>
                            <node id="node-Bip01_L_Finger11" name="Bip01_L_Finger11">
                              <matrix>0.7001771 -0.7139692 -1.49012e-8 0.03644168 0.7139691 0.7001772 0 2.98023e-8 -2.98023e-8 -3.35276e-8 1 -5.96046e-8 0 0 0 1</matrix>
                              <node id="node-Bip01_L_Finger12" name="Bip01_L_Finger12">
                                <matrix>0.8757257 -0.4828088 0 0.03117537 0.4828089 0.8757257 -1.86265e-9 -2.98023e-8 0 7.45058e-9 1 1.19209e-7 0 0 0 1</matrix>
                              </node>
                            </node>
                          </node>
                          <node id="node-Bip01_L_Finger2" name="Bip01_L_Finger2">
                            <matrix>0.9066654 -0.4205882 -0.03260925 0.1229538 0.4217875 0.9024838 0.08728348 -0.008801997 -0.00728108 -0.09289102 0.9956498 -0.01328242 0 0 0 1</matrix>
                            <node id="node-Bip01_L_Finger21" name="Bip01_L_Finger21">
                              <matrix>0.8156036 -0.5786113 2.98023e-8 0.03895521 0.5786111 0.8156036 1.49012e-8 0 0 0 1 0 0 0 0 1</matrix>
                              <node id="node-Bip01_L_Finger22" name="Bip01_L_Finger22">
                                <matrix>0.976296 -0.2164397 1.49012e-8 0.03800547 0.2164396 0.976296 3.72529e-9 5.96046e-8 -1.49012e-8 1.95578e-8 1 0 0 0 0 1</matrix>
                              </node>
                            </node>
                          </node>
                          <node id="node-Bip01_L_Finger3" name="Bip01_L_Finger3">
                            <matrix>0.9367908 -0.3380131 -0.09038846 0.1211882 0.3480916 0.9264981 0.1429455 -0.00119108 0.03542729 -0.1653736 0.9855945 0.01196855 0 0 0 1</matrix>
                            <node id="node-Bip01_L_Finger31" name="Bip01_L_Finger31">
                              <matrix>0.9381478 -0.3462351 -7.45058e-9 0.03155845 0.3462351 0.9381478 7.45058e-9 -5.96046e-8 1.49012e-8 7.45058e-9 1 0 0 0 0 1</matrix>
                              <node id="node-Bip01_L_Finger32" name="Bip01_L_Finger32">
                                <matrix>0.8922839 -0.4514749 -1.49012e-8 0.0336659 0.4514749 0.8922837 7.45058e-9 2.98023e-8 -1.49012e-8 1.11759e-8 1 -5.96046e-8 0 0 0 1</matrix>
                              </node>
                            </node>
                          </node>
                          <node id="node-Bip01_L_Finger4" name="Bip01_L_Finger4">
                            <matrix>0.9820985 -0.1883418 0.003122181 0.1136796 0.1857741 0.9711843 0.1492954 0.005147457 -0.03115077 -0.1460428 0.9887878 0.03886569 0 0 0 1</matrix>
                            <node id="node-Bip01_L_Finger41" name="Bip01_L_Finger41">
                              <matrix>0.8499688 -0.5268332 -7.45058e-9 0.03661621 0.5268333 0.8499687 0 1.19209e-7 2.23517e-8 -1.86265e-8 1 0 0 0 0 1</matrix>
                              <node id="node-Bip01_L_Finger42" name="Bip01_L_Finger42">
                                <matrix>0.962456 -0.2714371 0 0.01772642 0.2714371 0.962456 0 0 7.45058e-9 3.53903e-8 0.9999999 5.96046e-8 0 0 0 1</matrix>
                              </node>
                            </node>
                          </node>
                        </node>
                      </node>
                    </node>
                  </node>
                  <node id="node-Bip01_R_Clavicle" name="Bip01_R_Clavicle">
                    <matrix>0.2073932 -0.1669674 -0.9639035 8.67009e-4 0.5679266 -0.7817279 0.2576058 -0.01629037 -0.7965221 -0.6008521 -0.06729978 -0.07212141 0 0 0 1</matrix>
                    <node id="node-Bip01_R_UpperArm" name="Bip01_R_UpperArm">
                      <matrix sid="matrix">-0.29919 0.8328053 -0.4657479 0.1824006 -0.9202147 -0.3809264 -0.09000236 -1.19209e-7 -0.2523701 0.4016601 0.8803288 0 0 0 0 1</matrix>
                      <node id="node-Bip01_R_Forearm" name="Bip01_R_Forearm">
                        <matrix>0.5407855 0.8411607 0 0.284369 -0.8411607 0.5407854 0 2.98023e-8 -4.47035e-8 -5.96046e-8 1 1.19209e-7 0 0 0 1</matrix>
                        <node id="node-Bip01_R_Hand" name="Bip01_R_Hand">
                          <matrix>0.970637 0.2201094 0.0970349 0.281068 0.2283399 -0.7161988 -0.6594849 -2.98023e-8 -0.07566257 0.6622773 -0.7454287 0 0 0 0 1</matrix>
                          <node id="node-Bip01_R_Finger0" name="Bip01_R_Finger0">
                            <matrix>0.5215106 0.269013 -0.8097275 0.02119672 0.7250717 0.3605265 0.5867639 -0.004734248 0.4497753 -0.8931141 -0.007035468 0.02572191 0 0 0 1</matrix>
                            <node id="node-Bip01_R_Finger01" name="Bip01_R_Finger01">
                              <matrix>0.6423535 -0.7636237 0.06527565 0.04982865 0.7605615 0.6456373 0.0685474 -1.78814e-7 -0.09448883 0.005614443 0.9955101 0 0 0 0 1</matrix>
                              <node id="node-Bip01_R_Finger02" name="Bip01_R_Finger02">
                                <matrix>0.9505157 -0.3106764 -1.11759e-8 0.05202241 0.3106765 0.9505157 -1.11759e-8 -1.19209e-7 3.72529e-8 5.58794e-8 1 -5.96046e-8 0 0 0 1</matrix>
                              </node>
                            </node>
                          </node>
                          <node id="node-Bip01_R_Finger1" name="Bip01_R_Finger1">
                            <matrix>0.9820225 -0.1733427 -0.07472671 0.1199946 0.1795577 0.9799359 0.08651489 -0.008367538 0.05823064 -0.09837732 0.9934441 0.04101396 0 0 0 1</matrix>
                            <node id="node-Bip01_R_Finger11" name="Bip01_R_Finger11">
                              <matrix>0.8240547 -0.5665103 0 0.03644162 0.5665101 0.8240547 0 0 -1.49012e-8 -1.49012e-8 1 0 0 0 0 1</matrix>
                              <node id="node-Bip01_R_Finger12" name="Bip01_R_Finger12">
                                <matrix>0.8146399 -0.5796779 0.01831834 0.03117555 0.5799673 0.8142334 -0.02573048 -5.96046e-8 7.45058e-9 0.0315851 0.999501 -1.19209e-7 0 0 0 1</matrix>
                              </node>
                            </node>
                          </node>
                          <node id="node-Bip01_R_Finger2" name="Bip01_R_Finger2">
                            <matrix>0.6754014 -0.7374504 -1.52117e-4 0.1229538 0.7368313 0.6748428 -0.04082685 -0.008801997 0.03021043 0.02746242 0.9991662 0.01328242 0 0 0 1</matrix>
                            <node id="node-Bip01_R_Finger21" name="Bip01_R_Finger21">
                              <matrix>0.5508358 -0.8338858 -0.03484871 0.03895521 0.832222 0.551937 -0.05265061 0 0.0631389 -9.31323e-9 0.9980046 0 0 0 0 1</matrix>
                              <node id="node-Bip01_R_Finger22" name="Bip01_R_Finger22">
                                <matrix>0.1984735 -0.9799247 0.01886614 0.03800538 0.9755273 0.1993682 0.09272985 5.96046e-8 -0.0946296 1.49012e-8 0.9955125 0 0 0 0 1</matrix>
                              </node>
                            </node>
                          </node>
                          <node id="node-Bip01_R_Finger3" name="Bip01_R_Finger3">
                            <matrix>0.7159052 -0.6949216 0.06755455 0.1211881 0.6883786 0.6863562 -0.234627 -0.001191229 0.1166809 0.2144738 0.9697353 -0.01196873 0 0 0 1</matrix>
                            <node id="node-Bip01_R_Finger31" name="Bip01_R_Finger31">
                              <matrix>0.4441953 -0.8949345 0.04222351 0.03155842 0.8909185 0.4461976 0.08468727 0 -0.09462961 1.86265e-8 0.9955125 -1.19209e-7 0 0 0 1</matrix>
                              <node id="node-Bip01_R_Finger32" name="Bip01_R_Finger32">
                                <matrix>0.1993679 -0.9794359 -0.03095102 0.03366596 0.9799247 0.1992684 0.006297065 0 -1.35042e-8 -0.03158511 0.9995011 1.19209e-7 0 0 0 1</matrix>
                              </node>
                            </node>
                          </node>
                          <node id="node-Bip01_R_Finger4" name="Bip01_R_Finger4">
                            <matrix>0.5925791 -0.789795 -0.1583476 0.1136795 0.7783522 0.6120424 -0.1399001 0.005147457 0.2074078 -0.04034834 0.9774221 -0.03886569 0 0 0 1</matrix>
                            <node id="node-Bip01_R_Finger41" name="Bip01_R_Finger41">
                              <matrix>0.4202555 -0.9064698 0.04120623 0.03661621 0.9068531 0.421151 0.01578784 0 -0.03166521 0.03073305 0.9990259 0 0 0 0 1</matrix>
                              <node id="node-Bip01_R_Finger42" name="Bip01_R_Finger42">
                                <matrix>0.4024469 -0.9138246 -0.05441487 0.0177263 0.9154231 0.4021217 0.01728314 -5.96046e-8 0.006087616 -0.05676817 0.9983689 -1.19209e-7 0 0 0 1</matrix>
                              </node>
                            </node>
                          </node>
                          <node id="node-mount0" name="mount0">
                            <matrix>-6.35016e-7 1 1.86265e-9 0.109539 -1 -6.52857e-7 4.73112e-7 0.02518263 4.74975e-7 5.58794e-9 1 0.01321673 0 0 0 1</matrix>
                          </node>
                        </node>
                      </node>
                    </node>
                  </node>
                </node>
                <node id="node-Bip01_L_Pauldron_Upper" name="Bip01_L_Pauldron_Upper">
                  <matrix>0.9726267 0.1182923 0.2000106 0.1769031 0.1448455 -0.981683 -0.1237685 -0.03908372 0.1817062 0.1493512 -0.9719449 0.2290198 0 0 0 1</matrix>
                </node>
                <node id="node-Bip01_R_Pauldron_Lower" name="Bip01_R_Pauldron_Lower">
                  <matrix>-0.1156724 -0.9403759 -0.3198653 0.172906 0.9097751 -0.2295502 0.3458563 -0.1133294 -0.3986599 -0.2509994 0.8820827 -0.2351094 0 0 0 1</matrix>
                </node>
                <node id="node-Bip01_L_Pauldron_Lower" name="Bip01_L_Pauldron_Lower">
                  <matrix>-0.2099968 -0.7687202 0.6041282 0.1529202 0.4002344 -0.6313507 -0.6642358 -0.1054225 0.8920281 0.1023055 0.4402497 0.2344801 0 0 0 1</matrix>
                </node>
              </node>
            </node>
            <node id="node-Bip01_L_Thigh" name="Bip01_L_Thigh">
              <matrix sid="matrix">-0.1205263 0.9908451 -0.06082346 -0.1485698 0.585079 0.1203994 0.8019892 -4.51177e-4 0.8019701 0.06107426 -0.5942339 0.1658256 0 0 0 1</matrix>
              <node id="node-Bip01_L_Calf" name="Bip01_L_Calf">
                <matrix sid="matrix">-0.2179083 0.9759693 -1.86265e-9 0.4629988 -0.9759692 -0.2179084 -7.45058e-9 0 3.72529e-9 -1.11759e-8 1 -7.45058e-9 0 0 0 1</matrix>
                <node id="node-Bip01_L_Foot" name="Bip01_L_Foot">
                  <matrix sid="matrix">0.789273 -0.6020768 -0.1206314 0.3610502 0.612769 0.7849336 0.09161676 -8.9407e-8 0.03952725 -0.1462297 0.9884608 7.45058e-9 0 0 0 1</matrix>
                  <node id="node-Bip01_L_Toe0" name="Bip01_L_Toe0">
                    <matrix sid="matrix">7.15023e-7 -1 1.38953e-6 0.1486307 1 7.15256e-7 -3.54012e-8 0.1543275 3.56122e-8 1.38953e-6 1 -7.45058e-9 0 0 0 1</matrix>
                  </node>
                </node>
              </node>
            </node>
            <node id="node-Bip01_R_Thigh" name="Bip01_R_Thigh">
              <matrix sid="matrix">-0.8481514 0.4434448 0.2898202 -0.2416654 0.5259904 0.7700203 0.3611135 0.01840355 -0.06303352 0.4587215 -0.8863416 -0.07079412 0 0 0 1</matrix>
              <node id="node-Bip01_R_Calf" name="Bip01_R_Calf">
                <matrix sid="matrix">-0.121569 0.9925832 0 0.4629988 -0.9925829 -0.121569 0 -2.6077e-8 -7.07805e-8 -8.9407e-8 1 0 0 0 0 1</matrix>
                <node id="node-Bip01_R_Foot" name="Bip01_R_Foot">
                  <matrix sid="matrix">0.2347994 -0.9602227 0.1511354 0.3610501 0.8971239 0.2739243 0.3466034 -7.45058e-9 -0.374216 0.05420488 0.9257559 0 0 0 0 1</matrix>
                  <node id="node-Bip01_R_Toe0" name="Bip01_R_Toe0">
                    <matrix sid="matrix">-0.1805807 -0.9786912 0.09774517 0.1486307 0.9833314 -0.1817879 -0.003514107 0.1543275 0.02120811 0.09548131 0.9952053 2.98023e-8 0 0 0 1</matrix>
                  </node>
                </node>
              </node>
            </node>
          </node>
          <node id="node-Bip01_FannyPack" name="Bip01_FannyPack">
            <matrix sid="matrix">-0.9629918 -0.2062317 0.1735378 0.2299507 -0.2083319 0.9780385 0.006227079 -0.1378937 -0.1710108 -0.03015682 -0.9848076 0.01013964 0 0 0 1</matrix>
          </node>
        </node>
        <node id="node-Eye" name="Eye">
          <matrix sid="matrix">0.7792379 0.6267177 -0.003664111 0.05874819 -0.6267173 0.7792452 0.001428192 0.07260206 0.003750314 0.001183283 0.999992 0.9477457 0 0 0 1</matrix>
          <node id="node-cam" name="cam">
            <matrix>1 -6.03104e-8 3.55271e-15 4.84288e-8 6.03104e-8 1 -2.32831e-9 -0.104 -3.55271e-15 2.32832e-9 1 0.3005601 0 0 0 1</matrix>
          </node>
        </node>
      </node>
      <node id="node-Bounds" name="Bounds">
        <matrix>0.9999915 0.001706907 0.003750479 0 -0.001711356 0.9999978 0.001183292 0.1035326 -0.003748452 -0.0011897 0.9999923 -8.93474e-5 0 0 0 1</matrix>
        <instance_geometry url="#geom-Bounds">
          <bind_material>
            <technique_common>
              <instance_material symbol="ShapeBounds" target="#ShapeBounds-material"/>
            </technique_common>
          </bind_material>
        </instance_geometry>
      </node>
    </visual_scene>
  </library_visual_scenes>
  <library_animations>
    <animation>
      <source id="node-Bip01_matrix-input">
        <float_array id="node-Bip01_matrix-input-array" count="11">32.5 32.53333 32.56667 32.6 32.63334 32.66667 32.7 32.73333 32.76667 32.8 32.83333</float_array>
        <technique_common>
          <accessor source="#node-Bip01_matrix-input-array" count="11" stride="1">
            <param name="TIME" type="float"/>
          </accessor>
        </technique_common>
      </source>
      <source id="node-Bip01_matrix-output">
        <float_array id="node-Bip01_matrix-output-array" count="176">0.7792376 -0.6267173 0.003750264 -8.10623e-5 0.6267178 0.7792454 0.00118345 0.009366631 -0.003664016 0.001428127 0.9999923 0.6226478 0 0 0 1 0.7792376 -0.6267173 0.003750264 -8.10623e-5 0.6267178 0.7792454 0.00118345 0.009366631 -0.003664016 0.001428127 0.9999923 0.6556242 0 0 0 1 0.7792376 -0.6267173 0.003750264 -8.10623e-5 0.6267178 0.7792454 0.00118345 0.009366631 -0.003664016 0.001428127 0.9999923 0.7198893 0 0 0 1 0.7792376 -0.6267173 0.003750264 -8.10623e-5 0.6267178 0.7792454 0.00118345 0.009366631 -0.003664016 0.001428127 0.9999923 0.7970005 0 0 0 1 0.7792376 -0.6267173 0.003750264 -8.10623e-5 0.6267178 0.7792454 0.00118345 0.009366631 -0.003664016 0.001428127 0.9999923 0.8685255 0 0 0 1 0.7792376 -0.6267173 0.003750264 -8.10623e-5 0.6267178 0.7792454 0.00118345 0.009366631 -0.003664016 0.001428127 0.9999923 0.9160211 0 0 0 1 0.7792376 -0.6267173 0.003750264 -8.10623e-5 0.6267178 0.7792454 0.00118345 0.009366631 -0.003664016 0.001428127 0.9999923 0.9347968 0 0 0 1 0.7792376 -0.6267173 0.003750264 -8.10623e-5 0.6267178 0.7792454 0.00118345 0.009366631 -0.003664016 0.001428127 0.9999923 0.9371439 0 0 0 1 0.7792376 -0.6267173 0.003750264 -8.10623e-5 0.6267178 0.7792454 0.00118345 0.009366631 -0.003664016 0.001428127 0.9999923 0.9301031 0 0 0 1 0.7792376 -0.6267173 0.003750264 -8.10623e-5 0.6267178 0.7792454 0.00118345 0.009366631 -0.003664016 0.001428127 0.9999923 0.920715 0 0 0 1 0.7792376 -0.6267173 0.003750264 -8.10623e-5 0.6267178 0.7792454 0.00118345 0.009366631 -0.003664016 0.001428127 0.9999923 0.9160211 0 0 0 1</float_array>
        <technique_common>
          <accessor source="#node-Bip01_matrix-output-array" count="11" stride="16">
            <param name="TRANSFORM" type="float4x4"/>
          </accessor>
        </technique_common>
      </source>
      <source id="node-Bip01_matrix-interpolation">
        <Name_array id="node-Bip01_matrix-interpolation-array" count="11">LINEAR LINEAR LINEAR LINEAR LINEAR LINEAR LINEAR LINEAR LINEAR LINEAR LINEAR</Name_array>
        <technique_common>
          <accessor source="#node-Bip01_matrix-interpolation-array" count="11" stride="1">
            <param name="INTERPOLATION" type="name"/>
          </accessor>
        </technique_common>
      </source>
      <source id="node-Bip01_Pelvis_matrix-input">
        <float_array id="node-Bip01_Pelvis_matrix-input-array" count="11">32.5 32.53333 32.56667 32.6 32.63334 32.66667 32.7 32.73333 32.76667 32.8 32.83333</float_array>
        <technique_common>
          <accessor source="#node-Bip01_Pelvis_matrix-input-array" count="11" stride="1">
            <param name="TIME" type="float"/>
          </accessor>
        </technique_common>
      </source>
      <source id="node-Bip01_Pelvis_matrix-output">
        <float_array id="node-Bip01_Pelvis_matrix-output-array" count="176">-0.009626686 0.991236 0.1317526 0 -0.1217413 -0.1319403 0.9837534 0 0.9925152 -0.006569385 0.1219445 0 0 0 0 1 -0.01827102 0.9934624 0.112688 0 -0.1569654 -0.1141594 0.980984 0 0.9874351 2.35511e-4 0.158025 0 0 0 0 1 -0.03163635 0.9960073 0.08347743 0 -0.2134873 -0.08832544 0.9729449 0 0.9764335 0.01295912 0.2154292 0 0 0 0 1 -0.04198259 0.9978156 0.05100554 0 -0.2692392 -0.06046062 0.9611737 0 0.9621579 0.02661985 0.2711893 0 0 0 0 1 -0.0436654 0.9987723 0.02339297 0 -0.3027014 -0.03554111 0.9524226 0 0.9520846 0.03450685 0.3038817 0 0 0 0 1 -0.03264236 0.9994273 0.008912622 0 -0.2928138 -0.01808887 0.9559983 0 0.9556121 0.02859634 0.2932366 0 0 0 0 1 -0.002974748 0.9999423 0.01032036 0 -0.2181074 -0.01072072 0.9758659 0 0.9759202 6.52045e-4 0.2181267 0 0 0 0 1 0.04284125 0.9989151 0.01825791 0 -0.09065663 -0.01431262 0.9957794 0 0.9949603 -0.04431563 0.08994513 0 0 0 0 1 0.09525877 0.9951701 0.02371549 0 0.0572853 -0.02926474 0.9979288 0 0.9938029 -0.09370291 -0.05979633 0 0 0 0 1 0.1430322 0.9894518 0.02295464 0 0.1907427 -0.05031669 0.9803496 0 0.9711637 -0.1358431 -0.1959276 0 0 0 0 1 0.1747649 0.9844434 0.01811778 0 0.2778892 -0.06696885 0.9582759 0 0.9445818 -0.1624383 -0.28527 0 0 0 0 1</float_array>
        <technique_common>
          <accessor source="#node-Bip01_Pelvis_matrix-output-array" count="11" stride="16">
            <param name="TRANSFORM" type="float4x4"/>
          </accessor>
        </technique_common>
      </source>
      <source id="node-Bip01_Pelvis_matrix-interpolation">
        <Name_array id="node-Bip01_Pelvis_matrix-interpolation-array" count="11">LINEAR LINEAR LINEAR LINEAR LINEAR LINEAR LINEAR LINEAR LINEAR LINEAR LINEAR</Name_array>
        <technique_common>
          <accessor source="#node-Bip01_Pelvis_matrix-interpolation-array" count="11" stride="1">
            <param name="INTERPOLATION" type="name"/>
          </accessor>
        </technique_common>
      </source>
      <source id="node-Bip01_Spine_matrix-input">
        <float_array id="node-Bip01_Spine_matrix-input-array" count="11">32.5 32.53333 32.56667 32.6 32.63334 32.66667 32.7 32.73333 32.76667 32.8 32.83333</float_array>
        <technique_common>
          <accessor source="#node-Bip01_Spine_matrix-input-array" count="11" stride="1">
            <param name="TIME" type="float"/>
          </accessor>
        </technique_common>
      </source>
      <source id="node-Bip01_Spine_matrix-output">
        <float_array id="node-Bip01_Spine_matrix-output-array" count="176">0.9142389 -0.1596023 -0.3724171 0.1975123 0.1756539 0.9844078 0.009333312 0.02499341 0.3651207 -0.07394945 0.9280187 0.02780973 0 0 0 1 0.899717 -0.1625172 -0.4050899 0.1962703 0.1883737 0.9817919 0.0245006 0.02640879 0.3937321 -0.09835177 0.9139486 0.0344932 0 0 0 1 0.8739665 -0.1669049 -0.4564266 0.1937228 0.2102928 0.9765765 0.04555708 0.02901208 0.4381318 -0.1357987 0.8885942 0.04515641 0 0 0 1 0.8460385 -0.1669256 -0.5063147 0.190603 0.2324112 0.9702032 0.06848901 0.03178256 0.4797956 -0.1756176 0.8596245 0.05540537 0 0 0 1 0.8286606 -0.1596899 -0.5364891 0.1885507 0.2447386 0.965339 0.09068286 0.03337985 0.5034129 -0.2064449 0.8390209 0.06118685 0 0 0 1 0.8357986 -0.1441137 -0.5297849 0.1895456 0.2364203 0.9653609 0.1103806 0.03221964 0.4955262 -0.2175078 0.8409188 0.05868136 0 0 0 1 0.8764225 -0.1147631 -0.4676675 0.194379 0.1957797 0.9722162 0.1283201 0.02666497 0.4399475 -0.2040224 0.8745405 0.04375225 0 0 0 1 0.9314074 -0.06996244 -0.3571912 0.1993886 0.1285333 0.9813488 0.1429464 0.01767724 0.3405283 -0.1790523 0.923028 0.01842176 0 0 0 1 0.974742 -0.01657283 -0.2227184 0.2005487 0.05106598 0.987363 0.1500225 0.007736802 0.2174177 -0.1576066 0.9632704 -0.01127022 0 0 0 1 0.9948841 0.0336973 -0.0952382 0.1973055 -0.01914042 0.9885285 0.1498166 -8.11763e-4 0.0991941 -0.1472273 0.9841163 -0.03841507 0 0 0 1 0.9976643 0.06778097 -0.008484542 0.1928508 -0.06579339 0.9868718 0.1474981 -0.006243884 0.01837062 -0.1465954 0.989026 -0.05634504 0 0 0 1</float_array>
        <technique_common>
          <accessor source="#node-Bip01_Spine_matrix-output-array" count="11" stride="16">
            <param name="TRANSFORM" type="float4x4"/>
          </accessor>
        </technique_common>
      </source>
      <source id="node-Bip01_Spine_matrix-interpolation">
        <Name_array id="node-Bip01_Spine_matrix-interpolation-array" count="11">LINEAR LINEAR LINEAR LINEAR LINEAR LINEAR LINEAR LINEAR LINEAR LINEAR LINEAR</Name_array>
        <technique_common>
          <accessor source="#node-Bip01_Spine_matrix-interpolation-array" count="11" stride="1">
            <param name="INTERPOLATION" type="name"/>
          </accessor>
        </technique_common>
      </source>
      <source id="node-Bip01_Spine2_matrix-input">
        <float_array id="node-Bip01_Spine2_matrix-input-array" count="11">32.5 32.53333 32.56667 32.6 32.63334 32.66667 32.7 32.73333 32.76667 32.8 32.83333</float_array>
        <technique_common>
          <accessor source="#node-Bip01_Spine2_matrix-input-array" count="11" stride="1">
            <param name="TIME" type="float"/>
          </accessor>
        </technique_common>
      </source>
      <source id="node-Bip01_Spine2_matrix-output">
        <float_array id="node-Bip01_Spine2_matrix-output-array" count="176">0.8835585 -0.3774273 -0.2772603 0.1269307 0.4144816 0.9058136 0.08778685 -1.55173e-4 0.2180128 -0.192484 0.9567759 3.29316e-5 0 0 0 1 0.8939192 -0.3722155 -0.2497276 0.1269297 0.4043484 0.9100718 0.09094703 -1.55896e-4 0.1934181 -0.1822763 0.9640355 3.12328e-5 0 0 0 1 0.9123925 -0.3622245 -0.1906123 0.1269282 0.3849765 0.9176002 0.09900927 -1.57177e-4 0.1390422 -0.1637166 0.9766597 2.8044e-5 0 0 0 1 0.9309163 -0.3474919 -0.112447 0.1269257 0.3591129 0.9269816 0.108366 -1.58809e-4 0.06657999 -0.1412609 0.9877311 2.40803e-5 0 0 0 1 0.9439014 -0.3289707 -0.02877664 0.1269223 0.3300352 0.9367964 0.1161415 -1.60456e-4 -0.01124924 -0.1191234 0.9928157 2.04146e-5 0 0 0 1 0.9499784 -0.3088918 0.04611915 0.1269189 0.3016489 0.9457369 0.1207879 -1.61968e-4 -0.08092707 -0.1008341 0.9916064 1.7345e-5 0 0 0 1 0.9511905 -0.285544 0.1170518 0.1269149 0.2714257 0.9545707 0.1229744 -1.63503e-4 -0.1468488 -0.08520126 0.9854828 1.46329e-5 0 0 0 1 0.9469134 -0.2573119 0.192732 0.1269102 0.2368748 0.963739 0.1228729 -1.65068e-4 -0.2173599 -0.07069665 0.973528 1.20997e-5 0 0 0 1 0.9369818 -0.2279179 0.2647996 0.1269049 0.2024489 0.9718919 0.1201692 -1.66476e-4 -0.2847454 -0.05898803 0.9567866 1.01924e-5 0 0 0 1 0.9238335 -0.2015777 0.3254198 0.1269006 0.1726543 0.9781564 0.1157604 -1.6753e-4 -0.3416461 -0.05075812 0.9384569 8.64267e-6 0 0 0 1 0.911883 -0.1827258 0.3675329 0.1268973 0.1518599 0.982094 0.1114879 -1.68215e-4 -0.3813237 -0.04585051 0.9233037 7.98702e-6 0 0 0 1</float_array>
        <technique_common>
          <accessor source="#node-Bip01_Spine2_matrix-output-array" count="11" stride="16">
            <param name="TRANSFORM" type="float4x4"/>
          </accessor>
        </technique_common>
      </source>
      <source id="node-Bip01_Spine2_matrix-interpolation">
        <Name_array id="node-Bip01_Spine2_matrix-interpolation-array" count="11">LINEAR LINEAR LINEAR LINEAR LINEAR LINEAR LINEAR LINEAR LINEAR LINEAR LINEAR</Name_array>
        <technique_common>
          <accessor source="#node-Bip01_Spine2_matrix-interpolation-array" count="11" stride="1">
            <param name="INTERPOLATION" type="name"/>
          </accessor>
        </technique_common>
      </source>
      <source id="node-Bip01_Head_matrix-input">
        <float_array id="node-Bip01_Head_matrix-input-array" count="11">32.5 32.53333 32.56667 32.6 32.63334 32.66667 32.7 32.73333 32.76667 32.8 32.83333</float_array>
        <technique_common>
          <accessor source="#node-Bip01_Head_matrix-input-array" count="11" stride="1">
            <param name="TIME" type="float"/>
          </accessor>
        </technique_common>
      </source>
      <source id="node-Bip01_Head_matrix-output">
        <float_array id="node-Bip01_Head_matrix-output-array" count="176">0.9551594 0.125056 -0.2683871 0.07051819 -0.2814225 0.1016551 -0.9541843 -0.01395922 -0.09204363 0.9869282 0.1322904 0 0 0 0 1 0.9566697 0.1053459 -0.2714506 0.07051819 -0.2834565 0.1237084 -0.9509724 -0.01395916 -0.06660026 0.9867109 0.148209 0 0 0 0 1 0.9576776 0.0619139 -0.281105 0.07051825 -0.2876224 0.1676483 -0.9429568 -0.01395922 -0.01125526 0.9839009 0.1783609 0 0 0 0 1 0.9558294 0.004239916 -0.2938914 0.07051813 -0.2873759 0.2233353 -0.9314163 -0.01395916 0.06168711 0.9747323 0.2146892 0 0 0 0 1 0.9505329 -0.05808848 -0.305144 0.07051813 -0.2778117 0.2804649 -0.9187819 -0.0139591 0.1389527 0.9581049 0.2504534 0 0 0 0 1 0.9440842 -0.1158844 -0.3086678 0.07051813 -0.256728 0.3290304 -0.9087519 -0.01395916 0.2068712 0.9371819 0.2808817 0 0 0 0 1 0.9377766 -0.1748111 -0.3000271 0.07051813 -0.2193906 0.3714472 -0.9021611 -0.01395916 0.2691521 0.9118486 0.3099824 0 0 0 0 1 0.9284401 -0.2401767 -0.2833974 0.07051825 -0.1664909 0.4129444 -0.8954092 -0.01395916 0.3320838 0.8785168 0.343407 0 0 0 0 1 0.9155269 -0.3032332 -0.2643104 0.07051825 -0.1073226 0.4491178 -0.8870033 -0.01395916 0.3876753 0.840442 0.3786357 0 0 0 0 1 0.9009887 -0.3561367 -0.2477625 0.07051813 -0.05264496 0.4771193 -0.8772604 -0.01395916 0.4306368 0.8034449 0.4111303 0 0 0 0 1 0.8886018 -0.392103 -0.2379954 0.07051825 -0.01389008 0.4956296 -0.8684228 -0.01395922 0.4584686 0.7749879 0.4349712 0 0 0 0 1</float_array>
        <technique_common>
          <accessor source="#node-Bip01_Head_matrix-output-array" count="11" stride="16">
            <param name="TRANSFORM" type="float4x4"/>
          </accessor>
        </technique_common>
      </source>
      <source id="node-Bip01_Head_matrix-interpolation">
        <Name_array id="node-Bip01_Head_matrix-interpolation-array" count="11">LINEAR LINEAR LINEAR LINEAR LINEAR LINEAR LINEAR LINEAR LINEAR LINEAR LINEAR</Name_array>
        <technique_common>
          <accessor source="#node-Bip01_Head_matrix-interpolation-array" count="11" stride="1">
            <param name="INTERPOLATION" type="name"/>
          </accessor>
        </technique_common>
      </source>
      <source id="node-Bip01_L_UpperArm_matrix-input">
        <float_array id="node-Bip01_L_UpperArm_matrix-input-array" count="11">32.5 32.53333 32.56667 32.6 32.63334 32.66667 32.7 32.73333 32.76667 32.8 32.83333</float_array>
        <technique_common>
          <accessor source="#node-Bip01_L_UpperArm_matrix-input-array" count="11" stride="1">
            <param name="TIME" type="float"/>
          </accessor>
        </technique_common>
      </source>
      <source id="node-Bip01_L_UpperArm_matrix-output">
        <float_array id="node-Bip01_L_UpperArm_matrix-output-array" count="176">0.7958956 0.5946971 0.1135134 0.1824006 -0.3484855 0.2966728 0.8891249 0 0.4950839 -0.7472084 0.443364 0 0 0 0 1 0.824216 0.5497064 0.1359813 0.1824006 -0.3626918 0.3280381 0.8722648 0 0.4348823 -0.768254 0.4697483 1.19209e-7 0 0 0 1 0.8750892 0.447219 0.1849707 0.1824007 -0.380273 0.3989897 0.8343858 0 0.2993518 -0.8005014 0.5192169 -1.19209e-7 0 0 0 1 0.9165464 0.3052703 0.2583664 0.1824007 -0.3850848 0.4992669 0.7761716 0 0.1079482 -0.8108901 0.5751562 0 0 0 0 1 0.9253233 0.1522145 0.3472863 0.1824007 -0.3646081 0.6086416 0.7047103 0 -0.1041059 -0.7787082 0.6186888 0 0 0 0 1 0.9022895 0.02108532 0.4306145 0.1824005 -0.3201641 0.7016873 0.6364982 0 -0.288736 -0.7121731 0.6398759 1.19209e-7 0 0 0 1 0.8580315 -0.09350603 0.5050137 0.1824006 -0.2520396 0.7800883 0.5726593 0 -0.4475021 -0.6186431 0.6457729 1.19209e-7 0 0 0 1 0.7904224 -0.1963077 0.5802548 0.1824007 -0.1618492 0.8466685 0.5069097 0 -0.5907936 -0.4945867 0.6374534 -1.19209e-7 0 0 0 1 0.7128115 -0.2689563 0.6477366 0.1824007 -0.07086682 0.8912027 0.4480358 0 -0.6977663 -0.365268 0.6161992 0 0 0 0 1 0.6429255 -0.3093656 0.700671 0.1824007 0.001918077 0.9154466 0.4024351 0 -0.7659263 -0.2573918 0.5891573 0 0 0 0 1 0.593438 -0.3264387 0.7357102 0.1824006 0.04651218 0.9264432 0.3735504 0 -0.8035349 -0.1874594 0.5649699 1.19209e-7 0 0 0 1</float_array>
        <technique_common>
          <accessor source="#node-Bip01_L_UpperArm_matrix-output-array" count="11" stride="16">
            <param name="TRANSFORM" type="float4x4"/>
          </accessor>
        </technique_common>
      </source>
      <source id="node-Bip01_L_UpperArm_matrix-interpolation">
        <Name_array id="node-Bip01_L_UpperArm_matrix-interpolation-array" count="11">LINEAR LINEAR LINEAR LINEAR LINEAR LINEAR LINEAR LINEAR LINEAR LINEAR LINEAR</Name_array>
        <technique_common>
          <accessor source="#node-Bip01_L_UpperArm_matrix-interpolation-array" count="11" stride="1">
            <param name="INTERPOLATION" type="name"/>
          </accessor>
        </technique_common>
      </source>
      <source id="node-Bip01_L_Forearm_matrix-input">
        <float_array id="node-Bip01_L_Forearm_matrix-input-array" count="11">32.5 32.53333 32.56667 32.6 32.63334 32.66667 32.7 32.73333 32.76667 32.8 32.83333</float_array>
        <technique_common>
