<?xml version="1.0" encoding="utf-8"?>
<COLLADA xmlns="http://www.collada.org/2005/11/COLLADASchema" version="1.4.1">
  <asset>
    <contributor>
      <author>Jesse Oliger</author>
      <authoring_tool>OpenCOLLADA for 3ds Max;  Version: 1.3.0;  Revision: 839M;  Platform: x64;  Configuration: Release_Max2012</authoring_tool>
      <source_data>file:///C:/Users/Jesse%20Oliger/Documents/3dsMax/scenes/Zombies/Animations/Zombie_TP_Animation_Master_16.max</source_data>
    </contributor>
    <created>2011-10-11T14:54:02</created>
    <modified>2011-10-11T14:54:02</modified>
    <unit name="centimeter" meter="0.01"/>
    <up_axis>Z_UP</up_axis>
  </asset>
  <library_effects>
    <effect id="ShapeBounds">
      <profile_COMMON>
        <technique sid="common">
          <blinn>
            <emission>
              <color>0 0 0 1</color>
            </emission>
            <ambient>
              <color>0.1647059 1 0 1</color>
            </ambient>
            <diffuse>
              <color>0.1647059 1 0 1</color>
            </diffuse>
            <specular>
              <color>0.9 0.9 0.9 1</color>
            </specular>
            <shininess>
              <float>10</float>
            </shininess>
            <reflective>
              <color>0 0 0 1</color>
            </reflective>
            <transparent opaque="A_ONE">
              <color>1 1 1 1</color>
            </transparent>
            <transparency>
              <float>1</float>
            </transparency>
          </blinn>
        </technique>
      </profile_COMMON>
      <extra>
        <technique profile="OpenCOLLADA3dsMax">
          <extended_shader>
            <apply_reflection_dimming>0</apply_reflection_dimming>
            <dim_level>0</dim_level>
            <falloff_type>0</falloff_type>
            <index_of_refraction>1.5</index_of_refraction>
            <opacity_type>0</opacity_type>
            <reflection_level>3</reflection_level>
            <wire_size>1</wire_size>
            <wire_units>0</wire_units>
          </extended_shader>
          <shader>
            <ambient_diffuse_lock>1</ambient_diffuse_lock>
            <ambient_diffuse_texture_lock>1</ambient_diffuse_texture_lock>
            <diffuse_specular_lock>0</diffuse_specular_lock>
            <soften>0.1</soften>
            <use_self_illum_color>0</use_self_illum_color>
          </shader>
        </technique>
      </extra>
    </effect>
  </library_effects>
  <library_materials>
    <material id="ShapeBounds-material" name="ShapeBounds">
      <instance_effect url="#ShapeBounds"/>
    </material>
  </library_materials>
  <library_geometries>
    <geometry id="geom-Bounds" name="Bounds">
      <mesh>
        <source id="geom-Bounds-positions">
          <float_array id="geom-Bounds-positions-array" count="24">-42.5 -42.5 0 42.5 -42.5 0 -42.5 42.5 0 42.5 42.5 0 -42.5 -42.5 184 42.5 -42.5 184 -42.5 42.5 184 42.5 42.5 184</float_array>
          <technique_common>
            <accessor source="#geom-Bounds-positions-array" count="8" stride="3">
              <param name="X" type="float"/>
              <param name="Y" type="float"/>
              <param name="Z" type="float"/>
            </accessor>
          </technique_common>
        </source>
        <source id="geom-Bounds-normals">
          <float_array id="geom-Bounds-normals-array" count="72">0 0 -1 0 0 -1 0 0 -1 0 0 -1 0 0 1 0 0 1 0 0 1 0 0 1 0 -1 0 0 -1 0 0 -1 0 0 -1 0 1 0 0 1 0 0 1 0 0 1 0 0 0 1 0 0 1 0 0 1 0 0 1 0 -1 0 0 -1 0 0 -1 0 0 -1 0 0</float_array>
          <technique_common>
            <accessor source="#geom-Bounds-normals-array" count="24" stride="3">
              <param name="X" type="float"/>
              <param name="Y" type="float"/>
              <param name="Z" type="float"/>
            </accessor>
          </technique_common>
        </source>
        <source id="geom-Bounds-map1">
          <float_array id="geom-Bounds-map1-array" count="36">0 0 0 1 0 0 0 1 0 1 1 0 0 0 0 1 0 0 0 1 0 1 1 0 0 0 0 1 0 0 0 1 0 1 1 0</float_array>
          <technique_common>
            <accessor source="#geom-Bounds-map1-array" count="12" stride="3">
              <param name="S" type="float"/>
              <param name="T" type="float"/>
              <param name="P" type="float"/>
            </accessor>
          </technique_common>
        </source>
        <vertices id="geom-Bounds-vertices">
          <input semantic="POSITION" source="#geom-Bounds-positions"/>
        </vertices>
        <triangles material="ShapeBounds" count="12">
          <input semantic="VERTEX" source="#geom-Bounds-vertices" offset="0"/>
          <input semantic="NORMAL" source="#geom-Bounds-normals" offset="1"/>
          <input semantic="TEXCOORD" source="#geom-Bounds-map1" offset="2" set="0"/>
          <p>0 0 9 2 1 11 3 2 10 3 2 10 1 3 8 0 0 9 4 4 8 5 5 9 7 6 11 7 6 11 6 7 10 4 4 8 0 8 4 1 9 5 5 10 7 5 10 7 4 11 6 0 8 4 1 12 0 3 13 1 7 14 3 7 14 3 5 15 2 1 12 0 3 16 4 2 17 5 6 18 7 6 18 7 7 19 6 3 16 4 2 20 0 0 21 1 4 22 3 4 22 3 6 23 2 2 20 0</p>
        </triangles>
      </mesh>
      <extra>
        <technique profile="OpenCOLLADA3dsMax">
          <max_box>
            <generateuvs>1</generateuvs>
            <height>184</height>
            <heightsegments>1</heightsegments>
            <length>85</length>
            <lengthsegments>1</lengthsegments>
            <width>85</width>
            <widthsegments>1</widthsegments>
          </max_box>
        </technique>
      </extra>
    </geometry>
  </library_geometries>
  <library_lights>
    <light id="EnvironmentAmbientLight" name="EnvironmentAmbientLight">
      <technique_common>
        <ambient>
          <color>0 0 0</color>
        </ambient>
      </technique_common>
    </light>
  </library_lights>
  <library_visual_scenes>
    <visual_scene id="MaxScene">
      <node name="EnvironmentAmbientLight">
        <instance_light url="#EnvironmentAmbientLight"/>
      </node>
      <node id="node-Bip001" name="Bip001">
        <matrix sid="matrix">0 -1 1.42109e-14 5.366391 1 0 3.13917e-7 -9.603625 -3.13916e-7 0 1 82.08784 0 0 0 1</matrix>
        <node id="node-Bip001_Pelvis" name="Bip001_Pelvis">
          <matrix sid="matrix">-0.09997952 0.9949695 -0.006313395 0 0.1153339 0.01789127 0.9931657 0 0.9882824 0.09856807 -0.1165424 0 0 0 0 1</matrix>
          <node id="node-Bip001_Spine" name="Bip001_Spine">
            <matrix sid="matrix">0.9987717 -0.04950009 -0.002166368 16.5359 0.04949013 0.9987647 -0.004432469 3.369612 0.002383083 0.004319813 0.9999878 -1.98115 0 0 0 1</matrix>
            <node id="node-Bip001_Spine1" name="Bip001_Spine1">
              <matrix sid="matrix">0.976337 -0.1871566 0.1083451 13.2795 0.1906984 0.9813743 -0.02321559 -0.01037741 -0.1019821 0.04332747 0.9938424 -4.55856e-4 0 0 0 1</matrix>
              <node id="node-Bip001_Spine2" name="Bip001_Spine2">
                <matrix sid="matrix">0.982893 -0.09823726 0.1557907 13.27857 0.1008197 0.9948664 -0.008742884 -0.01052094 -0.154132 0.02430009 0.9877514 -2.56538e-4 0 0 0 1</matrix>
                <node id="node-Bip001_Neck" name="Bip001_Neck">
                  <matrix sid="matrix">0.8724885 -0.4820433 -0.07998849 18.05171 0.4800378 0.8761474 -0.04392552 -1.344257 0.09125572 -7.29784e-5 0.9958274 -1.90735e-6 0 0 0 1</matrix>
                  <node id="node-Bip001_Neck1" name="Bip001_Neck1">
                    <matrix sid="matrix">0.9791821 0.160851 -0.1238125 3.789421 -0.1617546 0.9868273 0.00278588 -0.002975464 0.1226297 0.01729938 0.9923018 -5.10216e-5 0 0 0 1</matrix>
                    <node id="node-Bip001_Head" name="Bip001_Head">
                      <matrix sid="matrix">0.7055488 0.6808592 -0.1965494 3.889847 -0.6638051 0.7320698 0.153089 1.155754 0.24812 0.02245874 0.9684688 2.86102e-6 0 0 0 1</matrix>
                      <node id="node-Bip001_Jaw" name="Bip001_Jaw">
                        <matrix>-0.593399 -0.7710631 0.2309528 3.120972 0.7966223 -0.6036609 0.03141002 0.05389404 0.115198 0.2026208 0.9724578 0.303875 0 0 0 1</matrix>
                        <node id="node-Bip001_Tongue1" name="Bip001_Tongue1">
                          <matrix>0.8788933 0.4628995 0.1151972 3.352837 -0.4769947 0.8552304 0.2026249 -1.084335 -0.004725155 -0.2330341 0.9724572 -0.4837236 0 0 0 1</matrix>
                          <node id="node-Bip001_Tongue2" name="Bip001_Tongue2">
                            <matrix sid="matrix">0.8968381 -0.4423588 -1.22841e-6 2.059669 0.4423589 0.8968382 -2.68221e-7 -0.001434326 1.24425e-6 -2.98023e-7 1 0 0 0 0 1</matrix>
                            <node id="node-Bip001_Tongue3" name="Bip001_Tongue3">
                              <matrix sid="matrix">0.6936795 -0.7097928 -0.1224879 2.03019 0.7028896 0.7042145 -0.1001417 -0.001525879 0.1573376 -0.01662914 0.987405 3.43323e-5 0 0 0 1</matrix>
                              <node id="node-Bip001_Tongue4" name="Bip001_Tongue4">
                                <matrix sid="matrix">0.9602271 -0.2475599 -0.1291427 2.712769 0.2497814 0.9683017 0.001039393 -0.001907349 0.1247918 -0.03325547 0.9916254 6.86646e-5 0 0 0 1</matrix>
                              </node>
                            </node>
                          </node>
                        </node>
                      </node>
                    </node>
                  </node>
                  <node id="node-Bip001_L_Clavicle" name="Bip001_L_Clavicle">
                    <matrix sid="matrix">-0.323359 -0.4892133 0.8100057 -5.502419 0.04951603 -0.8635678 -0.5017958 3.783081 0.94498 -0.1221519 0.3034663 2.149532 0 0 0 1</matrix>
                    <node id="node-Bip001_L_UpperArm" name="Bip001_L_UpperArm">
                      <matrix sid="matrix">0.3827889 0.3412742 0.8584898 17.26101 -0.2363892 0.9345132 -0.2660929 -3.8147e-6 -0.8930807 -0.1010803 0.4383948 -1.52588e-5 0 0 0 1</matrix>
                      <node id="node-Bip001_L_Forearm" name="Bip001_L_Forearm">
                        <matrix sid="matrix">0.8038014 0.594898 -1.49012e-8 23.56343 -0.5948979 0.8038014 -2.79397e-9 0 0 -1.49012e-8 1 -3.8147e-6 0 0 0 1</matrix>
                        <node id="node-Bip001_L_Hand" name="Bip001_L_Hand">
                          <matrix sid="matrix">0.9864865 -0.1293491 0.1005651 25.02209 -0.008167148 0.5742052 0.8186706 0 -0.1636393 -0.8084288 0.5653894 0 0 0 0 1</matrix>
                          <node id="node-Bip001_L_Finger0" name="Bip001_L_Finger0">
                            <matrix>0.7051089 0.5090383 0.4936611 1.496605 0.5510456 0.04480314 -0.8332713 0.5334396 -0.4462848 0.8595771 -0.2489124 -2.579733 0 0 0 1</matrix>
                            <node id="node-Bip001_L_Finger01" name="Bip001_L_Finger01">
                              <matrix>0.9781498 -0.2079011 -2.18861e-8 4.089424 0.2079012 0.9781498 1.53668e-8 3.8147e-6 -5.58794e-8 2.23517e-8 0.9999999 0 0 0 0 1</matrix>
                              <node id="node-Bip001_L_Finger02" name="Bip001_L_Finger02">
                                <matrix sid="matrix">0.9115804 -0.4111217 2.79397e-9 4.089424 0.4111217 0.9115806 -2.468e-8 -3.8147e-6 3.63216e-8 -3.3062e-8 1 -9.53674e-7 0 0 0 1</matrix>
                              </node>
                            </node>
                          </node>
                          <node id="node-Bip001_L_Finger1" name="Bip001_L_Finger1">
                            <matrix sid="matrix">0.9603378 -0.2693585 0.07209152 10.48989 0.2737628 0.9599062 -0.06028277 0.4773483 -0.05296353 0.07762785 0.9955748 -3.495117 0 0 0 1</matrix>
                            <node id="node-Bip001_L_Finger11" name="Bip001_L_Finger11">
                              <matrix sid="matrix">0.9543656 -0.2986408 2.98023e-8 3.652702 0.2986408 0.9543656 -3.72529e-8 0 0 -4.84288e-8 1 -1.90735e-6 0 0 0 1</matrix>
                              <node id="node-Bip001_L_Finger12" name="Bip001_L_Finger12">
                                <matrix sid="matrix">0.9820943 -0.1883898 0 3.018188 0.1883898 0.9820945 3.35276e-8 -1.90735e-6 0 2.23517e-8 1 1.90735e-6 0 0 0 1</matrix>
                              </node>
                            </node>
                          </node>
                          <node id="node-Bip001_L_Finger2" name="Bip001_L_Finger2">
                            <matrix sid="matrix">0.9028362 -0.4284187 -0.03666332 10.47828 0.4297602 0.9018334 0.04475127 0.2322311 0.01389188 -0.05615945 0.9983253 -0.791441 0 0 0 1</matrix>
                            <node id="node-Bip001_L_Finger21" name="Bip001_L_Finger21">
                              <matrix sid="matrix">0.9580789 -0.2865048 2.98023e-8 4.072136 0.2865049 0.9580788 0 0 8.9407e-8 5.21541e-8 1 -1.90735e-6 0 0 0 1</matrix>
                              <node id="node-Bip001_L_Finger22" name="Bip001_L_Finger22">
                                <matrix sid="matrix">0.9711012 -0.2386683 2.98023e-8 3.591621 0.2386683 0.9711013 -4.47035e-8 -3.8147e-6 0 1.49012e-8 1 1.90735e-6 0 0 0 1</matrix>
                              </node>
                            </node>
                          </node>
                          <node id="node-Bip001_L_Finger3" name="Bip001_L_Finger3">
                            <matrix sid="matrix">0.7787073 -0.5954614 -0.1975865 10.11523 0.6184943 0.7814435 0.08252933 0.5977249 0.1052597 -0.1864723 0.9768053 1.599371 0 0 0 1</matrix>
                            <node id="node-Bip001_L_Finger31" name="Bip001_L_Finger31">
                              <matrix sid="matrix">0.8917729 -0.4524831 2.98023e-8 3.93663 0.4524831 0.8917729 -2.98023e-8 -1.90735e-6 -1.49012e-8 -8.9407e-8 1 -1.90735e-6 0 0 0 1</matrix>
                              <node id="node-Bip001_L_Finger32" name="Bip001_L_Finger32">
                                <matrix sid="matrix">0.8208225 -0.5711834 -1.49012e-8 3.743706 0.5711833 0.8208225 -1.49012e-8 0 3.72529e-8 0 0.9999999 0 0 0 0 1</matrix>
                              </node>
                            </node>
                          </node>
                          <node id="node-Bip001_L_Finger4" name="Bip001_L_Finger4">
                            <matrix sid="matrix">0.6889763 -0.6096553 -0.3919592 9.522533 0.6861542 0.7228434 0.08179097 1.343494 0.2334607 -0.3252965 0.9163398 3.938519 0 0 0 1</matrix>
                            <node id="node-Bip001_L_Finger41" name="Bip001_L_Finger41">
                              <matrix sid="matrix">0.6529881 -0.7573683 7.45058e-9 3.039902 0.7573684 0.6529881 0 -1.90735e-6 -1.49012e-8 -2.98023e-8 1 2.38419e-6 0 0 0 1</matrix>
                              <node id="node-Bip001_L_Finger42" name="Bip001_L_Finger42">
                                <matrix sid="matrix">0.7261508 -0.6875354 3.35276e-8 3.010349 0.6875355 0.7261508 0 7.62939e-6 2.98023e-8 -2.98023e-8 1 -1.90735e-6 0 0 0 1</matrix>
                              </node>
                            </node>
                          </node>
                        </node>
                      </node>
                      <node id="node-Bip001_L_ForeTwist" name="Bip001_L_ForeTwist">
                        <matrix sid="matrix">0.8038014 0.5881197 -0.08954774 23.56343 -0.5948979 0.7946429 -0.1209932 0 0 0.1505263 0.9886061 -3.8147e-6 0 0 0 1</matrix>
                        <node id="node-Bip001_L_ForeTwist1" name="Bip001_L_ForeTwist1">
                          <matrix sid="matrix">1 -2.98023e-8 0 8.340698 5.96046e-8 0.988606 -0.1505262 0 0 0.1505262 0.988606 0 0 0 0 1</matrix>
                          <node id="node-Bip001_L_ForeTwist2" name="Bip001_L_ForeTwist2">
                            <matrix sid="matrix">1 2.98023e-8 2.98023e-8 8.340698 2.98023e-8 0.9886062 -0.1505262 0 0 0.1505263 0.9886061 0 0 0 0 1</matrix>
                          </node>
                        </node>
                      </node>
                    </node>
                    <node id="node-Bip001_LUpArmTwist" name="Bip001_LUpArmTwist">
                      <matrix sid="matrix">0.3827889 0.3142989 0.8687283 17.26101 -0.2363892 0.942367 -0.2367803 -3.8147e-6 -0.8930807 -0.1147211 0.4350244 -1.52588e-5 0 0 0 1</matrix>
                      <node id="node-Bip001_LUpArmTwist1" name="Bip001_LUpArmTwist1">
                        <matrix sid="matrix">1 -1.86265e-9 -1.49012e-8 11.78172 0 0.999878 -0.01561586 0 -1.49012e-8 0.01561584 0.9998779 0 0 0 0 1</matrix>
                      </node>
                    </node>
                  </node>
                  <node id="node-Bip001_R_Clavicle" name="Bip001_R_Clavicle">
                    <matrix sid="matrix">-0.4190848 -0.4803052 -0.770503 -5.801392 0.1804693 -0.8757544 0.4477559 3.783333 -0.8898308 0.04859558 0.4536957 -1.113116 0 0 0 1</matrix>
                    <node id="node-Bip001_R_UpperArm" name="Bip001_R_UpperArm">
                      <matrix sid="matrix">0.7017534 0.2697995 -0.6593561 17.26101 -0.199609 0.9629074 0.1815644 0 0.683885 0.004199982 0.7295778 0 0 0 0 1</matrix>
                      <node id="node-Bip001_R_Forearm" name="Bip001_R_Forearm">
                        <matrix sid="matrix">0.9247333 0.3806156 -1.49012e-8 23.56343 -0.3806156 0.9247334 1.86265e-9 0 -5.96046e-8 -7.45058e-9 1 -3.8147e-6 0 0 0 1</matrix>
                        <node id="node-Bip001_R_Hand" name="Bip001_R_Hand">
                          <matrix sid="matrix">0.9862226 -0.1592038 -0.04493508 25.02211 -0.01079687 0.2091084 -0.9778329 -2.86102e-6 0.165071 0.9648461 0.2045086 0 0 0 0 1</matrix>
                          <node id="node-Bip001_R_Finger0" name="Bip001_R_Finger0">
                            <matrix>0.705109 0.5090384 -0.4936611 1.496605 0.5510456 0.04480314 0.8332714 0.5334396 0.4462847 -0.8595771 -0.2489124 2.579731 0 0 0 1</matrix>
                            <node id="node-Bip001_R_Finger01" name="Bip001_R_Finger01">
                              <matrix>0.9781498 -0.2079012 1.49012e-8 4.089417 0.2079013 0.9781499 0 3.8147e-6 -1.49012e-8 5.96046e-8 1 -1.90735e-6 0 0 0 1</matrix>
                              <node id="node-Bip001_R_Finger02" name="Bip001_R_Finger02">
                                <matrix>0.8171331 -0.5764492 1.49012e-8 4.089424 0.5764492 0.817133 0 0 0 1.30385e-8 1 1.90735e-6 0 0 0 1</matrix>
                              </node>
                            </node>
                          </node>
                          <node id="node-Bip001_R_Finger1" name="Bip001_R_Finger1">
                            <matrix sid="matrix">0.9603379 -0.2693584 -0.07209156 10.48988 0.2737626 0.9599063 0.06028263 0.4773445 0.05296344 -0.07762785 0.9955748 3.495118 0 0 0 1</matrix>
                            <node id="node-Bip001_R_Finger11" name="Bip001_R_Finger11">
                              <matrix sid="matrix">0.8799866 -0.4749983 0 3.65271 0.4749983 0.8799867 -1.49012e-8 0 5.96046e-8 8.9407e-8 0.9999999 0 0 0 0 1</matrix>
                              <node id="node-Bip001_R_Finger12" name="Bip001_R_Finger12">
                                <matrix sid="matrix">0.9148182 -0.4038664 -2.98023e-8 3.018188 0.4038663 0.9148182 -1.49012e-8 5.72205e-6 -4.47035e-8 -2.98023e-8 1 9.53674e-7 0 0 0 1</matrix>
                              </node>
                            </node>
                          </node>
                          <node id="node-Bip001_R_Finger2" name="Bip001_R_Finger2">
                            <matrix sid="matrix">0.9028364 -0.4284183 0.03666329 10.47828 0.4297598 0.9018335 -0.04475128 0.2322273 -0.01389192 0.05615948 0.9983252 0.791441 0 0 0 1</matrix>
                            <node id="node-Bip001_R_Finger21" name="Bip001_R_Finger21">
                              <matrix sid="matrix">0.8859442 -0.463792 0 4.072144 0.463792 0.8859443 0 0 0 -4.47035e-8 1 0 0 0 0 1</matrix>
                              <node id="node-Bip001_R_Finger22" name="Bip001_R_Finger22">
                                <matrix sid="matrix">0.8928281 -0.4503975 0 3.591614 0.4503975 0.892828 1.49012e-8 3.8147e-6 -7.45058e-9 2.98023e-8 1 0 0 0 0 1</matrix>
                              </node>
                            </node>
                          </node>
                          <node id="node-Bip001_R_Finger3" name="Bip001_R_Finger3">
                            <matrix sid="matrix">0.7781102 -0.5962415 0.1975865 10.11523 0.6192771 0.7808233 -0.08252939 0.5977211 -0.1050728 0.1865778 0.9768052 -1.599371 0 0 0 1</matrix>
                            <node id="node-Bip001_R_Finger31" name="Bip001_R_Finger31">
                              <matrix sid="matrix">0.7892303 -0.6140974 2.23517e-8 3.936623 0.6140974 0.7892302 -1.86265e-8 0 -1.86265e-8 -1.49012e-8 1 4.76837e-7 0 0 0 1</matrix>
                              <node id="node-Bip001_R_Finger32" name="Bip001_R_Finger32">
                                <matrix sid="matrix">0.6717975 -0.7407348 4.84288e-8 3.743706 0.7407349 0.6717975 1.49012e-8 -3.8147e-6 1.86265e-8 -7.45058e-9 1 1.90735e-6 0 0 0 1</matrix>
                              </node>
                            </node>
                          </node>
                          <node id="node-Bip001_R_Finger4" name="Bip001_R_Finger4">
                            <matrix sid="matrix">0.6883655 -0.6103452 0.3919591 9.522522 0.6868779 0.7221557 -0.08179104 1.343494 -0.2331349 0.3255301 0.9163398 -3.938519 0 0 0 1</matrix>
                            <node id="node-Bip001_R_Finger41" name="Bip001_R_Finger41">
                              <matrix sid="matrix">0.4967321 -0.8679041 0 3.039909 0.8679041 0.4967321 7.45058e-9 -1.90735e-6 1.11759e-8 3.72529e-8 1 -1.90735e-6 0 0 0 1</matrix>
                              <node id="node-Bip001_R_Finger42" name="Bip001_R_Finger42">
                                <matrix sid="matrix">0.5534409 -0.8328886 -2.42144e-8 3.010353 0.8328886 0.5534409 7.45058e-9 7.62939e-6 7.45058e-9 1.49012e-8 1 0 0 0 0 1</matrix>
                              </node>
                            </node>
                          </node>
                        </node>
                      </node>
                      <node id="node-Bip001_R_ForeTwist" name="Bip001_R_ForeTwist">
                        <matrix sid="matrix">0.9247333 0.3801101 0.01960948 23.56343 -0.3806156 0.9235052 0.04764262 0 -5.96046e-8 -0.05152038 0.998672 -3.8147e-6 0 0 0 1</matrix>
                        <node id="node-Bip001_R_ForeTwist1" name="Bip001_R_ForeTwist1">
                          <matrix sid="matrix">1 2.98023e-8 1.49012e-8 8.340698 0 0.9986721 0.05152042 -1.90735e-6 0 -0.05152041 0.998672 -3.8147e-6 0 0 0 1</matrix>
                          <node id="node-Bip001_R_ForeTwist2" name="Bip001_R_ForeTwist2">
                            <matrix sid="matrix">1 1.49012e-8 2.98023e-8 8.340698 0 0.998672 0.05152037 9.53674e-7 1.49012e-8 -0.0515204 0.998672 0 0 0 0 1</matrix>
                          </node>
                        </node>
                      </node>
                    </node>
                    <node id="node-Bip001_RUpArmTwist" name="Bip001_RUpArmTwist">
                      <matrix sid="matrix">0.7017534 0.1596269 -0.6943065 17.26101 -0.199609 0.9795946 0.023467 0 0.683885 0.1221218 0.7192967 0 0 0 0 1</matrix>
                      <node id="node-Bip001_RUpArmTwist1" name="Bip001_RUpArmTwist1">
                        <matrix sid="matrix">1 0 1.49012e-8 11.78172 -7.45058e-9 0.9967043 0.08112031 9.53674e-7 0 -0.08112033 0.9967043 0 0 0 0 1</matrix>
                      </node>
                    </node>
                  </node>
                </node>
              </node>
            </node>
            <node id="node-Bip001_L_Thigh" name="Bip001_L_Thigh">
              <matrix sid="matrix">-0.9542299 0.1315317 -0.2685981 -16.65588 0.1397084 0.9901264 -0.01147049 -2.498909 0.2644373 -0.04847089 -0.9631841 11.16304 0 0 0 1</matrix>
              <node id="node-Bip001_L_Calf" name="Bip001_L_Calf">
                <matrix sid="matrix">0.8212768 0.5705301 -1.49012e-8 38.83283 -0.5705301 0.8212767 -5.58794e-9 -4.76837e-7 0 1.49012e-8 1 -1.90735e-6 0 0 0 1</matrix>
                <node id="node-Bip001_L_Foot" name="Bip001_L_Foot">
                  <matrix sid="matrix">0.9028066 -0.4115671 -0.1247112 37.30409 0.4022172 0.9107249 -0.09381688 1.90735e-6 0.1521895 0.0345375 0.9877477 1.90735e-6 0 0 0 1</matrix>
                  <node id="node-Bip001_L_Toe0" name="Bip001_L_Toe0">
                    <matrix>-0.1256363 -0.991495 -0.03395706 8.488064 0.9918476 -0.1247986 -0.02576551 12.70344 0.02130859 -0.03691732 0.9990911 -0.2012491 0 0 0 1</matrix>
                  </node>
                </node>
              </node>
            </node>
            <node id="node-Bip001_R_Thigh" name="Bip001_R_Thigh">
              <matrix sid="matrix">-0.9801821 0.1953128 -0.03311173 -16.69938 0.1966729 0.9794573 -0.04453757 -2.577828 0.02373278 -0.05016709 -0.9984589 -7.099276 0 0 0 1</matrix>
              <node id="node-Bip001_R_Calf" name="Bip001_R_Calf">
                <matrix sid="matrix">0.8776528 0.4792969 -7.45058e-9 38.83284 -0.4792968 0.8776529 -1.86265e-9 0 2.23517e-8 9.31323e-9 1 1.90735e-6 0 0 0 1</matrix>
                <node id="node-Bip001_R_Foot" name="Bip001_R_Foot">
                  <matrix sid="matrix">0.9658232 -0.2591538 -0.005003451 37.30408 0.2452424 0.9073882 0.341325 -9.53674e-7 -0.08391558 -0.3308866 0.939932 0 0 0 0 1</matrix>
                  <node id="node-Bip001_R_Toe0" name="Bip001_R_Toe0">
                    <matrix>-0.1256363 -0.9914951 0.033957 8.488065 0.9918476 -0.1247985 0.02576544 12.70344 -0.02130854 0.03691725 0.9990911 0.2012501 0 0 0 1</matrix>
                  </node>
                </node>
              </node>
            </node>
          </node>
        </node>
      </node>
      <node id="node-Bounds" name="Bounds">
        <matrix>0.9999915 0.001706907 0.003750479 5.366391 -0.001711356 0.9999978 0.001183292 -9.603638 -0.003748452 -0.0011897 0.9999923 -0.008934736 0 0 0 1</matrix>
        <instance_geometry url="#geom-Bounds">
          <bind_material>
            <technique_common>
              <instance_material symbol="ShapeBounds" target="#ShapeBounds-material"/>
            </technique_common>
          </bind_material>
        </instance_geometry>
      </node>
    </visual_scene>
  </library_visual_scenes>
  <library_animations>
    <animation>
      <source id="node-Bip001_matrix-input">
        <float_array id="node-Bip001_matrix-input-array" count="61">28 28.03333 28.06667 28.1 28.13333 28.16667 28.2 28.23333 28.26667 28.3 28.33333 28.36667 28.4 28.43333 28.46667 28.5 28.53333 28.56667 28.6 28.63333 28.66667 28.7 28.73333 28.76667 28.8 28.83333 28.86667 28.9 28.93333 28.96667 29 29.03333 29.06667 29.1 29.13333 29.16667 29.2 29.23333 29.26667 29.3 29.33333 29.36667 29.4 29.43333 29.46667 29.5 29.53333 29.56667 29.6 29.63333 29.66667 29.7 29.73333 29.76667 29.8 29.83333 29.86667 29.9 29.93333 29.96667 30</float_array>
        <technique_common>
          <accessor source="#node-Bip001_matrix-input-array" count="61" stride="1">
            <param name="TIME" type="float"/>
          </accessor>
        </technique_common>
      </source>
      <source id="node-Bip001_matrix-output">
        <float_array id="node-Bip001_matrix-output-array" count="976">0 -1 0 5.366391 1 0 3.13916e-7 -9.603626 -3.13916e-7 0 1 82.08785 0 0 0 1 -2.20537e-5 -0.9999955 -0.003011345 5.317465 0.9999912 -3.46899e-5 0.00420022 -9.630603 -0.004200339 -0.003011226 0.9999867 82.0802 0 0 0 1 -3.31044e-4 -0.9999349 -0.01141691 5.177991 0.9998693 -5.1558e-4 0.01616448 -9.707507 -0.0161693 -0.01141011 0.9998041 82.05841 0 0 0 1 -0.001564145 -0.9997034 -0.02430331 4.958718 0.9993876 -0.002412199 0.03490626 -9.828409 -0.03495454 -0.02423381 0.999095 82.02416 0 0 0 1 -0.004603743 -0.9991561 -0.0408163 4.670147 0.9982144 -0.007022619 0.05931913 -9.987522 -0.0595557 -0.04047036 0.9974043 81.97908 0 0 0 1 -0.01043844 -0.998133 -0.06018066 4.32256 0.995988 -0.01572751 0.08809453 -10.17917 -0.08887654 -0.05901968 0.9942926 81.92477 0 0 0 1 -0.02003669 -0.9964552 -0.08170509 3.926064 0.9923658 -0.02976799 0.119683 -10.39779 -0.121691 -0.07868331 0.9894444 81.86283 0 0 0 1 -0.03423118 -0.9939081 -0.1047622 3.490613 0.9870634 -0.05005049 0.152318 -10.63789 -0.1566335 -0.09819287 0.9827635 81.79479 0 0 0 1 -0.05361902 -0.9902278 -0.1287407 3.026048 0.9798864 -0.07699477 0.1841052 -10.89405 -0.1922184 -0.1162797 0.9744389 81.72222 0 0 0 1 -0.07848095 -0.9851085 -0.1529771 2.542121 0.9707532 -0.1104402 0.2131694 -11.16087 -0.2268899 -0.1317733 0.9649646 81.64661 0 0 0 1 -0.1087287 -0.978244 -0.1766835 2.048528 0.9597123 -0.1496248 0.2378337 -11.43303 -0.2590956 -0.143706 0.9551011 81.56949 0 0 0 1 -0.143885 -0.969401 -0.1988945 1.554935 0.9469485 -0.193241 0.2568008 -11.70519 -0.2873775 -0.1513931 0.9457771 81.49238 0 0 0 1 -0.1830947 -0.9585164 -0.2184548 1.071008 0.932784 -0.2395569 0.2693071 -11.97202 -0.3104676 -0.1544625 0.9379506 81.41677 0 0 0 1 -0.2251718 -0.9457882 -0.2340565 0.6064432 0.9176719 -0.2865872 0.2752197 -12.22817 -0.3273772 -0.1528154 0.9324547 81.3442 0 0 0 1 -0.2686719 -0.9317305 -0.244323 0.1709923 0.9021815 -0.3322792 0.275062 -12.46827 -0.3374672 -0.1465222 0.9298641 81.27616 0 0 0 1 -0.3119817 -0.917173 -0.2479141 -0.2255039 0.8869798 -0.3746829 0.2699626 -12.68689 -0.3404915 -0.1356714 0.9304078 81.21422 0 0 0 1 -0.3534155 -0.9031852 -0.2436271 -0.5730909 0.8728075 -0.4120759 0.2615357 -12.87854 -0.3366079 -0.1202089 0.9339405 81.15991 0 0 0 1 -0.3913027 -0.89094 -0.2304522 -0.8616617 0.8604505 -0.4430199 0.2517114 -13.03766 -0.3263546 -0.09979736 0.9399644 81.11483 0 0 0 1 -0.4240599 -0.8815258 -0.2075704 -1.080934 0.8507073 -0.4663428 0.2425312 -13.15856 -0.3105966 -0.07373392 0.9476777 81.08058 0 0 0 1 -0.450232 -0.8757377 -0.1742827 -1.220409 0.844353 -0.4810485 0.2359244 -13.23546 -0.2904464 -0.04093533 0.9560153 81.05879 0 0 0 1 -0.4685059 -0.8738597 -0.1298905 -1.269335 0.8420951 -0.4861783 0.2334661 -13.26244 -0.2671666 0 0.9636504 81.05114 0 0 0 1 -0.4756558 -0.8759158 -0.08076465 -1.174393 0.8458945 -0.4806651 0.2311352 -13.26244 -0.2412757 0.0416224 0.9695636 81.05114 0 0 0 1 -0.4699484 -0.8820427 -0.03389495 -0.905349 0.8564298 -0.4649265 0.2244352 -13.26244 -0.2137202 0.07644438 0.9738994 81.05114 0 0 0 1 -0.4524539 -0.8917266 0.01046395 -0.4853832 0.8721839 -0.4400305 0.2137024 -13.26244 -0.1859596 0.1058169 0.9768428 81.05114 0 0 0 1 -0.4243087 -0.9040256 0.05196064 0.06290841 0.8914606 -0.4069619 0.1991985 -13.26244 -0.1589345 0.1308425 0.9785806 81.05114 0 0 0 1 -0.3867438 -0.9177658 0.09019583 0.7174159 0.9125159 -0.3667252 0.181183 -13.26244 -0.1332065 0.1523765 0.9793046 81.05114 0 0 0 1 -0.3411179 -0.9317042 0.1247648 1.456428 0.9336721 -0.3204171 0.1599673 -13.26244 -0.1090654 0.171057 0.9792059 81.05114 0 0 0 1 -0.2889401 -0.9446667 0.1553012 2.258549 0.9534211 -0.2692671 0.1359544 -13.26244 -0.08661407 0.1873502 0.9784671 81.05114 0 0 0 1 -0.2318745 -0.9556597 0.1815179 3.102613 0.9705152 -0.2146499 0.1096619 -13.26244 -0.06583666 0.2015937 0.977254 81.05114 0 0 0 1 -0.1717195 -0.9639521 0.2032465 3.967612 0.9840406 -0.1580661 0.0817278 -13.26244 -0.04665529 0.2140371 0.9757108 81.05114 0 0 0 1 -0.1103674 -0.9691296 0.2204692 4.83261 0.9934682 -0.1011043 0.05290192 -13.26244 -0.0289784 0.2248679 0.9739583 81.05114 0 0 0 1 -0.04975152 -0.9711211 0.2333423 5.676675 0.9986804 -0.04539048 0.02402573 -13.26244 -0.01274037 0.2342297 0.9720978 81.05114 0 0 0 1 0.008212327 -0.9701898 0.2422074 6.478796 0.9999642 0.007466852 -0.003995597 -13.26244 0.002067983 0.2422315 0.9702163 81.05114 0 0 0 1 0.06167727 -0.9669013 0.2475842 7.217807 0.9979777 0.05592048 -0.0302239 -13.26244 0.01537853 0.2489477 0.9683948 81.05114 0 0 0 1 0.1089009 -0.9620629 0.2501512 7.872315 0.993685 0.09851366 -0.05371505 -13.26244 0.02703392 0.2544211 0.9667156 81.05114 0 0 0 1 0.1482571 -0.9566438 0.2507041 8.420607 0.9882645 0.1338854 -0.07353901 -13.26244 0.036785 0.2586646 0.9652665 81.05114 0 0 0 1 0.1782171 -0.9516758 0.2501036 8.840573 0.9829937 0.1607477 -0.08878946 -13.26244 0.04429519 0.2616741 0.9641394 81.05114 0 0 0 1 0.1973037 -0.94814 0.249202 9.109616 0.9791094 0.1778379 -0.09858131 -13.26244 0.0491513 0.2634465 0.963421 81.05114 0 0 0 1 0.2040151 -0.9468346 0.2487611 9.20456 0.9776446 0.1838449 -0.1020399 -13.26244 0.05088138 0.2640177 0.9631748 81.05114 0 0 0 1 0.2027456 -0.9474749 0.247357 9.181092 0.9779161 0.1828188 -0.1012787 -13.24007 0.0507375 0.2624282 0.9636167 81.05748 0 0 0 1 0.1991094 -0.9492886 0.2433243 9.113867 0.9786849 0.1798718 -0.09910678 -13.17598 0.05031377 0.2578709 0.9648684 81.07564 0 0 0 1 0.1933602 -0.9520934 0.2369175 9.007575 0.9798728 0.1751884 -0.09569859 -13.07466 0.04960882 0.2506534 0.966805 81.10435 0 0 0 1 0.185748 -0.9556894 0.2283757 8.866799 0.9813944 0.1689422 -0.0912342 -12.94046 0.04860925 0.2410732 0.9692888 81.14237 0 0 0 1 0.1765184 -0.9598686 0.2179304 8.696038 0.9831604 0.1612999 -0.08589535 -12.77768 0.04729604 0.2294226 0.9721771 81.18849 0 0 0 1 0.1659151 -0.9644242 0.2058107 8.499711 0.9850828 0.1524264 -0.07986217 -12.59053 0.04565006 0.2159909 0.9753276 81.24153 0 0 0 1 0.1541795 -0.969159 0.1922485 8.282176 0.9870779 0.1424878 -0.07331037 -12.38316 0.04365628 0.2010672 0.9786041 81.30028 0 0 0 1 0.1415511 -0.9738908 0.1774825 8.047738 0.9890688 0.1316549 -0.06640857 -12.15967 0.04130822 0.1849426 0.9818808 81.3636 0 0 0 1 0.1282689 -0.9784584 0.1617599 7.800657 0.9909875 0.1201052 -0.05931603 -11.92414 0.0386101 0.1679105 0.9850459 81.43034 0 0 0 1 0.1145688 -0.9827262 0.1453391 7.545166 0.992778 0.1080234 -0.05218124 -11.68059 0.03557986 0.1502678 0.9880049 81.49935 0 0 0 1 0.1006855 -0.9865866 0.1284879 7.285476 0.9943954 0.0956037 -0.04514002 -11.43303 0.03225064 0.1323127 0.9906832 81.56949 0 0 0 1 0.08685088 -0.9899635 0.111486 7.025784 0.9958086 0.08304882 -0.0383147 -11.18548 0.02867138 0.1143463 0.9930271 81.63964 0 0 0 1 0.07329303 -0.9928116 0.09462231 6.770294 0.9969994 0.07057017 -0.0318135 -10.94192 0.02490735 0.09667009 0.9950048 81.70864 0 0 0 1 0.0602377 -0.9951166 0.07819455 6.523214 0.9979624 0.05838805 -0.0257309 -10.70639 0.0210396 0.07958519 0.996606 81.77538 0 0 0 1 0.04790604 -0.9968941 0.06250751 6.288775 0.9987044 0.04672968 -0.02014768 -10.48291 0.01716417 0.06339168 0.9978411 81.8387 0 0 0 1 0.03651589 -0.9981859 0.0478717 6.07124 0.9992434 0.03582882 -0.0151329 -10.27554 0.0133903 0.04838806 0.9987388 81.89746 0 0 0 1 0.02628254 -0.9990555 0.03460246 5.874914 0.9996061 0.02592486 -0.01074546 -10.08839 0.009838223 0.03487122 0.9993434 81.95049 0 0 0 1 0.01741951 -0.9995833 0.02301818 5.704153 0.9998263 0.01726174 -0.007036983 -9.925603 0.006636738 0.02313673 0.9997103 81.99661 0 0 0 1 0.01014065 -0.9998583 0.0134406 5.563377 0.9999409 0.01008695 -0.004055619 -9.791406 0.003919482 0.0134809 0.9999015 82.03463 0 0 0 1 0.004662036 -0.99997 0.006193518 5.457084 0.9999875 0.004650652 -0.001850247 -9.69008 0.001821398 0.006202101 0.9999791 82.06334 0 0 0 1 0.001205086 -0.999998 0.00160402 5.38986 0.9999992 0.001204311 -4.7592e-4 -9.625997 4.73987e-4 0.001604557 0.9999986 82.08149 0 0 0 1 -3.57628e-7 -1 0 5.366391 1 -3.57628e-7 1.58866e-7 -9.603626 -1.58866e-7 0 1 82.08785 0 0 0 1</float_array>
        <technique_common>
          <accessor source="#node-Bip001_matrix-output-array" count="61" stride="16">
            <param name="TRANSFORM" type="float4x4"/>
          </accessor>
        </technique_common>
      </source>
      <source id="node-Bip001_matrix-interpolation">
        <Name_array id="node-Bip001_matrix-interpolation-array" count="61">LINEAR LINEAR LINEAR LINEAR LINEAR LINEAR LINEAR LINEAR LINEAR LINEAR LINEAR LINEAR LINEAR LINEAR LINEAR LINEAR LINEAR LINEAR LINEAR LINEAR LINEAR LINEAR LINEAR LINEAR LINEAR LINEAR LINEAR LINEAR LINEAR LINEAR LINEAR LINEAR LINEAR LINEAR LINEAR LINEAR LINEAR LINEAR LINEAR LINEAR LINEAR LINEAR LINEAR LINEAR LINEAR LINEAR LINEAR LINEAR LINEAR LINEAR LINEAR LINEAR LINEAR LINEAR LINEAR LINEAR LINEAR LINEAR LINEAR LINEAR LINEAR</Name_array>
        <technique_common>
          <accessor source="#node-Bip001_matrix-interpolation-array" count="61" stride="1">
            <param name="INTERPOLATION" type="name"/>
          </accessor>
        </technique_common>
      </source>
      <source id="node-Bip001_Pelvis_matrix-input">
        <float_array id="node-Bip001_Pelvis_matrix-input-array" count="61">28 28.03333 28.06667 28.1 28.13333 28.16667 28.2 28.23333 28.26667 28.3 28.33333 28.36667 28.4 28.43333 28.46667 28.5 28.53333 28.56667 28.6 28.63333 28.66667 28.7 28.73333 28.76667 28.8 28.83333 28.86667 28.9 28.93333 28.96667 29 29.03333 29.06667 29.1 29.13333 29.16667 29.2 29.23333 29.26667 29.3 29.33333 29.36667 29.4 29.43333 29.46667 29.5 29.53333 29.56667 29.6 29.63333 29.66667 29.7 29.73333 29.76667 29.8 29.83333 29.86667 29.9 29.93333 29.96667 30</float_array>
        <technique_common>
          <accessor source="#node-Bip001_Pelvis_matrix-input-array" count="61" stride="1">
            <param name="TIME" type="float"/>
          </accessor>
        </technique_common>
      </source>
      <source id="node-Bip001_Pelvis_matrix-output">
