<?xml version="1.0" encoding="utf-8"?>
<COLLADA xmlns="http://www.collada.org/2005/11/COLLADASchema" version="1.4.1">
  <asset>
    <contributor>
      <author>Jesse Oliger</author>
      <authoring_tool>OpenCOLLADA for 3ds Max;  Version: 1.3.0;  Revision: 839M;  Platform: x64;  Configuration: Release_Max2012</authoring_tool>
      <source_data>file:///C:/Users/Jesse%20Oliger/Documents/3dsMax/scenes/Zombies/Animations/Zombie_TP_Animation_Master_16.max</source_data>
    </contributor>
    <created>2011-10-11T14:54:04</created>
    <modified>2011-10-11T14:54:04</modified>
    <unit name="centimeter" meter="0.01"/>
    <up_axis>Z_UP</up_axis>
  </asset>
  <library_effects>
    <effect id="ShapeBounds">
      <profile_COMMON>
        <technique sid="common">
          <blinn>
            <emission>
              <color>0 0 0 1</color>
            </emission>
            <ambient>
              <color>0.1647059 1 0 1</color>
            </ambient>
            <diffuse>
              <color>0.1647059 1 0 1</color>
            </diffuse>
            <specular>
              <color>0.9 0.9 0.9 1</color>
            </specular>
            <shininess>
              <float>10</float>
            </shininess>
            <reflective>
              <color>0 0 0 1</color>
            </reflective>
            <transparent opaque="A_ONE">
              <color>1 1 1 1</color>
            </transparent>
            <transparency>
              <float>1</float>
            </transparency>
          </blinn>
        </technique>
      </profile_COMMON>
      <extra>
        <technique profile="OpenCOLLADA3dsMax">
          <extended_shader>
            <apply_reflection_dimming>0</apply_reflection_dimming>
            <dim_level>0</dim_level>
            <falloff_type>0</falloff_type>
            <index_of_refraction>1.5</index_of_refraction>
            <opacity_type>0</opacity_type>
            <reflection_level>3</reflection_level>
            <wire_size>1</wire_size>
            <wire_units>0</wire_units>
          </extended_shader>
          <shader>
            <ambient_diffuse_lock>1</ambient_diffuse_lock>
            <ambient_diffuse_texture_lock>1</ambient_diffuse_texture_lock>
            <diffuse_specular_lock>0</diffuse_specular_lock>
            <soften>0.1</soften>
            <use_self_illum_color>0</use_self_illum_color>
          </shader>
        </technique>
      </extra>
    </effect>
  </library_effects>
  <library_materials>
    <material id="ShapeBounds-material" name="ShapeBounds">
      <instance_effect url="#ShapeBounds"/>
    </material>
  </library_materials>
  <library_geometries>
    <geometry id="geom-Bounds" name="Bounds">
      <mesh>
        <source id="geom-Bounds-positions">
          <float_array id="geom-Bounds-positions-array" count="24">-42.5 -42.5 0 42.5 -42.5 0 -42.5 42.5 0 42.5 42.5 0 -42.5 -42.5 184 42.5 -42.5 184 -42.5 42.5 184 42.5 42.5 184</float_array>
          <technique_common>
            <accessor source="#geom-Bounds-positions-array" count="8" stride="3">
              <param name="X" type="float"/>
              <param name="Y" type="float"/>
              <param name="Z" type="float"/>
            </accessor>
          </technique_common>
        </source>
        <source id="geom-Bounds-normals">
          <float_array id="geom-Bounds-normals-array" count="72">0 0 -1 0 0 -1 0 0 -1 0 0 -1 0 0 1 0 0 1 0 0 1 0 0 1 0 -1 0 0 -1 0 0 -1 0 0 -1 0 1 0 0 1 0 0 1 0 0 1 0 0 0 1 0 0 1 0 0 1 0 0 1 0 -1 0 0 -1 0 0 -1 0 0 -1 0 0</float_array>
          <technique_common>
            <accessor source="#geom-Bounds-normals-array" count="24" stride="3">
              <param name="X" type="float"/>
              <param name="Y" type="float"/>
              <param name="Z" type="float"/>
            </accessor>
          </technique_common>
        </source>
        <source id="geom-Bounds-map1">
          <float_array id="geom-Bounds-map1-array" count="36">0 0 0 1 0 0 0 1 0 1 1 0 0 0 0 1 0 0 0 1 0 1 1 0 0 0 0 1 0 0 0 1 0 1 1 0</float_array>
          <technique_common>
            <accessor source="#geom-Bounds-map1-array" count="12" stride="3">
              <param name="S" type="float"/>
              <param name="T" type="float"/>
              <param name="P" type="float"/>
            </accessor>
          </technique_common>
        </source>
        <vertices id="geom-Bounds-vertices">
          <input semantic="POSITION" source="#geom-Bounds-positions"/>
        </vertices>
        <triangles material="ShapeBounds" count="12">
          <input semantic="VERTEX" source="#geom-Bounds-vertices" offset="0"/>
          <input semantic="NORMAL" source="#geom-Bounds-normals" offset="1"/>
          <input semantic="TEXCOORD" source="#geom-Bounds-map1" offset="2" set="0"/>
          <p>0 0 9 2 1 11 3 2 10 3 2 10 1 3 8 0 0 9 4 4 8 5 5 9 7 6 11 7 6 11 6 7 10 4 4 8 0 8 4 1 9 5 5 10 7 5 10 7 4 11 6 0 8 4 1 12 0 3 13 1 7 14 3 7 14 3 5 15 2 1 12 0 3 16 4 2 17 5 6 18 7 6 18 7 7 19 6 3 16 4 2 20 0 0 21 1 4 22 3 4 22 3 6 23 2 2 20 0</p>
        </triangles>
      </mesh>
      <extra>
        <technique profile="OpenCOLLADA3dsMax">
          <max_box>
            <generateuvs>1</generateuvs>
            <height>184</height>
            <heightsegments>1</heightsegments>
            <length>85</length>
            <lengthsegments>1</lengthsegments>
            <width>85</width>
            <widthsegments>1</widthsegments>
          </max_box>
        </technique>
      </extra>
    </geometry>
  </library_geometries>
  <library_lights>
    <light id="EnvironmentAmbientLight" name="EnvironmentAmbientLight">
      <technique_common>
        <ambient>
          <color>0 0 0</color>
        </ambient>
      </technique_common>
    </light>
  </library_lights>
  <library_visual_scenes>
    <visual_scene id="MaxScene">
      <node name="EnvironmentAmbientLight">
        <instance_light url="#EnvironmentAmbientLight"/>
      </node>
      <node id="node-Bip001" name="Bip001">
        <matrix sid="matrix">5.36442e-7 -1 5.96046e-7 -5.354 0.9060273 7.15256e-7 0.4232194 0 -0.4232194 2.98023e-7 0.9060272 71.41848 0 0 0 1</matrix>
        <node id="node-Bip001_Pelvis" name="Bip001_Pelvis">
          <matrix sid="matrix">0.1891387 0.9303665 -0.3140778 0 0.1244495 0.2945601 0.9474949 0 0.9740323 -0.2182947 -0.06007089 0 0 0 0 1</matrix>
          <node id="node-Bip001_Spine" name="Bip001_Spine">
            <matrix sid="matrix">0.9991542 -0.03554535 -0.02067308 16.79284 0.04106632 0.8882226 0.4575742 -2.097279 0.00209764 -0.4580361 0.8889312 -1.551689 0 0 0 1</matrix>
            <node id="node-Bip001_Spine1" name="Bip001_Spine1">
              <matrix sid="matrix">0.9734442 -0.1292222 0.1889652 13.27888 0.1151282 0.98981 0.08379592 -0.0104599 -0.1978679 -0.05981541 0.9784019 6.36101e-4 0 0 0 1</matrix>
              <node id="node-Bip001_Spine2" name="Bip001_Spine2">
                <matrix sid="matrix">0.9465045 0.2763845 0.1665567 13.2746 -0.2707201 0.9610125 -0.05626405 -0.01016235 -0.1756135 0.008164044 0.9844254 -8.4877e-5 0 0 0 1</matrix>
                <node id="node-Bip001_Neck" name="Bip001_Neck">
                  <matrix sid="matrix">0.9721116 -0.1871 -0.141395 18.05083 0.177968 0.9811896 -0.07479615 -1.344578 0.1527297 0.04754635 0.9871236 -1.44958e-4 0 0 0 1</matrix>
                  <node id="node-Bip001_Neck1" name="Bip001_Neck1">
                    <matrix sid="matrix">0.8850594 0.4210434 -0.1984748 3.788635 -0.4111296 0.9070398 0.09083715 -0.002746582 0.218271 0.001202617 0.9758875 -4.29153e-6 0 0 0 1</matrix>
                    <node id="node-Bip001_Head" name="Bip001_Head">
                      <matrix sid="matrix">0.6443095 0.7307894 -0.2254159 3.889847 -0.7119374 0.6808034 0.1721967 1.155758 0.2793035 0.04953396 0.9589245 3.8147e-6 0 0 0 1</matrix>
                      <node id="node-Bip001_Jaw" name="Bip001_Jaw">
                        <matrix>-0.4729834 -0.8502632 0.2309528 3.121651 0.8770578 -0.479357 0.03141007 0.0528183 0.08400193 0.2174153 0.9724579 0.3037529 0 0 0 1</matrix>
                        <node id="node-Bip001_Tongue1" name="Bip001_Tongue1">
                          <matrix>0.9397146 0.3314821 0.08400046 3.477501 -0.341927 0.9142291 0.2174193 -0.5770416 -0.004725054 -0.233034 0.9724571 -0.4837303 0 0 0 1</matrix>
                          <node id="node-Bip001_Tongue2" name="Bip001_Tongue2">
                            <matrix sid="matrix">0.9924966 -0.1222733 -3.12924e-7 2.059151 0.1222733 0.9924965 -2.98023e-8 -0.001594543 3.42727e-7 2.98023e-8 1 7.62939e-6 0 0 0 1</matrix>
                            <node id="node-Bip001_Tongue3" name="Bip001_Tongue3">
                              <matrix sid="matrix">0.8577465 -0.2957576 0.4204741 2.029289 0.3580999 0.93059 -0.07593811 -0.002006531 -0.3688297 0.2157073 0.9041211 -4.65393e-4 0 0 0 1</matrix>
                              <node id="node-Bip001_Tongue4" name="Bip001_Tongue4">
                                <matrix sid="matrix">0.5005683 -0.861187 -0.08825339 2.713951 0.836024 0.4544299 0.3075019 -9.15527e-4 -0.2247115 -0.2277076 0.947446 4.42505e-4 0 0 0 1</matrix>
                              </node>
                            </node>
                          </node>
                        </node>
                      </node>
                    </node>
                  </node>
                  <node id="node-Bip001_L_Clavicle" name="Bip001_L_Clavicle">
                    <matrix sid="matrix">-0.08610192 -0.09097454 0.992124 -6.252663 0.5177423 -0.8548821 -0.03345737 1.917488 0.851193 0.510784 0.1207084 2.534738 0 0 0 1</matrix>
                    <node id="node-Bip001_L_UpperArm" name="Bip001_L_UpperArm">
                      <matrix sid="matrix">0.8305439 0.4024295 0.3850289 17.26101 -0.5414635 0.745329 0.3889759 -1.14441e-5 -0.1304379 -0.5315409 0.8369293 0 0 0 0 1</matrix>
                      <node id="node-Bip001_L_Forearm" name="Bip001_L_Forearm">
                        <matrix sid="matrix">0.8586117 0.5126268 2.98023e-8 23.56344 -0.5126264 0.8586115 -1.49012e-8 0 -2.98023e-8 0 1 0 0 0 0 1</matrix>
                        <node id="node-Bip001_L_Hand" name="Bip001_L_Hand">
                          <matrix sid="matrix">0.8057266 0.5885741 0.06622025 25.02209 0.1144649 -0.2644341 0.9575868 -3.8147e-6 0.5811216 -0.7639733 -0.2804328 0 0 0 0 1</matrix>
                          <node id="node-Bip001_L_Finger0" name="Bip001_L_Finger0">
                            <matrix>0.7051089 0.5090384 0.4936611 1.49659 0.5510456 0.0448032 -0.8332714 0.5334396 -0.4462847 0.8595771 -0.2489124 -2.579735 0 0 0 1</matrix>
                            <node id="node-Bip001_L_Finger01" name="Bip001_L_Finger01">
                              <matrix>0.9781499 -0.2079012 0 4.08942 0.2079012 0.9781499 -2.98023e-8 0 3.72529e-8 0 1 0 0 0 0 1</matrix>
                              <node id="node-Bip001_L_Finger02" name="Bip001_L_Finger02">
                                <matrix>0.9115803 -0.4111215 -2.98023e-8 4.089424 0.4111216 0.9115804 0 3.8147e-6 -2.98023e-8 5.96046e-8 1 -7.62939e-6 0 0 0 1</matrix>
                              </node>
                            </node>
                          </node>
                          <node id="node-Bip001_L_Finger1" name="Bip001_L_Finger1">
                            <matrix>0.9603379 -0.2693584 0.07209154 10.48988 0.2737626 0.9599064 -0.06028262 0.4773483 -0.05296347 0.07762769 0.9955747 -3.495125 0 0 0 1</matrix>
                            <node id="node-Bip001_L_Finger11" name="Bip001_L_Finger11">
                              <matrix sid="matrix">0.9542333 -0.2990628 -7.45058e-9 3.652725 0.2990628 0.9542334 -2.98023e-8 0 2.98023e-8 2.98023e-8 1 3.8147e-6 0 0 0 1</matrix>
                              <node id="node-Bip001_L_Finger12" name="Bip001_L_Finger12">
                                <matrix sid="matrix">0.9790183 -0.2037727 0 3.018173 0.2037726 0.9790183 0 0 2.98023e-8 0 1 -7.62939e-6 0 0 0 1</matrix>
                              </node>
                            </node>
                          </node>
                          <node id="node-Bip001_L_Finger2" name="Bip001_L_Finger2">
                            <matrix>0.9028361 -0.4284187 -0.03666332 10.47828 0.4297602 0.9018335 0.04475138 0.2322311 0.01389191 -0.0561595 0.9983252 -0.7914352 0 0 0 1</matrix>
                            <node id="node-Bip001_L_Finger21" name="Bip001_L_Finger21">
                              <matrix sid="matrix">0.957952 -0.2869285 1.49012e-8 4.07214 0.2869285 0.9579519 0 -7.62939e-6 -2.98023e-8 0 0.9999999 -7.62939e-6 0 0 0 1</matrix>
                              <node id="node-Bip001_L_Finger22" name="Bip001_L_Finger22">
                                <matrix sid="matrix">0.9672378 -0.2538719 2.98023e-8 3.59161 0.253872 0.9672379 0 0 2.98023e-8 -8.9407e-8 1 0 0 0 0 1</matrix>
                              </node>
                            </node>
                          </node>
                          <node id="node-Bip001_L_Finger3" name="Bip001_L_Finger3">
                            <matrix sid="matrix">0.7784432 -0.5958063 -0.1975865 10.11523 0.6188405 0.7811693 0.08252943 0.5977249 0.105177 -0.186519 0.9768052 1.599365 0 0 0 1</matrix>
                            <node id="node-Bip001_L_Finger31" name="Bip001_L_Finger31">
                              <matrix sid="matrix">0.8915727 -0.4528775 -2.98023e-8 3.936623 0.4528776 0.8915727 0 7.62939e-6 -5.96046e-8 -1.49012e-8 0.9999999 0 0 0 0 1</matrix>
                              <node id="node-Bip001_L_Finger32" name="Bip001_L_Finger32">
                                <matrix sid="matrix">0.8117614 -0.5839891 0 3.743713 0.5839892 0.8117614 1.86265e-8 -1.52588e-5 2.98023e-8 2.98023e-8 1 -7.62939e-6 0 0 0 1</matrix>
                              </node>
                            </node>
                          </node>
                          <node id="node-Bip001_L_Finger4" name="Bip001_L_Finger4">
                            <matrix sid="matrix">0.6887065 -0.6099602 -0.3919591 9.522514 0.6864741 0.7225397 0.08179101 1.343494 0.2333167 -0.3253998 0.9163397 3.938522 0 0 0 1</matrix>
                            <node id="node-Bip001_L_Finger41" name="Bip001_L_Finger41">
                              <matrix sid="matrix">0.6526528 -0.7576571 2.98023e-8 3.039898 0.7576571 0.6526527 2.98023e-8 0 0 -5.96046e-8 0.9999999 -7.62939e-6 0 0 0 1</matrix>
                              <node id="node-Bip001_L_Finger42" name="Bip001_L_Finger42">
                                <matrix sid="matrix">0.7152761 -0.6988419 -2.98023e-8 3.010349 0.698842 0.7152761 0 0 4.47035e-8 0 0.9999999 0 0 0 0 1</matrix>
                              </node>
                            </node>
                          </node>
                        </node>
                      </node>
                      <node id="node-Bip001_L_ForeTwist" name="Bip001_L_ForeTwist">
                        <matrix sid="matrix">0.8586117 0.5113271 0.03647938 23.56344 -0.5126264 0.8564347 0.06110023 0 -2.98023e-8 -0.07116163 0.9974648 0 0 0 0 1</matrix>
                        <node id="node-Bip001_L_ForeTwist1" name="Bip001_L_ForeTwist1">
                          <matrix sid="matrix">0.9999999 5.96046e-8 -2.98023e-8 8.340698 0 0.9974648 0.07116169 -3.8147e-6 0 -0.07116175 0.9974648 0 0 0 0 1</matrix>
                          <node id="node-Bip001_L_ForeTwist2" name="Bip001_L_ForeTwist2">
                            <matrix sid="matrix">1 -2.98023e-8 4.47035e-8 8.340706 0 0.9974648 0.07116178 0 2.98023e-8 -0.07116166 0.9974648 0 0 0 0 1</matrix>
                          </node>
                        </node>
                      </node>
                    </node>
                    <node id="node-Bip001_LUpArmTwist" name="Bip001_LUpArmTwist">
                      <matrix sid="matrix">0.8305439 0.3965245 0.3911075 17.26101 -0.5414635 0.7393242 0.4002714 -1.14441e-5 -0.1304379 -0.5442136 0.8287448 0 0 0 0 1</matrix>
                      <node id="node-Bip001_LUpArmTwist1" name="Bip001_LUpArmTwist1">
                        <matrix sid="matrix">1 -2.98023e-8 0 11.78172 -1.49012e-8 0.999971 -0.007608041 0 -5.96046e-8 0.007607982 0.999971 0 0 0 0 1</matrix>
                      </node>
                    </node>
                  </node>
                  <node id="node-Bip001_R_Clavicle" name="Bip001_R_Clavicle">
                    <matrix sid="matrix">0.1558574 -0.2145487 -0.9641977 -6.753059 0.1751625 -0.9546531 0.240739 1.761726 -0.9721249 -0.2064123 -0.1112089 -0.6993928 0 0 0 1</matrix>
                    <node id="node-Bip001_R_UpperArm" name="Bip001_R_UpperArm">
                      <matrix sid="matrix">0.5405313 0.01999457 -0.8410864 17.26101 0.3045865 0.9272518 0.217788 0 0.7842532 -0.3739047 0.4951186 0 0 0 0 1</matrix>
                      <node id="node-Bip001_R_Forearm" name="Bip001_R_Forearm">
                        <matrix sid="matrix">0.01042977 0.9999456 -2.98023e-8 23.56343 -0.9999455 0.01042974 0 -7.62939e-6 8.9407e-8 -1.49012e-8 0.9999999 0 0 0 0 1</matrix>
                        <node id="node-Bip001_R_Hand" name="Bip001_R_Hand">
                          <matrix sid="matrix">0.8366305 0.5459676 -0.04437333 25.0221 -0.148189 0.1476052 -0.9778817 3.8147e-6 -0.5273418 0.8247013 0.2043973 0 0 0 0 1</matrix>
                          <node id="node-Bip001_R_Finger0" name="Bip001_R_Finger0">
                            <matrix>0.7051089 0.5090384 -0.4936612 1.496597 0.5510457 0.04480308 0.8332713 0.5334396 0.4462848 -0.8595769 -0.2489124 2.579735 0 0 0 1</matrix>
                            <node id="node-Bip001_R_Finger01" name="Bip001_R_Finger01">
                              <matrix>0.9781498 -0.2079012 0 4.089424 0.2079012 0.9781498 2.98023e-8 3.8147e-6 -5.96046e-8 5.96046e-8 1 0 0 0 0 1</matrix>
                              <node id="node-Bip001_R_Finger02" name="Bip001_R_Finger02">
                                <matrix>0.9115804 -0.4111215 2.98023e-8 4.089422 0.4111216 0.9115806 2.98023e-8 0 -2.98023e-8 1.49012e-8 0.9999999 7.62939e-6 0 0 0 1</matrix>
                              </node>
                            </node>
                          </node>
                          <node id="node-Bip001_R_Finger1" name="Bip001_R_Finger1">
                            <matrix>0.9603379 -0.2693584 -0.07209159 10.48989 0.2737626 0.9599062 0.06028277 0.477356 0.05296348 -0.07762781 0.9955747 3.495125 0 0 0 1</matrix>
                            <node id="node-Bip001_R_Finger11" name="Bip001_R_Finger11">
                              <matrix>0.9540662 -0.2995967 0 3.65271 0.2995965 0.954066 5.96046e-8 0 2.98023e-8 -2.98023e-8 1 -1.90735e-6 0 0 0 1</matrix>
                              <node id="node-Bip001_R_Finger12" name="Bip001_R_Finger12">
                                <matrix>0.9747837 -0.223152 -2.98023e-8 3.018185 0.2231521 0.9747837 2.98023e-8 -1.52588e-5 2.98023e-8 -1.49012e-8 1 5.72205e-6 0 0 0 1</matrix>
                              </node>
                            </node>
                          </node>
                          <node id="node-Bip001_R_Finger2" name="Bip001_R_Finger2">
                            <matrix>0.9028363 -0.4284187 0.03666325 10.47828 0.4297601 0.9018334 -0.04475126 0.2322311 -0.01389188 0.05615941 0.9983252 0.7914467 0 0 0 1</matrix>
                            <node id="node-Bip001_R_Finger21" name="Bip001_R_Finger21">
                              <matrix>0.9577914 -0.2874641 0 4.072147 0.2874643 0.9577914 2.98023e-8 7.62939e-6 2.98023e-8 -1.49012e-8 1 0 0 0 0 1</matrix>
                              <node id="node-Bip001_R_Finger22" name="Bip001_R_Finger22">
                                <matrix>0.9620118 -0.2730078 2.98023e-8 3.59161 0.2730078 0.9620117 1.49012e-8 0 0 5.96046e-8 0.9999999 0 0 0 0 1</matrix>
                              </node>
                            </node>
                          </node>
                          <node id="node-Bip001_R_Finger3" name="Bip001_R_Finger3">
                            <matrix>0.7781103 -0.5962415 0.1975865 10.11523 0.6192771 0.7808233 -0.08252931 0.5977325 -0.1050727 0.1865776 0.9768052 -1.599365 0 0 0 1</matrix>
                            <node id="node-Bip001_R_Finger31" name="Bip001_R_Finger31">
                              <matrix>0.8913192 -0.4533761 -2.98023e-8 3.936626 0.4533762 0.8913192 0 0 2.98023e-8 1.86265e-8 1 -3.8147e-6 0 0 0 1</matrix>
                              <node id="node-Bip001_R_Finger32" name="Bip001_R_Finger32">
                                <matrix>0.800018 -0.5999759 2.98023e-8 3.743706 0.5999759 0.8000181 -2.6077e-8 -3.8147e-6 0 0 1 7.62939e-6 0 0 0 1</matrix>
                              </node>
                            </node>
                          </node>
                          <node id="node-Bip001_R_Finger4" name="Bip001_R_Finger4">
                            <matrix>0.6883654 -0.6103451 0.3919591 9.522526 0.686878 0.7221557 -0.08179094 1.343491 -0.2331349 0.3255301 0.9163398 -3.938511 0 0 0 1</matrix>
                            <node id="node-Bip001_R_Finger41" name="Bip001_R_Finger41">
                              <matrix>0.6522291 -0.7580219 0 3.039894 0.7580218 0.6522292 2.98023e-8 0 2.98023e-8 -4.47035e-8 1 0 0 0 0 1</matrix>
                              <node id="node-Bip001_R_Finger42" name="Bip001_R_Finger42">
                                <matrix>0.7012734 -0.7128925 -2.98023e-8 3.010353 0.7128924 0.7012734 7.45058e-8 0 1.49012e-8 0 1 -7.62939e-6 0 0 0 1</matrix>
                              </node>
                            </node>
                          </node>
                        </node>
                      </node>
                      <node id="node-Bip001_R_ForeTwist" name="Bip001_R_ForeTwist">
                        <matrix sid="matrix">0.01042977 0.9986192 0.05148789 23.56343 -0.9999455 0.01041594 5.37038e-4 -7.62939e-6 8.9407e-8 -0.05149063 0.9986734 0 0 0 0 1</matrix>
                        <node id="node-Bip001_R_ForeTwist1" name="Bip001_R_ForeTwist1">
                          <matrix sid="matrix">1 2.98023e-8 2.98023e-8 8.340698 0 0.9986736 0.05149062 0 -2.98023e-8 -0.05149069 0.9986735 7.62939e-6 0 0 0 1</matrix>
                          <node id="node-Bip001_R_ForeTwist2" name="Bip001_R_ForeTwist2">
                            <matrix sid="matrix">0.9999999 0 -2.98023e-8 8.340691 -2.98023e-8 0.9986734 0.05149066 -7.62939e-6 -2.98023e-8 -0.05149068 0.9986736 0 0 0 0 1</matrix>
                          </node>
                        </node>
                      </node>
                    </node>
                    <node id="node-Bip001_RUpArmTwist" name="Bip001_RUpArmTwist">
                      <matrix sid="matrix">0.5405313 -0.02174953 -0.8410428 17.26101 0.3045865 0.9369131 0.1715265 0 0.7842532 -0.3488857 0.5130554 0 0 0 0 1</matrix>
                      <node id="node-Bip001_RUpArmTwist1" name="Bip001_RUpArmTwist1">
                        <matrix sid="matrix">1 5.96046e-8 -1.49012e-8 11.78172 0 0.9996922 0.02480856 0 0 -0.02480859 0.9996922 0 0 0 0 1</matrix>
                      </node>
                    </node>
                  </node>
                </node>
              </node>
            </node>
            <node id="node-Bip001_L_Thigh" name="Bip001_L_Thigh">
              <matrix sid="matrix">-0.8633256 0.5046446 0.001616675 -16.67012 0.4860024 0.8305618 0.2719721 -2.433411 0.1359065 0.2355862 -0.9623037 10.80324 0 0 0 1</matrix>
              <node id="node-Bip001_L_Calf" name="Bip001_L_Calf">
                <matrix sid="matrix">0.521613 0.8531824 -7.45058e-9 38.83284 -0.8531823 0.5216131 1.67638e-8 -9.53674e-7 -3.1665e-8 -3.35276e-8 1 0 0 0 0 1</matrix>
                <node id="node-Bip001_L_Foot" name="Bip001_L_Foot">
                  <matrix sid="matrix">0.9758766 0.1134458 0.1865347 37.30409 -0.1097521 0.9935048 -0.03004566 3.8147e-6 -0.1887317 0.008848313 0.9819888 0 0 0 0 1</matrix>
                  <node id="node-Bip001_L_Toe0" name="Bip001_L_Toe0">
                    <matrix sid="matrix">-0.738081 -0.6746895 -0.005528438 8.48806 0.6743436 -0.7373823 -0.03909248 12.70344 0.02229871 -0.03258148 0.9992203 -0.2012498 0 0 0 1</matrix>
                  </node>
                </node>
              </node>
            </node>
            <node id="node-Bip001_R_Thigh" name="Bip001_R_Thigh">
              <matrix sid="matrix">-0.13587 0.9907188 -0.003939472 -16.7084 0.9860851 0.1356168 0.09614602 5.931461 0.09578791 0.009178713 -0.9953594 -5.43091 0 0 0 1</matrix>
              <node id="node-Bip001_R_Calf" name="Bip001_R_Calf">
                <matrix sid="matrix">-0.4632823 0.8862108 7.45058e-9 38.83284 -0.8862107 -0.4632823 0 -3.8147e-6 -7.45058e-9 1.49012e-8 1 0 0 0 0 1</matrix>
                <node id="node-Bip001_R_Foot" name="Bip001_R_Foot">
                  <matrix sid="matrix">0.9790061 -0.1998411 0.04013777 37.30409 0.1960942 0.9771417 0.08210556 -1.90735e-6 -0.05562835 -0.07251108 0.995815 1.90735e-6 0 0 0 1</matrix>
                  <node id="node-Bip001_R_Toe0" name="Bip001_R_Toe0">
                    <matrix sid="matrix">-0.1256369 -0.991495 0.03395626 8.488066 0.9918475 -0.1247992 0.02576535 12.70344 -0.02130851 0.03691652 0.9990912 0.2012501 0 0 0 1</matrix>
                  </node>
                </node>
              </node>
            </node>
          </node>
        </node>
      </node>
      <node id="node-Bounds" name="Bounds">
        <matrix sid="matrix">0.9999915 0.001706907 0.003750479 -5.354 -0.001711356 0.9999978 0.001183292 0 -0.003748452 -0.0011897 0.9999923 -0.008934736 0 0 0 1</matrix>
        <instance_geometry url="#geom-Bounds">
          <bind_material>
            <technique_common>
              <instance_material symbol="ShapeBounds" target="#ShapeBounds-material"/>
            </technique_common>
          </bind_material>
        </instance_geometry>
      </node>
    </visual_scene>
  </library_visual_scenes>
  <library_animations>
    <animation>
      <source id="node-Bip001_matrix-input">
        <float_array id="node-Bip001_matrix-input-array" count="21">24.66667 24.7 24.73333 24.76667 24.8 24.83333 24.86667 24.9 24.93333 24.96667 25 25.03333 25.06667 25.1 25.13333 25.16667 25.2 25.23333 25.26667 25.3 25.33333</float_array>
        <technique_common>
          <accessor source="#node-Bip001_matrix-input-array" count="21" stride="1">
            <param name="TIME" type="float"/>
          </accessor>
        </technique_common>
      </source>
      <source id="node-Bip001_matrix-output">
        <float_array id="node-Bip001_matrix-output-array" count="336">5.36442e-7 -1 5.96046e-7 -5.354 0.9060273 7.15256e-7 0.4232194 0 -0.4232194 2.98023e-7 0.9060272 71.41848 0 0 0 1 5.96046e-7 -1 4.76837e-7 -4.798728 0.9060914 7.15256e-7 0.4230819 20.67614 -0.4230819 2.23517e-7 0.9060915 72.0831 0 0 0 1 4.17232e-7 -1 3.42727e-7 -3.388555 0.9056066 5.36442e-7 0.4241186 40.82705 -0.4241186 1.19209e-7 0.9056066 73.65257 0 0 0 1 4.76837e-7 -1 3.27826e-7 -1.485368 0.9035608 5.36442e-7 0.4284598 60.64388 -0.4284598 1.19209e-7 0.9035608 75.51885 0 0 0 1 2.38419e-7 -1 2.08616e-7 0.5634495 0.8988597 2.98023e-7 0.4382365 80.30818 -0.4382365 0 0.8988597 77.08831 0 0 0 1 2.98023e-7 -1 0 2.408448 0.8901696 2.98023e-7 0.4556293 100 -0.4556293 0 0.8901696 77.75299 0 0 0 1 2.98023e-7 -1 0 3.764904 0.876487 2.98023e-7 0.4814257 119.8634 -0.4814257 0 0.8764869 76.95709 0 0 0 1 2.98023e-7 -1 0 4.66042 0.8596706 2.98023e-7 0.510849 139.8663 -0.510849 0 0.8596705 75.07778 0 0 0 1 3.57628e-7 -1 1.19209e-7 5.1922 0.8427781 3.57628e-7 0.5382611 159.9366 -0.5382611 -1.19209e-7 0.8427782 72.84343 0 0 0 1 3.57628e-7 -1 1.19209e-7 5.44912 0.8295136 3.57628e-7 0.5584865 180.0047 -0.5584865 -1.19209e-7 0.8295136 70.96532 0 0 0 1 5.96046e-7 -1 1.78814e-7 5.516033 0.8241103 5.96046e-7 0.5664293 200 -0.5664293 -1.78814e-7 0.8241103 70.17165 0 0 0 1 2.38419e-7 -1 0 5.529002 0.8296659 2.38419e-7 0.5582603 219.8788 -0.5582603 0 0.8296658 70.96707 0 0 0 1 4.17232e-7 -1 1.19209e-7 5.460721 0.8432711 4.17232e-7 0.5374885 239.7162 -0.5374885 -1.19209e-7 0.8432711 72.84545 0 0 0 1 4.17232e-7 -1 1.19209e-7 5.153257 0.8605286 4.17232e-7 0.5094021 259.6139 -0.5094021 -1.19209e-7 0.8605286 75.07909 0 0 0 1 3.57628e-7 -1 0 4.446354 0.8776043 3.57628e-7 0.4793856 279.6729 -0.4793856 0 0.8776044 76.95743 0 0 0 1 2.98023e-7 -1 0 3.169812 0.8913505 2.98023e-7 0.4533147 300 -0.4533147 0 0.8913506 77.753 0 0 0 1 2.98023e-7 -1 2.23517e-7 1.245001 0.8998765 3.57628e-7 0.4361449 320.6289 -0.4361449 0 0.8998765 77.08863 0 0 0 1 4.17232e-7 -1 3.27826e-7 -0.9925268 0.9042802 5.36442e-7 0.4269394 341.2861 -0.4269394 1.19209e-7 0.9042802 75.51963 0 0 0 1 4.17232e-7 -1 3.27826e-7 -3.120055 0.905995 5.36442e-7 0.4232884 361.6307 -0.4232884 1.19209e-7 0.905995 73.65364 0 0 0 1 4.17232e-7 -1 4.76837e-7 -4.718866 0.9062069 5.96046e-7 0.4228348 381.3214 -0.4228348 2.23517e-7 0.9062068 72.08393 0 0 0 1 5.36442e-7 -1 5.96046e-7 -5.354082 0.9060273 7.15256e-7 0.4232194 400 -0.4232194 2.98023e-7 0.9060272 71.418 0 0 0 1</float_array>
        <technique_common>
          <accessor source="#node-Bip001_matrix-output-array" count="21" stride="16">
            <param name="TRANSFORM" type="float4x4"/>
          </accessor>
        </technique_common>
      </source>
      <source id="node-Bip001_matrix-interpolation">
        <Name_array id="node-Bip001_matrix-interpolation-array" count="21">LINEAR LINEAR LINEAR LINEAR LINEAR LINEAR LINEAR LINEAR LINEAR LINEAR LINEAR LINEAR LINEAR LINEAR LINEAR LINEAR LINEAR LINEAR LINEAR LINEAR LINEAR</Name_array>
        <technique_common>
          <accessor source="#node-Bip001_matrix-interpolation-array" count="21" stride="1">
            <param name="INTERPOLATION" type="name"/>
          </accessor>
        </technique_common>
      </source>
      <source id="node-Bip001_Pelvis_matrix-input">
        <float_array id="node-Bip001_Pelvis_matrix-input-array" count="21">24.66667 24.7 24.73333 24.76667 24.8 24.83333 24.86667 24.9 24.93333 24.96667 25 25.03333 25.06667 25.1 25.13333 25.16667 25.2 25.23333 25.26667 25.3 25.33333</float_array>
        <technique_common>
          <accessor source="#node-Bip001_Pelvis_matrix-input-array" count="21" stride="1">
            <param name="TIME" type="float"/>
          </accessor>
        </technique_common>
      </source>
      <source id="node-Bip001_Pelvis_matrix-output">
        <float_array id="node-Bip001_Pelvis_matrix-output-array" count="336">0.1891386 0.9303665 -0.3140777 0 0.1244494 0.2945601 0.9474949 0 0.9740324 -0.2182947 -0.06007087 0 0 0 0 1 0.2080349 0.9352678 -0.2863491 0 0.1393905 0.2614183 0.9551076 0 0.9681385 -0.23861 -0.07598334 0 0 0 0 1 0.2458181 0.9417545 -0.2295042 0 0.1669162 0.1921061 0.9670752 0 0.9548364 -0.2760326 -0.1099709 0 0 0 0 1 0.2718307 0.9460929 -0.1761147 0 0.1823933 0.1290388 0.9747213 0 0.9449025 -0.2970812 -0.1374843 0 0 0 0 1 0.2701708 0.9532151 -0.1356055 0 0.1554868 0.09579885 0.9831818 0 0.9501746 -0.2867119 -0.1223303 0 0 0 0 1 0.2518425 0.9628868 -0.09707891 0 0.09513509 0.07519412 0.9926202 0 0.9630808 -0.2592196 -0.07266724 0 0 0 0 1 0.2228358 0.9731453 -0.05772858 0 0.03420269 0.05137664 0.9980935 0 0.9742558 -0.2243855 -0.02183562 0 0 0 0 1 0.1915868 0.9814317 -0.009304702 0 0.00611329 0.008286833 0.999947 0 0.9814568 -0.1916335 -0.004412114 0 0 0 0 1 0.1764742 0.9823992 0.06122344 0 0.05881345 -0.0726127 0.9956246 0 0.9825466 -0.1721013 -0.07059258 0 0 0 0 1 0.189609 0.9731022 0.1308461 0 0.1537845 -0.1610515 0.9748911 0 0.9697416 -0.164726 -0.1801849 0 0 0 0 1 0.2046632 0.9655194 0.1608888 0 0.2035011 -0.2027477 0.9578521 0 0.9574446 -0.1632961 -0.2379792 0 0 0 0 1 0.1910071 0.9651178 0.1790644 0 0.1130177 -0.2028329 0.9726694 0 0.9750607 -0.1655493 -0.147818 0 0 0 0 1 0.1641458 0.966795 0.1958662 0 -0.05585747 -0.1891311 0.9803618 0 0.9848533 -0.1718629 0.02295762 0 0 0 0 1 0.1606283 0.9733525 0.1636572 0 -0.1485304 -0.1400846 0.9789357 0 0.9757753 -0.1815527 0.1220709 0 0 0 0 1 0.1827679 0.9794821 0.08491647 0 -0.1342111 -0.06070625 0.9890915 0 0.9739523 -0.1921709 0.1203623 0 0 0 0 1 0.2027565 0.9792212 -0.003991663 0 -0.0945205 0.02362829 0.9952425 0 0.9746568 -0.2014146 0.09734725 0 0 0 0 1 0.2137716 0.9722185 -0.09535586 0 -0.03980708 0.1062006 0.9935476 0 0.9760722 -0.2085964 0.06140387 0 0 0 0 1 0.2135925 0.9601227 -0.1803957 0 0.01909774 0.180518 0.9833862 0 0.9767362 -0.2134891 0.02022111 0 0 0 0 1 0.2048903 0.9462342 -0.2503214 0 0.07192552 0.2405 0.9679806 0 0.9761387 -0.2163344 -0.01878219 0 0 0 0 1 0.1941117 0.9348574 -0.2972583 0 0.1097248 0.2804294 0.9535826 0 0.9748237 -0.217718 -0.04814237 0 0 0 0 1 0.1891387 0.9303666 -0.3140775 0 0.1244494 0.2945599 0.947495 0 0.9740323 -0.2182947 -0.06007093 0 0 0 0 1</float_array>
        <technique_common>
          <accessor source="#node-Bip001_Pelvis_matrix-output-array" count="21" stride="16">
            <param name="TRANSFORM" type="float4x4"/>
          </accessor>
        </technique_common>
      </source>
      <source id="node-Bip001_Pelvis_matrix-interpolation">
        <Name_array id="node-Bip001_Pelvis_matrix-interpolation-array" count="21">LINEAR LINEAR LINEAR LINEAR LINEAR LINEAR LINEAR LINEAR LINEAR LINEAR LINEAR LINEAR LINEAR LINEAR LINEAR LINEAR LINEAR LINEAR LINEAR LINEAR LINEAR</Name_array>
        <technique_common>
          <accessor source="#node-Bip001_Pelvis_matrix-interpolation-array" count="21" stride="1">
            <param name="INTERPOLATION" type="name"/>
          </accessor>
        </technique_common>
      </source>
      <source id="node-Bip001_Spine_matrix-input">
        <float_array id="node-Bip001_Spine_matrix-input-array" count="21">24.66667 24.7 24.73333 24.76667 24.8 24.83333 24.86667 24.9 24.93333 24.96667 25 25.03333 25.06667 25.1 25.13333 25.16667 25.2 25.23333 25.26667 25.3 25.33333</float_array>
        <technique_common>
          <accessor source="#node-Bip001_Spine_matrix-input-array" count="21" stride="1">
            <param name="TIME" type="float"/>
          </accessor>
        </technique_common>
      </source>
      <source id="node-Bip001_Spine_matrix-output">
        <float_array id="node-Bip001_Spine_matrix-output-array" count="336">0.9991542 -0.03554534 -0.02067303 16.79284 0.04106628 0.8882226 0.4575743 -2.097279 0.002097606 -0.4580361 0.8889312 -1.551689 0 0 0 1 0.9998527 -0.01692473 -0.002817213 16.72554 0.01653444 0.9066142 0.4216365 -2.432468 -0.004581868 -0.421621 0.9067605 -1.773322 0 0 0 1 0.9992508 0.02399593 0.03036469 16.56532 -0.03287756 0.9402441 0.3389101 -3.05431 -0.02041774 -0.3396545 0.9403285 -2.250859 0 0 0 1 0.9969692 0.06022399 0.04924821 16.4418 -0.0705502 0.9666787 0.2460797 -3.402962 -0.0327872 -0.2488083 0.9679977 -2.624987 0 0 0 1 0.9969367 0.07472854 0.02308666 16.52792 -0.07754027 0.9829624 0.1666509 -3.215557 -0.01023977 -0.1679306 0.9857456 -2.299879 0 0 0 1 0.9967821 0.07288628 -0.03336709 16.71455 -0.06968694 0.9936205 0.0886693 -2.734245 0.039617 -0.08605873 0.9955022 -1.394794 0 0 0 1 0.9959859 0.06032377 -0.06613171 16.85364 -0.06040775 0.9981736 7.29434e-4 -2.127727 0.06605494 0.003268361 0.9978108 -0.4686174 0 0 0 1 0.9980885 0.0483601 -0.03847759 16.92168 -0.05217021 0.9930911 -0.1051124 -1.559696 0.03312849 0.1069189 0.9937158 -0.09174776 0 0 0 1 0.995159 0.06373441 0.07480913 16.91393 -0.04424589 0.97025 -0.2380282 -1.227592 -0.08775413 0.2335659 0.9683731 -1.090428 0 0 0 1 0.9706924 0.1154008 0.2108055 16.71951 -0.03276306 0.9325216 -0.359625 -1.118546 -0.2380817 0.3421785 0.9089724 -2.824385 0 0 0 1 0.9501888 0.1503997 0.2729857 16.53717 -0.02567976 0.9106671 -0.412342 -1.107208 -0.3106153 0.3847925 0.8691679 -3.750141 0 0 0 1 0.9791461 0.09826904 0.1778086 16.81204 -0.02001416 0.9176298 -0.3969319 -1.146027 -0.2021686 0.3850957 0.9004605 -2.194598 0 0 0 1 0.9998556 6.45518e-4 -0.01697832 16.93234 -0.006459474 0.9386869 -0.3447106 -1.250107 0.01571476 0.3447706 0.9385555 0.7218475 0 0 0 1 0.9855484 -0.05457991 -0.1603608 16.77342 0.01400727 0.9696862 -0.2439516 -1.402969 0.1688145 0.2381799 0.9564371 2.343071 0 0 0 1 0.9769744 -0.06218028 -0.2040945 16.78082 0.04097688 0.9934656 -0.1065216 -1.572159 0.2093843 0.09570574 0.9731385 2.180061 0 0 0 1 0.9761107 -0.05219054 -0.2109124 16.82704 0.0611217 0.9974792 0.03604614 -1.728897 0.2084994 -0.04807639 0.9768401 1.639355 0 0 0 1 0.9828634 -0.03509753 -0.1809635 16.86978 0.0666002 0.9830049 0.1710723 -1.862244 0.1718837 -0.1801929 0.9684971 0.8757296 0 0 0 1 0.9909421 -0.02720904 -0.1315037 16.88062 0.06442975 0.9555194 0.2878047 -1.965469 0.1178235 -0.2936706 0.9486176 0.03422546 0 0 0 1 0.99648 -0.02821332 -0.07894086 16.8555 0.05614721 0.9238713 0.3785621 -2.037186 0.06225067 -0.3816619 0.9222034 -0.7446594 0 0 0 1 0.9987425 -0.03306287 -0.03768658 16.81473 0.04622822 0.8982364 0.4370747 -2.07988 0.01940053 -0.4382672 0.8986353 -1.321274 0 0 0 1 0.9991542 -0.03554528 -0.02067303 16.79285 0.04106628 0.8882227 0.457574 -2.097259 0.002097606 -0.4580359 0.8889312 -1.551697 0 0 0 1</float_array>
        <technique_common>
          <accessor source="#node-Bip001_Spine_matrix-output-array" count="21" stride="16">
            <param name="TRANSFORM" type="float4x4"/>
          </accessor>
        </technique_common>
      </source>
      <source id="node-Bip001_Spine_matrix-interpolation">
        <Name_array id="node-Bip001_Spine_matrix-interpolation-array" count="21">LINEAR LINEAR LINEAR LINEAR LINEAR LINEAR LINEAR LINEAR LINEAR LINEAR LINEAR LINEAR LINEAR LINEAR LINEAR LINEAR LINEAR LINEAR LINEAR LINEAR LINEAR</Name_array>
        <technique_common>
          <accessor source="#node-Bip001_Spine_matrix-interpolation-array" count="21" stride="1">
            <param name="INTERPOLATION" type="name"/>
          </accessor>
        </technique_common>
      </source>
      <source id="node-Bip001_Spine1_matrix-input">
        <float_array id="node-Bip001_Spine1_matrix-input-array" count="21">24.66667 24.7 24.73333 24.76667 24.8 24.83333 24.86667 24.9 24.93333 24.96667 25 25.03333 25.06667 25.1 25.13333 25.16667 25.2 25.23333 25.26667 25.3 25.33333</float_array>
        <technique_common>
          <accessor source="#node-Bip001_Spine1_matrix-input-array" count="21" stride="1">
            <param name="TIME" type="float"/>
          </accessor>
        </technique_common>
      </source>
      <source id="node-Bip001_Spine1_matrix-output">
