<?xml version="1.0" encoding="utf-8"?>
<COLLADA xmlns="http://www.collada.org/2005/11/COLLADASchema" version="1.4.1">
  <asset>
    <contributor>
      <author>Jesse Oliger</author>
      <authoring_tool>OpenCOLLADA for 3ds Max;  Version: 1.3.0;  Revision: 839M;  Platform: x64;  Configuration: Release_Max2012</authoring_tool>
      <source_data>file:///C:/Users/Jesse%20Oliger/Documents/3dsMax/scenes/Zombies/Animations/Zombie_TP_Animation_Master_16.max</source_data>
    </contributor>
    <created>2011-10-11T14:54:06</created>
    <modified>2011-10-11T14:54:06</modified>
    <unit name="centimeter" meter="0.01"/>
    <up_axis>Z_UP</up_axis>
  </asset>
  <library_effects>
    <effect id="ShapeBounds">
      <profile_COMMON>
        <technique sid="common">
          <blinn>
            <emission>
              <color>0 0 0 1</color>
            </emission>
            <ambient>
              <color>0.1647059 1 0 1</color>
            </ambient>
            <diffuse>
              <color>0.1647059 1 0 1</color>
            </diffuse>
            <specular>
              <color>0.9 0.9 0.9 1</color>
            </specular>
            <shininess>
              <float>10</float>
            </shininess>
            <reflective>
              <color>0 0 0 1</color>
            </reflective>
            <transparent opaque="A_ONE">
              <color>1 1 1 1</color>
            </transparent>
            <transparency>
              <float>1</float>
            </transparency>
          </blinn>
        </technique>
      </profile_COMMON>
      <extra>
        <technique profile="OpenCOLLADA3dsMax">
          <extended_shader>
            <apply_reflection_dimming>0</apply_reflection_dimming>
            <dim_level>0</dim_level>
            <falloff_type>0</falloff_type>
            <index_of_refraction>1.5</index_of_refraction>
            <opacity_type>0</opacity_type>
            <reflection_level>3</reflection_level>
            <wire_size>1</wire_size>
            <wire_units>0</wire_units>
          </extended_shader>
          <shader>
            <ambient_diffuse_lock>1</ambient_diffuse_lock>
            <ambient_diffuse_texture_lock>1</ambient_diffuse_texture_lock>
            <diffuse_specular_lock>0</diffuse_specular_lock>
            <soften>0.1</soften>
            <use_self_illum_color>0</use_self_illum_color>
          </shader>
        </technique>
      </extra>
    </effect>
  </library_effects>
  <library_materials>
    <material id="ShapeBounds-material" name="ShapeBounds">
      <instance_effect url="#ShapeBounds"/>
    </material>
  </library_materials>
  <library_geometries>
    <geometry id="geom-Bounds" name="Bounds">
      <mesh>
        <source id="geom-Bounds-positions">
          <float_array id="geom-Bounds-positions-array" count="24">-42.5 -42.5 0 42.5 -42.5 0 -42.5 42.5 0 42.5 42.5 0 -42.5 -42.5 184 42.5 -42.5 184 -42.5 42.5 184 42.5 42.5 184</float_array>
          <technique_common>
            <accessor source="#geom-Bounds-positions-array" count="8" stride="3">
              <param name="X" type="float"/>
              <param name="Y" type="float"/>
              <param name="Z" type="float"/>
            </accessor>
          </technique_common>
        </source>
        <source id="geom-Bounds-normals">
          <float_array id="geom-Bounds-normals-array" count="72">0 0 -1 0 0 -1 0 0 -1 0 0 -1 0 0 1 0 0 1 0 0 1 0 0 1 0 -1 0 0 -1 0 0 -1 0 0 -1 0 1 0 0 1 0 0 1 0 0 1 0 0 0 1 0 0 1 0 0 1 0 0 1 0 -1 0 0 -1 0 0 -1 0 0 -1 0 0</float_array>
          <technique_common>
            <accessor source="#geom-Bounds-normals-array" count="24" stride="3">
              <param name="X" type="float"/>
              <param name="Y" type="float"/>
              <param name="Z" type="float"/>
            </accessor>
          </technique_common>
        </source>
        <source id="geom-Bounds-map1">
          <float_array id="geom-Bounds-map1-array" count="36">0 0 0 1 0 0 0 1 0 1 1 0 0 0 0 1 0 0 0 1 0 1 1 0 0 0 0 1 0 0 0 1 0 1 1 0</float_array>
          <technique_common>
            <accessor source="#geom-Bounds-map1-array" count="12" stride="3">
              <param name="S" type="float"/>
              <param name="T" type="float"/>
              <param name="P" type="float"/>
            </accessor>
          </technique_common>
        </source>
        <vertices id="geom-Bounds-vertices">
          <input semantic="POSITION" source="#geom-Bounds-positions"/>
        </vertices>
        <triangles material="ShapeBounds" count="12">
          <input semantic="VERTEX" source="#geom-Bounds-vertices" offset="0"/>
          <input semantic="NORMAL" source="#geom-Bounds-normals" offset="1"/>
          <input semantic="TEXCOORD" source="#geom-Bounds-map1" offset="2" set="0"/>
          <p>0 0 9 2 1 11 3 2 10 3 2 10 1 3 8 0 0 9 4 4 8 5 5 9 7 6 11 7 6 11 6 7 10 4 4 8 0 8 4 1 9 5 5 10 7 5 10 7 4 11 6 0 8 4 1 12 0 3 13 1 7 14 3 7 14 3 5 15 2 1 12 0 3 16 4 2 17 5 6 18 7 6 18 7 7 19 6 3 16 4 2 20 0 0 21 1 4 22 3 4 22 3 6 23 2 2 20 0</p>
        </triangles>
      </mesh>
      <extra>
        <technique profile="OpenCOLLADA3dsMax">
          <max_box>
            <generateuvs>1</generateuvs>
            <height>184</height>
            <heightsegments>1</heightsegments>
            <length>85</length>
            <lengthsegments>1</lengthsegments>
            <width>85</width>
            <widthsegments>1</widthsegments>
          </max_box>
        </technique>
      </extra>
    </geometry>
  </library_geometries>
  <library_lights>
    <light id="EnvironmentAmbientLight" name="EnvironmentAmbientLight">
      <technique_common>
        <ambient>
          <color>0 0 0</color>
        </ambient>
      </technique_common>
    </light>
  </library_lights>
  <library_visual_scenes>
    <visual_scene id="MaxScene">
      <node name="EnvironmentAmbientLight">
        <instance_light url="#EnvironmentAmbientLight"/>
      </node>
      <node id="node-Bip001" name="Bip001">
        <matrix sid="matrix">0 -1 -2.84217e-14 5.366391 1 0 -5.52335e-7 -9.603625 5.52335e-7 0 1 81.70447 0 0 0 1</matrix>
        <node id="node-Bip001_Pelvis" name="Bip001_Pelvis">
          <matrix sid="matrix">-0.09755175 0.9909257 -0.09246606 0 -0.05080302 0.08782993 0.9948392 0 0.993933 0.1017459 0.04177406 0 0 0 0 1</matrix>
          <node id="node-Bip001_Spine" name="Bip001_Spine">
            <matrix sid="matrix">0.9845743 -0.04953158 -0.1678097 16.6356 0.06113001 0.9960327 0.06466829 3.416399 0.1639408 -0.07392894 0.9836959 0.5477293 0 0 0 1</matrix>
            <node id="node-Bip001_Spine1" name="Bip001_Spine1">
              <matrix sid="matrix">0.9763369 -0.1871565 0.108345 13.2795 0.1906984 0.981374 -0.02321558 -0.0103755 -0.1019821 0.04332746 0.9938423 -4.55856e-4 0 0 0 1</matrix>
              <node id="node-Bip001_Spine2" name="Bip001_Spine2">
                <matrix sid="matrix">0.982893 -0.09823729 0.1557907 13.27855 0.1008197 0.9948664 -0.008742888 -0.01051712 -0.154132 0.0243001 0.9877514 -2.56538e-4 0 0 0 1</matrix>
                <node id="node-Bip001_Neck" name="Bip001_Neck">
                  <matrix sid="matrix">0.8724885 -0.4820433 -0.07998851 18.0517 0.4800378 0.8761474 -0.04392553 -1.344257 0.09125571 -7.29933e-5 0.9958275 0 0 0 0 1</matrix>
                  <node id="node-Bip001_Neck1" name="Bip001_Neck1">
                    <matrix sid="matrix">0.9791821 0.1608511 -0.1238125 3.789421 -0.1617547 0.9868273 0.002785865 -0.002983093 0.1226297 0.0172994 0.9923018 -5.19753e-5 0 0 0 1</matrix>
                    <node id="node-Bip001_Head" name="Bip001_Head">
                      <matrix sid="matrix">0.9371939 0.3241599 -0.1287945 3.889839 -0.3006288 0.9379127 0.1730374 1.155762 0.1768898 -0.1234502 0.976458 3.8147e-6 0 0 0 1</matrix>
                      <node id="node-Bip001_Jaw" name="Bip001_Jaw">
                        <matrix sid="matrix">-0.4729836 -0.8502632 0.2309528 3.121658 0.8770578 -0.4793571 0.03141012 0.05282211 0.08400198 0.2174154 0.9724578 0.3037567 0 0 0 1</matrix>
                        <node id="node-Bip001_Tongue1" name="Bip001_Tongue1">
                          <matrix sid="matrix">0.9397145 0.3314822 0.08400046 3.477509 -0.3419272 0.914229 0.2174192 -0.5770416 -0.00472505 -0.2330341 0.9724572 -0.4837236 0 0 0 1</matrix>
                          <node id="node-Bip001_Tongue2" name="Bip001_Tongue2">
                            <matrix sid="matrix">0.9452652 -0.3263031 -8.9407e-7 2.059479 0.3263029 0.9452653 -1.63913e-7 -0.001525879 8.9407e-7 -1.63913e-7 1 0 0 0 0 1</matrix>
                            <node id="node-Bip001_Tongue3" name="Bip001_Tongue3">
                              <matrix sid="matrix">0.7031753 -0.7056174 -0.08745778 2.030182 0.7002395 0.7085932 -0.08695185 -0.001533508 0.1233268 -9.89856e-5 0.992366 0 0 0 0 1</matrix>
                              <node id="node-Bip001_Tongue4" name="Bip001_Tongue4">
                                <matrix sid="matrix">0.9473711 -0.1936728 -0.2549096 2.712631 0.2008188 0.9796262 0.002051472 -0.001930237 0.2493188 -0.05313417 0.9669628 1.04904e-4 0 0 0 1</matrix>
                              </node>
                            </node>
                          </node>
                        </node>
                      </node>
                    </node>
                  </node>
                  <node id="node-Bip001_L_Clavicle" name="Bip001_L_Clavicle">
                    <matrix sid="matrix">-0.323359 -0.4892133 0.8100058 -5.502419 0.04951601 -0.8635678 -0.5017958 3.783089 0.94498 -0.1221519 0.3034663 2.14953 0 0 0 1</matrix>
                    <node id="node-Bip001_L_UpperArm" name="Bip001_L_UpperArm">
                      <matrix sid="matrix">0.3891425 0.6489176 0.6538153 17.26101 -0.3325299 0.7608587 -0.5572416 0 -0.8590648 -5.66822e-4 0.5118669 1.52588e-5 0 0 0 1</matrix>
                      <node id="node-Bip001_L_Forearm" name="Bip001_L_Forearm">
                        <matrix sid="matrix">0.8598177 0.5106012 0 23.56343 -0.5106012 0.8598177 2.7474e-8 0 -2.98023e-8 -7.45058e-9 1 0 0 0 0 1</matrix>
                        <node id="node-Bip001_L_Hand" name="Bip001_L_Hand">
                          <matrix sid="matrix">0.8871939 0.2742349 0.3710551 25.02209 -0.4338082 0.2218686 0.873261 -3.8147e-6 0.1571531 -0.9357187 0.315806 0 0 0 0 1</matrix>
                          <node id="node-Bip001_L_Finger0" name="Bip001_L_Finger0">
                            <matrix>0.7051091 0.5090385 0.4936612 1.496597 0.5510458 0.0448032 -0.8332714 0.5334396 -0.4462847 0.8595771 -0.2489124 -2.579731 0 0 0 1</matrix>
                            <node id="node-Bip001_L_Finger01" name="Bip001_L_Finger01">
                              <matrix>0.9781498 -0.2079011 0 4.089424 0.2079012 0.9781498 5.96046e-8 7.62939e-6 2.98023e-8 -2.98023e-8 0.9999999 -3.8147e-6 0 0 0 1</matrix>
                              <node id="node-Bip001_L_Finger02" name="Bip001_L_Finger02">
                                <matrix>0.9115806 -0.4111217 0 4.089424 0.4111216 0.9115806 2.98023e-8 -3.8147e-6 0 8.9407e-8 1 -3.8147e-6 0 0 0 1</matrix>
                              </node>
                            </node>
                          </node>
                          <node id="node-Bip001_L_Finger1" name="Bip001_L_Finger1">
                            <matrix>0.960338 -0.2693585 0.07209155 10.48989 0.2737626 0.9599063 -0.06028265 0.477356 -0.05296353 0.07762775 0.9955747 -3.49511 0 0 0 1</matrix>
                            <node id="node-Bip001_L_Finger11" name="Bip001_L_Finger11">
                              <matrix sid="matrix">0.954066 -0.2995965 0 3.652714 0.2995965 0.9540659 -2.98023e-8 3.8147e-6 -2.98023e-8 1.49012e-8 1 -3.8147e-6 0 0 0 1</matrix>
                              <node id="node-Bip001_L_Finger12" name="Bip001_L_Finger12">
                                <matrix sid="matrix">0.9747835 -0.223152 0 3.018188 0.223152 0.9747837 0 0 -2.98023e-8 -4.09782e-8 0.9999999 7.62939e-6 0 0 0 1</matrix>
                              </node>
                            </node>
                          </node>
                          <node id="node-Bip001_L_Finger2" name="Bip001_L_Finger2">
                            <matrix>0.9028363 -0.4284188 -0.03666332 10.47829 0.4297601 0.9018335 0.04475126 0.2322388 0.01389185 -0.05615953 0.9983252 -0.7914391 0 0 0 1</matrix>
                            <node id="node-Bip001_L_Finger21" name="Bip001_L_Finger21">
                              <matrix sid="matrix">0.9577914 -0.2874642 0 4.07214 0.2874643 0.9577913 -2.98023e-8 0 0 -3.35276e-8 1 3.8147e-6 0 0 0 1</matrix>
                              <node id="node-Bip001_L_Finger22" name="Bip001_L_Finger22">
                                <matrix sid="matrix">0.9620118 -0.2730079 0 3.591618 0.2730078 0.9620119 -3.72529e-9 0 0 5.96046e-8 1 0 0 0 0 1</matrix>
                              </node>
                            </node>
                          </node>
                          <node id="node-Bip001_L_Finger3" name="Bip001_L_Finger3">
                            <matrix sid="matrix">0.7781103 -0.5962415 -0.1975866 10.11523 0.6192772 0.7808233 0.08252937 0.5977249 0.1050728 -0.1865778 0.9768052 1.599377 0 0 0 1</matrix>
                            <node id="node-Bip001_L_Finger31" name="Bip001_L_Finger31">
                              <matrix sid="matrix">0.8913192 -0.4533762 -2.98023e-8 3.93663 0.4533763 0.8913193 -5.3551e-8 1.90735e-6 -2.98023e-8 -1.49012e-8 1 0 0 0 0 1</matrix>
                              <node id="node-Bip001_L_Finger32" name="Bip001_L_Finger32">
                                <matrix sid="matrix">0.8000181 -0.5999759 0 3.743706 0.5999761 0.8000181 -1.49012e-8 -1.90735e-6 4.47035e-8 0 1 0 0 0 0 1</matrix>
                              </node>
                            </node>
                          </node>
                          <node id="node-Bip001_L_Finger4" name="Bip001_L_Finger4">
                            <matrix sid="matrix">0.6883656 -0.6103452 -0.3919592 9.522522 0.686878 0.7221559 0.08179098 1.343498 0.2331348 -0.3255301 0.9163398 3.938522 0 0 0 1</matrix>
                            <node id="node-Bip001_L_Finger41" name="Bip001_L_Finger41">
                              <matrix sid="matrix">0.6522291 -0.7580218 -2.98023e-8 3.039902 0.758022 0.6522291 -1.11759e-8 0 -4.47035e-8 0 1 1.90735e-6 0 0 0 1</matrix>
                              <node id="node-Bip001_L_Finger42" name="Bip001_L_Finger42">
                                <matrix sid="matrix">0.7012734 -0.7128924 -1.49012e-8 3.010353 0.7128924 0.7012734 0 0 -1.49012e-8 0 0.9999999 0 0 0 0 1</matrix>
                              </node>
                            </node>
                          </node>
                        </node>
                      </node>
                      <node id="node-Bip001_L_ForeTwist" name="Bip001_L_ForeTwist">
                        <matrix sid="matrix">0.8598177 0.5086811 -0.04423994 23.56343 -0.5106012 0.8565844 -0.07449705 0 -2.98023e-8 0.08664288 0.9962394 0 0 0 0 1</matrix>
                        <node id="node-Bip001_L_ForeTwist1" name="Bip001_L_ForeTwist1">
                          <matrix sid="matrix">0.9999999 0 0 8.340698 0 0.9962394 -0.0866428 0 -4.47035e-8 0.08664285 0.9962394 0 0 0 0 1</matrix>
                          <node id="node-Bip001_L_ForeTwist2" name="Bip001_L_ForeTwist2">
                            <matrix sid="matrix">0.9999999 2.98023e-8 2.98023e-8 8.340698 -2.98023e-8 0.9962394 -0.08664289 -1.90735e-6 0 0.08664285 0.9962394 -3.8147e-6 0 0 0 1</matrix>
                          </node>
                        </node>
                      </node>
                    </node>
                    <node id="node-Bip001_LUpArmTwist" name="Bip001_LUpArmTwist">
                      <matrix sid="matrix">0.3891425 0.4624265 0.7966996 17.26101 -0.3325299 0.8770716 -0.3466547 0 -0.8590648 -0.1300284 0.4950764 1.52588e-5 0 0 0 1</matrix>
                      <node id="node-Bip001_LUpArmTwist1" name="Bip001_LUpArmTwist1">
                        <matrix sid="matrix">1 -7.08678e-9 0 11.78172 0 0.9918362 -0.1275192 9.53674e-7 1.49012e-8 0.1275193 0.9918361 0 0 0 0 1</matrix>
                      </node>
                    </node>
                  </node>
                  <node id="node-Bip001_R_Clavicle" name="Bip001_R_Clavicle">
                    <matrix sid="matrix">-0.4190848 -0.4803052 -0.7705031 -5.801399 0.1804693 -0.8757544 0.4477559 3.783333 -0.8898309 0.04859557 0.4536957 -1.113118 0 0 0 1</matrix>
                    <node id="node-Bip001_R_UpperArm" name="Bip001_R_UpperArm">
                      <matrix sid="matrix">0.7017534 0.2697995 -0.6593561 17.261 -0.199609 0.9629075 0.1815644 3.8147e-6 0.6838852 0.004200026 0.7295778 -7.62939e-6 0 0 0 1</matrix>
                      <node id="node-Bip001_R_Forearm" name="Bip001_R_Forearm">
                        <matrix sid="matrix">0.9247333 0.3806156 0 23.56342 -0.3806156 0.9247333 -5.58794e-9 3.8147e-6 -4.47035e-8 1.49012e-8 1 0 0 0 0 1</matrix>
                        <node id="node-Bip001_R_Hand" name="Bip001_R_Hand">
                          <matrix sid="matrix">0.9862225 -0.1592037 -0.04493505 25.02209 -0.01079684 0.2091084 -0.9778327 0 0.165071 0.964846 0.2045087 0 0 0 0 1</matrix>
                          <node id="node-Bip001_R_Finger0" name="Bip001_R_Finger0">
                            <matrix>0.7051091 0.5090384 -0.4936612 1.496597 0.5510457 0.04480308 0.8332714 0.5334396 0.4462848 -0.8595772 -0.2489123 2.579734 0 0 0 1</matrix>
                            <node id="node-Bip001_R_Finger01" name="Bip001_R_Finger01">
                              <matrix>0.9781498 -0.2079012 -2.98023e-8 4.089432 0.2079011 0.9781498 1.49012e-8 3.8147e-6 -2.98023e-8 1.04308e-7 1 0 0 0 0 1</matrix>
                              <node id="node-Bip001_R_Finger02" name="Bip001_R_Finger02">
                                <matrix>0.9115807 -0.4111216 0 4.089417 0.4111216 0.9115806 -2.98023e-8 -3.8147e-6 0 2.98023e-8 1 -1.90735e-6 0 0 0 1</matrix>
                              </node>
                            </node>
                          </node>
                          <node id="node-Bip001_R_Finger1" name="Bip001_R_Finger1">
                            <matrix sid="matrix">0.9603379 -0.2693584 -0.07209152 10.48988 0.2737626 0.9599063 0.06028271 0.4773483 0.05296344 -0.07762779 0.9955748 3.495117 0 0 0 1</matrix>
                            <node id="node-Bip001_R_Finger11" name="Bip001_R_Finger11">
                              <matrix sid="matrix">0.954066 -0.2995966 0 3.652718 0.2995965 0.9540661 2.23517e-8 1.90735e-6 -2.98023e-8 4.47035e-8 1 9.53674e-7 0 0 0 1</matrix>
                              <node id="node-Bip001_R_Finger12" name="Bip001_R_Finger12">
                                <matrix sid="matrix">0.9747837 -0.2231521 0 3.018181 0.2231521 0.9747837 0 0 2.98023e-8 -4.47035e-8 1 0 0 0 0 1</matrix>
                              </node>
                            </node>
                          </node>
                          <node id="node-Bip001_R_Finger2" name="Bip001_R_Finger2">
                            <matrix sid="matrix">0.9028364 -0.4284183 0.03666331 10.47829 0.4297598 0.9018337 -0.04475123 0.2322311 -0.01389198 0.05615942 0.9983253 0.79144 0 0 0 1</matrix>
                            <node id="node-Bip001_R_Finger21" name="Bip001_R_Finger21">
                              <matrix sid="matrix">0.9577914 -0.2874643 -1.49012e-8 4.072144 0.2874643 0.9577914 -7.45058e-9 1.90735e-6 2.98023e-8 4.47035e-8 1 0 0 0 0 1</matrix>
                              <node id="node-Bip001_R_Finger22" name="Bip001_R_Finger22">
                                <matrix sid="matrix">0.9620117 -0.2730078 2.98023e-8 3.591621 0.2730078 0.9620119 0 -3.8147e-6 -2.98023e-8 -4.47035e-8 1 -9.53674e-7 0 0 0 1</matrix>
                              </node>
                            </node>
                          </node>
                          <node id="node-Bip001_R_Finger3" name="Bip001_R_Finger3">
                            <matrix sid="matrix">0.7781102 -0.5962415 0.1975865 10.11523 0.6192771 0.7808234 -0.0825293 0.5977249 -0.1050728 0.1865777 0.9768052 -1.599369 0 0 0 1</matrix>
                            <node id="node-Bip001_R_Finger31" name="Bip001_R_Finger31">
                              <matrix sid="matrix">0.8913193 -0.4533762 -7.45058e-9 3.936623 0.4533762 0.8913192 -1.86265e-8 3.8147e-6 1.49012e-8 -1.49012e-8 0.9999999 9.53674e-7 0 0 0 1</matrix>
                              <node id="node-Bip001_R_Finger32" name="Bip001_R_Finger32">
                                <matrix sid="matrix">0.800018 -0.5999759 3.35276e-8 3.743706 0.5999759 0.8000181 -2.98023e-8 -3.8147e-6 -3.49246e-8 7.45058e-9 1 -4.76837e-7 0 0 0 1</matrix>
                              </node>
                            </node>
                          </node>
                          <node id="node-Bip001_R_Finger4" name="Bip001_R_Finger4">
                            <matrix sid="matrix">0.6883655 -0.6103451 0.3919591 9.522522 0.686878 0.7221559 -0.08179094 1.343494 -0.2331349 0.3255301 0.9163399 -3.938519 0 0 0 1</matrix>
                            <node id="node-Bip001_R_Finger41" name="Bip001_R_Finger41">
                              <matrix sid="matrix">0.6522292 -0.7580218 0 3.039902 0.7580218 0.6522291 -2.23517e-8 -1.90735e-6 2.98023e-8 -7.45058e-9 0.9999999 0 0 0 0 1</matrix>
                              <node id="node-Bip001_R_Finger42" name="Bip001_R_Finger42">
                                <matrix sid="matrix">0.7012735 -0.7128925 -1.39698e-8 3.010351 0.7128925 0.7012735 0 7.62939e-6 -7.45058e-9 -2.23517e-8 1 0 0 0 0 1</matrix>
                              </node>
                            </node>
                          </node>
                        </node>
                      </node>
                      <node id="node-Bip001_R_ForeTwist" name="Bip001_R_ForeTwist">
                        <matrix sid="matrix">0.9247333 0.3801101 0.01960947 23.56342 -0.3806156 0.9235053 0.04764262 3.8147e-6 -4.47035e-8 -0.05152043 0.998672 0 0 0 0 1</matrix>
                        <node id="node-Bip001_R_ForeTwist1" name="Bip001_R_ForeTwist1">
                          <matrix sid="matrix">1 5.96046e-8 0 8.340706 -2.98023e-8 0.998672 0.05152047 9.53674e-7 -1.49012e-8 -0.05152044 0.998672 0 0 0 0 1</matrix>
                          <node id="node-Bip001_R_ForeTwist2" name="Bip001_R_ForeTwist2">
                            <matrix sid="matrix">1 0 2.98023e-8 8.340691 2.98023e-8 0.9986719 0.05152037 0 0 -0.0515204 0.9986719 0 0 0 0 1</matrix>
                          </node>
                        </node>
                      </node>
                    </node>
                    <node id="node-Bip001_RUpArmTwist" name="Bip001_RUpArmTwist">
                      <matrix sid="matrix">0.7017534 0.1596269 -0.6943066 17.261 -0.199609 0.9795947 0.02346699 3.8147e-6 0.6838852 0.1221218 0.7192968 -7.62939e-6 0 0 0 1</matrix>
                      <node id="node-Bip001_RUpArmTwist1" name="Bip001_RUpArmTwist1">
                        <matrix sid="matrix">1 7.45058e-9 1.49012e-8 11.7817 0 0.9967044 0.08112032 0 -2.98023e-8 -0.08112034 0.9967043 -3.8147e-6 0 0 0 1</matrix>
                      </node>
                    </node>
                  </node>
                </node>
              </node>
            </node>
            <node id="node-Bip001_L_Thigh" name="Bip001_L_Thigh">
              <matrix sid="matrix">-0.959541 -0.07249249 -0.2720771 -15.18065 -0.07178529 0.9973408 -0.01256556 -3.213419 0.2722645 0.007473959 -0.9621934 11.01428 0 0 0 1</matrix>
              <node id="node-Bip001_L_Calf" name="Bip001_L_Calf">
                <matrix sid="matrix">0.8808327 0.4734277 1.49012e-8 38.83283 -0.4734277 0.8808327 4.65661e-10 -9.53674e-7 0 0 0.9999999 0 0 0 0 1</matrix>
                <node id="node-Bip001_L_Foot" name="Bip001_L_Foot">
                  <matrix sid="matrix">0.9392383 -0.3206499 -0.1225376 37.30409 0.3084914 0.9450349 -0.1083615 1.90735e-6 0.1505484 0.06397542 0.9865304 0 0 0 0 1</matrix>
                  <node id="node-Bip001_L_Toe0" name="Bip001_L_Toe0">
                    <matrix sid="matrix">-0.3178753 -0.9478337 -0.02381248 8.488066 0.9478705 -0.3170964 -0.03149265 12.70344 0.02229893 -0.03258188 0.9992202 -0.2012491 0 0 0 1</matrix>
                  </node>
                </node>
              </node>
            </node>
            <node id="node-Bip001_R_Thigh" name="Bip001_R_Thigh">
              <matrix sid="matrix">-0.8949547 0.4456694 -0.02085393 -18.1746 0.4367825 0.8847238 0.1627414 -1.863317 0.09097882 0.1365376 -0.9864483 -6.950512 0 0 0 1</matrix>
              <node id="node-Bip001_R_Calf" name="Bip001_R_Calf">
                <matrix sid="matrix">0.6659172 0.7460257 0 38.83283 -0.7460257 0.6659173 3.72529e-9 0 -2.23517e-8 -1.49012e-8 1 0 0 0 0 1</matrix>
                <node id="node-Bip001_R_Foot" name="Bip001_R_Foot">
                  <matrix sid="matrix">0.9862567 -0.1565109 0.05294044 37.3041 0.1465084 0.9765617 0.1576794 0 -0.07637816 -0.147756 0.9860703 0 0 0 0 1</matrix>
                  <node id="node-Bip001_R_Toe0" name="Bip001_R_Toe0">
                    <matrix sid="matrix">-0.1256371 -0.991495 0.03395589 8.488066 0.9918473 -0.1247993 0.02576679 12.70343 -0.02131005 0.03691633 0.9990911 0.2012539 0 0 0 1</matrix>
                  </node>
                </node>
              </node>
            </node>
          </node>
        </node>
      </node>
      <node id="node-Bounds" name="Bounds">
        <matrix sid="matrix">0.9999915 0.001706907 0.003750479 5.366391 -0.001711356 0.9999978 0.001183292 -9.603625 -0.003748452 -0.0011897 0.9999923 -0.008934736 0 0 0 1</matrix>
        <instance_geometry url="#geom-Bounds">
          <bind_material>
            <technique_common>
              <instance_material symbol="ShapeBounds" target="#ShapeBounds-material"/>
            </technique_common>
          </bind_material>
        </instance_geometry>
      </node>
    </visual_scene>
  </library_visual_scenes>
  <library_animations>
    <animation>
      <source id="node-Bip001_matrix-input">
        <float_array id="node-Bip001_matrix-input-array" count="91">16.66667 16.7 16.73333 16.76667 16.8 16.83333 16.86667 16.9 16.93333 16.96667 17 17.03333 17.06667 17.1 17.13333 17.16667 17.2 17.23333 17.26667 17.3 17.33333 17.36667 17.4 17.43333 17.46667 17.5 17.53333 17.56667 17.6 17.63333 17.66667 17.7 17.73333 17.76667 17.8 17.83333 17.86667 17.9 17.93333 17.96667 18 18.03333 18.06667 18.1 18.13333 18.16667 18.2 18.23333 18.26667 18.3 18.33333 18.36667 18.4 18.43333 18.46667 18.5 18.53333 18.56667 18.6 18.63333 18.66667 18.7 18.73333 18.76667 18.8 18.83333 18.86667 18.9 18.93333 18.96667 19 19.03333 19.06667 19.1 19.13333 19.16667 19.2 19.23333 19.26667 19.3 19.33333 19.36667 19.4 19.43333 19.46667 19.5 19.53333 19.56667 19.6 19.63333 19.66667</float_array>
        <technique_common>
          <accessor source="#node-Bip001_matrix-input-array" count="91" stride="1">
            <param name="TIME" type="float"/>
          </accessor>
        </technique_common>
      </source>
      <source id="node-Bip001_matrix-output">
        <float_array id="node-Bip001_matrix-output-array" count="1456">0 -1 0 5.366391 1 0 -5.52335e-7 -9.603626 5.52335e-7 0 1 81.70447 0 0 0 1 8.36253e-4 -0.9999914 -0.004042387 6.30288 0.9997853 7.5233e-4 0.02070593 -8.385804 -0.02070271 -0.004058837 0.9997774 80.84516 0 0 0 1 0.00165981 -0.999975 -0.006871819 7.128807 0.9991835 0.00138098 0.04038023 -7.167981 -0.04036974 -0.006933212 0.9991608 80.11182 0 0 0 1 4.82619e-4 -0.9999619 -0.00872147 7.852013 0.9982553 -3.32594e-5 0.05904543 -5.950158 -0.05904346 -0.008734762 0.9982172 79.49343 0 0 0 1 -0.004024744 -0.9999433 -0.009863555 8.479987 0.9970591 -0.004767656 0.07648968 -4.732335 -0.07653236 -0.009526729 0.9970216 78.97942 0 0 0 1 -0.01257216 -0.9998651 -0.01057082 9.019907 0.9956498 -0.01349389 0.092193 -3.514513 -0.09232318 -0.009365797 0.9956851 78.55958 0 0 0 1 -0.02526116 -0.9996196 -0.01107293 9.47869 0.9940801 -0.02628886 0.1054211 -2.29669 -0.1056721 -0.008344292 0.994366 78.224 0 0 0 1 -0.04160928 -0.9990676 -0.01151967 9.863022 0.9924001 -0.04266238 0.115421 -1.078867 -0.1158048 -0.006629526 0.9932498 77.96305 0 0 0 1 -0.06063711 -0.9980881 -0.01196736 10.17941 0.990657 -0.06164431 0.12165 0.1389548 -0.1221552 -0.00447905 0.9925009 77.76728 0 0 0 1 -0.08102667 -0.9966348 -0.01240128 10.43419 0.9888957 -0.08194017 0.1239803 1.356778 -0.1245792 -0.002217888 0.9922072 77.6274 0 0 0 1 -0.1013355 -0.9947701 -0.01279395 10.6336 0.9871585 -0.1021398 0.1228226 2.574599 -0.123487 -1.8337e-4 0.9923462 77.53424 0 0 0 1 -0.1202133 -0.9926607 -0.01317256 10.78378 0.9854854 -0.1209255 0.1191449 3.792422 -0.1198634 0.001341402 0.9927895 77.47866 0 0 0 1 -0.1365566 -0.9905379 -0.01366668 10.89081 0.9839134 -0.1372215 0.1143873 5.010244 -0.1151803 0.002173423 0.9933422 77.45153 0 0 0 1 -0.1495512 -0.9886474 -0.01451563 10.96075 0.9824775 -0.1502374 0.1103027 6.228064 -0.1112313 0.002234578 0.9937921 77.44371 0 0 0 1 -0.1585707 -0.9872174 -0.01603275 10.99967 0.9812093 -0.159372 0.1087601 7.445885 -0.109925 0.001514613 0.9939388 77.44593 0 0 0 1 -0.1629317 -0.9864631 -0.01853895 11.01369 0.9801383 -0.1639831 0.1115284 8.663705 -0.1130588 7.6741e-7 0.9935883 77.4488 0 0 0 1 -0.1654086 -0.9860113 -0.0205298 11.03141 0.978995 -0.1666764 0.1174206 9.881525 -0.1191998 -6.76233e-4 0.99287 77.49039 0 0 0 1 -0.1672816 -0.9856564 -0.02232205 11.04965 0.9779846 -0.1687594 0.122745 11.09934 -0.1247515 -0.001297652 0.9921872 77.60883 0 0 0 1 -0.1686201 -0.9853913 -0.02390468 11.06763 0.9771174 -0.1702958 0.1274405 12.31716 -0.1296495 -0.001868665 0.9915581 77.79481 0 0 0 1 -0.1694915 -0.9852077 -0.02526879 11.08458 0.9764019 -0.171348 0.1314504 13.53498 -0.1338357 -0.002392768 0.9910007 78.03924 0 0 0 1 -0.1699601 -0.9850971 -0.0264067 11.09974 0.9758453 -0.1719753 0.1347233 14.7528 -0.1372568 -0.002871215 0.9905313 78.33321 0 0 0 1 -0.1700845 -0.9850509 -0.02731215 11.11237 0.9754532 -0.1722317 0.1372123 15.97062 -0.1398652 -0.003304004 0.9901651 78.66795 0 0 0 1 -0.1699172 -0.985061 -0.02797985 11.12171 0.9752293 -0.1721659 0.1388761 17.18844 -0.1416187 -0.003689348 0.9899144 79.03485 0 0 0 1 -0.1695016 -0.9851207 -0.0284053 11.12702 0.9751763 -0.1718181 0.1396779 18.40625 -0.1424801 -0.004024565 0.9897895 79.42536 0 0 0 1 -0.1688719 -0.9852235 -0.02858418 11.12755 0.9752947 -0.1712199 0.139586 19.62407 -0.1424176 -0.004305839 0.9897973 79.83103 0 0 0 1 -0.1680513 -0.985366 -0.02851271 11.12255 0.9755838 -0.1703928 0.1385742 20.84189 -0.1414046 -0.004528999 0.9899415 80.24346 0 0 0 1 -0.1670496 -0.9855453 -0.02818685 11.11126 0.9760411 -0.169346 0.1366213 22.05971 -0.1394199 -0.004688978 0.9902223 80.65425 0 0 0 1 -0.1658636 -0.9857623 -0.02760261 11.09293 0.9766633 -0.1680767 0.1337125 23.27752 -0.1364482 -0.004780411 0.9906357 81.05502 0 0 0 1 -0.1644735 -0.9860187 -0.02675586 11.06677 0.9774443 -0.1665664 0.12984 24.49534 -0.1324813 -0.00479716 0.9911739 81.43734 0 0 0 1 -0.1628426 -0.9863187 -0.02564287 11.03201 0.9783768 -0.1647813 0.1250036 25.71316 -0.1275188 -0.004732429 0.9918249 81.79277 0 0 0 1 -0.1609172 -0.9866697 -0.02426016 10.98785 0.979452 -0.1626713 0.1192131 26.93097 -0.1215704 -0.004578173 0.9925723 82.11273 0 0 0 1 -0.1586246 -0.9870802 -0.02260547 10.93346 0.980659 -0.160169 0.1124901 28.14879 -0.1146575 -0.004324555 0.9933957 82.38861 0 0 0 1 -0.1558729 -0.9875607 -0.02067846 10.86802 0.9819847 -0.1571887 0.1048707 29.36661 -0.1068167 -0.003959417 0.9942709 82.61161 0 0 0 1 -0.152551 -0.9881228 -0.01848113 10.79066 0.9834144 -0.1536272 0.09640949 30.58442 -0.09810364 -0.003467202 0.9951702 82.77279 0 0 0 1 -0.1485304 -0.9887782 -0.0160188 10.7005 0.9849312 -0.149365 0.08718287 31.80224 -0.08859711 -0.002828061 0.9960635 82.86303 0 0 0 1 -0.143666 -0.9895368 -0.01330155 10.59664 0.9865155 -0.1442663 0.07729452 33.02006 -0.07840472 -0.002017557 0.9969196 82.87299 0 0 0 1 -0.137803 -0.9904056 -0.01034587 10.35477 0.9881436 -0.1381872 0.0669071 34.33839 -0.06769484 -0.001003205 0.9977056 82.84941 0 0 0 1 -0.1308008 -0.9913827 -0.007180452 9.896128 0.9897822 -0.1309975 0.05631142 35.79997 -0.0567668 2.58496e-4 0.9983875 82.73221 0 0 0 1 -0.122562 -0.9924535 -0.003836333 9.247013 0.9913964 -0.1226086 0.04582881 37.38584 -0.04595333 0.00181353 0.998942 82.53273 0 0 0 1 -0.1130404 -0.9935904 -3.41613e-4 8.433136 0.992953 -0.1129802 0.03577512 39.07747 -0.03558439 0.003704786 0.9993598 82.26207 0 0 0 1 -0.1022419 -0.9947542 0.003282427 7.479689 0.9944203 -0.1021203 0.02645206 40.85671 -0.02597808 0.00596863 0.9996447 81.93112 0 0 0 1 -0.09022843 -0.9958964 0.007024347 6.411427 0.9957686 -0.09008884 0.01813763 42.70568 -0.01743036 0.008631169 0.9998108 81.55055 0 0 0 1 -0.07711064 -0.9969632 0.01088517 5.252749 0.9969703 -0.07699024 0.01107662 44.60676 -0.01020491 0.01170635 0.9998794 81.13091 0 0 0 1 -0.06304478 -0.9978997 0.01487934 4.027776 0.9980005 -0.06296956 0.005471527 46.54249 -0.004523098 0.01519453 0.9998744 80.68261 0 0 0 1 -0.04822182 -0.9986553 0.01903414 2.760417 0.9988365 -0.04820239 0.001475274 48.49559 -5.55817e-4 0.01908314 0.9998177 80.21597 0 0 0 1 -0.03285527 -0.9991865 0.0233879 1.474453 0.9994589 -0.03288328 -8.14942e-4 50.4488 0.001583337 0.02334845 0.9997261 79.74126 0 0 0 1 -0.01717102 -0.9994608 0.0279867 0.1935971 0.9998509 -0.01721584 -0.001360833 52.38495 0.001841902 0.02795916 0.9996074 79.26871 0 0 0 1 -0.001390695 -0.9994583 0.03288042 -1.058433 0.9999991 -0.001397609 -1.8435e-4 54.28681 2.30206e-4 0.03288012 0.9994593 78.80857 0 0 0 1 0.01427888 -0.9991712 0.03811842 -2.257839 0.999893 0.01438969 0.002633452 56.1371 -0.003179788 0.03807669 0.9992698 78.3711 0 0 0 1 0.02966016 -0.9986023 0.04374581 -3.380681 0.999526 0.02999234 0.006955564 57.91841 -0.008257865 0.04351878 0.9990185 77.96665 0 0 0 1 0.04461413 -0.9977623 0.04980045 -4.402797 0.9988944 0.04529333 0.01259344 59.61315 -0.01482093 0.04918354 0.9986798 77.60565 0 0 0 1 0.05904901 -0.9966655 0.05631107 -5.299733 0.9979983 0.0602191 0.01931279 61.20351 -0.02263939 0.05505794 0.9982265 77.29865 0 0 0 1 0.07292628 -0.9953268 0.06329637 -6.046669 0.9968416 0.0747441 0.02683895 62.6714 -0.0314446 0.06113916 0.9976338 77.05637 0 0 0 1 0.08626157 -0.9937561 0.07076531 -6.618328 0.9954312 0.08888953 0.03486245 63.99838 -0.04093503 0.06743466 0.9968836 76.88971 0 0 0 1 0.09912538 -0.9919565 0.07871806 -6.988917 0.9937784 0.1027231 0.04304242 65.16561 -0.05078238 0.07396167 0.9959673 76.80984 0 0 0 1 0.1116373 -0.9899205 0.08714693 -7.132013 0.9918975 0.1163508 0.05100923 66.15378 -0.06063473 0.08074629 0.9948887 76.82815 0 0 0 1 0.1228205 -0.9878912 0.09479486 -7.128538 0.9899738 0.1286711 0.05827265 67.30688 -0.06976443 0.08668732 0.9937899 76.95339 0 0 0 1 0.1324875 -0.986025 0.101003 -7.126172 0.9881032 0.1394171 0.06492257 68.3402 -0.0780968 0.09119999 0.9927656 77.16962 0 0 0 1 0.1407921 -0.9843623 0.1058698 -7.124667 0.9863382 0.1486992 0.07089138 69.26797 -0.08552557 0.09444248 0.9918498 77.46575 0 0 0 1 0.1478691 -0.9829272 0.1094935 -7.123779 0.9847208 0.1566191 0.07612669 70.10408 -0.0919758 0.09656375 0.9910681 77.83095 0 0 0 1 0.1538345 -0.9817317 0.1119729 -7.123268 0.9832845 0.1632695 0.08058965 70.86212 -0.09739917 0.09770375 0.990438 78.2546 0 0 0 1 0.1587867 -0.9807781 0.1134068 -7.122899 0.9820539 0.1687354 0.08425337 71.55548 -0.1017696 0.09799331 0.9899699 78.72629 0 0 0 1 0.1628054 -0.9800624 0.113895 -7.122435 0.9810467 0.1730912 0.08710169 72.19731 -0.1050793 0.09755569 0.9896672 79.23572 0 0 0 1 0.1659545 -0.9795755 0.1135379 -7.121644 0.9802744 0.1764034 0.08912819 72.80063 -0.1073363 0.09650701 0.9895278 79.77274 0 0 0 1 0.1682826 -0.9793053 0.1124367 -7.120295 0.9797425 0.1787293 0.09033519 73.37834 -0.1085615 0.09495711 0.9895441 80.32727 0 0 0 1 0.1698244 -0.9792377 0.110694 -7.118155 0.9794514 0.180118 0.09073305 73.94328 -0.1087872 0.09301066 0.9897042 80.88929 0 0 0 1 0.1706034 -0.9793574 0.1084135 -7.11499 0.979397 0.1806107 0.09033942 74.5082 -0.1080552 0.09076768 0.9899926 81.44882 0 0 0 1 0.1706323 -0.9796488 0.1057009 -7.11057 0.9795715 0.1802409 0.08917909 75.08592 -0.1064158 0.08832472 0.990391 81.99585 0 0 0 1 0.1699153 -0.9800964 0.1026634 -7.104656 0.9799633 0.1790351 0.08728349 75.68925 -0.1039266 0.08577555 0.9908793 82.52037 0 0 0 1 0.1684505 -0.9806845 0.09941065 -7.097012 0.9805579 0.1770138 0.08469039 76.3311 -0.1006516 0.08321171 0.9914358 83.01226 0 0 0 1 0.1662298 -0.9813975 0.09605437 -7.087396 0.981338 0.1741911 0.0814439 77.02446 -0.09666067 0.0807234 0.9920386 83.46138 0 0 0 1 0.1632419 -0.9822205 0.09270942 -7.075562 0.9822845 0.1705765 0.07759445 77.78253 -0.09202891 0.07840031 0.9926651 83.85738 0 0 0 1 0.1594735 -0.9831374 0.08949285 -7.061258 0.9833757 0.1661752 0.07319855 78.61866 -0.08683574 0.07633185 0.993294 84.18983 0 0 0 1 0.1549105 -0.9841322 0.08652508 -7.044231 0.9845888 0.160989 0.0683192 79.54647 -0.08116477 0.07460826 0.9939044 84.44806 0 0 0 1 0.1495398 -0.9851872 0.08392935 -7.024217 0.9858993 0.1550171 0.06302577 80.57983 -0.07510268 0.07332104 0.9944766 84.6212 0 0 0 1 0.1433498 -0.9862831 0.08183187 -7.000944 0.987282 0.148257 0.0573942 81.73274 -0.06873911 0.0725637 0.9949922 84.69811 0 0 0 1 0.1363644 -0.9874185 0.0800594 -6.924149 0.9886491 0.1407876 0.05245757 82.94703 -0.06306892 0.07199734 0.9954088 84.73229 0 0 0 1 0.1286587 -0.9886506 0.07756972 -6.805337 0.9899577 0.1326605 0.04883676 84.15531 -0.05857294 0.07050746 0.9957901 84.71033 0 0 0 1 0.1203994 -0.989934 0.07439476 -6.629656 0.9912077 0.1240197 0.04611313 85.35915 -0.05487537 0.06818866 0.9961621 84.63788 0 0 0 1 0.1117095 -0.991232 0.07056951 -6.382401 0.9923983 0.1149672 0.04391139 86.56006 -0.05163961 0.06512773 0.9965399 84.52043 0 0 0 1 0.1026853 -0.9925131 0.06613343 -6.048921 0.9935273 0.1055824 0.04190468 87.75955 -0.04857343 0.06140238 0.9969305 84.36325 0 0 0 1 0.09340274 -0.9937499 0.06113129 -5.614549 0.9945913 0.09593123 0.03981685 88.95906 -0.04543244 0.05708169 0.9973353 84.17149 0 0 0 1 0.08392244 -0.9949192 0.05561316 -5.064517 0.9955858 0.08607065 0.03742551 90.16008 -0.04202204 0.05222684 0.9977507 83.95019 0 0 0 1 0.07428729 -0.996001 0.04963356 -4.383888 0.996505 0.0760473 0.03456336 91.36406 -0.03819966 0.04689246 0.9981693 83.70431 0 0 0 1 0.06451767 -0.9969789 0.04325073 -3.557468 0.9973414 0.06589114 0.03112012 92.57247 -0.03387594 0.04112797 0.9985795 83.43873 0 0 0 1 0.05460608 -0.9978398 0.03652584 -2.569734 0.9980863 0.05560952 0.02704417 93.78676 -0.02901697 0.03497916 0.9989667 83.15831 0 0 0 1 0.04451048 -0.9985727 0.02952182 -1.404743 0.9987291 0.04517805 0.0223456 95.00844 -0.02364742 0.0284897 0.9993143 82.8679 0 0 0 1 0.03414779 -0.9991679 0.02230292 -0.04605102 0.9992573 0.03453254 0.01709967 96.23903 -0.01785564 0.02170246 0.999605 82.57237 0 0 0 1 0.02339226 -0.9996148 0.01493394 1.523387 0.9996566 0.02356439 0.01145482 97.48008 -0.01180231 0.01466089 0.9998229 82.27661 0 0 0 1 0.01207602 -0.9998991 0.007479012 3.321313 0.9999107 0.01211833 0.005643546 98.7332 -0.005733609 0.007410168 0.9999561 81.98562 0 0 0 1 3.57628e-7 -1 0 5.366391 1 3.57628e-7 1.7195e-7 100 -1.7195e-7 0 1 81.70447 0 0 0 1</float_array>
        <technique_common>
          <accessor source="#node-Bip001_matrix-output-array" count="91" stride="16">
            <param name="TRANSFORM" type="float4x4"/>
          </accessor>
        </technique_common>
      </source>
      <source id="node-Bip001_matrix-interpolation">
