<?xml version="1.0" encoding="utf-8"?>
<COLLADA xmlns="http://www.collada.org/2005/11/COLLADASchema" version="1.4.1">
  <asset>
    <contributor>
      <author>Jesse Oliger</author>
      <authoring_tool>OpenCOLLADA for 3ds Max;  Version: 1.3.0;  Revision: 839M;  Platform: x64;  Configuration: Release_Max2012</authoring_tool>
      <source_data>file:///C:/Users/Jesse%20Oliger/Documents/3dsMax/scenes/Zombies/Animations/Zombie_TP_Animation_Master_16.max</source_data>
    </contributor>
    <created>2011-10-11T14:54:14</created>
    <modified>2011-10-11T14:54:14</modified>
    <unit name="centimeter" meter="0.01"/>
    <up_axis>Z_UP</up_axis>
  </asset>
  <library_effects>
    <effect id="ShapeBounds">
      <profile_COMMON>
        <technique sid="common">
          <blinn>
            <emission>
              <color>0 0 0 1</color>
            </emission>
            <ambient>
              <color>0.1647059 1 0 1</color>
            </ambient>
            <diffuse>
              <color>0.1647059 1 0 1</color>
            </diffuse>
            <specular>
              <color>0.9 0.9 0.9 1</color>
            </specular>
            <shininess>
              <float>10</float>
            </shininess>
            <reflective>
              <color>0 0 0 1</color>
            </reflective>
            <transparent opaque="A_ONE">
              <color>1 1 1 1</color>
            </transparent>
            <transparency>
              <float>1</float>
            </transparency>
          </blinn>
        </technique>
      </profile_COMMON>
      <extra>
        <technique profile="OpenCOLLADA3dsMax">
          <extended_shader>
            <apply_reflection_dimming>0</apply_reflection_dimming>
            <dim_level>0</dim_level>
            <falloff_type>0</falloff_type>
            <index_of_refraction>1.5</index_of_refraction>
            <opacity_type>0</opacity_type>
            <reflection_level>3</reflection_level>
            <wire_size>1</wire_size>
            <wire_units>0</wire_units>
          </extended_shader>
          <shader>
            <ambient_diffuse_lock>1</ambient_diffuse_lock>
            <ambient_diffuse_texture_lock>1</ambient_diffuse_texture_lock>
            <diffuse_specular_lock>0</diffuse_specular_lock>
            <soften>0.1</soften>
            <use_self_illum_color>0</use_self_illum_color>
          </shader>
        </technique>
      </extra>
    </effect>
  </library_effects>
  <library_materials>
    <material id="ShapeBounds-material" name="ShapeBounds">
      <instance_effect url="#ShapeBounds"/>
    </material>
  </library_materials>
  <library_geometries>
    <geometry id="geom-Bounds" name="Bounds">
      <mesh>
        <source id="geom-Bounds-positions">
          <float_array id="geom-Bounds-positions-array" count="24">-42.5 -42.5 0 42.5 -42.5 0 -42.5 42.5 0 42.5 42.5 0 -42.5 -42.5 184 42.5 -42.5 184 -42.5 42.5 184 42.5 42.5 184</float_array>
          <technique_common>
            <accessor source="#geom-Bounds-positions-array" count="8" stride="3">
              <param name="X" type="float"/>
              <param name="Y" type="float"/>
              <param name="Z" type="float"/>
            </accessor>
          </technique_common>
        </source>
        <source id="geom-Bounds-normals">
          <float_array id="geom-Bounds-normals-array" count="72">0 0 -1 0 0 -1 0 0 -1 0 0 -1 0 0 1 0 0 1 0 0 1 0 0 1 0 -1 0 0 -1 0 0 -1 0 0 -1 0 1 0 0 1 0 0 1 0 0 1 0 0 0 1 0 0 1 0 0 1 0 0 1 0 -1 0 0 -1 0 0 -1 0 0 -1 0 0</float_array>
          <technique_common>
            <accessor source="#geom-Bounds-normals-array" count="24" stride="3">
              <param name="X" type="float"/>
              <param name="Y" type="float"/>
              <param name="Z" type="float"/>
            </accessor>
          </technique_common>
        </source>
        <source id="geom-Bounds-map1">
          <float_array id="geom-Bounds-map1-array" count="36">0 0 0 1 0 0 0 1 0 1 1 0 0 0 0 1 0 0 0 1 0 1 1 0 0 0 0 1 0 0 0 1 0 1 1 0</float_array>
          <technique_common>
            <accessor source="#geom-Bounds-map1-array" count="12" stride="3">
              <param name="S" type="float"/>
              <param name="T" type="float"/>
              <param name="P" type="float"/>
            </accessor>
          </technique_common>
        </source>
        <vertices id="geom-Bounds-vertices">
          <input semantic="POSITION" source="#geom-Bounds-positions"/>
        </vertices>
        <triangles material="ShapeBounds" count="12">
          <input semantic="VERTEX" source="#geom-Bounds-vertices" offset="0"/>
          <input semantic="NORMAL" source="#geom-Bounds-normals" offset="1"/>
          <input semantic="TEXCOORD" source="#geom-Bounds-map1" offset="2" set="0"/>
          <p>0 0 9 2 1 11 3 2 10 3 2 10 1 3 8 0 0 9 4 4 8 5 5 9 7 6 11 7 6 11 6 7 10 4 4 8 0 8 4 1 9 5 5 10 7 5 10 7 4 11 6 0 8 4 1 12 0 3 13 1 7 14 3 7 14 3 5 15 2 1 12 0 3 16 4 2 17 5 6 18 7 6 18 7 7 19 6 3 16 4 2 20 0 0 21 1 4 22 3 4 22 3 6 23 2 2 20 0</p>
        </triangles>
      </mesh>
      <extra>
        <technique profile="OpenCOLLADA3dsMax">
          <max_box>
            <generateuvs>1</generateuvs>
            <height>184</height>
            <heightsegments>1</heightsegments>
            <length>85</length>
            <lengthsegments>1</lengthsegments>
            <width>85</width>
            <widthsegments>1</widthsegments>
          </max_box>
        </technique>
      </extra>
    </geometry>
  </library_geometries>
  <library_lights>
    <light id="EnvironmentAmbientLight" name="EnvironmentAmbientLight">
      <technique_common>
        <ambient>
          <color>0 0 0</color>
        </ambient>
      </technique_common>
    </light>
  </library_lights>
  <library_visual_scenes>
    <visual_scene id="MaxScene">
      <node name="EnvironmentAmbientLight">
        <instance_light url="#EnvironmentAmbientLight"/>
      </node>
      <node id="node-Bip001" name="Bip001">
        <matrix sid="matrix">3.57628e-7 -0.9999999 0 5.366391 0.9999999 3.57628e-7 0 -9.603625 0 0 1 82.08784 0 0 0 1</matrix>
        <node id="node-Bip001_Pelvis" name="Bip001_Pelvis">
          <matrix>-0.09997933 0.9949694 -0.006313412 0 0.1153339 0.01789127 0.9931656 0 0.9882825 0.09856789 -0.1165424 0 0 0 0 1</matrix>
          <node id="node-Bip001_Spine" name="Bip001_Spine">
            <matrix sid="matrix">0.9987718 -0.04949991 -0.002166368 16.53589 0.04948995 0.9987649 -0.004432455 3.369611 0.002383076 0.004319794 0.9999879 -1.98115 0 0 0 1</matrix>
            <node id="node-Bip001_Spine1" name="Bip001_Spine1">
              <matrix sid="matrix">0.976337 -0.1871565 0.1083451 13.27949 0.1906984 0.9813741 -0.02321559 -0.01037741 -0.1019821 0.04332746 0.9938422 -4.55856e-4 0 0 0 1</matrix>
              <node id="node-Bip001_Spine2" name="Bip001_Spine2">
                <matrix sid="matrix">0.982893 -0.09823729 0.1557907 13.27856 0.1008197 0.9948664 -0.008742886 -0.01051712 -0.154132 0.02430009 0.9877514 -2.56062e-4 0 0 0 1</matrix>
                <node id="node-Bip001_Neck" name="Bip001_Neck">
                  <matrix>0.8724885 -0.4820433 -0.07998852 18.05172 0.4800377 0.8761474 -0.04392553 -1.344257 0.09125571 -7.29933e-5 0.9958275 -2.86102e-6 0 0 0 1</matrix>
                  <node id="node-Bip001_Neck1" name="Bip001_Neck1">
                    <matrix sid="matrix">0.9791822 0.1608511 -0.1238125 3.789429 -0.1617547 0.9868271 0.002785864 -0.002983093 0.1226297 0.0172994 0.9923018 -5.19753e-5 0 0 0 1</matrix>
                    <node id="node-Bip001_Head" name="Bip001_Head">
                      <matrix sid="matrix">0.705549 0.6808592 -0.1965494 3.889854 -0.6638052 0.73207 0.1530891 1.155754 0.24812 0.02245866 0.968469 3.8147e-6 0 0 0 1</matrix>
                      <node id="node-Bip001_Jaw" name="Bip001_Jaw">
                        <matrix sid="matrix">-0.593399 -0.7710632 0.2309528 3.120956 0.7966224 -0.6036609 0.03141003 0.05389595 0.1151981 0.2026208 0.9724579 0.303875 0 0 0 1</matrix>
                        <node id="node-Bip001_Tongue1" name="Bip001_Tongue1">
                          <matrix sid="matrix">0.8788933 0.4628995 0.1151971 3.352837 -0.4769947 0.8552303 0.2026249 -1.084335 -0.004725168 -0.2330341 0.9724571 -0.4837255 0 0 0 1</matrix>
                          <node id="node-Bip001_Tongue2" name="Bip001_Tongue2">
                            <matrix sid="matrix">0.8968382 -0.4423588 -1.23773e-6 2.059666 0.4423589 0.8968383 -2.98023e-7 -0.001434326 1.2517e-6 -2.98023e-7 1 7.62939e-6 0 0 0 1</matrix>
                            <node id="node-Bip001_Tongue3" name="Bip001_Tongue3">
                              <matrix sid="matrix">0.6936795 -0.7097927 -0.1224879 2.03019 0.7028896 0.7042145 -0.1001417 -0.001525879 0.1573376 -0.01662912 0.9874049 3.43323e-5 0 0 0 1</matrix>
                              <node id="node-Bip001_Tongue4" name="Bip001_Tongue4">
                                <matrix sid="matrix">0.9602273 -0.24756 -0.1291428 2.712738 0.2497814 0.9683018 0.001039374 -0.001911163 0.1247918 -0.0332555 0.9916256 6.48499e-5 0 0 0 1</matrix>
                              </node>
                            </node>
                          </node>
                        </node>
                      </node>
                    </node>
                  </node>
                  <node id="node-Bip001_L_Clavicle" name="Bip001_L_Clavicle">
                    <matrix>-0.323359 -0.4892134 0.8100058 -5.502419 0.04951605 -0.8635677 -0.5017958 3.783073 0.94498 -0.1221519 0.3034663 2.149531 0 0 0 1</matrix>
                    <node id="node-Bip001_L_UpperArm" name="Bip001_L_UpperArm">
                      <matrix sid="matrix">0.3827683 0.3413024 0.8584877 17.26101 -0.2364656 0.934495 -0.2660887 -3.8147e-6 -0.8930691 -0.1011525 0.4384014 -1.52588e-5 0 0 0 1</matrix>
                      <node id="node-Bip001_L_Forearm" name="Bip001_L_Forearm">
                        <matrix sid="matrix">0.8038213 0.5948709 1.49012e-8 23.56345 -0.5948709 0.8038212 -2.32831e-9 0 -2.98023e-8 -7.45058e-9 1 0 0 0 0 1</matrix>
                        <node id="node-Bip001_L_Hand" name="Bip001_L_Hand">
                          <matrix sid="matrix">0.9862226 -0.128854 0.1037384 25.02209 -0.01079687 0.5756313 0.817638 0 -0.1650711 -0.8074932 0.5663095 0 0 0 0 1</matrix>
                          <node id="node-Bip001_L_Finger0" name="Bip001_L_Finger0">
                            <matrix>0.705109 0.5090383 0.4936611 1.496597 0.5510455 0.04480311 -0.8332713 0.5334396 -0.4462847 0.8595771 -0.2489125 -2.579733 0 0 0 1</matrix>
                            <node id="node-Bip001_L_Finger01" name="Bip001_L_Finger01">
                              <matrix sid="matrix">0.9781499 -0.2079012 -2.6077e-8 4.089424 0.2079012 0.9781498 -1.11759e-8 3.8147e-6 -4.74975e-8 6.0536e-9 1 0 0 0 0 1</matrix>
                              <node id="node-Bip001_L_Finger02" name="Bip001_L_Finger02">
                                <matrix sid="matrix">0.9115804 -0.4111216 -1.58325e-8 4.089424 0.4111217 0.9115805 1.07102e-8 0 3.63216e-8 -4.00469e-8 1 0 0 0 0 1</matrix>
                              </node>
                            </node>
                          </node>
                          <node id="node-Bip001_L_Finger1" name="Bip001_L_Finger1">
                            <matrix sid="matrix">0.9603379 -0.2693583 0.07209161 10.48988 0.2737626 0.9599063 -0.06028272 0.4773483 -0.05296341 0.07762785 0.9955747 -3.495117 0 0 0 1</matrix>
                            <node id="node-Bip001_L_Finger11" name="Bip001_L_Finger11">
                              <matrix sid="matrix">0.954066 -0.2995965 0 3.65271 0.2995965 0.954066 -3.72529e-8 0 -2.98023e-8 -4.84288e-8 1 3.8147e-6 0 0 0 1</matrix>
                              <node id="node-Bip001_L_Finger12" name="Bip001_L_Finger12">
                                <matrix sid="matrix">0.9747835 -0.223152 2.98023e-8 3.018181 0.223152 0.9747835 -1.11759e-8 -9.53674e-7 0 0 1 -1.90735e-6 0 0 0 1</matrix>
                              </node>
                            </node>
                          </node>
                          <node id="node-Bip001_L_Finger2" name="Bip001_L_Finger2">
                            <matrix sid="matrix">0.9028364 -0.4284186 -0.03666323 10.47829 0.4297601 0.9018334 0.0447513 0.2322311 0.01389194 -0.05615948 0.9983252 -0.7914429 0 0 0 1</matrix>
                            <node id="node-Bip001_L_Finger21" name="Bip001_L_Finger21">
                              <matrix sid="matrix">0.9577913 -0.2874642 2.98023e-8 4.072144 0.2874643 0.9577913 9.31323e-9 0 -2.98023e-8 2.98023e-8 1 0 0 0 0 1</matrix>
                              <node id="node-Bip001_L_Finger22" name="Bip001_L_Finger22">
                                <matrix sid="matrix">0.9620119 -0.2730078 2.98023e-8 3.591614 0.2730078 0.9620119 4.47035e-8 1.90735e-6 2.98023e-8 -5.96046e-8 1 -1.90735e-6 0 0 0 1</matrix>
                              </node>
                            </node>
                          </node>
                          <node id="node-Bip001_L_Finger3" name="Bip001_L_Finger3">
                            <matrix sid="matrix">0.7781103 -0.5962414 -0.1975864 10.11523 0.6192771 0.7808233 0.08252936 0.5977173 0.1050728 -0.1865777 0.9768052 1.599367 0 0 0 1</matrix>
                            <node id="node-Bip001_L_Finger31" name="Bip001_L_Finger31">
                              <matrix sid="matrix">0.8913192 -0.4533762 -2.98023e-8 3.936615 0.4533762 0.8913192 7.45058e-9 0 5.96046e-8 5.96046e-8 0.9999999 -3.8147e-6 0 0 0 1</matrix>
                              <node id="node-Bip001_L_Finger32" name="Bip001_L_Finger32">
                                <matrix sid="matrix">0.8000181 -0.599976 0 3.743706 0.599976 0.800018 -1.49012e-8 -7.62939e-6 7.45058e-9 0 1 0 0 0 0 1</matrix>
                              </node>
                            </node>
                          </node>
                          <node id="node-Bip001_L_Finger4" name="Bip001_L_Finger4">
                            <matrix sid="matrix">0.6883656 -0.6103451 -0.3919591 9.522522 0.6868778 0.7221557 0.08179098 1.343491 0.2331349 -0.3255302 0.9163399 3.938519 0 0 0 1</matrix>
                            <node id="node-Bip001_L_Finger41" name="Bip001_L_Finger41">
                              <matrix sid="matrix">0.6522293 -0.7580218 0 3.039894 0.7580218 0.6522292 -2.98023e-8 1.90735e-6 4.84288e-8 0 1 -9.53674e-7 0 0 0 1</matrix>
                              <node id="node-Bip001_L_Finger42" name="Bip001_L_Finger42">
                                <matrix sid="matrix">0.7012734 -0.7128924 1.49012e-8 3.010345 0.7128924 0.7012734 7.45058e-9 0 -7.45058e-9 1.49012e-8 1 0 0 0 0 1</matrix>
                              </node>
                            </node>
                          </node>
                        </node>
                      </node>
                      <node id="node-Bip001_L_ForeTwist" name="Bip001_L_ForeTwist">
                        <matrix sid="matrix">0.8038213 0.5880627 -0.0897423 23.56345 -0.5948709 0.7946216 -0.1212646 0 -2.98023e-8 0.1508601 0.9885551 0 0 0 0 1</matrix>
                        <node id="node-Bip001_L_ForeTwist1" name="Bip001_L_ForeTwist1">
                          <matrix sid="matrix">1 0 0 8.340698 0 0.9885552 -0.1508601 0 0 0.1508602 0.9885552 0 0 0 0 1</matrix>
                          <node id="node-Bip001_L_ForeTwist2" name="Bip001_L_ForeTwist2">
                            <matrix sid="matrix">1 -2.98023e-8 5.96046e-8 8.340698 2.98023e-8 0.9885552 -0.1508601 -3.8147e-6 2.98023e-8 0.1508602 0.9885552 3.8147e-6 0 0 0 1</matrix>
                          </node>
                        </node>
                      </node>
                    </node>
                    <node id="node-Bip001_LUpArmTwist" name="Bip001_LUpArmTwist">
                      <matrix sid="matrix">0.3827683 0.314333 0.8687251 17.26101 -0.2364656 0.942347 -0.2367829 -3.8147e-6 -0.8930691 -0.1147906 0.4350296 -1.52588e-5 0 0 0 1</matrix>
                      <node id="node-Bip001_LUpArmTwist1" name="Bip001_LUpArmTwist1">
                        <matrix>1 3.72529e-9 0 11.78173 -1.86265e-9 0.9998781 -0.01561252 0 -1.49012e-8 0.01561252 0.999878 -3.8147e-6 0 0 0 1</matrix>
                      </node>
                    </node>
                  </node>
                  <node id="node-Bip001_R_Clavicle" name="Bip001_R_Clavicle">
                    <matrix>-0.4190848 -0.4803052 -0.7705031 -5.801399 0.1804693 -0.8757542 0.4477559 3.783325 -0.8898308 0.04859556 0.4536956 -1.113115 0 0 0 1</matrix>
                    <node id="node-Bip001_R_UpperArm" name="Bip001_R_UpperArm">
                      <matrix sid="matrix">0.7017534 0.2697995 -0.6593561 17.26101 -0.1996091 0.9629075 0.1815644 3.8147e-6 0.683885 0.004200026 0.7295778 7.62939e-6 0 0 0 1</matrix>
                      <node id="node-Bip001_R_Forearm" name="Bip001_R_Forearm">
                        <matrix>0.9247333 0.3806156 0 23.56343 -0.3806155 0.9247333 5.58794e-9 0 -4.47035e-8 -2.23517e-8 1 0 0 0 0 1</matrix>
                        <node id="node-Bip001_R_Hand" name="Bip001_R_Hand">
                          <matrix>0.9862225 -0.1592038 -0.04493503 25.0221 -0.0107969 0.2091085 -0.9778328 0 0.165071 0.964846 0.2045086 -3.8147e-6 0 0 0 1</matrix>
                          <node id="node-Bip001_R_Finger0" name="Bip001_R_Finger0">
                            <matrix>0.7051089 0.5090383 -0.4936612 1.496613 0.5510457 0.04480311 0.8332714 0.5334435 0.4462847 -0.8595771 -0.2489124 2.579728 0 0 0 1</matrix>
                            <node id="node-Bip001_R_Finger01" name="Bip001_R_Finger01">
                              <matrix>0.9781498 -0.2079011 -1.49012e-8 4.089424 0.2079011 0.9781498 0 3.8147e-6 2.98023e-8 4.47035e-8 1 0 0 0 0 1</matrix>
                              <node id="node-Bip001_R_Finger02" name="Bip001_R_Finger02">
                                <matrix sid="matrix">0.8171329 -0.5764492 -1.49012e-8 4.089409 0.5764492 0.817133 4.47035e-8 -7.62939e-6 0 5.58794e-8 1 1.90735e-6 0 0 0 1</matrix>
                              </node>
                            </node>
                          </node>
                          <node id="node-Bip001_R_Finger1" name="Bip001_R_Finger1">
                            <matrix>0.9603379 -0.2693584 -0.07209155 10.48988 0.2737626 0.9599064 0.0602827 0.4773483 0.0529635 -0.0776278 0.9955748 3.495118 0 0 0 1</matrix>
                            <node id="node-Bip001_R_Finger11" name="Bip001_R_Finger11">
                              <matrix sid="matrix">0.8799868 -0.4749984 0 3.652718 0.4749984 0.8799869 -6.70552e-8 -1.90735e-6 -2.98023e-8 5.96046e-8 1 0 0 0 0 1</matrix>
                              <node id="node-Bip001_R_Finger12" name="Bip001_R_Finger12">
                                <matrix sid="matrix">0.9148181 -0.4038663 -2.98023e-8 3.018188 0.4038664 0.9148181 0 0 5.96046e-8 -8.9407e-8 1 0 0 0 0 1</matrix>
                              </node>
                            </node>
                          </node>
                          <node id="node-Bip001_R_Finger2" name="Bip001_R_Finger2">
                            <matrix>0.9028364 -0.4284183 0.03666332 10.47829 0.4297598 0.9018336 -0.04475123 0.232235 -0.01389192 0.0561594 0.9983252 0.79144 0 0 0 1</matrix>
                            <node id="node-Bip001_R_Finger21" name="Bip001_R_Finger21">
                              <matrix sid="matrix">0.8859441 -0.463792 0 4.072151 0.463792 0.8859442 4.47035e-8 1.90735e-6 0 -1.49012e-8 1 1.90735e-6 0 0 0 1</matrix>
                              <node id="node-Bip001_R_Finger22" name="Bip001_R_Finger22">
                                <matrix sid="matrix">0.8928281 -0.4503975 -2.98023e-8 3.591614 0.4503975 0.892828 0 3.8147e-6 -5.21541e-8 1.49012e-8 0.9999999 0 0 0 0 1</matrix>
                              </node>
                            </node>
                          </node>
                          <node id="node-Bip001_R_Finger3" name="Bip001_R_Finger3">
                            <matrix>0.7781103 -0.5962415 0.1975865 10.11523 0.6192771 0.7808235 -0.08252935 0.5977249 -0.1050727 0.1865777 0.9768052 -1.599371 0 0 0 1</matrix>
                            <node id="node-Bip001_R_Finger31" name="Bip001_R_Finger31">
                              <matrix sid="matrix">0.7892303 -0.6140975 2.23517e-8 3.936623 0.6140974 0.7892302 2.6077e-8 3.8147e-6 2.98023e-8 1.49012e-8 1 4.76837e-7 0 0 0 1</matrix>
                              <node id="node-Bip001_R_Finger32" name="Bip001_R_Finger32">
                                <matrix sid="matrix">0.6717975 -0.7407348 -7.45058e-9 3.743706 0.7407348 0.6717976 0 -3.8147e-6 -1.49012e-8 -7.45058e-9 1 -4.76837e-7 0 0 0 1</matrix>
                              </node>
                            </node>
                          </node>
                          <node id="node-Bip001_R_Finger4" name="Bip001_R_Finger4">
                            <matrix>0.6883654 -0.6103452 0.3919591 9.52253 0.6868779 0.7221558 -0.08179095 1.343498 -0.2331348 0.3255301 0.9163398 -3.938519 0 0 0 1</matrix>
                            <node id="node-Bip001_R_Finger41" name="Bip001_R_Finger41">
                              <matrix sid="matrix">0.4967319 -0.867904 -7.45058e-9 3.039909 0.8679041 0.4967319 2.23517e-8 0 4.65661e-9 0 1 -1.90735e-6 0 0 0 1</matrix>
                              <node id="node-Bip001_R_Finger42" name="Bip001_R_Finger42">
                                <matrix sid="matrix">0.5534409 -0.8328884 9.31323e-10 3.010349 0.8328885 0.5534409 -7.45058e-9 7.62939e-6 -7.45058e-9 -1.49012e-8 1 0 0 0 0 1</matrix>
                              </node>
                            </node>
                          </node>
                        </node>
                      </node>
                      <node id="node-Bip001_R_ForeTwist" name="Bip001_R_ForeTwist">
                        <matrix>0.9247333 0.3801101 0.01960947 23.56343 -0.3806155 0.9235052 0.0476426 0 -4.47035e-8 -0.05152041 0.998672 0 0 0 0 1</matrix>
                        <node id="node-Bip001_R_ForeTwist1" name="Bip001_R_ForeTwist1">
                          <matrix>1 -1.49012e-8 1.49012e-8 8.340698 0 0.9986719 0.05152046 -1.90735e-6 1.49012e-8 -0.05152041 0.998672 0 0 0 0 1</matrix>
                          <node id="node-Bip001_R_ForeTwist2" name="Bip001_R_ForeTwist2">
                            <matrix>1 1.49012e-8 0 8.340706 0 0.9986719 0.05152036 1.90735e-6 0 -0.05152039 0.998672 0 0 0 0 1</matrix>
                          </node>
                        </node>
                      </node>
                    </node>
                    <node id="node-Bip001_RUpArmTwist" name="Bip001_RUpArmTwist">
                      <matrix sid="matrix">0.7017534 0.1596269 -0.6943065 17.26101 -0.1996091 0.9795948 0.02346699 3.8147e-6 0.683885 0.1221218 0.7192967 7.62939e-6 0 0 0 1</matrix>
                      <node id="node-Bip001_RUpArmTwist1" name="Bip001_RUpArmTwist1">
                        <matrix>1 0 -1.49012e-8 11.78172 0 0.9967044 0.08112033 0 -1.49012e-8 -0.08112033 0.9967043 -3.8147e-6 0 0 0 1</matrix>
                      </node>
                    </node>
                  </node>
                </node>
              </node>
            </node>
            <node id="node-Bip001_L_Thigh" name="Bip001_L_Thigh">
              <matrix sid="matrix">-0.9542289 0.1315379 -0.268598 -16.65588 0.1397149 0.9901254 -0.01147075 -2.498912 0.2644368 -0.04847287 -0.963184 11.16304 0 0 0 1</matrix>
              <node id="node-Bip001_L_Calf" name="Bip001_L_Calf">
                <matrix sid="matrix">0.8212708 0.570539 0 38.83284 -0.5705389 0.8212706 -1.86265e-9 -9.53674e-7 0 3.72529e-9 1 0 0 0 0 1</matrix>
                <node id="node-Bip001_L_Foot" name="Bip001_L_Foot">
                  <matrix sid="matrix">0.9028059 -0.411569 -0.1247106 37.30409 0.402219 0.910724 -0.09381739 1.90735e-6 0.1521892 0.03453791 0.9877478 0 0 0 0 1</matrix>
                  <node id="node-Bip001_L_Toe0" name="Bip001_L_Toe0">
                    <matrix>-0.1256364 -0.9914951 -0.03395706 8.488065 0.9918476 -0.1247986 -0.0257655 12.70344 0.02130858 -0.03691732 0.9990911 -0.2012482 0 0 0 1</matrix>
                  </node>
                </node>
              </node>
            </node>
            <node id="node-Bip001_R_Thigh" name="Bip001_R_Thigh">
              <matrix sid="matrix">-0.9801806 0.1953193 -0.03311193 -16.69937 0.1966794 0.9794558 -0.04453785 -2.577827 0.02373257 -0.05016756 -0.9984589 -7.099274 0 0 0 1</matrix>
              <node id="node-Bip001_R_Calf" name="Bip001_R_Calf">
                <matrix sid="matrix">0.8776529 0.4792969 -7.45058e-9 38.83284 -0.4792968 0.8776528 0 0 2.23517e-8 3.72529e-9 1 0 0 0 0 1</matrix>
                <node id="node-Bip001_R_Foot" name="Bip001_R_Foot">
                  <matrix sid="matrix">0.9658247 -0.2591481 -0.005001053 37.30408 0.2452364 0.9073898 0.3413253 -9.53674e-7 -0.08391593 -0.3308868 0.9399318 -3.8147e-6 0 0 0 1</matrix>
                  <node id="node-Bip001_R_Toe0" name="Bip001_R_Toe0">
                    <matrix>-0.1256363 -0.9914951 0.033957 8.488066 0.9918476 -0.1247985 0.02576544 12.70344 -0.02130849 0.03691724 0.9990911 0.2012501 0 0 0 1</matrix>
                  </node>
                </node>
              </node>
            </node>
          </node>
        </node>
      </node>
      <node id="node-Bounds" name="Bounds">
        <matrix>0.9999915 0.001706907 0.003750479 5.366391 -0.001711356 0.9999978 0.001183292 -9.603625 -0.003748452 -0.0011897 0.9999923 -0.008934736 0 0 0 1</matrix>
        <instance_geometry url="#geom-Bounds">
          <bind_material>
            <technique_common>
              <instance_material symbol="ShapeBounds" target="#ShapeBounds-material"/>
            </technique_common>
          </bind_material>
        </instance_geometry>
      </node>
    </visual_scene>
  </library_visual_scenes>
  <library_animations>
    <animation>
      <source id="node-Bip001_matrix-input">
        <float_array id="node-Bip001_matrix-input-array" count="121">1 1.033333 1.066667 1.1 1.133333 1.166667 1.2 1.233333 1.266667 1.3 1.333333 1.366667 1.4 1.433333 1.466667 1.5 1.533333 1.566667 1.6 1.633333 1.666667 1.7 1.733333 1.766667 1.8 1.833333 1.866667 1.9 1.933333 1.966667 2 2.033333 2.066667 2.1 2.133333 2.166667 2.2 2.233333 2.266667 2.3 2.333333 2.366667 2.4 2.433333 2.466667 2.5 2.533333 2.566667 2.6 2.633333 2.666667 2.7 2.733333 2.766667 2.8 2.833333 2.866667 2.9 2.933333 2.966667 3 3.033333 3.066667 3.1 3.133333 3.166667 3.2 3.233333 3.266667 3.3 3.333333 3.366667 3.4 3.433333 3.466667 3.5 3.533333 3.566667 3.6 3.633333 3.666667 3.7 3.733333 3.766667 3.8 3.833333 3.866667 3.9 3.933333 3.966667 4 4.033333 4.066667 4.1 4.133333 4.166667 4.2 4.233333 4.266667 4.3 4.333333 4.366667 4.4 4.433333 4.466667 4.5 4.533333 4.566667 4.6 4.633333 4.666667 4.7 4.733333 4.766667 4.8 4.833333 4.866667 4.9 4.933333 4.966667 5</float_array>
        <technique_common>
          <accessor source="#node-Bip001_matrix-input-array" count="121" stride="1">
            <param name="TIME" type="float"/>
          </accessor>
        </technique_common>
      </source>
      <source id="node-Bip001_matrix-output">
        <float_array id="node-Bip001_matrix-output-array" count="1936">3.57628e-7 -1 0 5.366391 1 3.57628e-7 0 -9.603626 0 0 1 82.08785 0 0 0 1 3.57628e-7 -1 0 5.366747 1 3.57628e-7 0 -9.603957 0 0 1 82.03337 0 0 0 1 3.57628e-7 -1 0 5.367801 1 3.57628e-7 0 -9.604938 0 0 1 81.98175 0 0 0 1 3.57628e-7 -1 0 5.369535 1 3.57628e-7 0 -9.606553 0 0 1 81.93293 0 0 0 1 3.57628e-7 -1 0 5.37193 1 3.57628e-7 0 -9.608781 0 0 1 81.88687 0 0 0 1 3.57628e-7 -1 0 5.374966 1 3.57628e-7 0 -9.611608 0 0 1 81.84352 0 0 0 1 3.57628e-7 -1 0 5.378624 1 3.57628e-7 0 -9.615015 0 0 1 81.80281 0 0 0 1 3.57628e-7 -1 0 5.382887 1 3.57628e-7 0 -9.618983 0 0 1 81.7647 0 0 0 1 3.57628e-7 -1 0 5.387735 1 3.57628e-7 0 -9.623496 0 0 1 81.72914 0 0 0 1 3.57628e-7 -1 0 5.39315 1 3.57628e-7 0 -9.628536 0 0 1 81.69606 0 0 0 1 3.57628e-7 -1 0 5.399112 1 3.57628e-7 0 -9.634086 0 0 1 81.66542 0 0 0 1 3.57628e-7 -1 0 5.405604 1 3.57628e-7 0 -9.64013 0 0 1 81.63717 0 0 0 1 3.57628e-7 -1 0 5.412607 1 3.57628e-7 0 -9.646649 0 0 1 81.61125 0 0 0 1 3.57628e-7 -1 0 5.420102 1 3.57628e-7 0 -9.653627 0 0 1 81.58763 0 0 0 1 3.57628e-7 -1 0 5.428071 1 3.57628e-7 0 -9.661046 0 0 1 81.56623 0 0 0 1 3.57628e-7 -1 0 5.436497 1 3.57628e-7 0 -9.668889 0 0 1 81.54701 0 0 0 1 3.57628e-7 -1 0 5.445361 1 3.57628e-7 0 -9.677141 0 0 1 81.52993 0 0 0 1 3.57628e-7 -1 0 5.454644 1 3.57628e-7 0 -9.685782 0 0 1 81.51493 0 0 0 1 3.57628e-7 -1 0 5.464328 1 3.57628e-7 0 -9.694797 0 0 1 81.50195 0 0 0 1 3.57628e-7 -1 0 5.474395 1 3.57628e-7 0 -9.70417 0 0 1 81.49096 0 0 0 1 3.57628e-7 -1 0 5.484828 1 3.57628e-7 0 -9.713882 0 0 1 81.4819 0 0 0 1 3.57628e-7 -1 0 5.495609 1 3.57628e-7 0 -9.723917 0 0 1 81.47471 0 0 0 1 3.57628e-7 -1 0 5.506719 1 3.57628e-7 0 -9.73426 0 0 1 81.46936 0 0 0 1 3.57628e-7 -1 0 5.518141 1 3.57628e-7 0 -9.744894 0 0 1 81.46578 0 0 0 1 3.57628e-7 -1 0 5.529856 1 3.57628e-7 0 -9.7558 0 0 1 81.46395 0 0 0 1 3.57628e-7 -1 0 5.541848 1 3.57628e-7 0 -9.766963 0 0 1 81.46378 0 0 0 1 3.57628e-7 -1 0 5.554098 1 3.57628e-7 0 -9.778367 0 0 1 81.46525 0 0 0 1 3.57628e-7 -1 0 5.566588 1 3.57628e-7 0 -9.789994 0 0 1 81.46831 0 0 0 1 3.57628e-7 -1 0 5.579302 1 3.57628e-7 0 -9.80183 0 0 1 81.4729 0 0 0 1 3.57628e-7 -1 0 5.592221 1 3.57628e-7 0 -9.813856 0 0 1 81.47898 0 0 0 1 3.57628e-7 -1 0 5.605328 1 3.57628e-7 0 -9.826057 0 0 1 81.48649 0 0 0 1 3.57628e-7 -1 0 5.618604 1 3.57628e-7 0 -9.838417 0 0 1 81.49539 0 0 0 1 3.57628e-7 -1 0 5.632034 1 3.57628e-7 0 -9.850918 0 0 1 81.50563 0 0 0 1 3.57628e-7 -1 0 5.645598 1 3.57628e-7 0 -9.863547 0 0 1 81.51717 0 0 0 1 3.57628e-7 -1 0 5.659281 1 3.57628e-7 0 -9.876283 0 0 1 81.52995 0 0 0 1 3.57628e-7 -1 0 5.673063 1 3.57628e-7 0 -9.889114 0 0 1 81.54392 0 0 0 1 3.57628e-7 -1 0 5.686929 1 3.57628e-7 0 -9.902022 0 0 1 81.55904 0 0 0 1 3.57628e-7 -1 0 5.70086 1 3.57628e-7 0 -9.914991 0 0 1 81.57526 0 0 0 1 3.57628e-7 -1 0 5.714838 1 3.57628e-7 0 -9.928004 0 0 1 81.59253 0 0 0 1 3.57628e-7 -1 0 5.728849 1 3.57628e-7 0 -9.941046 0 0 1 81.61081 0 0 0 1 3.57628e-7 -1 0 5.742872 1 3.57628e-7 0 -9.954101 0 0 1 81.63005 0 0 0 1 3.57628e-7 -1 0 5.756891 1 3.57628e-7 0 -9.967152 0 0 1 81.65019 0 0 0 1 3.57628e-7 -1 0 5.77089 1 3.57628e-7 0 -9.980183 0 0 1 81.67119 0 0 0 1 3.57628e-7 -1 0 5.78485 1 3.57628e-7 0 -9.993179 0 0 1 81.69302 0 0 0 1 3.57628e-7 -1 0 5.798754 1 3.57628e-7 0 -10.00612 0 0 1 81.7156 0 0 0 1 3.57628e-7 -1 0 5.812585 1 3.57628e-7 0 -10.019 0 0 1 81.73891 0 0 0 1 3.57628e-7 -1 0 5.826326 1 3.57628e-7 0 -10.03179 0 0 1 81.76289 0 0 0 1 3.57628e-7 -1 0 5.83996 1 3.57628e-7 0 -10.04448 0 0 1 81.78749 0 0 0 1 3.57628e-7 -1 0 5.853469 1 3.57628e-7 0 -10.05706 0 0 1 81.81268 0 0 0 1 3.57628e-7 -1 0 5.866837 1 3.57628e-7 0 -10.0695 0 0 1 81.8384 0 0 0 1 3.57628e-7 -1 0 5.880045 1 3.57628e-7 0 -10.0818 0 0 1 81.8646 0 0 0 1 3.57628e-7 -1 0 5.893077 1 3.57628e-7 0 -10.09393 0 0 1 81.89123 0 0 0 1 3.57628e-7 -1 0 5.905916 1 3.57628e-7 0 -10.10588 0 0 1 81.91826 0 0 0 1 3.57628e-7 -1 0 5.918544 1 3.57628e-7 0 -10.11764 0 0 1 81.94563 0 0 0 1 3.57628e-7 -1 0 5.930944 1 3.57628e-7 0 -10.12918 0 0 1 81.9733 0 0 0 1 3.57628e-7 -1 0 5.943099 1 3.57628e-7 0 -10.1405 0 0 1 82.00122 0 0 0 1 3.57628e-7 -1 0 5.954993 1 3.57628e-7 0 -10.15157 0 0 1 82.02935 0 0 0 1 3.57628e-7 -1 0 5.966606 1 3.57628e-7 0 -10.16238 0 0 1 82.05762 0 0 0 1 3.57628e-7 -1 0 5.977923 1 3.57628e-7 0 -10.17292 0 0 1 82.08601 0 0 0 1 3.57628e-7 -1 0 5.988927 1 3.57628e-7 0 -10.18316 0 0 1 82.11447 0 0 0 1 3.57628e-7 -1 0 5.999599 1 3.57628e-7 0 -10.19309 0 0 1 82.14293 0 0 0 1 3.57628e-7 -1 0 6.009922 1 3.57628e-7 0 -10.2027 0 0 1 82.17137 0 0 0 1 3.57628e-7 -1 0 6.019881 1 3.57628e-7 0 -10.21197 0 0 1 82.19973 0 0 0 1 3.57628e-7 -1 0 6.029457 1 3.57628e-7 0 -10.22089 0 0 1 82.22797 0 0 0 1 3.57628e-7 -1 0 6.038632 1 3.57628e-7 0 -10.22943 0 0 1 82.25604 0 0 0 1 3.57628e-7 -1 0 6.04739 1 3.57628e-7 0 -10.23758 0 0 1 82.28389 0 0 0 1 3.57628e-7 -1 0 6.055714 1 3.57628e-7 0 -10.24533 0 0 1 82.31147 0 0 0 1 3.57628e-7 -1 0 6.063585 1 3.57628e-7 0 -10.25266 0 0 1 82.33875 0 0 0 1 3.57628e-7 -1 0 6.070988 1 3.57628e-7 0 -10.25955 0 0 1 82.36566 0 0 0 1 3.57628e-7 -1 0 6.077903 1 3.57628e-7 0 -10.26599 0 0 1 82.39218 0 0 0 1 3.57628e-7 -1 0 6.084314 1 3.57628e-7 0 -10.27196 0 0 1 82.41825 0 0 0 1 3.57628e-7 -1 0 6.090204 1 3.57628e-7 0 -10.27744 0 0 1 82.4438 0 0 0 1 3.57628e-7 -1 0 6.095555 1 3.57628e-7 0 -10.28242 0 0 1 82.46882 0 0 0 1 3.57628e-7 -1 0 6.100349 1 3.57628e-7 0 -10.28688 0 0 1 82.49325 0 0 0 1 3.57628e-7 -1 0 6.10457 1 3.57628e-7 0 -10.29081 0 0 1 82.51704 0 0 0 1 3.57628e-7 -1 0 6.108199 1 3.57628e-7 0 -10.29419 0 0 1 82.54013 0 0 0 1 3.57628e-7 -1 0 6.111219 1 3.57628e-7 0 -10.297 0 0 1 82.5625 0 0 0 1 3.57628e-7 -1 0 6.113613 1 3.57628e-7 0 -10.29923 0 0 1 82.58409 0 0 0 1 3.57628e-7 -1 0 6.115362 1 3.57628e-7 0 -10.30086 0 0 1 82.60485 0 0 0 1 3.57628e-7 -1 0 6.116449 1 3.57628e-7 0 -10.30187 0 0 1 82.62473 0 0 0 1 3.57628e-7 -1 0 6.116857 1 3.57628e-7 0 -10.30225 0 0 1 82.64369 0 0 0 1 3.57628e-7 -1 0 6.116567 1 3.57628e-7 0 -10.30198 0 0 1 82.66168 0 0 0 1 3.57628e-7 -1 0 6.115562 1 3.57628e-7 0 -10.30105 0 0 1 82.67865 0 0 0 1 3.57628e-7 -1 0 6.113825 1 3.57628e-7 0 -10.29943 0 0 1 82.69455 0 0 0 1 3.57628e-7 -1 0 6.111337 1 3.57628e-7 0 -10.29711 0 0 1 82.70935 0 0 0 1 3.57628e-7 -1 0 6.108079 1 3.57628e-7 0 -10.29408 0 0 1 82.72298 0 0 0 1 3.57628e-7 -1 0 6.104036 1 3.57628e-7 0 -10.29032 0 0 1 82.7354 0 0 0 1 3.57628e-7 -1 0 6.099187 1 3.57628e-7 0 -10.2858 0 0 1 82.74657 0 0 0 1 3.57628e-7 -1 0 6.093516 1 3.57628e-7 0 -10.28052 0 0 1 82.75643 0 0 0 1 3.57628e-7 -1 0 6.087005 1 3.57628e-7 0 -10.27446 0 0 1 82.76493 0 0 0 1 3.57628e-7 -1 0 6.079634 1 3.57628e-7 0 -10.2676 0 0 1 82.77204 0 0 0 1 3.57628e-7 -1 0 6.071385 1 3.57628e-7 0 -10.25992 0 0 1 82.7777 0 0 0 1 3.57628e-7 -1 0 6.062242 1 3.57628e-7 0 -10.25141 0 0 1 82.78186 0 0 0 1 3.57628e-7 -1 0 6.052185 1 3.57628e-7 0 -10.24205 0 0 1 82.78446 0 0 0 1 3.57628e-7 -1 0 6.041195 1 3.57628e-7 0 -10.23182 0 0 1 82.78547 0 0 0 1 3.57628e-7 -1 0 6.029255 1 3.57628e-7 0 -10.2207 0 0 1 82.78485 0 0 0 1 3.57628e-7 -1 0 6.016346 1 3.57628e-7 0 -10.20868 0 0 1 82.78252 0 0 0 1 3.57628e-7 -1 0 6.002449 1 3.57628e-7 0 -10.19575 0 0 1 82.77845 0 0 0 1 3.57628e-7 -1 0 5.987546 1 3.57628e-7 0 -10.18187 0 0 1 82.77259 0 0 0 1 3.57628e-7 -1 0 5.971618 1 3.57628e-7 0 -10.16704 0 0 1 82.76488 0 0 0 1 3.57628e-7 -1 0 5.954646 1 3.57628e-7 0 -10.15124 0 0 1 82.75528 0 0 0 1 3.57628e-7 -1 0 5.936611 1 3.57628e-7 0 -10.13446 0 0 1 82.74374 0 0 0 1 3.57628e-7 -1 0 5.917495 1 3.57628e-7 0 -10.11666 0 0 1 82.7302 0 0 0 1 3.57628e-7 -1 0 5.897277 1 3.57628e-7 0 -10.09784 0 0 1 82.71463 0 0 0 1 3.57628e-7 -1 0 5.875941 1 3.57628e-7 0 -10.07798 0 0 1 82.69696 0 0 0 1 3.57628e-7 -1 0 5.853466 1 3.57628e-7 0 -10.05705 0 0 1 82.67716 0 0 0 1 3.57628e-7 -1 0 5.829833 1 3.57628e-7 0 -10.03505 0 0 1 82.65515 0 0 0 1 3.57628e-7 -1 0 5.805021 1 3.57628e-7 0 -10.01196 0 0 1 82.6309 0 0 0 1 3.57628e-7 -1 0 5.779013 1 3.57628e-7 0 -9.987745 0 0 1 82.60436 0 0 0 1 3.57628e-7 -1 0 5.75179 1 3.57628e-7 0 -9.962402 0 0 1 82.57546 0 0 0 1 3.57628e-7 -1 0 5.72333 1 3.57628e-7 0 -9.935908 0 0 1 82.54418 0 0 0 1 3.57628e-7 -1 0 5.693615 1 3.57628e-7 0 -9.908246 0 0 1 82.51043 0 0 0 1 3.57628e-7 -1 0 5.662624 1 3.57628e-7 0 -9.879396 0 0 1 82.47418 0 0 0 1 3.57628e-7 -1 0 5.63034 1 3.57628e-7 0 -9.849341 0 0 1 82.43539 0 0 0 1 3.57628e-7 -1 0 5.596739 1 3.57628e-7 0 -9.818061 0 0 1 82.39398 0 0 0 1 3.57628e-7 -1 0 5.561803 1 3.57628e-7 0 -9.785539 0 0 1 82.34992 0 0 0 1 3.57628e-7 -1 0 5.525513 1 3.57628e-7 0 -9.751755 0 0 1 82.30314 0 0 0 1 3.57628e-7 -1 0 5.487847 1 3.57628e-7 0 -9.716691 0 0 1 82.2536 0 0 0 1 3.57628e-7 -1 0 5.448784 1 3.57628e-7 0 -9.680327 0 0 1 82.20124 0 0 0 1 3.57628e-7 -1 0 5.408306 1 3.57628e-7 0 -9.642644 0 0 1 82.14601 0 0 0 1 3.57628e-7 -1 0 5.366391 1 3.57628e-7 0 -9.603626 0 0 1 82.08785 0 0 0 1</float_array>
        <technique_common>
          <accessor source="#node-Bip001_matrix-output-array" count="121" stride="16">
            <param name="TRANSFORM" type="float4x4"/>
          </accessor>
        </technique_common>
      </source>
      <source id="node-Bip001_matrix-interpolation">
        <Name_array id="node-Bip001_matrix-interpolation-array" count="121">LINEAR LINEAR LINEAR LINEAR LINEAR LINEAR LINEAR LINEAR LINEAR LINEAR LINEAR LINEAR LINEAR LINEAR LINEAR LINEAR LINEAR LINEAR LINEAR LINEAR LINEAR LINEAR LINEAR LINEAR LINEAR LINEAR LINEAR LINEAR LINEAR LINEAR LINEAR LINEAR LINEAR LINEAR LINEAR LINEAR LINEAR LINEAR LINEAR LINEAR LINEAR LINEAR LINEAR LINEAR LINEAR LINEAR LINEAR LINEAR LINEAR LINEAR LINEAR LINEAR LINEAR LINEAR LINEAR LINEAR LINEAR LINEAR LINEAR LINEAR LINEAR LINEAR LINEAR LINEAR LINEAR LINEAR LINEAR LINEAR LINEAR LINEAR LINEAR LINEAR LINEAR LINEAR LINEAR LINEAR LINEAR LINEAR LINEAR LINEAR LINEAR LINEAR LINEAR LINEAR LINEAR LINEAR LINEAR LINEAR LINEAR LINEAR LINEAR LINEAR LINEAR LINEAR LINEAR LINEAR LINEAR LINEAR LINEAR LINEAR LINEAR LINEAR LINEAR LINEAR LINEAR LINEAR LINEAR LINEAR LINEAR LINEAR LINEAR LINEAR LINEAR LINEAR LINEAR LINEAR LINEAR LINEAR LINEAR LINEAR LINEAR</Name_array>
        <technique_common>
          <accessor source="#node-Bip001_matrix-interpolation-array" count="121" stride="1">
            <param name="INTERPOLATION" type="name"/>
          </accessor>
        </technique_common>
      </source>
      <source id="node-Bip001_Spine_matrix-input">
        <float_array id="node-Bip001_Spine_matrix-input-array" count="121">1 1.033333 1.066667 1.1 1.133333 1.166667 1.2 1.233333 1.266667 1.3 1.333333 1.366667 1.4 1.433333 1.466667 1.5 1.533333 1.566667 1.6 1.633333 1.666667 1.7 1.733333 1.766667 1.8 1.833333 1.866667 1.9 1.933333 1.966667 2 2.033333 2.066667 2.1 2.133333 2.166667 2.2 2.233333 2.266667 2.3 2.333333 2.366667 2.4 2.433333 2.466667 2.5 2.533333 2.566667 2.6 2.633333 2.666667 2.7 2.733333 2.766667 2.8 2.833333 2.866667 2.9 2.933333 2.966667 3 3.033333 3.066667 3.1 3.133333 3.166667 3.2 3.233333 3.266667 3.3 3.333333 3.366667 3.4 3.433333 3.466667 3.5 3.533333 3.566667 3.6 3.633333 3.666667 3.7 3.733333 3.766667 3.8 3.833333 3.866667 3.9 3.933333 3.966667 4 4.033333 4.066667 4.1 4.133333 4.166667 4.2 4.233333 4.266667 4.3 4.333333 4.366667 4.4 4.433333 4.466667 4.5 4.533333 4.566667 4.6 4.633333 4.666667 4.7 4.733333 4.766667 4.8 4.833333 4.866667 4.9 4.933333 4.966667 5</float_array>
        <technique_common>
          <accessor source="#node-Bip001_Spine_matrix-input-array" count="121" stride="1">
            <param name="TIME" type="float"/>
          </accessor>
        </technique_common>
      </source>
      <source id="node-Bip001_Spine_matrix-output">
