<?xml version="1.0" encoding="utf-8"?>
<COLLADA xmlns="http://www.collada.org/2005/11/COLLADASchema" version="1.4.1">
  <asset>
    <contributor>
      <author>Jesse Oliger</author>
      <authoring_tool>OpenCOLLADA for 3ds Max;  Version: 1.3.0;  Revision: 839M;  Platform: x64;  Configuration: Release_Max2012</authoring_tool>
      <source_data>file:///C:/Users/Jesse%20Oliger/Documents/3dsMax/scenes/Zombies/Animations/Zombie_TP_Animation_Master_16.max</source_data>
    </contributor>
    <created>2011-10-11T14:53:58</created>
    <modified>2011-10-11T14:53:58</modified>
    <unit name="centimeter" meter="0.01"/>
    <up_axis>Z_UP</up_axis>
  </asset>
  <library_effects>
    <effect id="ShapeBounds">
      <profile_COMMON>
        <technique sid="common">
          <blinn>
            <emission>
              <color>0 0 0 1</color>
            </emission>
            <ambient>
              <color>0.1647059 1 0 1</color>
            </ambient>
            <diffuse>
              <color>0.1647059 1 0 1</color>
            </diffuse>
            <specular>
              <color>0.9 0.9 0.9 1</color>
            </specular>
            <shininess>
              <float>10</float>
            </shininess>
            <reflective>
              <color>0 0 0 1</color>
            </reflective>
            <transparent opaque="A_ONE">
              <color>1 1 1 1</color>
            </transparent>
            <transparency>
              <float>1</float>
            </transparency>
          </blinn>
        </technique>
      </profile_COMMON>
      <extra>
        <technique profile="OpenCOLLADA3dsMax">
          <extended_shader>
            <apply_reflection_dimming>0</apply_reflection_dimming>
            <dim_level>0</dim_level>
            <falloff_type>0</falloff_type>
            <index_of_refraction>1.5</index_of_refraction>
            <opacity_type>0</opacity_type>
            <reflection_level>3</reflection_level>
            <wire_size>1</wire_size>
            <wire_units>0</wire_units>
          </extended_shader>
          <shader>
            <ambient_diffuse_lock>1</ambient_diffuse_lock>
            <ambient_diffuse_texture_lock>1</ambient_diffuse_texture_lock>
            <diffuse_specular_lock>0</diffuse_specular_lock>
            <soften>0.1</soften>
            <use_self_illum_color>0</use_self_illum_color>
          </shader>
        </technique>
      </extra>
    </effect>
  </library_effects>
  <library_materials>
    <material id="ShapeBounds-material" name="ShapeBounds">
      <instance_effect url="#ShapeBounds"/>
    </material>
  </library_materials>
  <library_geometries>
    <geometry id="geom-Bounds" name="Bounds">
      <mesh>
        <source id="geom-Bounds-positions">
          <float_array id="geom-Bounds-positions-array" count="24">-42.5 -42.5 0 42.5 -42.5 0 -42.5 42.5 0 42.5 42.5 0 -42.5 -42.5 184 42.5 -42.5 184 -42.5 42.5 184 42.5 42.5 184</float_array>
          <technique_common>
            <accessor source="#geom-Bounds-positions-array" count="8" stride="3">
              <param name="X" type="float"/>
              <param name="Y" type="float"/>
              <param name="Z" type="float"/>
            </accessor>
          </technique_common>
        </source>
        <source id="geom-Bounds-normals">
          <float_array id="geom-Bounds-normals-array" count="72">0 0 -1 0 0 -1 0 0 -1 0 0 -1 0 0 1 0 0 1 0 0 1 0 0 1 0 -1 0 0 -1 0 0 -1 0 0 -1 0 1 0 0 1 0 0 1 0 0 1 0 0 0 1 0 0 1 0 0 1 0 0 1 0 -1 0 0 -1 0 0 -1 0 0 -1 0 0</float_array>
          <technique_common>
            <accessor source="#geom-Bounds-normals-array" count="24" stride="3">
              <param name="X" type="float"/>
              <param name="Y" type="float"/>
              <param name="Z" type="float"/>
            </accessor>
          </technique_common>
        </source>
        <source id="geom-Bounds-map1">
          <float_array id="geom-Bounds-map1-array" count="36">0 0 0 1 0 0 0 1 0 1 1 0 0 0 0 1 0 0 0 1 0 1 1 0 0 0 0 1 0 0 0 1 0 1 1 0</float_array>
          <technique_common>
            <accessor source="#geom-Bounds-map1-array" count="12" stride="3">
              <param name="S" type="float"/>
              <param name="T" type="float"/>
              <param name="P" type="float"/>
            </accessor>
          </technique_common>
        </source>
        <vertices id="geom-Bounds-vertices">
          <input semantic="POSITION" source="#geom-Bounds-positions"/>
        </vertices>
        <triangles material="ShapeBounds" count="12">
          <input semantic="VERTEX" source="#geom-Bounds-vertices" offset="0"/>
          <input semantic="NORMAL" source="#geom-Bounds-normals" offset="1"/>
          <input semantic="TEXCOORD" source="#geom-Bounds-map1" offset="2" set="0"/>
          <p>0 0 9 2 1 11 3 2 10 3 2 10 1 3 8 0 0 9 4 4 8 5 5 9 7 6 11 7 6 11 6 7 10 4 4 8 0 8 4 1 9 5 5 10 7 5 10 7 4 11 6 0 8 4 1 12 0 3 13 1 7 14 3 7 14 3 5 15 2 1 12 0 3 16 4 2 17 5 6 18 7 6 18 7 7 19 6 3 16 4 2 20 0 0 21 1 4 22 3 4 22 3 6 23 2 2 20 0</p>
        </triangles>
      </mesh>
      <extra>
        <technique profile="OpenCOLLADA3dsMax">
          <max_box>
            <generateuvs>1</generateuvs>
            <height>184</height>
            <heightsegments>1</heightsegments>
            <length>85</length>
            <lengthsegments>1</lengthsegments>
            <width>85</width>
            <widthsegments>1</widthsegments>
          </max_box>
        </technique>
      </extra>
    </geometry>
  </library_geometries>
  <library_lights>
    <light id="EnvironmentAmbientLight" name="EnvironmentAmbientLight">
      <technique_common>
        <ambient>
          <color>0 0 0</color>
        </ambient>
      </technique_common>
    </light>
  </library_lights>
  <library_visual_scenes>
    <visual_scene id="MaxScene">
      <node name="EnvironmentAmbientLight">
        <instance_light url="#EnvironmentAmbientLight"/>
      </node>
      <node id="node-Bip001" name="Bip001">
        <matrix sid="matrix">0 -1 1.42109e-14 5.366391 1 0 3.13917e-7 -9.603625 -3.13916e-7 0 1 82.08784 0 0 0 1</matrix>
        <node id="node-Bip001_Pelvis" name="Bip001_Pelvis">
          <matrix sid="matrix">-0.09997933 0.9949695 -0.006313413 0 0.1153339 0.01789127 0.9931657 0 0.9882825 0.09856789 -0.1165424 0 0 0 0 1</matrix>
          <node id="node-Bip001_Spine" name="Bip001_Spine">
            <matrix sid="matrix">0.9987717 -0.0494999 -0.002166368 16.5359 0.04948993 0.9987648 -0.004432463 3.369609 0.002383091 0.004319807 0.9999878 -1.98115 0 0 0 1</matrix>
            <node id="node-Bip001_Spine1" name="Bip001_Spine1">
              <matrix sid="matrix">0.976337 -0.1871566 0.108345 13.2795 0.1906984 0.9813743 -0.02321558 -0.01037645 -0.101982 0.04332743 0.9938424 -4.55856e-4 0 0 0 1</matrix>
              <node id="node-Bip001_Spine2" name="Bip001_Spine2">
                <matrix sid="matrix">0.9828931 -0.09823726 0.1557906 13.27856 0.1008197 0.9948664 -0.008742915 -0.01051712 -0.1541319 0.02430012 0.9877514 -2.56538e-4 0 0 0 1</matrix>
                <node id="node-Bip001_Neck" name="Bip001_Neck">
                  <matrix sid="matrix">0.8724885 -0.4820434 -0.07998852 18.05172 0.4800378 0.8761474 -0.04392552 -1.344257 0.09125571 -7.30008e-5 0.9958275 -1.90735e-6 0 0 0 1</matrix>
                  <node id="node-Bip001_Neck1" name="Bip001_Neck1">
                    <matrix sid="matrix">0.9791821 0.160851 -0.1238126 3.789421 -0.1617545 0.9868271 0.00278585 -0.002975464 0.1226297 0.01729939 0.9923018 -5.19753e-5 0 0 0 1</matrix>
                    <node id="node-Bip001_Head" name="Bip001_Head">
                      <matrix sid="matrix">0.7055489 0.6808593 -0.1965492 3.889854 -0.6638053 0.7320698 0.1530891 1.155754 0.2481199 0.02245858 0.968469 2.86102e-6 0 0 0 1</matrix>
                      <node id="node-Bip001_Jaw" name="Bip001_Jaw">
                        <matrix sid="matrix">-0.5933987 -0.7710633 0.2309533 3.120972 0.7966225 -0.6036607 0.03140976 0.05389404 0.1151985 0.2026211 0.9724578 0.303875 0 0 0 1</matrix>
                        <node id="node-Bip001_Tongue1" name="Bip001_Tongue1">
                          <matrix sid="matrix">0.8788934 0.4628991 0.1151976 3.352837 -0.4769945 0.8552305 0.2026252 -1.084335 -0.004725473 -0.2330346 0.9724571 -0.4837265 0 0 0 1</matrix>
                          <node id="node-Bip001_Tongue2" name="Bip001_Tongue2">
                            <matrix sid="matrix">0.8968381 -0.4423588 -1.22609e-6 2.059667 0.4423589 0.8968382 -2.68221e-7 -0.001434326 1.2368e-6 -2.83122e-7 0.9999999 3.8147e-6 0 0 0 1</matrix>
                            <node id="node-Bip001_Tongue3" name="Bip001_Tongue3">
                              <matrix sid="matrix">0.6936795 -0.7097927 -0.1224879 2.030186 0.7028894 0.7042144 -0.1001417 -0.001541138 0.1573376 -0.01662914 0.9874049 3.43323e-5 0 0 0 1</matrix>
                              <node id="node-Bip001_Tongue4" name="Bip001_Tongue4">
                                <matrix sid="matrix">0.9602271 -0.2475599 -0.1291427 2.712769 0.2497814 0.9683016 0.001039379 -0.001907349 0.1247918 -0.03325548 0.9916255 6.67572e-5 0 0 0 1</matrix>
                              </node>
                            </node>
                          </node>
                        </node>
                      </node>
                    </node>
                  </node>
                  <node id="node-Bip001_L_Clavicle" name="Bip001_L_Clavicle">
                    <matrix sid="matrix">-0.323359 -0.4892134 0.8100057 -5.502419 0.04951606 -0.8635678 -0.5017958 3.783081 0.94498 -0.1221519 0.3034663 2.149531 0 0 0 1</matrix>
                    <node id="node-Bip001_L_UpperArm" name="Bip001_L_UpperArm">
                      <matrix sid="matrix">0.3827627 0.3413026 0.8584902 17.26101 -0.2364644 0.934495 -0.2660901 -7.62939e-6 -0.8930719 -0.101153 0.4383957 -1.52588e-5 0 0 0 1</matrix>
                      <node id="node-Bip001_L_Forearm" name="Bip001_L_Forearm">
                        <matrix sid="matrix">0.8038211 0.5948709 0 23.56344 -0.5948707 0.8038211 6.51926e-9 9.53674e-7 1.49012e-8 -7.45058e-9 0.9999999 0 0 0 0 1</matrix>
                        <node id="node-Bip001_L_Hand" name="Bip001_L_Hand">
                          <matrix sid="matrix">0.9862226 -0.128854 0.1037385 25.0221 -0.01079682 0.5756314 0.817638 0 -0.1650711 -0.8074932 0.5663095 0 0 0 0 1</matrix>
                          <node id="node-Bip001_L_Finger0" name="Bip001_L_Finger0">
                            <matrix>0.7051091 0.5090384 0.493661 1.496597 0.5510456 0.04480305 -0.8332714 0.5334358 -0.4462847 0.8595771 -0.2489124 -2.579735 0 0 0 1</matrix>
                            <node id="node-Bip001_L_Finger01" name="Bip001_L_Finger01">
                              <matrix>0.9781498 -0.2079012 -5.12227e-9 4.089428 0.2079012 0.9781499 -2.70084e-8 0 4.65661e-9 -2.84053e-8 1 -9.53674e-7 0 0 0 1</matrix>
                              <node id="node-Bip001_L_Finger02" name="Bip001_L_Finger02">
                                <matrix>0.9115805 -0.4111216 1.21072e-8 4.089424 0.4111217 0.9115806 5.58794e-9 3.8147e-6 1.02445e-8 -1.55997e-8 1 9.53674e-7 0 0 0 1</matrix>
                              </node>
                            </node>
                          </node>
                          <node id="node-Bip001_L_Finger1" name="Bip001_L_Finger1">
                            <matrix sid="matrix">0.9603379 -0.2693583 0.07209161 10.48989 0.2737626 0.9599063 -0.0602828 0.4773445 -0.05296344 0.07762781 0.9955747 -3.495115 0 0 0 1</matrix>
                            <node id="node-Bip001_L_Finger11" name="Bip001_L_Finger11">
                              <matrix sid="matrix">0.9540662 -0.2995965 0 3.65271 0.2995965 0.9540662 5.21541e-8 0 0 -1.86265e-8 1 0 0 0 0 1</matrix>
                              <node id="node-Bip001_L_Finger12" name="Bip001_L_Finger12">
                                <matrix sid="matrix">0.9747835 -0.2231521 0 3.018188 0.2231522 0.9747836 -3.72529e-9 1.90735e-6 -2.98023e-8 4.47035e-8 1 -3.8147e-6 0 0 0 1</matrix>
                              </node>
                            </node>
                          </node>
                          <node id="node-Bip001_L_Finger2" name="Bip001_L_Finger2">
                            <matrix sid="matrix">0.9028365 -0.4284182 -0.03666329 10.47829 0.4297597 0.9018337 0.04475129 0.232235 0.01389194 -0.05615943 0.9983252 -0.7914429 0 0 0 1</matrix>
                            <node id="node-Bip001_L_Finger21" name="Bip001_L_Finger21">
                              <matrix sid="matrix">0.9577914 -0.2874642 2.98023e-8 4.072136 0.2874642 0.9577913 0 -1.90735e-6 2.98023e-8 -5.96046e-8 1 0 0 0 0 1</matrix>
                              <node id="node-Bip001_L_Finger22" name="Bip001_L_Finger22">
                                <matrix sid="matrix">0.9620118 -0.2730078 0 3.591621 0.2730078 0.9620119 -1.49012e-8 -1.90735e-6 0 0 1 1.90735e-6 0 0 0 1</matrix>
                              </node>
                            </node>
                          </node>
                          <node id="node-Bip001_L_Finger3" name="Bip001_L_Finger3">
                            <matrix sid="matrix">0.7781104 -0.5962412 -0.1975865 10.11523 0.619277 0.7808235 0.08252932 0.5977211 0.1050728 -0.1865778 0.9768052 1.599373 0 0 0 1</matrix>
                            <node id="node-Bip001_L_Finger31" name="Bip001_L_Finger31">
                              <matrix sid="matrix">0.8913193 -0.4533762 0 3.93663 0.4533761 0.8913193 -2.23517e-8 0 -1.49012e-8 1.49012e-8 0.9999999 0 0 0 0 1</matrix>
                              <node id="node-Bip001_L_Finger32" name="Bip001_L_Finger32">
                                <matrix sid="matrix">0.8000181 -0.599976 -2.98023e-8 3.743706 0.5999761 0.8000181 0 -3.8147e-6 5.96046e-8 0 1 0 0 0 0 1</matrix>
                              </node>
                            </node>
                          </node>
                          <node id="node-Bip001_L_Finger4" name="Bip001_L_Finger4">
                            <matrix sid="matrix">0.6883655 -0.6103451 -0.3919591 9.522522 0.6868778 0.7221559 0.08179098 1.343494 0.2331349 -0.3255301 0.9163398 3.938515 0 0 0 1</matrix>
                            <node id="node-Bip001_L_Finger41" name="Bip001_L_Finger41">
                              <matrix sid="matrix">0.6522291 -0.758022 -2.98023e-8 3.039894 0.7580219 0.6522291 2.98023e-8 0 -1.86265e-8 -7.45058e-9 1 9.53674e-7 0 0 0 1</matrix>
                              <node id="node-Bip001_L_Finger42" name="Bip001_L_Finger42">
                                <matrix sid="matrix">0.7012735 -0.7128924 1.86265e-8 3.010345 0.7128924 0.7012734 -1.49012e-8 0 -2.6077e-8 2.98023e-8 1 1.43051e-6 0 0 0 1</matrix>
                              </node>
                            </node>
                          </node>
                        </node>
                      </node>
                      <node id="node-Bip001_L_ForeTwist" name="Bip001_L_ForeTwist">
                        <matrix sid="matrix">0.8038211 0.5880626 -0.08974229 23.56344 -0.5948707 0.7946215 -0.1212646 9.53674e-7 1.49012e-8 0.1508601 0.9885551 0 0 0 0 1</matrix>
                        <node id="node-Bip001_L_ForeTwist1" name="Bip001_L_ForeTwist1">
                          <matrix sid="matrix">1 -2.98023e-8 0 8.340706 0 0.9885552 -0.1508602 0 2.98023e-8 0.1508602 0.9885552 0 0 0 0 1</matrix>
                          <node id="node-Bip001_L_ForeTwist2" name="Bip001_L_ForeTwist2">
                            <matrix sid="matrix">0.9999999 0 0 8.340706 -2.98023e-8 0.9885551 -0.1508601 0 -2.98023e-8 0.1508601 0.9885551 0 0 0 0 1</matrix>
                          </node>
                        </node>
                      </node>
                    </node>
                    <node id="node-Bip001_LUpArmTwist" name="Bip001_LUpArmTwist">
                      <matrix sid="matrix">0.3827627 0.3143324 0.8687278 17.26101 -0.2364644 0.9423472 -0.2367836 -7.62939e-6 -0.8930719 -0.1147912 0.4350238 -1.52588e-5 0 0 0 1</matrix>
                      <node id="node-Bip001_LUpArmTwist1" name="Bip001_LUpArmTwist1">
                        <matrix sid="matrix">1 -1.86265e-9 1.49012e-8 11.78172 0 0.9998781 -0.01561291 -9.53674e-7 1.49012e-8 0.0156129 0.999878 0 0 0 0 1</matrix>
                      </node>
                    </node>
                  </node>
                  <node id="node-Bip001_R_Clavicle" name="Bip001_R_Clavicle">
                    <matrix sid="matrix">-0.4190848 -0.4803052 -0.7705031 -5.801392 0.1804693 -0.8757544 0.4477559 3.783333 -0.8898308 0.04859557 0.4536957 -1.113116 0 0 0 1</matrix>
                    <node id="node-Bip001_R_UpperArm" name="Bip001_R_UpperArm">
                      <matrix sid="matrix">0.7017533 0.2697995 -0.6593562 17.26101 -0.199609 0.9629074 0.1815644 0 0.6838851 0.004199989 0.7295778 1.52588e-5 0 0 0 1</matrix>
                      <node id="node-Bip001_R_Forearm" name="Bip001_R_Forearm">
                        <matrix sid="matrix">0.9247333 0.3806156 -1.49012e-8 23.56343 -0.3806156 0.9247334 1.86265e-9 1.90735e-6 -5.96046e-8 -7.45058e-9 1 0 0 0 0 1</matrix>
                        <node id="node-Bip001_R_Hand" name="Bip001_R_Hand">
                          <matrix sid="matrix">0.9862226 -0.1592038 -0.04493508 25.02211 -0.01079687 0.2091084 -0.9778329 -9.53674e-7 0.165071 0.9648461 0.2045086 0 0 0 0 1</matrix>
                          <node id="node-Bip001_R_Finger0" name="Bip001_R_Finger0">
                            <matrix>0.705109 0.5090384 -0.4936611 1.496605 0.5510456 0.04480314 0.8332714 0.5334435 0.4462847 -0.8595771 -0.2489124 2.57973 0 0 0 1</matrix>
                            <node id="node-Bip001_R_Finger01" name="Bip001_R_Finger01">
                              <matrix>0.9781498 -0.2079012 1.49012e-8 4.089424 0.2079013 0.9781499 0 3.8147e-6 -1.49012e-8 5.96046e-8 1 0 0 0 0 1</matrix>
                              <node id="node-Bip001_R_Finger02" name="Bip001_R_Finger02">
                                <matrix>0.9115806 -0.4111216 1.49012e-8 4.089432 0.4111216 0.9115806 0 0 -2.98023e-8 0 1 0 0 0 0 1</matrix>
                              </node>
                            </node>
                          </node>
                          <node id="node-Bip001_R_Finger1" name="Bip001_R_Finger1">
                            <matrix sid="matrix">0.9603379 -0.2693584 -0.07209156 10.48988 0.2737626 0.9599063 0.06028263 0.4773445 0.05296344 -0.07762785 0.9955748 3.495117 0 0 0 1</matrix>
                            <node id="node-Bip001_R_Finger11" name="Bip001_R_Finger11">
                              <matrix sid="matrix">0.954066 -0.2995965 0 3.65271 0.2995965 0.954066 -1.49012e-8 1.90735e-6 0 7.45058e-8 0.9999999 9.53674e-7 0 0 0 1</matrix>
                              <node id="node-Bip001_R_Finger12" name="Bip001_R_Finger12">
                                <matrix sid="matrix">0.9747835 -0.2231521 -2.98023e-8 3.018181 0.2231521 0.9747837 3.72529e-8 3.8147e-6 1.49012e-8 0 0.9999999 9.53674e-7 0 0 0 1</matrix>
                              </node>
                            </node>
                          </node>
                          <node id="node-Bip001_R_Finger2" name="Bip001_R_Finger2">
                            <matrix sid="matrix">0.9028364 -0.4284183 0.03666329 10.47828 0.4297597 0.9018335 -0.04475128 0.2322273 -0.01389192 0.05615947 0.9983252 0.79144 0 0 0 1</matrix>
                            <node id="node-Bip001_R_Finger21" name="Bip001_R_Finger21">
                              <matrix sid="matrix">0.9577914 -0.2874642 1.49012e-8 4.072144 0.2874642 0.9577914 -2.23517e-8 0 0 4.47035e-8 1 0 0 0 0 1</matrix>
                              <node id="node-Bip001_R_Finger22" name="Bip001_R_Finger22">
                                <matrix sid="matrix">0.9620118 -0.2730078 -1.49012e-8 3.591606 0.2730078 0.9620118 0 7.62939e-6 2.98023e-8 0 1 1.90735e-6 0 0 0 1</matrix>
                              </node>
                            </node>
                          </node>
                          <node id="node-Bip001_R_Finger3" name="Bip001_R_Finger3">
                            <matrix sid="matrix">0.7781102 -0.5962415 0.1975865 10.11523 0.6192771 0.7808233 -0.08252939 0.5977211 -0.1050728 0.1865778 0.9768052 -1.599372 0 0 0 1</matrix>
                            <node id="node-Bip001_R_Finger31" name="Bip001_R_Finger31">
                              <matrix sid="matrix">0.8913192 -0.4533762 2.23517e-8 3.93663 0.4533762 0.8913192 -1.86265e-8 0 -2.23517e-8 -2.98023e-8 1 0 0 0 0 1</matrix>
                              <node id="node-Bip001_R_Finger32" name="Bip001_R_Finger32">
                                <matrix sid="matrix">0.8000181 -0.5999759 1.49012e-8 3.743698 0.599976 0.8000181 -2.98023e-8 1.14441e-5 -4.65661e-10 7.45058e-9 1 9.53674e-7 0 0 0 1</matrix>
                              </node>
                            </node>
                          </node>
                          <node id="node-Bip001_R_Finger4" name="Bip001_R_Finger4">
                            <matrix sid="matrix">0.6883655 -0.6103452 0.3919591 9.522522 0.6868779 0.7221557 -0.08179104 1.343494 -0.2331349 0.3255301 0.9163398 -3.938521 0 0 0 1</matrix>
                            <node id="node-Bip001_R_Finger41" name="Bip001_R_Finger41">
                              <matrix sid="matrix">0.6522292 -0.7580219 0 3.039909 0.758022 0.6522292 7.45058e-9 -1.90735e-6 -6.51926e-9 2.98023e-8 1 -1.90735e-6 0 0 0 1</matrix>
                              <node id="node-Bip001_R_Finger42" name="Bip001_R_Finger42">
                                <matrix sid="matrix">0.7012734 -0.7128925 -4.19095e-8 3.010351 0.7128925 0.7012734 0 3.8147e-6 2.98023e-8 -2.23517e-8 1 0 0 0 0 1</matrix>
                              </node>
                            </node>
                          </node>
                        </node>
                      </node>
                      <node id="node-Bip001_R_ForeTwist" name="Bip001_R_ForeTwist">
                        <matrix sid="matrix">0.9247333 0.3801101 0.01960948 23.56343 -0.3806156 0.9235052 0.04764262 1.90735e-6 -5.96046e-8 -0.05152038 0.998672 0 0 0 0 1</matrix>
                        <node id="node-Bip001_R_ForeTwist1" name="Bip001_R_ForeTwist1">
                          <matrix sid="matrix">1 2.98023e-8 1.49012e-8 8.340698 0 0.9986721 0.05152042 -9.53674e-7 0 -0.05152041 0.998672 0 0 0 0 1</matrix>
                          <node id="node-Bip001_R_ForeTwist2" name="Bip001_R_ForeTwist2">
                            <matrix sid="matrix">1 1.49012e-8 2.98023e-8 8.340698 0 0.998672 0.05152037 0 1.49012e-8 -0.0515204 0.998672 3.8147e-6 0 0 0 1</matrix>
                          </node>
                        </node>
                      </node>
                    </node>
                    <node id="node-Bip001_RUpArmTwist" name="Bip001_RUpArmTwist">
                      <matrix sid="matrix">0.7017533 0.1596269 -0.6943066 17.26101 -0.199609 0.9795946 0.02346701 0 0.6838851 0.1221218 0.7192966 1.52588e-5 0 0 0 1</matrix>
                      <node id="node-Bip001_RUpArmTwist1" name="Bip001_RUpArmTwist1">
                        <matrix sid="matrix">1 0 1.49012e-8 11.78172 -7.45058e-9 0.9967043 0.08112031 -9.53674e-7 0 -0.08112033 0.9967043 0 0 0 0 1</matrix>
                      </node>
                    </node>
                  </node>
                </node>
              </node>
            </node>
            <node id="node-Bip001_L_Thigh" name="Bip001_L_Thigh">
              <matrix sid="matrix">-0.9542294 0.1315344 -0.2685986 -16.65588 0.1397113 0.9901259 -0.01147082 -2.498909 0.2644375 -0.04847204 -0.963184 11.16304 0 0 0 1</matrix>
              <node id="node-Bip001_L_Calf" name="Bip001_L_Calf">
                <matrix sid="matrix">0.8212746 0.5705332 0 38.83285 -0.5705331 0.8212746 0 0 0 0 0.9999999 0 0 0 0 1</matrix>
                <node id="node-Bip001_L_Foot" name="Bip001_L_Foot">
                  <matrix sid="matrix">0.9028063 -0.4115674 -0.1247117 37.30409 0.4022175 0.9107248 -0.09381689 3.8147e-6 0.1521899 0.03453727 0.9877476 0 0 0 0 1</matrix>
                  <node id="node-Bip001_L_Toe0" name="Bip001_L_Toe0">
                    <matrix>-0.1256363 -0.991495 -0.03395706 8.488064 0.9918476 -0.1247986 -0.02576551 12.70343 0.02130858 -0.03691732 0.9990911 -0.2012501 0 0 0 1</matrix>
                  </node>
                </node>
              </node>
            </node>
            <node id="node-Bip001_R_Thigh" name="Bip001_R_Thigh">
              <matrix sid="matrix">-0.9801806 0.1953197 -0.03311127 -16.69938 0.1966798 0.9794558 -0.04453759 -2.577827 0.02373195 -0.05016719 -0.998459 -7.099276 0 0 0 1</matrix>
              <node id="node-Bip001_R_Calf" name="Bip001_R_Calf">
                <matrix sid="matrix">0.8776519 0.4792989 0 38.83284 -0.479299 0.8776516 1.86265e-9 -9.53674e-7 0 0 0.9999999 1.90735e-6 0 0 0 1</matrix>
                <node id="node-Bip001_R_Foot" name="Bip001_R_Foot">
                  <matrix sid="matrix">0.9658241 -0.2591496 -0.00500144 37.30408 0.2452379 0.9073894 0.3413251 -1.90735e-6 -0.08391602 -0.3308866 0.9399319 -1.90735e-6 0 0 0 1</matrix>
                  <node id="node-Bip001_R_Toe0" name="Bip001_R_Toe0">
                    <matrix>-0.1256363 -0.9914951 0.033957 8.488065 0.9918476 -0.1247985 0.02576544 12.70344 -0.02130854 0.03691725 0.9990911 0.2012501 0 0 0 1</matrix>
                  </node>
                </node>
              </node>
            </node>
          </node>
        </node>
      </node>
      <node id="node-Bounds" name="Bounds">
        <matrix>0.9999915 0.001706907 0.003750479 5.366391 -0.001711356 0.9999978 0.001183292 -9.603625 -0.003748452 -0.0011897 0.9999923 -0.008934736 0 0 0 1</matrix>
        <instance_geometry url="#geom-Bounds">
          <bind_material>
            <technique_common>
              <instance_material symbol="ShapeBounds" target="#ShapeBounds-material"/>
            </technique_common>
          </bind_material>
        </instance_geometry>
      </node>
    </visual_scene>
  </library_visual_scenes>
  <library_animations>
    <animation>
      <source id="node-Bip001_matrix-input">
        <float_array id="node-Bip001_matrix-input-array" count="51">37 37.03333 37.06667 37.1 37.13334 37.16667 37.2 37.23333 37.26667 37.3 37.33333 37.36666 37.4 37.43333 37.46667 37.5 37.53333 37.56667 37.6 37.63334 37.66667 37.7 37.73333 37.76667 37.8 37.83333 37.86666 37.9 37.93333 37.96667 38 38.03333 38.06667 38.1 38.13334 38.16667 38.2 38.23333 38.26667 38.3 38.33333 38.36666 38.4 38.43333 38.46667 38.5 38.53333 38.56667 38.6 38.63334 38.66667</float_array>
        <technique_common>
          <accessor source="#node-Bip001_matrix-input-array" count="51" stride="1">
            <param name="TIME" type="float"/>
          </accessor>
        </technique_common>
      </source>
      <source id="node-Bip001_matrix-output">
        <float_array id="node-Bip001_matrix-output-array" count="816">0 -1 0 5.366391 1 0 3.13916e-7 -9.603626 -3.13916e-7 0 1 82.08785 0 0 0 1 4.90546e-5 -0.9999995 0.00106585 5.352076 0.9999939 4.52995e-5 -0.003523051 -9.527201 0.003522992 0.001066029 0.9999932 82.05486 0 0 0 1 7.2521e-4 -0.9999917 0.004011571 5.312449 0.9999042 6.69718e-4 -0.01382786 -9.325573 0.01382505 0.004021227 0.9998964 81.93553 0 0 0 1 0.003383517 -0.9999587 0.008439302 5.25236 0.9995316 0.003125131 -0.0304439 -9.039258 0.0304163 0.008538305 0.9995009 81.69965 0 0 0 1 0.009806394 -0.9998556 0.01388025 5.176506 0.99857 0.009062349 -0.05268681 -8.707764 0.05255341 0.01437711 0.9985146 81.31724 0 0 0 1 0.02181619 -0.9995669 0.01974958 5.089469 0.996626 0.0201801 -0.079557 -8.369887 0.07912397 0.02141857 0.9966347 80.75836 0 0 0 1 0.04091054 -0.9988414 0.0253424 4.995754 0.9932367 0.03789651 -0.1097478 -8.063998 0.1086603 0.02966088 0.9936363 79.99289 0 0 0 1 0.06795924 -0.9972404 0.02988767 4.899819 0.9878854 0.06307226 -0.1417899 -7.828314 0.1395136 0.0391615 0.9894455 78.99031 0 0 0 1 0.1030083 -0.9941449 0.03263944 4.806106 0.9800165 0.09582144 -0.1743152 -7.701172 0.170167 0.04994314 0.9841488 77.71949 0 0 0 1 0.1452136 -0.9888511 0.0329613 4.71907 0.9690518 0.1354264 -0.2063934 -7.721292 0.1996285 0.06191229 0.9779137 76.14846 0 0 0 1 0.1928989 -0.9807493 0.03034532 4.643216 0.9544047 0.1803573 -0.2378717 -7.928054 0.2278195 0.07484692 0.9708225 74.24424 0 0 0 1 0.2436684 -0.9695531 0.02434372 4.583127 0.9354962 0.228339 -0.2696449 -8.361787 0.2558764 0.08847743 0.9626521 71.97248 0 0 0 1 0.2944641 -0.9555534 0.01444464 4.543497 0.9117714 0.2763799 -0.303788 -9.064067 0.2862935 0.1026248 0.9526302 69.2973 0 0 0 1 0.3414584 -0.9398969 0 4.529173 0.8827036 0.3206805 -0.343509 -10.07828 0.3228631 0.117294 0.9391494 66.18092 0 0 0 1 0.3809019 -0.9243477 -0.02225065 4.53001 0.8444378 0.3575735 -0.3988308 -12.0406 0.3766146 0.1331261 0.9167546 62.61951 0 0 0 1 0.4072082 -0.9116561 -0.0553587 4.532085 0.7923268 0.3827569 -0.4750952 -15.33397 0.4543124 0.1496005 0.8781913 58.83692 0 0 0 1 0.4123748 -0.9058024 -0.09730875 4.534768 0.7250381 0.3909882 -0.5669638 -19.64359 0.5516038 0.163249 0.8179749 54.7834 0 0 0 1 0.3899326 -0.9097164 -0.1427182 4.537451 0.6418764 0.3796477 -0.66623 -24.67396 0.660263 0.1681773 0.7319626 50.40659 0 0 0 1 0.3376991 -0.9230574 -0.1841861 4.539526 0.5430208 0.3508902 -0.7628923 -30.13894 0.7688223 0.1576111 0.6197346 45.6498 0 0 0 1 0.2598021 -0.9412738 -0.2156538 4.540363 0.4296965 0.3126807 -0.8471079 -35.75229 0.8647912 0.1274147 0.4856971 40.45162 0 0 0 1 0.1677702 -0.9567986 -0.2374651 4.53904 0.3049781 0.2794364 -0.9104415 -41.17732 0.9374654 0.08032339 0.3386837 34.71408 0 0 0 1 0.07591032 -0.9659942 -0.2471698 4.535914 0.1807997 0.2571107 -0.9493185 -46.03664 0.9805862 0.02737492 0.1941687 28.67882 0 0 0 1 -0.001902222 -0.9694584 -0.2452485 4.532197 0.07302445 0.2444595 -0.966906 -49.9779 0.9973284 -0.01974833 0.07032912 22.76653 0 0 0 1 -0.05434167 -0.9695615 -0.2387413 4.529072 -0.002755403 0.2392393 -0.9709568 -52.63659 0.9985186 -0.05210548 -0.0156722 17.39407 0 0 0 1 -0.07337594 -0.9690758 -0.2356011 4.527748 -0.03144109 0.2383683 -0.9706657 -53.61835 0.9968085 -0.06381607 -0.04795932 12.994 0 0 0 1 -0.07325029 -0.9690321 -0.2358202 4.527748 -0.03092235 0.2385485 -0.9706382 -53.61835 0.9968342 -0.06380742 -0.04743862 13.92881 0 0 0 1 -0.07288503 -0.9689281 -0.23636 4.527748 -0.02941757 0.2389758 -0.9705798 -53.61835 0.9969064 -0.06378751 -0.04592132 14.56375 0 0 0 1 -0.07229518 -0.9688032 -0.2370524 4.527748 -0.02698761 0.2394874 -0.9705243 -53.61835 0.9970181 -0.06376671 -0.04345953 14.95549 0 0 0 1 -0.07149004 -0.968696 -0.2377333 4.527748 -0.02367538 0.239924 -0.9705029 -53.61835 0.9971603 -0.06375283 -0.0400865 15.15526 0 0 0 1 -0.07047557 -0.968647 -0.2382355 4.527748 -0.01950699 0.2401219 -0.9705467 -53.61835 0.9973228 -0.06375253 -0.03581809 15.21131 0 0 0 1 -0.06930375 -0.9686747 -0.2384667 4.527748 -0.01469975 0.2400071 -0.9706598 -53.61835 0.9974873 -0.06376498 -0.0308727 15.18813 0 0 0 1 -0.06809902 -0.9687525 -0.2384975 4.527748 -0.009764611 0.2396882 -0.9708008 -53.61835 0.9976308 -0.06378167 -0.0257821 15.08814 0 0 0 1 -0.06696927 -0.9688561 -0.2383968 4.527748 -0.005142986 0.2392652 -0.9709406 -53.61835 0.9977418 -0.06379705 -0.02100622 14.86602 0 0 0 1 -0.0660218 -0.9689611 -0.2382345 4.527748 -0.001272559 0.2388368 -0.971059 -53.61835 0.9978174 -0.06380784 -0.01700162 14.47575 0 0 0 1 -0.06536686 -0.9690428 -0.2380824 4.527748 0.001399695 0.2385033 -0.9711406 -53.61835 0.9978603 -0.06381362 -0.01423382 13.86906 0 0 0 1 -0.06512141 -0.9690759 -0.2380149 4.527748 0.002401828 0.2383682 -0.9711719 -53.61835 0.9978745 -0.06381565 -0.01319539 12.994 0 0 0 1 -0.06512141 -0.9690759 -0.2380149 4.527748 0.002401828 0.2383682 -0.9711719 -53.61835 0.9978745 -0.06381565 -0.01319539 12.994 0 0 0 1 -0.06512141 -0.9690759 -0.2380149 4.527748 0.002401828 0.2383682 -0.9711719 -53.61835 0.9978745 -0.06381565 -0.01319539 12.994 0 0 0 1 -0.06512141 -0.9690759 -0.2380149 4.527748 0.002401828 0.2383682 -0.9711719 -53.61835 0.9978745 -0.06381565 -0.01319539 12.994 0 0 0 1 -0.06512141 -0.9690759 -0.2380149 4.527748 0.002401828 0.2383682 -0.9711719 -53.61835 0.9978745 -0.06381565 -0.01319539 12.994 0 0 0 1 -0.06512141 -0.9690759 -0.2380149 4.527748 0.002401828 0.2383682 -0.9711719 -53.61835 0.9978745 -0.06381565 -0.01319539 12.994 0 0 0 1 -0.06512141 -0.9690759 -0.2380149 4.527748 0.002401828 0.2383682 -0.9711719 -53.61835 0.9978745 -0.06381565 -0.01319539 12.994 0 0 0 1 -0.06512141 -0.9690759 -0.2380149 4.527748 0.002401828 0.2383682 -0.9711719 -53.61835 0.9978745 -0.06381565 -0.01319539 12.994 0 0 0 1 -0.06512141 -0.9690759 -0.2380149 4.527748 0.002401828 0.2383682 -0.9711719 -53.61835 0.9978745 -0.06381565 -0.01319539 12.994 0 0 0 1 -0.06512141 -0.9690759 -0.2380149 4.527748 0.002401828 0.2383682 -0.9711719 -53.61835 0.9978745 -0.06381565 -0.01319539 12.994 0 0 0 1 -0.06512141 -0.9690759 -0.2380149 4.527748 0.002401828 0.2383682 -0.9711719 -53.61835 0.9978745 -0.06381565 -0.01319539 12.994 0 0 0 1 -0.06512141 -0.9690759 -0.2380149 4.527748 0.002401828 0.2383682 -0.9711719 -53.61835 0.9978745 -0.06381565 -0.01319539 12.994 0 0 0 1 -0.06512141 -0.9690759 -0.2380149 4.527748 0.002401828 0.2383682 -0.9711719 -53.61835 0.9978745 -0.06381565 -0.01319539 12.994 0 0 0 1 -0.06512141 -0.9690759 -0.2380149 4.527748 0.002401828 0.2383682 -0.9711719 -53.61835 0.9978745 -0.06381565 -0.01319539 12.994 0 0 0 1 -0.06512141 -0.9690759 -0.2380149 4.527748 0.002401828 0.2383682 -0.9711719 -53.61835 0.9978745 -0.06381565 -0.01319539 12.994 0 0 0 1 -0.06512141 -0.9690759 -0.2380149 4.527748 0.002401828 0.2383682 -0.9711719 -53.61835 0.9978745 -0.06381565 -0.01319539 12.994 0 0 0 1</float_array>
        <technique_common>
          <accessor source="#node-Bip001_matrix-output-array" count="51" stride="16">
            <param name="TRANSFORM" type="float4x4"/>
          </accessor>
        </technique_common>
      </source>
      <source id="node-Bip001_matrix-interpolation">
        <Name_array id="node-Bip001_matrix-interpolation-array" count="51">LINEAR LINEAR LINEAR LINEAR LINEAR LINEAR LINEAR LINEAR LINEAR LINEAR LINEAR LINEAR LINEAR LINEAR LINEAR LINEAR LINEAR LINEAR LINEAR LINEAR LINEAR LINEAR LINEAR LINEAR LINEAR LINEAR LINEAR LINEAR LINEAR LINEAR LINEAR LINEAR LINEAR LINEAR LINEAR LINEAR LINEAR LINEAR LINEAR LINEAR LINEAR LINEAR LINEAR LINEAR LINEAR LINEAR LINEAR LINEAR LINEAR LINEAR LINEAR</Name_array>
        <technique_common>
          <accessor source="#node-Bip001_matrix-interpolation-array" count="51" stride="1">
            <param name="INTERPOLATION" type="name"/>
          </accessor>
        </technique_common>
      </source>
      <source id="node-Bip001_Pelvis_matrix-input">
        <float_array id="node-Bip001_Pelvis_matrix-input-array" count="51">37 37.03333 37.06667 37.1 37.13334 37.16667 37.2 37.23333 37.26667 37.3 37.33333 37.36666 37.4 37.43333 37.46667 37.5 37.53333 37.56667 37.6 37.63334 37.66667 37.7 37.73333 37.76667 37.8 37.83333 37.86666 37.9 37.93333 37.96667 38 38.03333 38.06667 38.1 38.13334 38.16667 38.2 38.23333 38.26667 38.3 38.33333 38.36666 38.4 38.43333 38.46667 38.5 38.53333 38.56667 38.6 38.63334 38.66667</float_array>
        <technique_common>
          <accessor source="#node-Bip001_Pelvis_matrix-input-array" count="51" stride="1">
            <param name="TIME" type="float"/>
          </accessor>
        </technique_common>
      </source>
      <source id="node-Bip001_Pelvis_matrix-output">
