<?xml version="1.0" encoding="utf-8"?>
<COLLADA xmlns="http://www.collada.org/2005/11/COLLADASchema" version="1.4.1">
  <asset>
    <contributor>
      <author>Jesse Oliger</author>
      <authoring_tool>OpenCOLLADA for 3ds Max;  Version: 1.3.0;  Revision: 839M;  Platform: x64;  Configuration: Release_Max2012</authoring_tool>
      <source_data>file:///C:/Users/Jesse%20Oliger/Documents/3dsMax/scenes/Zombies/Animations/Zombie_TP_Animation_Master_16.max</source_data>
    </contributor>
    <created>2011-10-11T14:54:11</created>
    <modified>2011-10-11T14:54:11</modified>
    <unit name="centimeter" meter="0.01"/>
    <up_axis>Z_UP</up_axis>
  </asset>
  <library_effects>
    <effect id="ShapeBounds">
      <profile_COMMON>
        <technique sid="common">
          <blinn>
            <emission>
              <color>0 0 0 1</color>
            </emission>
            <ambient>
              <color>0.1647059 1 0 1</color>
            </ambient>
            <diffuse>
              <color>0.1647059 1 0 1</color>
            </diffuse>
            <specular>
              <color>0.9 0.9 0.9 1</color>
            </specular>
            <shininess>
              <float>10</float>
            </shininess>
            <reflective>
              <color>0 0 0 1</color>
            </reflective>
            <transparent opaque="A_ONE">
              <color>1 1 1 1</color>
            </transparent>
            <transparency>
              <float>1</float>
            </transparency>
          </blinn>
        </technique>
      </profile_COMMON>
      <extra>
        <technique profile="OpenCOLLADA3dsMax">
          <extended_shader>
            <apply_reflection_dimming>0</apply_reflection_dimming>
            <dim_level>0</dim_level>
            <falloff_type>0</falloff_type>
            <index_of_refraction>1.5</index_of_refraction>
            <opacity_type>0</opacity_type>
            <reflection_level>3</reflection_level>
            <wire_size>1</wire_size>
            <wire_units>0</wire_units>
          </extended_shader>
          <shader>
            <ambient_diffuse_lock>1</ambient_diffuse_lock>
            <ambient_diffuse_texture_lock>1</ambient_diffuse_texture_lock>
            <diffuse_specular_lock>0</diffuse_specular_lock>
            <soften>0.1</soften>
            <use_self_illum_color>0</use_self_illum_color>
          </shader>
        </technique>
      </extra>
    </effect>
  </library_effects>
  <library_materials>
    <material id="ShapeBounds-material" name="ShapeBounds">
      <instance_effect url="#ShapeBounds"/>
    </material>
  </library_materials>
  <library_geometries>
    <geometry id="geom-Bounds" name="Bounds">
      <mesh>
        <source id="geom-Bounds-positions">
          <float_array id="geom-Bounds-positions-array" count="24">-42.5 -42.5 0 42.5 -42.5 0 -42.5 42.5 0 42.5 42.5 0 -42.5 -42.5 184 42.5 -42.5 184 -42.5 42.5 184 42.5 42.5 184</float_array>
          <technique_common>
            <accessor source="#geom-Bounds-positions-array" count="8" stride="3">
              <param name="X" type="float"/>
              <param name="Y" type="float"/>
              <param name="Z" type="float"/>
            </accessor>
          </technique_common>
        </source>
        <source id="geom-Bounds-normals">
          <float_array id="geom-Bounds-normals-array" count="72">0 0 -1 0 0 -1 0 0 -1 0 0 -1 0 0 1 0 0 1 0 0 1 0 0 1 0 -1 0 0 -1 0 0 -1 0 0 -1 0 1 0 0 1 0 0 1 0 0 1 0 0 0 1 0 0 1 0 0 1 0 0 1 0 -1 0 0 -1 0 0 -1 0 0 -1 0 0</float_array>
          <technique_common>
            <accessor source="#geom-Bounds-normals-array" count="24" stride="3">
              <param name="X" type="float"/>
              <param name="Y" type="float"/>
              <param name="Z" type="float"/>
            </accessor>
          </technique_common>
        </source>
        <source id="geom-Bounds-map1">
          <float_array id="geom-Bounds-map1-array" count="36">0 0 0 1 0 0 0 1 0 1 1 0 0 0 0 1 0 0 0 1 0 1 1 0 0 0 0 1 0 0 0 1 0 1 1 0</float_array>
          <technique_common>
            <accessor source="#geom-Bounds-map1-array" count="12" stride="3">
              <param name="S" type="float"/>
              <param name="T" type="float"/>
              <param name="P" type="float"/>
            </accessor>
          </technique_common>
        </source>
        <vertices id="geom-Bounds-vertices">
          <input semantic="POSITION" source="#geom-Bounds-positions"/>
        </vertices>
        <triangles material="ShapeBounds" count="12">
          <input semantic="VERTEX" source="#geom-Bounds-vertices" offset="0"/>
          <input semantic="NORMAL" source="#geom-Bounds-normals" offset="1"/>
          <input semantic="TEXCOORD" source="#geom-Bounds-map1" offset="2" set="0"/>
          <p>0 0 9 2 1 11 3 2 10 3 2 10 1 3 8 0 0 9 4 4 8 5 5 9 7 6 11 7 6 11 6 7 10 4 4 8 0 8 4 1 9 5 5 10 7 5 10 7 4 11 6 0 8 4 1 12 0 3 13 1 7 14 3 7 14 3 5 15 2 1 12 0 3 16 4 2 17 5 6 18 7 6 18 7 7 19 6 3 16 4 2 20 0 0 21 1 4 22 3 4 22 3 6 23 2 2 20 0</p>
        </triangles>
      </mesh>
      <extra>
        <technique profile="OpenCOLLADA3dsMax">
          <max_box>
            <generateuvs>1</generateuvs>
            <height>184</height>
            <heightsegments>1</heightsegments>
            <length>85</length>
            <lengthsegments>1</lengthsegments>
            <width>85</width>
            <widthsegments>1</widthsegments>
          </max_box>
        </technique>
      </extra>
    </geometry>
  </library_geometries>
  <library_lights>
    <light id="EnvironmentAmbientLight" name="EnvironmentAmbientLight">
      <technique_common>
        <ambient>
          <color>0 0 0</color>
        </ambient>
      </technique_common>
    </light>
  </library_lights>
  <library_visual_scenes>
    <visual_scene id="MaxScene">
      <node name="EnvironmentAmbientLight">
        <instance_light url="#EnvironmentAmbientLight"/>
      </node>
      <node id="node-Bip001" name="Bip001">
        <matrix sid="matrix">3.57628e-7 -0.9999999 0 -2.726762 0.9999999 3.57628e-7 0 -9.603625 0 0 1 82.08784 0 0 0 1</matrix>
        <node id="node-Bip001_Pelvis" name="Bip001_Pelvis">
          <matrix sid="matrix">-0.2005356 0.9778308 -0.06026959 0 -0.1482377 0.03052508 0.9884805 0 0.9684064 0.2071598 0.1388301 0 0 0 0 1</matrix>
          <node id="node-Bip001_Spine" name="Bip001_Spine">
            <matrix sid="matrix">0.9631743 -0.0669011 -0.2604222 16.02686 0.06804147 0.9976717 -0.004644489 5.17592 0.2601266 -0.01324606 0.9654837 2.243341 0 0 0 1</matrix>
            <node id="node-Bip001_Spine1" name="Bip001_Spine1">
              <matrix sid="matrix">0.984282 -0.1394659 0.1083453 13.27901 0.1427587 0.9894852 -0.0232156 -0.01046133 -0.1039683 0.03831792 0.9938422 -4.04358e-4 0 0 0 1</matrix>
              <node id="node-Bip001_Spine2" name="Bip001_Spine2">
                <matrix sid="matrix">0.930139 -0.3545907 0.09542884 13.28127 0.3575061 0.9337929 -0.01483951 -0.00987339 -0.08384883 0.0479192 0.9953256 -5.05924e-4 0 0 0 1</matrix>
                <node id="node-Bip001_Neck" name="Bip001_Neck">
                  <matrix sid="matrix">0.7914028 -0.6112932 -0.00155656 18.0521 0.6110864 0.7910635 0.028141 -1.344006 -0.01597108 -0.02322207 0.9996027 6.86646e-5 0 0 0 1</matrix>
                  <node id="node-Bip001_Neck1" name="Bip001_Neck1">
                    <matrix sid="matrix">0.9380261 -0.2605748 0.2284899 3.790703 0.256183 0.9653742 0.049218 -0.002929687 -0.2334033 0.01236747 0.9723013 -3.62396e-5 0 0 0 1</matrix>
                    <node id="node-Bip001_Head" name="Bip001_Head">
                      <matrix sid="matrix">0.907351 0.4147382 0.06860059 3.889847 -0.3169954 0.7822238 -0.5363203 1.155762 -0.2760937 0.4648849 0.8412219 1.90735e-6 0 0 0 1</matrix>
                      <node id="node-Bip001_Jaw" name="Bip001_Jaw">
                        <matrix sid="matrix">-0.593399 -0.7710631 0.2309528 3.120956 0.7966223 -0.6036608 0.03141004 0.05390167 0.115198 0.2026208 0.9724579 0.3038635 0 0 0 1</matrix>
                        <node id="node-Bip001_Tongue1" name="Bip001_Tongue1">
                          <matrix sid="matrix">0.8788933 0.4628994 0.1151971 3.352821 -0.4769946 0.8552304 0.2026249 -1.084321 -0.004725218 -0.233034 0.9724571 -0.4837036 0 0 0 1</matrix>
                          <node id="node-Bip001_Tongue2" name="Bip001_Tongue2">
                            <matrix sid="matrix">0.8968382 -0.4423588 -1.2517e-6 2.059669 0.4423587 0.8968383 -2.98023e-7 -0.00144577 1.2517e-6 -3.65078e-7 1 0 0 0 0 1</matrix>
                            <node id="node-Bip001_Tongue3" name="Bip001_Tongue3">
                              <matrix sid="matrix">0.8621961 -0.04197894 0.5048324 2.028748 -4.38496e-4 0.9964982 0.08361191 -0.002153397 -0.5065746 -0.07231119 0.8591585 1.52588e-4 0 0 0 1</matrix>
                              <node id="node-Bip001_Tongue4" name="Bip001_Tongue4">
                                <matrix sid="matrix">0.9675539 -0.247566 -0.05049977 2.712753 0.2488699 0.9683024 0.02131458 -0.001909256 0.04362233 -0.03319087 0.9984966 6.48499e-5 0 0 0 1</matrix>
                              </node>
                            </node>
                          </node>
                        </node>
                      </node>
                    </node>
                  </node>
                  <node id="node-Bip001_L_Clavicle" name="Bip001_L_Clavicle">
                    <matrix sid="matrix">-0.5056854 -0.6005515 0.6193704 -5.051613 0.1806228 -0.775718 -0.6046789 4.574394 0.8435978 -0.193905 0.5007428 1.664293 0 0 0 1</matrix>
                    <node id="node-Bip001_L_UpperArm" name="Bip001_L_UpperArm">
                      <matrix sid="matrix">0.4722891 0.08102922 0.8777114 17.261 -0.3630759 0.9252496 0.1099501 7.62939e-6 -0.8031929 -0.3706041 0.4664051 1.52588e-5 0 0 0 1</matrix>
                      <node id="node-Bip001_L_Forearm" name="Bip001_L_Forearm">
                        <matrix sid="matrix">0.9625067 0.2712582 -1.49012e-8 23.56344 -0.2712581 0.9625069 -1.16415e-8 9.53674e-7 0 5.96046e-8 1 0 0 0 0 1</matrix>
                        <node id="node-Bip001_L_Hand" name="Bip001_L_Hand">
                          <matrix sid="matrix">0.9862226 -0.128854 0.1037385 25.0221 -0.01079682 0.5756314 0.817638 0 -0.1650711 -0.8074932 0.5663095 3.8147e-6 0 0 0 1</matrix>
                          <node id="node-Bip001_L_Finger0" name="Bip001_L_Finger0">
                            <matrix>0.705109 0.5090383 0.4936611 1.49659 0.5510456 0.04480316 -0.8332714 0.5334358 -0.4462847 0.8595771 -0.2489125 -2.579731 0 0 0 1</matrix>
                            <node id="node-Bip001_L_Finger01" name="Bip001_L_Finger01">
                              <matrix sid="matrix">0.9781498 -0.2079011 4.47035e-8 4.089424 0.2079011 0.9781499 -1.49012e-8 -7.62939e-6 -1.49012e-8 0 0.9999999 -1.90735e-6 0 0 0 1</matrix>
                              <node id="node-Bip001_L_Finger02" name="Bip001_L_Finger02">
                                <matrix sid="matrix">0.9115805 -0.4111217 -1.49012e-8 4.089424 0.4111215 0.9115806 -1.49012e-8 3.8147e-6 -5.96046e-8 -5.21541e-8 1 -1.90735e-6 0 0 0 1</matrix>
                              </node>
                            </node>
                          </node>
                          <node id="node-Bip001_L_Finger1" name="Bip001_L_Finger1">
                            <matrix sid="matrix">0.9603379 -0.2693584 0.07209148 10.48988 0.2737626 0.9599063 -0.06028265 0.4773445 -0.05296347 0.07762778 0.9955747 -3.495116 0 0 0 1</matrix>
                            <node id="node-Bip001_L_Finger11" name="Bip001_L_Finger11">
                              <matrix sid="matrix">0.954066 -0.2995965 0 3.652702 0.2995965 0.954066 3.53903e-8 1.90735e-6 -2.98023e-8 1.49012e-8 1 -2.86102e-6 0 0 0 1</matrix>
                              <node id="node-Bip001_L_Finger12" name="Bip001_L_Finger12">
                                <matrix sid="matrix">0.9747837 -0.223152 0 3.018188 0.223152 0.9747836 0 -3.8147e-6 -2.98023e-8 -5.96046e-8 1 9.53674e-7 0 0 0 1</matrix>
                              </node>
                            </node>
                          </node>
                          <node id="node-Bip001_L_Finger2" name="Bip001_L_Finger2">
                            <matrix sid="matrix">0.9028362 -0.4284187 -0.03666334 10.47829 0.4297601 0.9018334 0.04475128 0.2322311 0.01389188 -0.05615948 0.9983252 -0.7914391 0 0 0 1</matrix>
                            <node id="node-Bip001_L_Finger21" name="Bip001_L_Finger21">
                              <matrix sid="matrix">0.9577914 -0.2874643 1.49012e-8 4.072128 0.2874642 0.9577914 -7.45058e-9 7.62939e-6 2.98023e-8 0 1 -4.76837e-6 0 0 0 1</matrix>
                              <node id="node-Bip001_L_Finger22" name="Bip001_L_Finger22">
                                <matrix sid="matrix">0.9620118 -0.2730078 1.49012e-8 3.591629 0.2730079 0.9620118 -1.49012e-8 -5.72205e-6 -2.98023e-8 1.49012e-8 1 9.53674e-7 0 0 0 1</matrix>
                              </node>
                            </node>
                          </node>
                          <node id="node-Bip001_L_Finger3" name="Bip001_L_Finger3">
                            <matrix sid="matrix">0.7781101 -0.5962414 -0.1975865 10.11522 0.6192771 0.7808233 0.08252938 0.5977211 0.1050727 -0.1865777 0.9768053 1.599368 0 0 0 1</matrix>
                            <node id="node-Bip001_L_Finger31" name="Bip001_L_Finger31">
                              <matrix sid="matrix">0.8913192 -0.4533762 0 3.936623 0.4533762 0.8913193 3.72529e-9 3.8147e-6 -3.72529e-9 0 1 -9.53674e-7 0 0 0 1</matrix>
                              <node id="node-Bip001_L_Finger32" name="Bip001_L_Finger32">
                                <matrix sid="matrix">0.8000181 -0.5999759 1.49012e-8 3.743706 0.599976 0.800018 0 0 1.95578e-8 7.45058e-9 1 9.53674e-7 0 0 0 1</matrix>
                              </node>
                            </node>
                          </node>
                          <node id="node-Bip001_L_Finger4" name="Bip001_L_Finger4">
                            <matrix sid="matrix">0.6883654 -0.6103451 -0.3919591 9.522514 0.6868779 0.7221557 0.08179098 1.343494 0.2331348 -0.3255301 0.9163398 3.93852 0 0 0 1</matrix>
                            <node id="node-Bip001_L_Finger41" name="Bip001_L_Finger41">
                              <matrix sid="matrix">0.6522292 -0.7580217 0 3.039902 0.7580217 0.6522292 -3.72529e-9 1.90735e-6 6.51926e-9 -7.45058e-9 1 0 0 0 0 1</matrix>
                              <node id="node-Bip001_L_Finger42" name="Bip001_L_Finger42">
                                <matrix sid="matrix">0.7012733 -0.7128924 -1.39698e-8 3.010345 0.7128924 0.7012733 7.45058e-9 -7.62939e-6 0 0 1 0 0 0 0 1</matrix>
                              </node>
                            </node>
                          </node>
                        </node>
                      </node>
                      <node id="node-Bip001_L_ForeTwist" name="Bip001_L_ForeTwist">
                        <matrix sid="matrix">0.9625067 0.2681536 -0.04092205 23.56344 -0.2712581 0.9514911 -0.1452039 9.53674e-7 0 0.1508602 0.9885553 0 0 0 0 1</matrix>
                        <node id="node-Bip001_L_ForeTwist1" name="Bip001_L_ForeTwist1">
                          <matrix sid="matrix">1 4.47035e-8 0 8.340698 0 0.9885551 -0.1508602 0 -1.49012e-8 0.1508602 0.9885551 0 0 0 0 1</matrix>
                          <node id="node-Bip001_L_ForeTwist2" name="Bip001_L_ForeTwist2">
                            <matrix sid="matrix">1 0 1.49012e-8 8.340698 2.98023e-8 0.9885551 -0.1508602 0 -1.49012e-8 0.1508601 0.9885551 -3.8147e-6 0 0 0 1</matrix>
                          </node>
                        </node>
                      </node>
                    </node>
                    <node id="node-Bip001_LUpArmTwist" name="Bip001_LUpArmTwist">
                      <matrix sid="matrix">0.4722891 0.2952161 0.8305364 17.261 -0.3630759 0.9237531 -0.1218851 7.62939e-6 -0.8031929 -0.2439827 0.5434644 1.52588e-5 0 0 0 1</matrix>
                      <node id="node-Bip001_LUpArmTwist1" name="Bip001_LUpArmTwist1">
                        <matrix sid="matrix">1 0 -1.49012e-8 11.78172 -4.65661e-10 0.992231 0.1244098 9.53674e-7 1.49012e-8 -0.1244099 0.992231 0 0 0 0 1</matrix>
                      </node>
                    </node>
                  </node>
                  <node id="node-Bip001_R_Clavicle" name="Bip001_R_Clavicle">
                    <matrix sid="matrix">-0.3039306 -0.6117837 -0.7303059 -4.999275 0.2624035 -0.7906753 0.5531515 4.650475 -0.9158441 -0.02351516 0.4008448 -1.61072 0 0 0 1</matrix>
                    <node id="node-Bip001_R_UpperArm" name="Bip001_R_UpperArm">
                      <matrix sid="matrix">0.7042491 0.4332524 -0.5624282 17.261 -0.3266403 0.9011105 0.2851423 3.8147e-6 0.6303484 -0.01709941 0.7761238 -7.62939e-6 0 0 0 1</matrix>
                      <node id="node-Bip001_R_Forearm" name="Bip001_R_Forearm">
                        <matrix>0.9247333 0.3806156 0 23.56345 -0.3806156 0.9247335 -2.6077e-8 0 2.98023e-8 -2.98023e-8 1 0 0 0 0 1</matrix>
                        <node id="node-Bip001_R_Hand" name="Bip001_R_Hand">
                          <matrix sid="matrix">0.9862226 -0.1592038 -0.04493502 25.02209 -0.01079684 0.2091084 -0.977833 -9.53674e-7 0.165071 0.964846 0.2045086 -7.62939e-6 0 0 0 1</matrix>
                          <node id="node-Bip001_R_Finger0" name="Bip001_R_Finger0">
                            <matrix>0.7051089 0.5090383 -0.4936611 1.496597 0.5510457 0.04480308 0.8332713 0.5334396 0.4462847 -0.8595771 -0.2489124 2.579732 0 0 0 1</matrix>
                            <node id="node-Bip001_R_Finger01" name="Bip001_R_Finger01">
                              <matrix>0.9781498 -0.2079012 0 4.089417 0.2079012 0.9781498 1.49012e-8 0 -1.49012e-8 0 1 9.53674e-7 0 0 0 1</matrix>
                              <node id="node-Bip001_R_Finger02" name="Bip001_R_Finger02">
                                <matrix sid="matrix">0.8171329 -0.5764491 0 4.089424 0.5764491 0.8171331 1.49012e-8 0 5.96046e-8 -3.72529e-9 0.9999999 -1.90735e-6 0 0 0 1</matrix>
                              </node>
                            </node>
                          </node>
                          <node id="node-Bip001_R_Finger1" name="Bip001_R_Finger1">
                            <matrix>0.9603381 -0.2693584 -0.07209155 10.48988 0.2737626 0.9599063 0.06028274 0.4773483 0.05296342 -0.07762782 0.9955747 3.495115 0 0 0 1</matrix>
                            <node id="node-Bip001_R_Finger11" name="Bip001_R_Finger11">
                              <matrix sid="matrix">0.8799868 -0.4749983 0 3.652718 0.4749984 0.8799867 -2.23517e-8 0 -1.49012e-8 5.96046e-8 1 9.53674e-7 0 0 0 1</matrix>
                              <node id="node-Bip001_R_Finger12" name="Bip001_R_Finger12">
                                <matrix sid="matrix">0.914818 -0.4038663 1.49012e-8 3.018188 0.4038663 0.9148182 -1.49012e-8 1.90735e-6 -7.45058e-8 -8.9407e-8 1 9.53674e-7 0 0 0 1</matrix>
                              </node>
                            </node>
                          </node>
                          <node id="node-Bip001_R_Finger2" name="Bip001_R_Finger2">
                            <matrix>0.9028363 -0.4284187 0.03666328 10.47828 0.4297602 0.9018334 -0.04475122 0.2322311 -0.01389194 0.05615947 0.9983252 0.79144 0 0 0 1</matrix>
                            <node id="node-Bip001_R_Finger21" name="Bip001_R_Finger21">
                              <matrix sid="matrix">0.885944 -0.463792 1.49012e-8 4.072136 0.463792 0.8859441 -1.86265e-8 0 -2.98023e-8 -7.45058e-9 1 9.53674e-7 0 0 0 1</matrix>
                              <node id="node-Bip001_R_Finger22" name="Bip001_R_Finger22">
                                <matrix sid="matrix">0.8928282 -0.4503976 0 3.591621 0.4503976 0.8928282 -7.45058e-9 0 2.23517e-8 0 1 -9.53674e-7 0 0 0 1</matrix>
                              </node>
                            </node>
                          </node>
                          <node id="node-Bip001_R_Finger3" name="Bip001_R_Finger3">
                            <matrix>0.7781103 -0.5962414 0.1975865 10.11523 0.619277 0.7808233 -0.08252932 0.5977211 -0.1050728 0.1865777 0.9768052 -1.599369 0 0 0 1</matrix>
                            <node id="node-Bip001_R_Finger31" name="Bip001_R_Finger31">
                              <matrix sid="matrix">0.7892303 -0.6140976 1.86265e-8 3.93663 0.6140974 0.7892302 9.31323e-9 1.90735e-6 1.21072e-8 3.72529e-9 1 9.53674e-7 0 0 0 1</matrix>
                              <node id="node-Bip001_R_Finger32" name="Bip001_R_Finger32">
                                <matrix sid="matrix">0.6717976 -0.7407348 -3.63216e-8 3.743706 0.7407348 0.6717975 -1.11759e-8 -1.14441e-5 4.09782e-8 -6.14673e-8 1 -1.90735e-6 0 0 0 1</matrix>
                              </node>
                            </node>
                          </node>
                          <node id="node-Bip001_R_Finger4" name="Bip001_R_Finger4">
                            <matrix>0.6883654 -0.6103452 0.3919592 9.522522 0.6868779 0.7221559 -0.08179085 1.343494 -0.2331349 0.3255301 0.9163398 -3.938521 0 0 0 1</matrix>
                            <node id="node-Bip001_R_Finger41" name="Bip001_R_Finger41">
                              <matrix sid="matrix">0.4967321 -0.8679042 -1.49012e-8 3.039909 0.8679041 0.496732 -3.72529e-8 -1.90735e-6 -6.61239e-8 0 1 1.90735e-6 0 0 0 1</matrix>
                              <node id="node-Bip001_R_Finger42" name="Bip001_R_Finger42">
                                <matrix sid="matrix">0.5534409 -0.8328885 -1.58325e-8 3.010348 0.8328884 0.5534407 0 1.52588e-5 4.47035e-8 1.49012e-8 1 0 0 0 0 1</matrix>
                              </node>
                            </node>
                          </node>
                        </node>
                      </node>
                      <node id="node-Bip001_R_ForeTwist" name="Bip001_R_ForeTwist">
                        <matrix sid="matrix">0.9247333 0.3801101 0.01960945 23.56345 -0.3806156 0.9235054 0.04764262 0 2.98023e-8 -0.05152042 0.9986719 0 0 0 0 1</matrix>
                        <node id="node-Bip001_R_ForeTwist1" name="Bip001_R_ForeTwist1">
                          <matrix sid="matrix">0.9999999 0 2.98023e-8 8.340691 -2.98023e-8 0.998672 0.05152041 -1.90735e-6 0 -0.05152037 0.9986721 0 0 0 0 1</matrix>
                          <node id="node-Bip001_R_ForeTwist2" name="Bip001_R_ForeTwist2">
                            <matrix sid="matrix">1 1.49012e-8 2.98023e-8 8.340714 0 0.9986719 0.05152035 0 2.98023e-8 -0.0515205 0.998672 0 0 0 0 1</matrix>
                          </node>
                        </node>
                      </node>
                    </node>
                    <node id="node-Bip001_RUpArmTwist" name="Bip001_RUpArmTwist">
                      <matrix sid="matrix">0.7042491 0.254522 -0.6627606 17.261 -0.3266403 0.9450161 0.01582956 3.8147e-6 0.6303484 0.2053364 0.7486639 -7.62939e-6 0 0 0 1</matrix>
                      <node id="node-Bip001_RUpArmTwist1" name="Bip001_RUpArmTwist1">
                        <matrix sid="matrix">1 0 0 11.78172 -3.72529e-9 0.9895265 0.144352 1.90735e-6 0 -0.144352 0.9895264 0 0 0 0 1</matrix>
                      </node>
                    </node>
                  </node>
                </node>
              </node>
            </node>
            <node id="node-Bip001_L_Thigh" name="Bip001_L_Thigh">
              <matrix sid="matrix">-0.9725316 0.044494 -0.2284789 -13.9971 -0.02853764 0.9513652 0.3067407 -4.182885 0.231015 0.3048353 -0.923963 10.84797 0 0 0 1</matrix>
              <node id="node-Bip001_L_Calf" name="Bip001_L_Calf">
                <matrix sid="matrix">0.8972326 0.4415583 0 38.83283 -0.4415583 0.8972326 2.42144e-8 -4.76837e-7 2.23517e-8 -4.47035e-8 1 1.90735e-6 0 0 0 1</matrix>
                <node id="node-Bip001_L_Foot" name="Bip001_L_Foot">
                  <matrix sid="matrix">0.9480995 -0.2983356 -0.1100148 37.3041 0.3098161 0.9445908 0.1084534 -9.53674e-7 0.07156343 -0.1369089 0.9879953 0 0 0 0 1</matrix>
                  <node id="node-Bip001_L_Toe0" name="Bip001_L_Toe0">
                    <matrix>-0.1256364 -0.9914951 -0.03395706 8.488065 0.9918475 -0.1247986 -0.02576546 12.70344 0.02130858 -0.03691732 0.999091 -0.201252 0 0 0 1</matrix>
                  </node>
                </node>
              </node>
            </node>
            <node id="node-Bip001_R_Thigh" name="Bip001_R_Thigh">
              <matrix sid="matrix">-0.9843487 0.1545384 0.08470792 -18.74765 0.1523636 0.9878191 -0.03160362 -3.941005 -0.08856005 -0.01820258 -0.9959047 -6.784216 0 0 0 1</matrix>
              <node id="node-Bip001_R_Calf" name="Bip001_R_Calf">
                <matrix sid="matrix">0.8188731 0.5739748 0 38.83284 -0.5739747 0.8188732 -3.72529e-9 1.90735e-6 1.49012e-8 1.11759e-8 1 0 0 0 0 1</matrix>
                <node id="node-Bip001_R_Foot" name="Bip001_R_Foot">
                  <matrix sid="matrix">0.9340443 -0.2930922 0.2041034 37.30408 0.2976021 0.9546481 0.008948389 0 -0.1974696 0.05238337 0.9789084 1.90735e-6 0 0 0 1</matrix>
                  <node id="node-Bip001_R_Toe0" name="Bip001_R_Toe0">
                    <matrix>-0.1256363 -0.9914951 0.033957 8.488066 0.9918475 -0.1247985 0.02576543 12.70344 -0.02130852 0.03691723 0.9990911 0.2012501 0 0 0 1</matrix>
                  </node>
                </node>
              </node>
            </node>
          </node>
        </node>
      </node>
      <node id="node-Bounds" name="Bounds">
        <matrix>0.9999915 0.001706907 0.003750479 -2.726762 -0.001711356 0.9999978 0.001183292 -9.603626 -0.003748452 -0.0011897 0.9999923 -0.008934736 0 0 0 1</matrix>
        <instance_geometry url="#geom-Bounds">
          <bind_material>
            <technique_common>
              <instance_material symbol="ShapeBounds" target="#ShapeBounds-material"/>
            </technique_common>
          </bind_material>
        </instance_geometry>
      </node>
    </visual_scene>
  </library_visual_scenes>
  <library_animations>
    <animation>
      <source id="node-Bip001_matrix-input">
        <float_array id="node-Bip001_matrix-input-array" count="121">6 6.033333 6.066667 6.1 6.133333 6.166667 6.2 6.233333 6.266667 6.3 6.333333 6.366667 6.4 6.433333 6.466667 6.5 6.533333 6.566667 6.6 6.633333 6.666667 6.7 6.733333 6.766667 6.8 6.833333 6.866667 6.9 6.933333 6.966667 7 7.033333 7.066667 7.1 7.133333 7.166667 7.2 7.233333 7.266667 7.3 7.333333 7.366667 7.4 7.433333 7.466667 7.5 7.533333 7.566667 7.6 7.633333 7.666667 7.7 7.733333 7.766667 7.8 7.833333 7.866667 7.9 7.933333 7.966667 8 8.033334 8.066667 8.1 8.133333 8.166667 8.2 8.233334 8.266666 8.3 8.333333 8.366667 8.4 8.433333 8.466666 8.5 8.533334 8.566667 8.6 8.633333 8.666667 8.7 8.733334 8.766666 8.8 8.833333 8.866667 8.9 8.933333 8.966666 9 9.033334 9.066667 9.1 9.133333 9.166667 9.2 9.233334 9.266666 9.3 9.333333 9.366667 9.4 9.433333 9.466666 9.5 9.533334 9.566667 9.6 9.633333 9.666667 9.7 9.733334 9.766666 9.8 9.833333 9.866667 9.9 9.933333 9.966666 10</float_array>
        <technique_common>
          <accessor source="#node-Bip001_matrix-input-array" count="121" stride="1">
            <param name="TIME" type="float"/>
          </accessor>
        </technique_common>
      </source>
      <source id="node-Bip001_matrix-output">
        <float_array id="node-Bip001_matrix-output-array" count="1936">3.57628e-7 -1 0 -2.726762 1 3.57628e-7 0 -9.603626 0 0 1 82.08785 0 0 0 1 3.57628e-7 -1 0 -2.716671 1 3.57628e-7 0 -9.604121 0 0 1 82.03385 0 0 0 1 3.57628e-7 -1 0 -2.686897 1 3.57628e-7 0 -9.605582 0 0 1 81.98367 0 0 0 1 3.57628e-7 -1 0 -2.638178 1 3.57628e-7 0 -9.607972 0 0 1 81.93718 0 0 0 1 3.57628e-7 -1 0 -2.57125 1 3.57628e-7 0 -9.611256 0 0 1 81.89427 0 0 0 1 3.57628e-7 -1 0 -2.486835 1 3.57628e-7 0 -9.615398 0 0 1 81.85485 0 0 0 1 3.57628e-7 -1 0 -2.385658 1 3.57628e-7 0 -9.620362 0 0 1 81.8188 0 0 0 1 3.57628e-7 -1 0 -2.26843 1 3.57628e-7 0 -9.626113 0 0 1 81.786 0 0 0 1 3.57628e-7 -1 0 -2.135866 1 3.57628e-7 0 -9.632617 0 0 1 81.75637 0 0 0 1 3.57628e-7 -1 0 -1.988661 1 3.57628e-7 0 -9.639841 0 0 1 81.72979 0 0 0 1 3.57628e-7 -1 0 -1.827522 1 3.57628e-7 0 -9.647747 0 0 1 81.70616 0 0 0 1 3.57628e-7 -1 0 -1.653135 1 3.57628e-7 0 -9.656303 0 0 1 81.68539 0 0 0 1 3.57628e-7 -1 0 -1.466198 1 3.57628e-7 0 -9.665474 0 0 1 81.66735 0 0 0 1 3.57628e-7 -1 0 -1.267387 1 3.57628e-7 0 -9.67523 0 0 1 81.65196 0 0 0 1 3.57628e-7 -1 0 -1.057392 1 3.57628e-7 0 -9.685533 0 0 1 81.63912 0 0 0 1 3.57628e-7 -1 0 -0.8368821 1 3.57628e-7 0 -9.696352 0 0 1 81.62873 0 0 0 1 3.57628e-7 -1 0 -0.6065345 1 3.57628e-7 0 -9.707653 0 0 1 81.62068 0 0 0 1 3.57628e-7 -1 0 -0.367026 1 3.57628e-7 0 -9.719405 0 0 1 81.61489 0 0 0 1 3.57628e-7 -1 0 -0.1190122 1 3.57628e-7 0 -9.731574 0 0 1 81.61123 0 0 0 1 3.57628e-7 -1 0 0.1368297 1 3.57628e-7 0 -9.744127 0 0 1 81.60964 0 0 0 1 3.57628e-7 -1 0 0.3998508 1 3.57628e-7 0 -9.757032 0 0 1 81.60999 0 0 0 1 3.57628e-7 -1 0 0.6693783 1 3.57628e-7 0 -9.770256 0 0 1 81.61221 0 0 0 1 3.57628e-7 -1 0 0.944768 1 3.57628e-7 0 -9.783767 0 0 1 81.61618 0 0 0 1 3.57628e-7 -1 0 1.225348 1 3.57628e-7 0 -9.797534 0 0 1 81.62184 0 0 0 1 3.57628e-7 -1 0 1.510484 1 3.57628e-7 0 -9.811524 0 0 1 81.62905 0 0 0 1 3.57628e-7 -1 0 1.799511 1 3.57628e-7 0 -9.825705 0 0 1 81.63775 0 0 0 1 3.57628e-7 -1 0 2.091782 1 3.57628e-7 0 -9.840045 0 0 1 81.64783 0 0 0 1 3.57628e-7 -1 0 2.386645 1 3.57628e-7 0 -9.854513 0 0 1 81.6592 0 0 0 1 3.57628e-7 -1 0 2.683453 1 3.57628e-7 0 -9.869075 0 0 1 81.67176 0 0 0 1 3.57628e-7 -1 0 2.981557 1 3.57628e-7 0 -9.883702 0 0 1 81.68543 0 0 0 1 3.57628e-7 -1 0 3.280308 1 3.57628e-7 0 -9.89836 0 0 1 81.7001 0 0 0 1 3.57628e-7 -1 0 3.579052 1 3.57628e-7 0 -9.913017 0 0 1 81.71569 0 0 0 1 3.57628e-7 -1 0 3.877162 1 3.57628e-7 0 -9.927644 0 0 1 81.73209 0 0 0 1 3.57628e-7 -1 0 4.17397 1 3.57628e-7 0 -9.942207 0 0 1 81.74922 0 0 0 1 3.57628e-7 -1 0 4.468833 1 3.57628e-7 0 -9.956674 0 0 1 81.76699 0 0 0 1 3.57628e-7 -1 0 4.761104 1 3.57628e-7 0 -9.971014 0 0 1 81.7853 0 0 0 1 3.57628e-7 -1 0 5.050131 1 3.57628e-7 0 -9.985195 0 0 1 81.80406 0 0 0 1 3.57628e-7 -1 0 5.335263 1 3.57628e-7 0 -9.999185 0 0 1 81.82316 0 0 0 1 3.57628e-7 -1 0 5.615849 1 3.57628e-7 0 -10.01295 0 0 1 81.84253 0 0 0 1 3.57628e-7 -1 0 5.891236 1 3.57628e-7 0 -10.02646 0 0 1 81.86207 0 0 0 1 3.57628e-7 -1 0 6.160768 1 3.57628e-7 0 -10.03969 0 0 1 81.88168 0 0 0 1 3.57628e-7 -1 0 6.423784 1 3.57628e-7 0 -10.05259 0 0 1 81.90127 0 0 0 1 3.57628e-7 -1 0 6.67963 1 3.57628e-7 0 -10.06514 0 0 1 81.92075 0 0 0 1 3.57628e-7 -1 0 6.927639 1 3.57628e-7 0 -10.07731 0 0 1 81.94002 0 0 0 1 3.57628e-7 -1 0 7.167157 1 3.57628e-7 0 -10.08906 0 0 1 81.95899 0 0 0 1 3.57628e-7 -1 0 7.397495 1 3.57628e-7 0 -10.10037 0 0 1 81.97756 0 0 0 1 3.57628e-7 -1 0 7.617997 1 3.57628e-7 0 -10.11118 0 0 1 81.99564 0 0 0 1 3.57628e-7 -1 0 7.828 1 3.57628e-7 0 -10.12149 0 0 1 82.01313 0 0 0 1 3.57628e-7 -1 0 8.02681 1 3.57628e-7 0 -10.13124 0 0 1 82.02994 0 0 0 1 3.57628e-7 -1 0 8.213748 1 3.57628e-7 0 -10.14041 0 0 1 82.04598 0 0 0 1 3.57628e-7 -1 0 8.388133 1 3.57628e-7 0 -10.14897 0 0 1 82.06113 0 0 0 1 3.57628e-7 -1 0 8.549275 1 3.57628e-7 0 -10.15688 0 0 1 82.07531 0 0 0 1 3.57628e-7 -1 0 8.696478 1 3.57628e-7 0 -10.1641 0 0 1 82.08843 0 0 0 1 3.57628e-7 -1 0 8.829045 1 3.57628e-7 0 -10.1706 0 0 1 82.10037 0 0 0 1 3.57628e-7 -1 0 8.946272 1 3.57628e-7 0 -10.17636 0 0 1 82.11106 0 0 0 1 3.57628e-7 -1 0 9.04745 1 3.57628e-7 0 -10.18132 0 0 1 82.12037 0 0 0 1 3.57628e-7 -1 0 9.131863 1 3.57628e-7 0 -10.18546 0 0 1 82.12822 0 0 0 1 3.57628e-7 -1 0 9.198793 1 3.57628e-7 0 -10.18875 0 0 1 82.1345 0 0 0 1 3.57628e-7 -1 0 9.247511 1 3.57628e-7 0 -10.19114 0 0 1 82.13912 0 0 0 1 3.57628e-7 -1 0 9.277287 1 3.57628e-7 0 -10.1926 0 0 1 82.14196 0 0 0 1 3.57628e-7 -1 0 9.287379 1 3.57628e-7 0 -10.19309 0 0 1 82.14293 0 0 0 1 3.57628e-7 -1 0 9.277994 1 3.57628e-7 0 -10.19325 0 0 1 82.14387 0 0 0 1 3.57628e-7 -1 0 9.250283 1 3.57628e-7 0 -10.19371 0 0 1 82.14662 0 0 0 1 3.57628e-7 -1 0 9.204913 1 3.57628e-7 0 -10.19444 0 0 1 82.15108 0 0 0 1 3.57628e-7 -1 0 9.142539 1 3.57628e-7 0 -10.1954 0 0 1 82.15715 0 0 0 1 3.57628e-7 -1 0 9.063816 1 3.57628e-7 0 -10.19655 0 0 1 82.16471 0 0 0 1 3.57628e-7 -1 0 8.969381 1 3.57628e-7 0 -10.19787 0 0 1 82.17369 0 0 0 1 3.57628e-7 -1 0 8.859889 1 3.57628e-7 0 -10.19931 0 0 1 82.18397 0 0 0 1 3.57628e-7 -1 0 8.735966 1 3.57628e-7 0 -10.20086 0 0 1 82.19545 0 0 0 1 3.57628e-7 -1 0 8.59825 1 3.57628e-7 0 -10.20246 0 0 1 82.20804 0 0 0 1 3.57628e-7 -1 0 8.447352 1 3.57628e-7 0 -10.2041 0 0 1 82.22164 0 0 0 1 3.57628e-7 -1 0 8.283916 1 3.57628e-7 0 -10.20573 0 0 1 82.23615 0 0 0 1 3.57628e-7 -1 0 8.108546 1 3.57628e-7 0 -10.20733 0 0 1 82.25147 0 0 0 1 3.57628e-7 -1 0 7.921862 1 3.57628e-7 0 -10.20886 0 0 1 82.26751 0 0 0 1 3.57628e-7 -1 0 7.724457 1 3.57628e-7 0 -10.21029 0 0 1 82.28417 0 0 0 1 3.57628e-7 -1 0 7.516967 1 3.57628e-7 0 -10.21158 0 0 1 82.30136 0 0 0 1 3.57628e-7 -1 0 7.299981 1 3.57628e-7 0 -10.21271 0 0 1 82.31899 0 0 0 1 3.57628e-7 -1 0 7.074082 1 3.57628e-7 0 -10.21364 0 0 1 82.33695 0 0 0 1 3.57628e-7 -1 0 6.839901 1 3.57628e-7 0 -10.21434 0 0 1 82.35514 0 0 0 1 3.57628e-7 -1 0 6.598011 1 3.57628e-7 0 -10.21478 0 0 1 82.37349 0 0 0 1 3.57628e-7 -1 0 6.349017 1 3.57628e-7 0 -10.21492 0 0 1 82.39189 0 0 0 1 3.57628e-7 -1 0 6.093482 1 3.57628e-7 0 -10.21474 0 0 1 82.41024 0 0 0 1 3.57628e-7 -1 0 5.832034 1 3.57628e-7 0 -10.2142 0 0 1 82.42847 0 0 0 1 3.57628e-7 -1 0 5.565234 1 3.57628e-7 0 -10.21327 0 0 1 82.44647 0 0 0 1 3.57628e-7 -1 0 5.293679 1 3.57628e-7 0 -10.21191 0 0 1 82.46414 0 0 0 1 3.57628e-7 -1 0 5.017926 1 3.57628e-7 0 -10.2101 0 0 1 82.4814 0 0 0 1 3.57628e-7 -1 0 4.738598 1 3.57628e-7 0 -10.2078 0 0 1 82.49816 0 0 0 1 3.57628e-7 -1 0 4.456248 1 3.57628e-7 0 -10.20498 0 0 1 82.51431 0 0 0 1 3.57628e-7 -1 0 4.171473 1 3.57628e-7 0 -10.20162 0 0 1 82.52976 0 0 0 1 3.57628e-7 -1 0 3.88482 1 3.57628e-7 0 -10.19766 0 0 1 82.54444 0 0 0 1 3.57628e-7 -1 0 3.596914 1 3.57628e-7 0 -10.19309 0 0 1 82.55822 0 0 0 1 3.57628e-7 -1 0 3.308311 1 3.57628e-7 0 -10.18788 0 0 1 82.57104 0 0 0 1 3.57628e-7 -1 0 3.019569 1 3.57628e-7 0 -10.18198 0 0 1 82.58278 0 0 0 1 3.57628e-7 -1 0 2.731309 1 3.57628e-7 0 -10.17537 0 0 1 82.59337 0 0 0 1 3.57628e-7 -1 0 2.444083 1 3.57628e-7 0 -10.16801 0 0 1 82.6027 0 0 0 1 3.57628e-7 -1 0 2.158483 1 3.57628e-7 0 -10.15987 0 0 1 82.61068 0 0 0 1 3.57628e-7 -1 0 1.875062 1 3.57628e-7 0 -10.15092 0 0 1 82.61721 0 0 0 1 3.57628e-7 -1 0 1.594443 1 3.57628e-7 0 -10.14113 0 0 1 82.62221 0 0 0 1 3.57628e-7 -1 0 1.317182 1 3.57628e-7 0 -10.13046 0 0 1 82.62557 0 0 0 1 3.57628e-7 -1 0 1.043873 1 3.57628e-7 0 -10.11887 0 0 1 82.62721 0 0 0 1 3.57628e-7 -1 0 0.7750767 1 3.57628e-7 0 -10.10634 0 0 1 82.62702 0 0 0 1 3.57628e-7 -1 0 0.5114191 1 3.57628e-7 0 -10.09284 0 0 1 82.62491 0 0 0 1 3.57628e-7 -1 0 0.253461 1 3.57628e-7 0 -10.07832 0 0 1 82.62078 0 0 0 1 3.57628e-7 -1 0 0.001806735 1 3.57628e-7 0 -10.06275 0 0 1 82.61454 0 0 0 1 3.57628e-7 -1 0 -0.2429766 1 3.57628e-7 0 -10.0461 0 0 1 82.60608 0 0 0 1 3.57628e-7 -1 0 -0.4802567 1 3.57628e-7 0 -10.02834 0 0 1 82.59532 0 0 0 1 3.57628e-7 -1 0 -0.7094555 1 3.57628e-7 0 -10.00942 0 0 1 82.58215 0 0 0 1 3.57628e-7 -1 0 -0.9299853 1 3.57628e-7 0 -9.989325 0 0 1 82.56646 0 0 0 1 3.57628e-7 -1 0 -1.141214 1 3.57628e-7 0 -9.968005 0 0 1 82.54817 0 0 0 1 3.57628e-7 -1 0 -1.342553 1 3.57628e-7 0 -9.945427 0 0 1 82.52718 0 0 0 1 3.57628e-7 -1 0 -1.533384 1 3.57628e-7 0 -9.921559 0 0 1 82.50337 0 0 0 1 3.57628e-7 -1 0 -1.713108 1 3.57628e-7 0 -9.896358 0 0 1 82.47665 0 0 0 1 3.57628e-7 -1 0 -1.881085 1 3.57628e-7 0 -9.869795 0 0 1 82.44692 0 0 0 1 3.57628e-7 -1 0 -2.036706 1 3.57628e-7 0 -9.841829 0 0 1 82.41406 0 0 0 1 3.57628e-7 -1 0 -2.179339 1 3.57628e-7 0 -9.812424 0 0 1 82.37799 0 0 0 1 3.57628e-7 -1 0 -2.308366 1 3.57628e-7 0 -9.781539 0 0 1 82.33858 0 0 0 1 3.57628e-7 -1 0 -2.423129 1 3.57628e-7 0 -9.749143 0 0 1 82.29573 0 0 0 1 3.57628e-7 -1 0 -2.523003 1 3.57628e-7 0 -9.715191 0 0 1 82.24935 0 0 0 1 3.57628e-7 -1 0 -2.607332 1 3.57628e-7 0 -9.679649 0 0 1 82.19932 0 0 0 1 3.57628e-7 -1 0 -2.675473 1 3.57628e-7 0 -9.642474 0 0 1 82.14553 0 0 0 1 3.57628e-7 -1 0 -2.726762 1 3.57628e-7 0 -9.603626 0 0 1 82.08785 0 0 0 1</float_array>
        <technique_common>
          <accessor source="#node-Bip001_matrix-output-array" count="121" stride="16">
            <param name="TRANSFORM" type="float4x4"/>
          </accessor>
        </technique_common>
      </source>
      <source id="node-Bip001_matrix-interpolation">
        <Name_array id="node-Bip001_matrix-interpolation-array" count="121">LINEAR LINEAR LINEAR LINEAR LINEAR LINEAR LINEAR LINEAR LINEAR LINEAR LINEAR LINEAR LINEAR LINEAR LINEAR LINEAR LINEAR LINEAR LINEAR LINEAR LINEAR LINEAR LINEAR LINEAR LINEAR LINEAR LINEAR LINEAR LINEAR LINEAR LINEAR LINEAR LINEAR LINEAR LINEAR LINEAR LINEAR LINEAR LINEAR LINEAR LINEAR LINEAR LINEAR LINEAR LINEAR LINEAR LINEAR LINEAR LINEAR LINEAR LINEAR LINEAR LINEAR LINEAR LINEAR LINEAR LINEAR LINEAR LINEAR LINEAR LINEAR LINEAR LINEAR LINEAR LINEAR LINEAR LINEAR LINEAR LINEAR LINEAR LINEAR LINEAR LINEAR LINEAR LINEAR LINEAR LINEAR LINEAR LINEAR LINEAR LINEAR LINEAR LINEAR LINEAR LINEAR LINEAR LINEAR LINEAR LINEAR LINEAR LINEAR LINEAR LINEAR LINEAR LINEAR LINEAR LINEAR LINEAR LINEAR LINEAR LINEAR LINEAR LINEAR LINEAR LINEAR LINEAR LINEAR LINEAR LINEAR LINEAR LINEAR LINEAR LINEAR LINEAR LINEAR LINEAR LINEAR LINEAR LINEAR LINEAR LINEAR</Name_array>
        <technique_common>
          <accessor source="#node-Bip001_matrix-interpolation-array" count="121" stride="1">
            <param name="INTERPOLATION" type="name"/>
          </accessor>
        </technique_common>
      </source>
      <source id="node-Bip001_Pelvis_matrix-input">
        <float_array id="node-Bip001_Pelvis_matrix-input-array" count="121">6 6.033333 6.066667 6.1 6.133333 6.166667 6.2 6.233333 6.266667 6.3 6.333333 6.366667 6.4 6.433333 6.466667 6.5 6.533333 6.566667 6.6 6.633333 6.666667 6.7 6.733333 6.766667 6.8 6.833333 6.866667 6.9 6.933333 6.966667 7 7.033333 7.066667 7.1 7.133333 7.166667 7.2 7.233333 7.266667 7.3 7.333333 7.366667 7.4 7.433333 7.466667 7.5 7.533333 7.566667 7.6 7.633333 7.666667 7.7 7.733333 7.766667 7.8 7.833333 7.866667 7.9 7.933333 7.966667 8 8.033334 8.066667 8.1 8.133333 8.166667 8.2 8.233334 8.266666 8.3 8.333333 8.366667 8.4 8.433333 8.466666 8.5 8.533334 8.566667 8.6 8.633333 8.666667 8.7 8.733334 8.766666 8.8 8.833333 8.866667 8.9 8.933333 8.966666 9 9.033334 9.066667 9.1 9.133333 9.166667 9.2 9.233334 9.266666 9.3 9.333333 9.366667 9.4 9.433333 9.466666 9.5 9.533334 9.566667 9.6 9.633333 9.666667 9.7 9.733334 9.766666 9.8 9.833333 9.866667 9.9 9.933333 9.966666 10</float_array>
        <technique_common>
          <accessor source="#node-Bip001_Pelvis_matrix-input-array" count="121" stride="1">
            <param name="TIME" type="float"/>
          </accessor>
        </technique_common>
      </source>
      <source id="node-Bip001_Pelvis_matrix-output">
