<?xml version="1.0" encoding="utf-8"?>
<COLLADA xmlns="http://www.collada.org/2005/11/COLLADASchema" version="1.4.1">
  <asset>
    <contributor>
      <author>Jesse Oliger</author>
      <authoring_tool>OpenCOLLADA for 3ds Max;  Version: 1.3.0;  Revision: 839M;  Platform: x64;  Configuration: Release_Max2012</authoring_tool>
      <source_data>file:///C:/Users/Jesse%20Oliger/Documents/3dsMax/scenes/Zombies/Animations/Zombie_TP_Animation_Master_16.max</source_data>
    </contributor>
    <created>2011-10-11T14:54:04</created>
    <modified>2011-10-11T14:54:04</modified>
    <unit name="centimeter" meter="0.01"/>
    <up_axis>Z_UP</up_axis>
  </asset>
  <library_effects>
    <effect id="ShapeBounds">
      <profile_COMMON>
        <technique sid="common">
          <blinn>
            <emission>
              <color>0 0 0 1</color>
            </emission>
            <ambient>
              <color>0.1647059 1 0 1</color>
            </ambient>
            <diffuse>
              <color>0.1647059 1 0 1</color>
            </diffuse>
            <specular>
              <color>0.9 0.9 0.9 1</color>
            </specular>
            <shininess>
              <float>10</float>
            </shininess>
            <reflective>
              <color>0 0 0 1</color>
            </reflective>
            <transparent opaque="A_ONE">
              <color>1 1 1 1</color>
            </transparent>
            <transparency>
              <float>1</float>
            </transparency>
          </blinn>
        </technique>
      </profile_COMMON>
      <extra>
        <technique profile="OpenCOLLADA3dsMax">
          <extended_shader>
            <apply_reflection_dimming>0</apply_reflection_dimming>
            <dim_level>0</dim_level>
            <falloff_type>0</falloff_type>
            <index_of_refraction>1.5</index_of_refraction>
            <opacity_type>0</opacity_type>
            <reflection_level>3</reflection_level>
            <wire_size>1</wire_size>
            <wire_units>0</wire_units>
          </extended_shader>
          <shader>
            <ambient_diffuse_lock>1</ambient_diffuse_lock>
            <ambient_diffuse_texture_lock>1</ambient_diffuse_texture_lock>
            <diffuse_specular_lock>0</diffuse_specular_lock>
            <soften>0.1</soften>
            <use_self_illum_color>0</use_self_illum_color>
          </shader>
        </technique>
      </extra>
    </effect>
  </library_effects>
  <library_materials>
    <material id="ShapeBounds-material" name="ShapeBounds">
      <instance_effect url="#ShapeBounds"/>
    </material>
  </library_materials>
  <library_geometries>
    <geometry id="geom-Bounds" name="Bounds">
      <mesh>
        <source id="geom-Bounds-positions">
          <float_array id="geom-Bounds-positions-array" count="24">-42.5 -42.5 0 42.5 -42.5 0 -42.5 42.5 0 42.5 42.5 0 -42.5 -42.5 184 42.5 -42.5 184 -42.5 42.5 184 42.5 42.5 184</float_array>
          <technique_common>
            <accessor source="#geom-Bounds-positions-array" count="8" stride="3">
              <param name="X" type="float"/>
              <param name="Y" type="float"/>
              <param name="Z" type="float"/>
            </accessor>
          </technique_common>
        </source>
        <source id="geom-Bounds-normals">
          <float_array id="geom-Bounds-normals-array" count="72">0 0 -1 0 0 -1 0 0 -1 0 0 -1 0 0 1 0 0 1 0 0 1 0 0 1 0 -1 0 0 -1 0 0 -1 0 0 -1 0 1 0 0 1 0 0 1 0 0 1 0 0 0 1 0 0 1 0 0 1 0 0 1 0 -1 0 0 -1 0 0 -1 0 0 -1 0 0</float_array>
          <technique_common>
            <accessor source="#geom-Bounds-normals-array" count="24" stride="3">
              <param name="X" type="float"/>
              <param name="Y" type="float"/>
              <param name="Z" type="float"/>
            </accessor>
          </technique_common>
        </source>
        <source id="geom-Bounds-map1">
          <float_array id="geom-Bounds-map1-array" count="36">0 0 0 1 0 0 0 1 0 1 1 0 0 0 0 1 0 0 0 1 0 1 1 0 0 0 0 1 0 0 0 1 0 1 1 0</float_array>
          <technique_common>
            <accessor source="#geom-Bounds-map1-array" count="12" stride="3">
              <param name="S" type="float"/>
              <param name="T" type="float"/>
              <param name="P" type="float"/>
            </accessor>
          </technique_common>
        </source>
        <vertices id="geom-Bounds-vertices">
          <input semantic="POSITION" source="#geom-Bounds-positions"/>
        </vertices>
        <triangles material="ShapeBounds" count="12">
          <input semantic="VERTEX" source="#geom-Bounds-vertices" offset="0"/>
          <input semantic="NORMAL" source="#geom-Bounds-normals" offset="1"/>
          <input semantic="TEXCOORD" source="#geom-Bounds-map1" offset="2" set="0"/>
          <p>0 0 9 2 1 11 3 2 10 3 2 10 1 3 8 0 0 9 4 4 8 5 5 9 7 6 11 7 6 11 6 7 10 4 4 8 0 8 4 1 9 5 5 10 7 5 10 7 4 11 6 0 8 4 1 12 0 3 13 1 7 14 3 7 14 3 5 15 2 1 12 0 3 16 4 2 17 5 6 18 7 6 18 7 7 19 6 3 16 4 2 20 0 0 21 1 4 22 3 4 22 3 6 23 2 2 20 0</p>
        </triangles>
      </mesh>
      <extra>
        <technique profile="OpenCOLLADA3dsMax">
          <max_box>
            <generateuvs>1</generateuvs>
            <height>184</height>
            <heightsegments>1</heightsegments>
            <length>85</length>
            <lengthsegments>1</lengthsegments>
            <width>85</width>
            <widthsegments>1</widthsegments>
          </max_box>
        </technique>
      </extra>
    </geometry>
  </library_geometries>
  <library_lights>
    <light id="EnvironmentAmbientLight" name="EnvironmentAmbientLight">
      <technique_common>
        <ambient>
          <color>0 0 0</color>
        </ambient>
      </technique_common>
    </light>
  </library_lights>
  <library_visual_scenes>
    <visual_scene id="MaxScene">
      <node name="EnvironmentAmbientLight">
        <instance_light url="#EnvironmentAmbientLight"/>
      </node>
      <node id="node-Bip001" name="Bip001">
        <matrix sid="matrix">5.36442e-7 -0.9999999 5.68434e-14 5.366391 0.9999999 5.36442e-7 2.19276e-7 -9.603625 -2.19276e-7 -5.68434e-14 1 81.70447 0 0 0 1</matrix>
        <node id="node-Bip001_Pelvis" name="Bip001_Pelvis">
          <matrix sid="matrix">-0.09755173 0.9909256 -0.09246603 0 -0.05080301 0.0878299 0.9948391 0 0.993933 0.1017458 0.04177405 0 0 0 0 1</matrix>
          <node id="node-Bip001_Spine" name="Bip001_Spine">
            <matrix sid="matrix">0.9950653 -0.06222048 -0.07728994 16.63573 0.0619154 0.9980613 -0.006339648 3.416379 0.07753455 0.001522926 0.9969884 0.5469317 0 0 0 1</matrix>
            <node id="node-Bip001_Spine1" name="Bip001_Spine1">
              <matrix sid="matrix">0.961881 -0.2413493 0.1285904 13.28006 0.2579258 0.9569255 -0.1332966 -0.01011753 -0.09088035 0.1613823 0.9826986 -0.001707077 0 0 0 1</matrix>
              <node id="node-Bip001_Spine2" name="Bip001_Spine2">
                <matrix sid="matrix">0.9829199 -0.06436241 0.1724115 13.27821 0.1008016 0.9721057 -0.2117771 -0.01028061 -0.1539717 0.2255393 0.9619899 -0.002382278 0 0 0 1</matrix>
                <node id="node-Bip001_Neck" name="Bip001_Neck">
                  <matrix sid="matrix">0.8724884 -0.4820434 -0.07998849 18.05171 0.4800378 0.8761475 -0.04392556 -1.344254 0.09125572 -7.30008e-5 0.9958276 0 0 0 0 1</matrix>
                  <node id="node-Bip001_Neck1" name="Bip001_Neck1">
                    <matrix sid="matrix">0.979182 0.160851 -0.1238125 3.789413 -0.1617546 0.9868271 0.002785899 -0.002983093 0.1226297 0.01729938 0.9923017 -4.95911e-5 0 0 0 1</matrix>
                    <node id="node-Bip001_Head" name="Bip001_Head">
                      <matrix sid="matrix">0.602232 0.7877257 0.1296328 3.889839 -0.7266199 0.473609 0.4977126 1.155762 0.3306658 -0.3939324 0.8575999 1.90735e-6 0 0 0 1</matrix>
                      <node id="node-Bip001_Jaw" name="Bip001_Jaw">
                        <matrix>-0.4729835 -0.8502632 0.2309528 3.121628 0.8770577 -0.479357 0.03141012 0.0528183 0.08400198 0.2174154 0.9724579 0.303751 0 0 0 1</matrix>
                        <node id="node-Bip001_Tongue1" name="Bip001_Tongue1">
                          <matrix>0.9397147 0.3314822 0.08400045 3.477507 -0.3419272 0.914229 0.2174193 -0.5770416 -0.004725061 -0.2330341 0.9724572 -0.4837208 0 0 0 1</matrix>
                          <node id="node-Bip001_Tongue2" name="Bip001_Tongue2">
                            <matrix>0.9452653 -0.326303 -9.08505e-7 2.059479 0.3263031 0.9452652 -1.49012e-7 -0.001541138 9.07108e-7 -1.56462e-7 1 0 0 0 0 1</matrix>
                            <node id="node-Bip001_Tongue3" name="Bip001_Tongue3">
                              <matrix sid="matrix">0.7031753 -0.7056174 -0.08745777 2.030179 0.7002394 0.7085931 -0.08695188 -0.001525879 0.1233267 -9.8981e-5 0.9923663 0 0 0 0 1</matrix>
                              <node id="node-Bip001_Tongue4" name="Bip001_Tongue4">
                                <matrix sid="matrix">0.9473712 -0.1936728 -0.2549096 2.712639 0.2008188 0.9796264 0.002051502 -0.001937866 0.2493189 -0.05313417 0.9669628 1.05381e-4 0 0 0 1</matrix>
                              </node>
                            </node>
                          </node>
                        </node>
                      </node>
                    </node>
                  </node>
                  <node id="node-Bip001_L_Clavicle" name="Bip001_L_Clavicle">
                    <matrix sid="matrix">-0.06422836 -0.4679412 0.8814224 -5.502419 0.2051901 -0.8705664 -0.4472257 3.783081 0.9766123 0.1521346 0.151932 2.14953 0 0 0 1</matrix>
                    <node id="node-Bip001_L_UpperArm" name="Bip001_L_UpperArm">
                      <matrix sid="matrix">0.3373804 0.7733271 0.5367869 17.26101 -0.9405823 0.3002205 0.1586579 0 -0.03845994 -0.5584203 0.8286663 0 0 0 0 1</matrix>
                      <node id="node-Bip001_L_Forearm" name="Bip001_L_Forearm">
                        <matrix sid="matrix">0.8598086 0.5106167 1.49012e-8 23.56343 -0.5106167 0.8598086 0 -3.8147e-6 3.72529e-9 5.96046e-8 1 7.62939e-6 0 0 0 1</matrix>
                        <node id="node-Bip001_L_Hand" name="Bip001_L_Hand">
                          <matrix sid="matrix">0.8057079 0.5898183 0.05430724 25.02209 0.1144047 -0.2449264 0.9627683 7.62939e-6 0.5811596 -0.7694968 -0.264817 -7.62939e-6 0 0 0 1</matrix>
                          <node id="node-Bip001_L_Finger0" name="Bip001_L_Finger0">
                            <matrix sid="matrix">0.705109 0.5090383 0.4936611 1.496597 0.5510455 0.04480322 -0.8332714 0.5334435 -0.4462847 0.859577 -0.2489124 -2.579727 0 0 0 1</matrix>
                            <node id="node-Bip001_L_Finger01" name="Bip001_L_Finger01">
                              <matrix sid="matrix">0.9781499 -0.2079012 -2.98023e-8 4.089424 0.2079012 0.9781499 2.98023e-8 0 4.47035e-8 5.96046e-8 1 7.62939e-6 0 0 0 1</matrix>
                              <node id="node-Bip001_L_Finger02" name="Bip001_L_Finger02">
                                <matrix sid="matrix">0.9115806 -0.4111217 -1.49012e-8 4.089417 0.4111217 0.9115806 0 0 3.0268e-9 2.98023e-8 1 0 0 0 0 1</matrix>
                              </node>
                            </node>
                          </node>
                          <node id="node-Bip001_L_Finger1" name="Bip001_L_Finger1">
                            <matrix sid="matrix">0.9603379 -0.2693583 0.07209149 10.48988 0.2737627 0.9599063 -0.06028265 0.4773483 -0.05296342 0.07762784 0.9955747 -3.495117 0 0 0 1</matrix>
                            <node id="node-Bip001_L_Finger11" name="Bip001_L_Finger11">
                              <matrix sid="matrix">0.9542264 -0.2990857 1.49012e-8 3.65271 0.2990857 0.9542264 -5.96046e-8 0 -2.23517e-8 -2.98023e-8 1 0 0 0 0 1</matrix>
                              <node id="node-Bip001_L_Finger12" name="Bip001_L_Finger12">
                                <matrix sid="matrix">0.9788447 -0.204604 1.11759e-8 3.018188 0.204604 0.9788448 -2.98023e-8 0 1.11759e-8 0 1 0 0 0 0 1</matrix>
                              </node>
                            </node>
                          </node>
                          <node id="node-Bip001_L_Finger2" name="Bip001_L_Finger2">
                            <matrix sid="matrix">0.9028363 -0.4284187 -0.03666335 10.47829 0.4297602 0.9018334 0.04475132 0.2322235 0.01389195 -0.05615953 0.9983252 -0.7914505 0 0 0 1</matrix>
                            <node id="node-Bip001_L_Finger21" name="Bip001_L_Finger21">
                              <matrix sid="matrix">0.9579451 -0.2869514 -1.49012e-8 4.072144 0.2869514 0.957945 2.98023e-8 -7.62939e-6 1.86265e-8 5.96046e-8 1 -7.62939e-6 0 0 0 1</matrix>
                              <node id="node-Bip001_L_Finger22" name="Bip001_L_Finger22">
                                <matrix sid="matrix">0.9670218 -0.2546932 -3.72529e-9 3.591625 0.2546932 0.9670219 2.98023e-8 0 -2.98023e-8 0 1 7.62939e-6 0 0 0 1</matrix>
                              </node>
                            </node>
                          </node>
                          <node id="node-Bip001_L_Finger3" name="Bip001_L_Finger3">
                            <matrix sid="matrix">0.7784293 -0.5958247 -0.1975866 10.11522 0.6188589 0.7811548 0.08252937 0.5977287 0.1051727 -0.1865214 0.9768052 1.59938 0 0 0 1</matrix>
                            <node id="node-Bip001_L_Finger31" name="Bip001_L_Finger31">
                              <matrix sid="matrix">0.8915617 -0.4528992 -2.23517e-8 3.93663 0.4528992 0.8915617 -2.98023e-8 0 5.96046e-8 -2.98023e-8 1 0 0 0 0 1</matrix>
                              <node id="node-Bip001_L_Finger32" name="Bip001_L_Finger32">
                                <matrix sid="matrix">0.8112654 -0.5846782 2.98023e-8 3.743702 0.5846782 0.8112653 0 0 0 1.49012e-8 0.9999999 0 0 0 0 1</matrix>
                              </node>
                            </node>
                          </node>
                          <node id="node-Bip001_L_Finger4" name="Bip001_L_Finger4">
                            <matrix sid="matrix">0.688692 -0.6099765 -0.3919592 9.522522 0.6864913 0.7225234 0.08179101 1.343487 0.2333091 -0.3254052 0.9163398 3.938515 0 0 0 1</matrix>
                            <node id="node-Bip001_L_Finger41" name="Bip001_L_Finger41">
                              <matrix sid="matrix">0.6526352 -0.7576723 1.49012e-8 3.039898 0.7576722 0.6526353 -2.98023e-8 7.62939e-6 2.98023e-8 2.23517e-8 1 7.62939e-6 0 0 0 1</matrix>
                              <node id="node-Bip001_L_Finger42" name="Bip001_L_Finger42">
                                <matrix sid="matrix">0.7146827 -0.6994487 2.98023e-8 3.010345 0.6994487 0.7146827 -1.49012e-8 0 -2.98023e-8 -5.96046e-8 1 0 0 0 0 1</matrix>
                              </node>
                            </node>
                          </node>
                        </node>
                      </node>
                      <node id="node-Bip001_L_ForeTwist" name="Bip001_L_ForeTwist">
                        <matrix sid="matrix">0.8598086 0.5094675 0.03423928 23.56343 -0.5106167 0.8578733 0.05765423 -3.8147e-6 3.72529e-9 -0.0670546 0.9977493 7.62939e-6 0 0 0 1</matrix>
                        <node id="node-Bip001_L_ForeTwist1" name="Bip001_L_ForeTwist1">
                          <matrix sid="matrix">1 1.86265e-9 -7.45058e-9 8.340697 5.58794e-9 0.9977494 0.06705469 0 0 -0.06705475 0.9977493 0 0 0 0 1</matrix>
                          <node id="node-Bip001_L_ForeTwist2" name="Bip001_L_ForeTwist2">
                            <matrix sid="matrix">1 -3.1665e-8 3.72529e-9 8.3407 5.58794e-9 0.9977493 0.06705472 3.8147e-6 -5.58794e-9 -0.06705466 0.9977493 -1.52588e-5 0 0 0 1</matrix>
                          </node>
                        </node>
                      </node>
                    </node>
                    <node id="node-Bip001_LUpArmTwist" name="Bip001_LUpArmTwist">
                      <matrix sid="matrix">0.3373804 0.8567853 0.3899923 17.26101 -0.9405823 0.3237355 0.1024695 0 -0.03845994 -0.4013911 0.9150991 0 0 0 0 1</matrix>
                      <node id="node-Bip001_LUpArmTwist1" name="Bip001_LUpArmTwist1">
                        <matrix sid="matrix">1 -2.98023e-8 0 11.78172 -1.49012e-8 0.9959697 0.08968891 1.90735e-6 0 -0.08968896 0.9959698 0 0 0 0 1</matrix>
                      </node>
                    </node>
                  </node>
                  <node id="node-Bip001_R_Clavicle" name="Bip001_R_Clavicle">
                    <matrix sid="matrix">0.2696089 -0.4869601 -0.8307711 -5.801392 0.1151616 -0.8402218 0.5298727 3.783318 -0.956059 -0.2385314 -0.1704521 -1.113113 0 0 0 1</matrix>
                    <node id="node-Bip001_R_UpperArm" name="Bip001_R_UpperArm">
                      <matrix sid="matrix">0.7368981 -0.2137994 -0.6413044 17.26101 -0.184882 0.8487609 -0.4954025 -3.8147e-6 0.6502308 0.4836267 0.5859226 1.52588e-5 0 0 0 1</matrix>
                      <node id="node-Bip001_R_Forearm" name="Bip001_R_Forearm">
                        <matrix sid="matrix">0.1730566 0.984912 -2.98023e-8 23.56343 -0.9849118 0.1730566 -1.49012e-8 3.8147e-6 -3.72529e-8 5.96046e-8 1 0 0 0 0 1</matrix>
                        <node id="node-Bip001_R_Hand" name="Bip001_R_Hand">
                          <matrix sid="matrix">0.9862227 -0.1592038 -0.04493507 25.0221 -0.01079682 0.2091085 -0.977833 0 0.165071 0.964846 0.2045087 0 0 0 0 1</matrix>
                          <node id="node-Bip001_R_Finger0" name="Bip001_R_Finger0">
                            <matrix sid="matrix">0.7051089 0.5090384 -0.4936612 1.496597 0.5510457 0.04480311 0.8332714 0.5334396 0.4462848 -0.8595771 -0.2489124 2.579739 0 0 0 1</matrix>
                            <node id="node-Bip001_R_Finger01" name="Bip001_R_Finger01">
                              <matrix sid="matrix">0.9781498 -0.2079012 1.49012e-8 4.089423 0.2079012 0.9781498 2.98023e-8 0 1.49012e-8 0 0.9999999 0 0 0 0 1</matrix>
                              <node id="node-Bip001_R_Finger02" name="Bip001_R_Finger02">
                                <matrix sid="matrix">0.9115806 -0.4111217 0 4.089424 0.4111218 0.9115806 0 3.8147e-6 -2.98023e-8 0 1 0 0 0 0 1</matrix>
                              </node>
                            </node>
                          </node>
                          <node id="node-Bip001_R_Finger1" name="Bip001_R_Finger1">
                            <matrix sid="matrix">0.9603379 -0.2693584 -0.07209159 10.48989 0.2737626 0.9599062 0.06028268 0.4773483 0.05296344 -0.07762772 0.9955747 3.495117 0 0 0 1</matrix>
                            <node id="node-Bip001_R_Finger11" name="Bip001_R_Finger11">
                              <matrix sid="matrix">0.9540662 -0.2995966 -2.23517e-8 3.652714 0.2995966 0.9540662 -2.98023e-8 0 5.96046e-8 2.98023e-8 1 -3.8147e-6 0 0 0 1</matrix>
                              <node id="node-Bip001_R_Finger12" name="Bip001_R_Finger12">
                                <matrix sid="matrix">0.9747836 -0.223152 -1.49012e-8 3.018177 0.223152 0.9747837 2.98023e-8 0 -8.9407e-8 -5.96046e-8 1 0 0 0 0 1</matrix>
                              </node>
                            </node>
                          </node>
                          <node id="node-Bip001_R_Finger2" name="Bip001_R_Finger2">
                            <matrix sid="matrix">0.9028362 -0.4284187 0.03666324 10.47828 0.4297602 0.9018335 -0.04475129 0.2322311 -0.01389186 0.05615959 0.9983252 0.7914429 0 0 0 1</matrix>
                            <node id="node-Bip001_R_Finger21" name="Bip001_R_Finger21">
                              <matrix sid="matrix">0.9577915 -0.2874643 0 4.07214 0.2874642 0.9577916 0 -7.62939e-6 -8.9407e-8 -2.98023e-8 1 -3.8147e-6 0 0 0 1</matrix>
                              <node id="node-Bip001_R_Finger22" name="Bip001_R_Finger22">
                                <matrix sid="matrix">0.9620118 -0.2730078 0 3.591618 0.2730078 0.9620117 0 7.62939e-6 -2.98023e-8 2.98023e-8 0.9999999 7.62939e-6 0 0 0 1</matrix>
                              </node>
                            </node>
                          </node>
                          <node id="node-Bip001_R_Finger3" name="Bip001_R_Finger3">
                            <matrix sid="matrix">0.7781103 -0.5962415 0.1975865 10.11522 0.6192771 0.7808233 -0.08252937 0.5977249 -0.1050727 0.1865777 0.9768052 -1.599373 0 0 0 1</matrix>
                            <node id="node-Bip001_R_Finger31" name="Bip001_R_Finger31">
                              <matrix sid="matrix">0.8913194 -0.4533762 2.98023e-8 3.936634 0.4533762 0.8913193 -2.98023e-8 0 0 4.47035e-8 1 -7.62939e-6 0 0 0 1</matrix>
                              <node id="node-Bip001_R_Finger32" name="Bip001_R_Finger32">
                                <matrix sid="matrix">0.8000179 -0.5999759 -2.98023e-8 3.743706 0.5999759 0.800018 0 0 0 -4.47035e-8 1 0 0 0 0 1</matrix>
                              </node>
                            </node>
                          </node>
                          <node id="node-Bip001_R_Finger4" name="Bip001_R_Finger4">
                            <matrix sid="matrix">0.6883655 -0.6103452 0.3919591 9.522522 0.686878 0.7221558 -0.08179095 1.343498 -0.2331348 0.3255302 0.9163398 -3.938515 0 0 0 1</matrix>
                            <node id="node-Bip001_R_Finger41" name="Bip001_R_Finger41">
                              <matrix sid="matrix">0.6522291 -0.7580218 2.98023e-8 3.039898 0.7580218 0.6522291 0 0 2.98023e-8 -4.47035e-8 1 7.62939e-6 0 0 0 1</matrix>
                              <node id="node-Bip001_R_Finger42" name="Bip001_R_Finger42">
                                <matrix sid="matrix">0.7012734 -0.7128924 -2.98023e-8 3.010345 0.7128925 0.7012735 -1.49012e-8 -9.53674e-6 -2.98023e-8 2.98023e-8 1 -7.62939e-6 0 0 0 1</matrix>
                              </node>
                            </node>
                          </node>
                        </node>
                      </node>
                      <node id="node-Bip001_R_ForeTwist" name="Bip001_R_ForeTwist">
                        <matrix sid="matrix">0.1730566 0.983604 0.05074301 23.56343 -0.9849118 0.1728268 0.008915946 3.8147e-6 -3.72529e-8 -0.05152032 0.998672 0 0 0 0 1</matrix>
                        <node id="node-Bip001_R_ForeTwist1" name="Bip001_R_ForeTwist1">
                          <matrix sid="matrix">1 2.98023e-8 1.49012e-8 8.340702 1.49012e-8 0.998672 0.05152035 7.62939e-6 7.45058e-9 -0.05152044 0.998672 0 0 0 0 1</matrix>
                          <node id="node-Bip001_R_ForeTwist2" name="Bip001_R_ForeTwist2">
                            <matrix sid="matrix">0.9999999 -2.98023e-8 -2.98023e-8 8.340702 2.98023e-8 0.9986719 0.05152041 0 -1.49012e-8 -0.05152026 0.998672 -7.62939e-6 0 0 0 1</matrix>
                          </node>
                        </node>
                      </node>
                    </node>
                    <node id="node-Bip001_RUpArmTwist" name="Bip001_RUpArmTwist">
                      <matrix sid="matrix">0.7368981 -0.1915275 -0.6483045 17.26101 -0.184882 0.8653612 -0.4657991 -3.8147e-6 0.6502308 0.4631062 0.6022729 1.52588e-5 0 0 0 1</matrix>
                      <node id="node-Bip001_RUpArmTwist1" name="Bip001_RUpArmTwist1">
                        <matrix sid="matrix">1 0 -5.96046e-8 11.78172 1.49012e-8 0.999851 -0.01726772 -3.8147e-6 2.98023e-8 0.01726772 0.9998511 -7.62939e-6 0 0 0 1</matrix>
                      </node>
                    </node>
                  </node>
                </node>
              </node>
            </node>
            <node id="node-Bip001_L_Thigh" name="Bip001_L_Thigh">
              <matrix sid="matrix">-0.9799905 -0.06623645 -0.1877005 -16.0996 -0.05075561 0.9949911 -0.08611952 -2.361588 0.1924645 -0.07486945 -0.9784438 9.86592 0 0 0 1</matrix>
              <node id="node-Bip001_L_Calf" name="Bip001_L_Calf">
                <matrix sid="matrix">0.8808373 0.4734193 1.49012e-8 38.83284 -0.4734193 0.8808371 0 -1.90735e-6 0 0 1 0 0 0 0 1</matrix>
                <node id="node-Bip001_L_Foot" name="Bip001_L_Foot">
                  <matrix sid="matrix">0.9392402 -0.3206439 -0.122538 37.30408 0.3084855 0.945037 -0.108361 1.90735e-6 0.1505482 0.0639758 0.9865304 0 0 0 0 1</matrix>
                  <node id="node-Bip001_L_Toe0" name="Bip001_L_Toe0">
                    <matrix sid="matrix">-0.3178752 -0.9478335 -0.0238121 8.488064 0.9478703 -0.3170964 -0.03149255 12.70344 0.02229896 -0.03258149 0.9992202 -0.2012491 0 0 0 1</matrix>
                  </node>
                </node>
              </node>
            </node>
            <node id="node-Bip001_R_Thigh" name="Bip001_R_Thigh">
              <matrix sid="matrix">-0.8965561 0.4380072 0.0658544 -17.51556 0.4424508 0.892547 0.0871627 -2.389427 -0.02060027 0.1072836 -0.9940152 -8.341621 0 0 0 1</matrix>
              <node id="node-Bip001_R_Calf" name="Bip001_R_Calf">
                <matrix sid="matrix">0.6659142 0.7460283 0 38.83284 -0.7460284 0.6659144 1.11759e-8 3.8147e-6 -3.72529e-8 0 1 0 0 0 0 1</matrix>
                <node id="node-Bip001_R_Foot" name="Bip001_R_Foot">
                  <matrix sid="matrix">0.9862452 -0.1565346 0.05308158 37.30409 0.146535 0.9766076 0.1573703 9.53674e-7 -0.07647379 -0.1474274 0.986112 3.8147e-6 0 0 0 1</matrix>
                  <node id="node-Bip001_R_Toe0" name="Bip001_R_Toe0">
                    <matrix sid="matrix">-0.1256365 -0.9914949 0.03395673 8.488064 0.9918474 -0.1247987 0.02576588 12.70343 -0.02130906 0.03691705 0.999091 0.2012501 0 0 0 1</matrix>
                  </node>
                </node>
              </node>
            </node>
          </node>
        </node>
      </node>
      <node id="node-Bounds" name="Bounds">
        <matrix sid="matrix">0.9999915 0.001706907 0.003750479 5.366391 -0.001711356 0.9999978 0.001183292 -9.603622 -0.003748452 -0.0011897 0.9999923 -0.008934736 0 0 0 1</matrix>
        <instance_geometry url="#geom-Bounds">
          <bind_material>
            <technique_common>
              <instance_material symbol="ShapeBounds" target="#ShapeBounds-material"/>
            </technique_common>
          </bind_material>
        </instance_geometry>
      </node>
    </visual_scene>
  </library_visual_scenes>
  <library_animations>
    <animation>
      <source id="node-Bip001_matrix-input">
        <float_array id="node-Bip001_matrix-input-array" count="91">20.66667 20.7 20.73333 20.76667 20.8 20.83333 20.86667 20.9 20.93333 20.96667 21 21.03333 21.06667 21.1 21.13333 21.16667 21.2 21.23333 21.26667 21.3 21.33333 21.36667 21.4 21.43333 21.46667 21.5 21.53333 21.56667 21.6 21.63333 21.66667 21.7 21.73333 21.76667 21.8 21.83333 21.86667 21.9 21.93333 21.96667 22 22.03333 22.06667 22.1 22.13333 22.16667 22.2 22.23333 22.26667 22.3 22.33333 22.36667 22.4 22.43333 22.46667 22.5 22.53333 22.56667 22.6 22.63333 22.66667 22.7 22.73333 22.76667 22.8 22.83333 22.86667 22.9 22.93333 22.96667 23 23.03333 23.06667 23.1 23.13333 23.16667 23.2 23.23333 23.26667 23.3 23.33333 23.36667 23.4 23.43333 23.46667 23.5 23.53333 23.56667 23.6 23.63333 23.66667</float_array>
        <technique_common>
          <accessor source="#node-Bip001_matrix-input-array" count="91" stride="1">
            <param name="TIME" type="float"/>
          </accessor>
        </technique_common>
      </source>
      <source id="node-Bip001_matrix-output">
        <float_array id="node-Bip001_matrix-output-array" count="1456">5.36442e-7 -1 0 5.366391 1 5.36442e-7 2.19276e-7 -9.603626 -2.19276e-7 0 1 81.70447 0 0 0 1 -0.01951777 -0.9998015 -0.003982424 6.30288 0.9997853 -0.0194894 -0.007032692 -8.385804 0.006953656 -0.004118859 0.9999673 80.84516 0 0 0 1 -0.03894197 -0.9992191 -0.006690382 7.128807 0.9991834 -0.03886675 -0.01103836 -7.167981 0.01076972 -0.007114768 0.9999167 80.11182 0 0 0 1 -0.05795586 -0.9982839 -0.008393526 7.852014 0.9982553 -0.05785501 -0.01179736 -5.950158 0.0112915 -0.009062647 0.9998952 79.49343 0 0 0 1 -0.07616221 -0.9970516 -0.009356021 8.479989 0.997059 -0.07607579 -0.009268343 -4.732335 0.008529245 -0.01003438 0.9999133 78.97942 0 0 0 1 -0.09313714 -0.9956049 -0.009822487 9.019909 0.9956498 -0.09310591 -0.003590106 -3.514513 0.002659797 -0.01011413 0.9999454 78.55957 0 0 0 1 -0.1084847 -0.9940478 -0.01000547 9.478693 0.9940801 -0.1085379 0.004926323 -2.29669 -0.005982995 -0.009411811 0.9999378 78.22399 0 0 0 1 -0.1218829 -0.9924933 -0.01007717 9.863026 0.9924001 -0.122032 0.01581889 -1.078867 -0.01692986 -0.008072495 0.9998241 77.96305 0 0 0 1 -0.1331247 -0.9910473 -0.01016837 10.17941 0.9906572 -0.1333647 0.02850574 0.1389548 -0.02960664 -0.006278514 0.9995419 77.76727 0 0 0 1 -0.1421413 -0.9897919 -0.01037555 10.43419 0.9888957 -0.1424564 0.04232537 1.356778 -0.04337137 -0.004244148 0.99905 77.6274 0 0 0 1 -0.149015 -0.9887763 -0.01077365 10.6336 0.9871586 -0.1493878 0.05657911 2.574599 -0.05755358 -0.002204179 0.99834 77.53424 0 0 0 1 -0.1539727 -0.9880089 -0.01143181 10.78378 0.9854854 -0.154396 0.07057124 3.792422 -0.07149004 -3.99884e-4 0.9974412 77.47866 0 0 0 1 -0.1573686 -0.9874618 -0.01242816 10.89081 0.9839136 -0.1578559 0.08364051 5.010244 -0.08455365 9.34131e-4 0.9964185 77.45153 0 0 0 1 -0.159653 -0.9870759 -0.01386034 10.96075 0.9824776 -0.1602458 0.09517991 6.228064 -0.09617084 0.001578271 0.9953636 77.44371 0 0 0 1 -0.1613342 -0.9867725 -0.01584964 10.99967 0.9812094 -0.1621054 0.1046419 7.445885 -0.1058271 0.001330435 0.9943836 77.44593 0 0 0 1 -0.1629317 -0.9864631 -0.01853895 11.01369 0.9801383 -0.1639831 0.1115283 8.663705 -0.1130586 7.52509e-7 0.9935883 77.4488 0 0 0 1 -0.1654087 -0.9860114 -0.0205298 11.03141 0.9789951 -0.1666765 0.1174204 9.881525 -0.1191997 -6.76237e-4 0.9928701 77.49039 0 0 0 1 -0.1672816 -0.9856565 -0.02232199 11.04965 0.9779847 -0.1687593 0.1227449 11.09934 -0.1247513 -0.001297593 0.9921872 77.60883 0 0 0 1 -0.1686201 -0.9853913 -0.02390468 11.06763 0.9771174 -0.1702958 0.1274403 12.31716 -0.1296494 -0.001868724 0.9915581 77.79481 0 0 0 1 -0.1694915 -0.9852077 -0.02526879 11.08458 0.9764019 -0.171348 0.1314502 13.53498 -0.1338355 -0.002392828 0.9910007 78.03924 0 0 0 1 -0.1699601 -0.9850971 -0.0264067 11.09974 0.9758453 -0.1719753 0.1347231 14.7528 -0.1372566 -0.002871334 0.9905313 78.33321 0 0 0 1 -0.1700848 -0.9850509 -0.02731215 11.11237 0.9754532 -0.172232 0.1372123 15.97062 -0.1398651 -0.003304004 0.9901651 78.66795 0 0 0 1 -0.1699172 -0.9850612 -0.02797985 11.12171 0.9752295 -0.1721659 0.138876 17.18844 -0.1416186 -0.003689348 0.9899144 79.03485 0 0 0 1 -0.1695016 -0.9851207 -0.0284053 11.12702 0.9751763 -0.1718181 0.1396778 18.40625 -0.1424801 -0.004024565 0.9897895 79.42536 0 0 0 1 -0.1688719 -0.9852235 -0.02858424 11.12755 0.9752947 -0.1712199 0.139586 19.62407 -0.1424176 -0.004305899 0.9897973 79.83103 0 0 0 1 -0.1680511 -0.9853659 -0.02851277 11.12255 0.9755839 -0.1703926 0.1385741 20.84189 -0.1414045 -0.004529058 0.9899415 80.24346 0 0 0 1 -0.1670496 -0.9855453 -0.02818691 11.11126 0.9760411 -0.169346 0.1366212 22.05971 -0.1394199 -0.004689037 0.9902223 80.65425 0 0 0 1 -0.1658636 -0.9857623 -0.02760267 11.09293 0.9766633 -0.1680767 0.1337125 23.27752 -0.1364482 -0.004780471 0.9906357 81.05502 0 0 0 1 -0.1644735 -0.9860187 -0.02675592 11.06677 0.9774443 -0.1665664 0.12984 24.49534 -0.1324813 -0.00479722 0.9911739 81.43734 0 0 0 1 -0.1628426 -0.9863187 -0.02564293 11.03201 0.9783768 -0.1647813 0.1250036 25.71316 -0.1275189 -0.004732489 0.9918249 81.79277 0 0 0 1 -0.1609176 -0.9866697 -0.02426022 10.98785 0.9794521 -0.1626716 0.1192132 26.93097 -0.1215705 -0.004578232 0.9925723 82.11273 0 0 0 1 -0.1586248 -0.9870802 -0.02260559 10.93346 0.980659 -0.1601692 0.1124902 28.14879 -0.1146575 -0.004324674 0.9933957 82.38861 0 0 0 1 -0.1558729 -0.9875606 -0.02067863 10.86802 0.9819846 -0.1571887 0.1048709 29.36661 -0.1068168 -0.003959596 0.9942708 82.61161 0 0 0 1 -0.1525514 -0.9881228 -0.01848125 10.79066 0.9834144 -0.1536276 0.09640967 30.58442 -0.09810382 -0.003467321 0.9951701 82.77279 0 0 0 1 -0.1485306 -0.9887782 -0.01601904 10.7005 0.9849312 -0.1493651 0.08718299 31.80224 -0.08859729 -0.002828299 0.9960635 82.86303 0 0 0 1 -0.143666 -0.9895368 -0.01330155 10.59664 0.9865155 -0.1442663 0.07729452 33.02006 -0.07840478 -0.002017557 0.9969196 82.87299 0 0 0 1 -0.137803 -0.9904056 -0.01034587 10.35477 0.9881436 -0.1381872 0.0669071 34.33839 -0.06769484 -0.001003205 0.9977056 82.84941 0 0 0 1 -0.1308008 -0.9913827 -0.007180452 9.896128 0.9897822 -0.1309975 0.05631148 35.79997 -0.05676686 2.58496e-4 0.9983875 82.73221 0 0 0 1 -0.122562 -0.9924535 -0.003836274 9.247014 0.9913964 -0.1226086 0.04582887 37.38584 -0.04595339 0.00181353 0.998942 82.53273 0 0 0 1 -0.1130404 -0.9935904 -3.41617e-4 8.433136 0.992953 -0.1129802 0.03577512 39.07747 -0.03558444 0.003704786 0.9993598 82.26207 0 0 0 1 -0.1022419 -0.9947542 0.003282368 7.479691 0.9944203 -0.1021203 0.02645206 40.85671 -0.02597808 0.00596857 0.9996447 81.93112 0 0 0 1 -0.09022843 -0.9958964 0.007024347 6.41143 0.9957686 -0.09008884 0.01813763 42.70568 -0.01743042 0.008631169 0.9998108 81.55055 0 0 0 1 -0.07711064 -0.9969632 0.01088517 5.252754 0.9969703 -0.07699024 0.01107662 44.60676 -0.01020491 0.01170635 0.9998794 81.13091 0 0 0 1 -0.06304478 -0.9978997 0.01487934 4.027783 0.9980005 -0.06296956 0.005471587 46.54249 -0.004523098 0.01519453 0.9998744 80.68261 0 0 0 1 -0.04822182 -0.9986553 0.01903414 2.760429 0.9988365 -0.04820239 0.001475274 48.49559 -5.55825e-4 0.01908314 0.9998177 80.21597 0 0 0 1 -0.03285527 -0.9991865 0.0233879 1.47447 0.9994589 -0.03288328 -8.14936e-4 50.4488 0.001583337 0.02334845 0.9997261 79.74126 0 0 0 1 -0.01717102 -0.9994608 0.0279867 0.1936186 0.9998509 -0.01721584 -0.001360833 52.38495 0.001841902 0.02795916 0.9996074 79.26871 0 0 0 1 -0.001390695 -0.9994583 0.03288042 -1.058406 0.9999991 -0.001397609 -1.8435e-4 54.28681 2.30206e-4 0.03288012 0.9994593 78.80857 0 0 0 1 0.01427888 -0.9991712 0.03811842 -2.257808 0.999893 0.01438969 0.002633452 56.1371 -0.003179788 0.03807675 0.9992698 78.3711 0 0 0 1 0.02966016 -0.9986023 0.04374581 -3.380645 0.999526 0.02999234 0.006955564 57.91841 -0.008257865 0.04351878 0.9990185 77.96665 0 0 0 1 0.04461413 -0.9977623 0.04980045 -4.402757 0.9988944 0.04529333 0.01259344 59.61315 -0.01482093 0.04918354 0.9986798 77.60565 0 0 0 1 0.05904901 -0.9966655 0.05631107 -5.299693 0.9979983 0.0602191 0.01931279 61.20351 -0.02263939 0.05505794 0.9982265 77.29865 0 0 0 1 0.07292628 -0.9953268 0.06329637 -6.046627 0.9968416 0.0747441 0.02683895 62.6714 -0.0314446 0.06113916 0.9976338 77.05637 0 0 0 1 0.08626157 -0.9937561 0.07076531 -6.618296 0.9954312 0.08888947 0.03486245 63.99838 -0.04093503 0.06743472 0.9968836 76.88971 0 0 0 1 0.09912538 -0.9919565 0.07871806 -6.988894 0.9937784 0.1027231 0.04304242 65.16561 -0.05078238 0.07396167 0.9959673 76.80984 0 0 0 1 0.1116373 -0.9899205 0.08714693 -7.132013 0.9918975 0.1163508 0.05100923 66.15378 -0.06063473 0.08074629 0.9948887 76.82815 0 0 0 1 0.1228205 -0.9878912 0.09479486 -7.128538 0.9899738 0.1286711 0.05827265 67.30688 -0.06976443 0.08668732 0.9937899 76.95339 0 0 0 1 0.1324875 -0.986025 0.101003 -7.126172 0.9881032 0.1394171 0.06492257 68.3402 -0.0780968 0.09119999 0.9927656 77.16962 0 0 0 1 0.1407921 -0.9843623 0.1058698 -7.124667 0.9863382 0.1486992 0.07089138 69.26797 -0.08552557 0.09444248 0.9918498 77.46575 0 0 0 1 0.1478691 -0.9829272 0.1094935 -7.123779 0.9847208 0.1566191 0.07612669 70.10408 -0.0919758 0.09656375 0.9910681 77.83095 0 0 0 1 0.1538345 -0.9817317 0.1119729 -7.123268 0.9832845 0.1632695 0.08058965 70.86212 -0.09739917 0.09770375 0.990438 78.2546 0 0 0 1 0.1587867 -0.9807781 0.1134068 -7.122899 0.9820539 0.1687354 0.08425337 71.55548 -0.1017696 0.09799331 0.9899699 78.72629 0 0 0 1 0.1628054 -0.9800624 0.113895 -7.122435 0.9810467 0.1730912 0.08710169 72.19731 -0.1050793 0.09755569 0.9896672 79.23572 0 0 0 1 0.1659545 -0.9795755 0.1135379 -7.121644 0.9802744 0.1764034 0.08912819 72.80063 -0.1073363 0.09650701 0.9895278 79.77274 0 0 0 1 0.1682826 -0.9793053 0.1124367 -7.120295 0.9797425 0.1787293 0.09033519 73.37834 -0.1085615 0.09495711 0.9895441 80.32727 0 0 0 1 0.1698244 -0.9792377 0.110694 -7.118155 0.9794514 0.180118 0.09073305 73.94328 -0.1087872 0.09301066 0.9897042 80.88929 0 0 0 1 0.1706034 -0.9793574 0.1084135 -7.11499 0.979397 0.1806107 0.09033942 74.5082 -0.1080552 0.09076768 0.9899926 81.44882 0 0 0 1 0.1706323 -0.9796488 0.1057009 -7.11057 0.9795715 0.1802409 0.08917909 75.08592 -0.1064158 0.08832472 0.990391 81.99585 0 0 0 1 0.1699153 -0.9800964 0.1026634 -7.104656 0.9799633 0.1790351 0.08728349 75.68925 -0.1039266 0.08577555 0.9908793 82.52037 0 0 0 1 0.1684505 -0.9806845 0.09941065 -7.097012 0.9805579 0.1770138 0.08469039 76.3311 -0.1006516 0.08321171 0.9914358 83.01226 0 0 0 1 0.1662298 -0.9813975 0.09605437 -7.087396 0.981338 0.1741911 0.0814439 77.02446 -0.09666067 0.0807234 0.9920386 83.46138 0 0 0 1 0.1632419 -0.9822205 0.09270942 -7.075562 0.9822845 0.1705765 0.07759445 77.78253 -0.09202891 0.07840031 0.9926651 83.85738 0 0 0 1 0.1594735 -0.9831374 0.08949285 -7.061258 0.9833757 0.1661752 0.07319855 78.61866 -0.08683574 0.07633185 0.993294 84.18983 0 0 0 1 0.1549105 -0.9841322 0.08652508 -7.044231 0.9845888 0.160989 0.0683192 79.54647 -0.08116477 0.07460826 0.9939044 84.44806 0 0 0 1 0.1495398 -0.9851872 0.08392935 -7.024217 0.9858993 0.1550171 0.06302577 80.57983 -0.07510268 0.07332104 0.9944766 84.6212 0 0 0 1 0.1433498 -0.9862831 0.08183187 -7.000944 0.987282 0.148257 0.0573942 81.73274 -0.06873911 0.0725637 0.9949922 84.69811 0 0 0 1 0.1363644 -0.9874185 0.0800594 -6.924149 0.9886491 0.1407876 0.05245757 82.94703 -0.06306892 0.07199734 0.9954088 84.73229 0 0 0 1 0.1286587 -0.9886506 0.07756972 -6.805337 0.9899577 0.1326605 0.04883676 84.15531 -0.05857294 0.07050746 0.9957901 84.71033 0 0 0 1 0.1203994 -0.989934 0.07439476 -6.629656 0.9912077 0.1240197 0.04611313 85.35915 -0.05487537 0.06818866 0.9961621 84.63788 0 0 0 1 0.1117095 -0.991232 0.07056951 -6.382401 0.9923983 0.1149672 0.04391139 86.56006 -0.05163961 0.06512773 0.9965399 84.52043 0 0 0 1 0.1026853 -0.9925131 0.06613343 -6.048921 0.9935273 0.1055824 0.04190468 87.75955 -0.04857343 0.06140238 0.9969305 84.36325 0 0 0 1 0.09340274 -0.9937499 0.06113129 -5.614549 0.9945913 0.09593123 0.03981685 88.95906 -0.04543244 0.05708169 0.9973353 84.17149 0 0 0 1 0.08392244 -0.9949192 0.05561316 -5.064517 0.9955858 0.08607065 0.03742551 90.16008 -0.04202204 0.05222684 0.9977507 83.95019 0 0 0 1 0.07428729 -0.996001 0.04963356 -4.383888 0.996505 0.0760473 0.03456336 91.36406 -0.03819966 0.04689246 0.9981693 83.70431 0 0 0 1 0.06451767 -0.9969789 0.04325073 -3.557468 0.9973414 0.06589114 0.03112012 92.57247 -0.03387594 0.04112797 0.9985795 83.43873 0 0 0 1 0.05460608 -0.9978398 0.03652584 -2.569734 0.9980863 0.05560952 0.02704417 93.78676 -0.02901697 0.03497916 0.9989667 83.15831 0 0 0 1 0.04451048 -0.9985727 0.02952182 -1.404743 0.9987291 0.04517805 0.0223456 95.00844 -0.02364742 0.0284897 0.9993143 82.8679 0 0 0 1 0.03414779 -0.9991679 0.02230292 -0.04605102 0.9992573 0.03453254 0.01709967 96.23903 -0.01785564 0.02170246 0.999605 82.57237 0 0 0 1 0.02339226 -0.9996148 0.01493394 1.523387 0.9996566 0.02356439 0.01145482 97.48008 -0.01180231 0.01466089 0.9998229 82.27661 0 0 0 1 0.01207602 -0.9998991 0.007479012 3.321313 0.9999107 0.01211833 0.005643546 98.7332 -0.005733609 0.007410168 0.9999561 81.98562 0 0 0 1 3.57628e-7 -1 0 5.366391 1 3.57628e-7 1.7195e-7 100 -1.7195e-7 0 1 81.70447 0 0 0 1</float_array>
        <technique_common>
          <accessor source="#node-Bip001_matrix-output-array" count="91" stride="16">
            <param name="TRANSFORM" type="float4x4"/>
          </accessor>
        </technique_common>
      </source>
      <source id="node-Bip001_matrix-interpolation">
