<?xml version="1.0" encoding="utf-8"?>
<COLLADA xmlns="http://www.collada.org/2005/11/COLLADASchema" version="1.4.1">
  <asset>
    <contributor>
      <author>Jesse Oliger</author>
      <authoring_tool>OpenCOLLADA for 3ds Max;  Version: 1.3.0;  Revision: 839M;  Platform: x64;  Configuration: Release_Max2012</authoring_tool>
      <source_data>file:///C:/Users/Jesse%20Oliger/Documents/3dsMax/scenes/Zombies/Animations/Zombie_TP_Animation_Master_16.max</source_data>
    </contributor>
    <created>2011-10-11T14:54:09</created>
    <modified>2011-10-11T14:54:09</modified>
    <unit name="centimeter" meter="0.01"/>
    <up_axis>Z_UP</up_axis>
  </asset>
  <library_effects>
    <effect id="ShapeBounds">
      <profile_COMMON>
        <technique sid="common">
          <blinn>
            <emission>
              <color>0 0 0 1</color>
            </emission>
            <ambient>
              <color>0.1647059 1 0 1</color>
            </ambient>
            <diffuse>
              <color>0.1647059 1 0 1</color>
            </diffuse>
            <specular>
              <color>0.9 0.9 0.9 1</color>
            </specular>
            <shininess>
              <float>10</float>
            </shininess>
            <reflective>
              <color>0 0 0 1</color>
            </reflective>
            <transparent opaque="A_ONE">
              <color>1 1 1 1</color>
            </transparent>
            <transparency>
              <float>1</float>
            </transparency>
          </blinn>
        </technique>
      </profile_COMMON>
      <extra>
        <technique profile="OpenCOLLADA3dsMax">
          <extended_shader>
            <apply_reflection_dimming>0</apply_reflection_dimming>
            <dim_level>0</dim_level>
            <falloff_type>0</falloff_type>
            <index_of_refraction>1.5</index_of_refraction>
            <opacity_type>0</opacity_type>
            <reflection_level>3</reflection_level>
            <wire_size>1</wire_size>
            <wire_units>0</wire_units>
          </extended_shader>
          <shader>
            <ambient_diffuse_lock>1</ambient_diffuse_lock>
            <ambient_diffuse_texture_lock>1</ambient_diffuse_texture_lock>
            <diffuse_specular_lock>0</diffuse_specular_lock>
            <soften>0.1</soften>
            <use_self_illum_color>0</use_self_illum_color>
          </shader>
        </technique>
      </extra>
    </effect>
  </library_effects>
  <library_materials>
    <material id="ShapeBounds-material" name="ShapeBounds">
      <instance_effect url="#ShapeBounds"/>
    </material>
  </library_materials>
  <library_geometries>
    <geometry id="geom-Bounds" name="Bounds">
      <mesh>
        <source id="geom-Bounds-positions">
          <float_array id="geom-Bounds-positions-array" count="24">-42.5 -42.5 0 42.5 -42.5 0 -42.5 42.5 0 42.5 42.5 0 -42.5 -42.5 184 42.5 -42.5 184 -42.5 42.5 184 42.5 42.5 184</float_array>
          <technique_common>
            <accessor source="#geom-Bounds-positions-array" count="8" stride="3">
              <param name="X" type="float"/>
              <param name="Y" type="float"/>
              <param name="Z" type="float"/>
            </accessor>
          </technique_common>
        </source>
        <source id="geom-Bounds-normals">
          <float_array id="geom-Bounds-normals-array" count="72">0 0 -1 0 0 -1 0 0 -1 0 0 -1 0 0 1 0 0 1 0 0 1 0 0 1 0 -1 0 0 -1 0 0 -1 0 0 -1 0 1 0 0 1 0 0 1 0 0 1 0 0 0 1 0 0 1 0 0 1 0 0 1 0 -1 0 0 -1 0 0 -1 0 0 -1 0 0</float_array>
          <technique_common>
            <accessor source="#geom-Bounds-normals-array" count="24" stride="3">
              <param name="X" type="float"/>
              <param name="Y" type="float"/>
              <param name="Z" type="float"/>
            </accessor>
          </technique_common>
        </source>
        <source id="geom-Bounds-map1">
          <float_array id="geom-Bounds-map1-array" count="36">0 0 0 1 0 0 0 1 0 1 1 0 0 0 0 1 0 0 0 1 0 1 1 0 0 0 0 1 0 0 0 1 0 1 1 0</float_array>
          <technique_common>
            <accessor source="#geom-Bounds-map1-array" count="12" stride="3">
              <param name="S" type="float"/>
              <param name="T" type="float"/>
              <param name="P" type="float"/>
            </accessor>
          </technique_common>
        </source>
        <vertices id="geom-Bounds-vertices">
          <input semantic="POSITION" source="#geom-Bounds-positions"/>
        </vertices>
        <triangles material="ShapeBounds" count="12">
          <input semantic="VERTEX" source="#geom-Bounds-vertices" offset="0"/>
          <input semantic="NORMAL" source="#geom-Bounds-normals" offset="1"/>
          <input semantic="TEXCOORD" source="#geom-Bounds-map1" offset="2" set="0"/>
          <p>0 0 9 2 1 11 3 2 10 3 2 10 1 3 8 0 0 9 4 4 8 5 5 9 7 6 11 7 6 11 6 7 10 4 4 8 0 8 4 1 9 5 5 10 7 5 10 7 4 11 6 0 8 4 1 12 0 3 13 1 7 14 3 7 14 3 5 15 2 1 12 0 3 16 4 2 17 5 6 18 7 6 18 7 7 19 6 3 16 4 2 20 0 0 21 1 4 22 3 4 22 3 6 23 2 2 20 0</p>
        </triangles>
      </mesh>
      <extra>
        <technique profile="OpenCOLLADA3dsMax">
          <max_box>
            <generateuvs>1</generateuvs>
            <height>184</height>
            <heightsegments>1</heightsegments>
            <length>85</length>
            <lengthsegments>1</lengthsegments>
            <width>85</width>
            <widthsegments>1</widthsegments>
          </max_box>
        </technique>
      </extra>
    </geometry>
  </library_geometries>
  <library_lights>
    <light id="EnvironmentAmbientLight" name="EnvironmentAmbientLight">
      <technique_common>
        <ambient>
          <color>0 0 0</color>
        </ambient>
      </technique_common>
    </light>
  </library_lights>
  <library_visual_scenes>
    <visual_scene id="MaxScene">
      <node name="EnvironmentAmbientLight">
        <instance_light url="#EnvironmentAmbientLight"/>
      </node>
      <node id="node-Bip001" name="Bip001">
        <matrix sid="matrix">3.57628e-7 -1 -1.49012e-8 -2.726762 0.9961947 3.57628e-7 -0.08715568 -1.145347 0.08715568 1.49012e-8 0.9961947 82.08784 0 0 0 1</matrix>
        <node id="node-Bip001_Pelvis" name="Bip001_Pelvis">
          <matrix>0.05390004 0.9964145 -0.06521507 0 -0.04862 0.06785138 0.99651 0 0.997362 -0.05054118 0.05210286 0 0 0 0 1</matrix>
          <node id="node-Bip001_Spine" name="Bip001_Spine">
            <matrix sid="matrix">0.9836953 -0.0651139 -0.167642 16.95461 0.07658938 0.9950758 0.06291591 0.8513489 0.1627198 -0.07472968 0.9838383 0.7692933 0 0 0 1</matrix>
            <node id="node-Bip001_Spine1" name="Bip001_Spine1">
              <matrix sid="matrix">0.9510029 0.2895766 0.1083466 13.27447 -0.2887914 0.9571105 -0.02321575 -0.01011753 -0.1104224 -0.009211322 0.993842 9.72748e-5 0 0 0 1</matrix>
              <node id="node-Bip001_Spine2" name="Bip001_Spine2">
                <matrix sid="matrix">0.96531 0.2430422 0.09543044 13.27496 -0.2427498 0.9699755 -0.01483931 -0.010252 -0.09617178 -0.008841185 0.9953255 9.39369e-5 0 0 0 1</matrix>
                <node id="node-Bip001_Neck" name="Bip001_Neck">
                  <matrix sid="matrix">0.8824281 -0.4651246 -0.07056773 18.05166 0.4645633 0.8851821 -0.02517051 -1.344292 0.07417272 -0.01057201 0.9971892 3.05176e-5 0 0 0 1</matrix>
                  <node id="node-Bip001_Neck1" name="Bip001_Neck1">
                    <matrix sid="matrix">0.9847763 0.1645687 0.05597133 3.789413 -0.1673391 0.9846797 0.04902566 -0.002971649 -0.04704574 -0.0576455 0.9972281 1.74284e-4 0 0 0 1</matrix>
                    <node id="node-Bip001_Head" name="Bip001_Head">
                      <matrix sid="matrix">0.6509456 0.7349157 -0.1901812 3.889847 -0.7559539 0.6504277 -0.07401057 1.155757 0.06930758 0.1919451 0.9789554 3.8147e-6 0 0 0 1</matrix>
                      <node id="node-Bip001_Jaw" name="Bip001_Jaw">
                        <matrix>-0.5933991 -0.7710633 0.2309529 3.120964 0.7966224 -0.6036609 0.03141004 0.05387878 0.115198 0.2026208 0.9724578 0.3038788 0 0 0 1</matrix>
                        <node id="node-Bip001_Tongue1" name="Bip001_Tongue1">
                          <matrix>0.8788933 0.4628995 0.1151971 3.352844 -0.4769948 0.8552303 0.2026249 -1.084335 -0.004725139 -0.2330341 0.9724571 -0.4837241 0 0 0 1</matrix>
                          <node id="node-Bip001_Tongue2" name="Bip001_Tongue2">
                            <matrix>0.7386073 -0.674136 -1.8701e-6 2.060028 0.6741361 0.7386072 -7.30157e-7 -0.001190186 1.885e-6 -7.15256e-7 1 1.90735e-6 0 0 0 1</matrix>
                            <node id="node-Bip001_Tongue3" name="Bip001_Tongue3">
                              <matrix sid="matrix">0.8221666 -0.5668083 0.05263364 2.029878 0.5690576 0.8207569 -0.0503173 -0.00177002 -0.01467916 0.0713208 0.9973454 -1.52588e-4 0 0 0 1</matrix>
                              <node id="node-Bip001_Tongue4" name="Bip001_Tongue4">
                                <matrix>0.7784564 -0.6169143 -0.1158543 2.71347 0.6177149 0.7857012 -0.03319689 -0.001541138 0.1115065 -0.04572258 0.9927113 9.05991e-5 0 0 0 1</matrix>
                              </node>
                            </node>
                          </node>
                        </node>
                      </node>
                    </node>
                  </node>
                  <node id="node-Bip001_L_Clavicle" name="Bip001_L_Clavicle">
                    <matrix sid="matrix">-0.4971326 -0.4539831 0.7394313 -5.606842 -0.1372818 -0.8003107 -0.5836577 3.656132 0.8567457 -0.3916658 0.3355369 2.098553 0 0 0 1</matrix>
                    <node id="node-Bip001_L_UpperArm" name="Bip001_L_UpperArm">
                      <matrix sid="matrix">0.6860914 0.2500353 0.6831993 17.26101 0.3183446 0.7412272 -0.5909644 3.8147e-6 -0.6541679 0.6229481 0.4289523 -7.62939e-6 0 0 0 1</matrix>
                      <node id="node-Bip001_L_Forearm" name="Bip001_L_Forearm">
                        <matrix sid="matrix">0.9625066 0.2712581 0 23.56343 -0.2712581 0.9625068 1.39698e-8 1.90735e-6 1.49012e-8 0 1 3.8147e-6 0 0 0 1</matrix>
                        <node id="node-Bip001_L_Hand" name="Bip001_L_Hand">
                          <matrix sid="matrix">0.9862224 -0.128854 0.1037385 25.02209 -0.01079682 0.5756314 0.8176381 0 -0.1650711 -0.807493 0.5663095 3.8147e-6 0 0 0 1</matrix>
                          <node id="node-Bip001_L_Finger0" name="Bip001_L_Finger0">
                            <matrix>0.7051091 0.5090384 0.4936612 1.496597 0.5510457 0.04480316 -0.8332715 0.5334358 -0.4462848 0.8595771 -0.2489123 -2.579731 0 0 0 1</matrix>
                            <node id="node-Bip001_L_Finger01" name="Bip001_L_Finger01">
                              <matrix sid="matrix">0.9781499 -0.2079012 0 4.089424 0.2079011 0.9781499 1.49012e-8 -7.62939e-6 -4.47035e-8 2.98023e-8 1 -2.86102e-6 0 0 0 1</matrix>
                              <node id="node-Bip001_L_Finger02" name="Bip001_L_Finger02">
                                <matrix sid="matrix">0.9115804 -0.4111216 0 4.089424 0.4111215 0.9115804 3.72529e-8 3.8147e-6 -1.49012e-8 -5.96046e-8 0.9999999 9.53674e-7 0 0 0 1</matrix>
                              </node>
                            </node>
                          </node>
                          <node id="node-Bip001_L_Finger1" name="Bip001_L_Finger1">
                            <matrix sid="matrix">0.960338 -0.2693584 0.07209158 10.48988 0.2737626 0.9599064 -0.06028271 0.4773483 -0.05296348 0.07762781 0.9955747 -3.495114 0 0 0 1</matrix>
                            <node id="node-Bip001_L_Finger11" name="Bip001_L_Finger11">
                              <matrix sid="matrix">0.954066 -0.2995966 -1.49012e-8 3.652702 0.2995965 0.954066 2.70084e-8 -3.8147e-6 0 -1.19209e-7 1 0 0 0 0 1</matrix>
                              <node id="node-Bip001_L_Finger12" name="Bip001_L_Finger12">
                                <matrix sid="matrix">0.9747836 -0.223152 -2.98023e-8 3.018188 0.223152 0.9747837 -5.21541e-8 1.90735e-6 -1.49012e-8 2.98023e-8 1 -1.90735e-6 0 0 0 1</matrix>
                              </node>
                            </node>
                          </node>
                          <node id="node-Bip001_L_Finger2" name="Bip001_L_Finger2">
                            <matrix sid="matrix">0.9028363 -0.4284187 -0.03666328 10.47829 0.4297602 0.9018335 0.04475126 0.2322311 0.01389189 -0.05615953 0.9983252 -0.7914381 0 0 0 1</matrix>
                            <node id="node-Bip001_L_Finger21" name="Bip001_L_Finger21">
                              <matrix sid="matrix">0.9577913 -0.2874642 0 4.072136 0.2874643 0.9577913 -4.47035e-8 -9.53674e-7 0 2.98023e-8 1 0 0 0 0 1</matrix>
                              <node id="node-Bip001_L_Finger22" name="Bip001_L_Finger22">
                                <matrix sid="matrix">0.9620117 -0.2730078 0 3.591621 0.2730078 0.9620119 -3.72529e-8 0 -7.45058e-9 -1.49012e-8 1 9.53674e-7 0 0 0 1</matrix>
                              </node>
                            </node>
                          </node>
                          <node id="node-Bip001_L_Finger3" name="Bip001_L_Finger3">
                            <matrix sid="matrix">0.7781103 -0.5962415 -0.1975865 10.11523 0.6192771 0.7808234 0.08252936 0.5977249 0.1050727 -0.1865777 0.9768052 1.599369 0 0 0 1</matrix>
                            <node id="node-Bip001_L_Finger31" name="Bip001_L_Finger31">
                              <matrix sid="matrix">0.8913192 -0.4533761 -1.39698e-8 3.93663 0.4533762 0.8913192 -1.21072e-8 1.90735e-6 -6.89179e-8 -8.10251e-8 0.9999999 0 0 0 0 1</matrix>
                              <node id="node-Bip001_L_Finger32" name="Bip001_L_Finger32">
                                <matrix sid="matrix">0.800018 -0.599976 1.02445e-8 3.74371 0.599976 0.8000181 4.65661e-9 0 6.02449e-8 1.49012e-8 1 0 0 0 0 1</matrix>
                              </node>
                            </node>
                          </node>
                          <node id="node-Bip001_L_Finger4" name="Bip001_L_Finger4">
                            <matrix sid="matrix">0.6883655 -0.6103452 -0.3919591 9.522522 0.686878 0.7221559 0.08179098 1.343494 0.2331348 -0.3255301 0.9163398 3.93852 0 0 0 1</matrix>
                            <node id="node-Bip001_L_Finger41" name="Bip001_L_Finger41">
                              <matrix sid="matrix">0.6522292 -0.7580219 1.49012e-8 3.039909 0.7580218 0.6522291 7.45058e-9 0 -1.11759e-8 -2.98023e-8 1 0 0 0 0 1</matrix>
                              <node id="node-Bip001_L_Finger42" name="Bip001_L_Finger42">
                                <matrix sid="matrix">0.7012734 -0.7128924 3.35276e-8 3.010345 0.7128925 0.7012734 0 0 2.23517e-8 -2.98023e-8 1 0 0 0 0 1</matrix>
                              </node>
                            </node>
                          </node>
                        </node>
                      </node>
                      <node id="node-Bip001_L_ForeTwist" name="Bip001_L_ForeTwist">
                        <matrix sid="matrix">0.9625066 0.2681536 -0.04092205 23.56343 -0.2712581 0.951491 -0.1452039 1.90735e-6 1.49012e-8 0.1508601 0.9885551 3.8147e-6 0 0 0 1</matrix>
                        <node id="node-Bip001_L_ForeTwist1" name="Bip001_L_ForeTwist1">
                          <matrix sid="matrix">0.9999999 -4.47035e-8 2.98023e-8 8.340698 1.49012e-8 0.9885551 -0.1508601 0 0 0.1508601 0.988555 3.8147e-6 0 0 0 1</matrix>
                          <node id="node-Bip001_L_ForeTwist2" name="Bip001_L_ForeTwist2">
                            <matrix sid="matrix">1 1.49012e-8 2.98023e-8 8.340706 0 0.9885551 -0.1508601 1.90735e-6 0 0.1508601 0.9885553 0 0 0 0 1</matrix>
                          </node>
                        </node>
                      </node>
                    </node>
                    <node id="node-Bip001_LUpArmTwist" name="Bip001_LUpArmTwist">
                      <matrix sid="matrix">0.6860914 0.2297975 0.6902695 17.26101 0.3183446 0.7583172 -0.5688689 3.8147e-6 -0.6541679 0.6100392 0.4471201 -7.62939e-6 0 0 0 1</matrix>
                      <node id="node-Bip001_LUpArmTwist1" name="Bip001_LUpArmTwist1">
                        <matrix sid="matrix">1 1.86265e-9 1.49012e-8 11.78172 -3.72529e-9 0.9998916 -0.01473323 0 -1.49012e-8 0.01473323 0.9998916 0 0 0 0 1</matrix>
                      </node>
                    </node>
                  </node>
                  <node id="node-Bip001_R_Clavicle" name="Bip001_R_Clavicle">
                    <matrix sid="matrix">-0.4309352 -0.4107754 -0.8034666 -5.849854 -0.1791771 -0.8337036 0.5223349 3.690776 -0.8844154 0.3690554 0.2856708 -1.168556 0 0 0 1</matrix>
                    <node id="node-Bip001_R_UpperArm" name="Bip001_R_UpperArm">
                      <matrix sid="matrix">0.6953897 0.4262027 -0.5786057 17.26101 0.2027049 0.6561229 0.7269205 3.8147e-6 0.6894521 -0.6227791 0.3698679 0 0 0 0 1</matrix>
                      <node id="node-Bip001_R_Forearm" name="Bip001_R_Forearm">
                        <matrix sid="matrix">0.9247333 0.3806157 0 23.56344 -0.3806156 0.9247334 -2.32831e-8 0 -8.9407e-8 3.72529e-8 1 0 0 0 0 1</matrix>
                        <node id="node-Bip001_R_Hand" name="Bip001_R_Hand">
                          <matrix sid="matrix">0.9862225 -0.1592038 -0.04493506 25.02209 -0.01079676 0.2091085 -0.9778327 1.90735e-6 0.165071 0.964846 0.2045086 0 0 0 0 1</matrix>
                          <node id="node-Bip001_R_Finger0" name="Bip001_R_Finger0">
                            <matrix>0.705109 0.5090383 -0.493661 1.496597 0.5510455 0.04480319 0.8332713 0.5334396 0.4462847 -0.8595771 -0.2489123 2.579732 0 0 0 1</matrix>
                            <node id="node-Bip001_R_Finger01" name="Bip001_R_Finger01">
                              <matrix>0.9781499 -0.2079012 -2.23517e-8 4.089424 0.2079012 0.9781498 -1.49012e-8 0 1.49012e-8 0 1 -9.53674e-7 0 0 0 1</matrix>
                              <node id="node-Bip001_R_Finger02" name="Bip001_R_Finger02">
                                <matrix sid="matrix">0.8171331 -0.5764491 -7.45058e-9 4.089424 0.5764492 0.8171331 -5.21541e-8 0 1.49012e-8 3.2247e-8 1 2.86102e-6 0 0 0 1</matrix>
                              </node>
                            </node>
                          </node>
                          <node id="node-Bip001_R_Finger1" name="Bip001_R_Finger1">
                            <matrix sid="matrix">0.9603379 -0.2693584 -0.07209155 10.48989 0.2737626 0.9599063 0.06028259 0.4773483 0.05296344 -0.07762771 0.9955747 3.495115 0 0 0 1</matrix>
                            <node id="node-Bip001_R_Finger11" name="Bip001_R_Finger11">
                              <matrix sid="matrix">0.8799866 -0.4749983 0 3.652702 0.4749983 0.8799867 3.07336e-8 -1.90735e-6 2.98023e-8 5.96046e-8 0.9999999 1.90735e-6 0 0 0 1</matrix>
                              <node id="node-Bip001_R_Finger12" name="Bip001_R_Finger12">
                                <matrix sid="matrix">0.914818 -0.4038662 0 3.018188 0.4038663 0.914818 2.98023e-8 0 -5.96046e-8 -5.96046e-8 0.9999999 0 0 0 0 1</matrix>
                              </node>
                            </node>
                          </node>
                          <node id="node-Bip001_R_Finger2" name="Bip001_R_Finger2">
                            <matrix sid="matrix">0.9028363 -0.4284186 0.03666334 10.47829 0.4297601 0.9018334 -0.04475135 0.2322311 -0.01389188 0.0561596 0.9983251 0.7914391 0 0 0 1</matrix>
                            <node id="node-Bip001_R_Finger21" name="Bip001_R_Finger21">
                              <matrix sid="matrix">0.885944 -0.4637919 -2.98023e-8 4.072144 0.463792 0.8859441 1.11759e-8 -9.53674e-7 -1.49012e-8 4.47035e-8 0.9999999 9.53674e-7 0 0 0 1</matrix>
                              <node id="node-Bip001_R_Finger22" name="Bip001_R_Finger22">
                                <matrix sid="matrix">0.8928282 -0.4503976 -1.49012e-8 3.591614 0.4503976 0.8928282 -1.49012e-8 -1.90735e-6 -1.49012e-8 -7.45058e-8 1 -1.90735e-6 0 0 0 1</matrix>
                              </node>
                            </node>
                          </node>
                          <node id="node-Bip001_R_Finger3" name="Bip001_R_Finger3">
                            <matrix sid="matrix">0.7781102 -0.5962414 0.1975865 10.11523 0.6192771 0.7808233 -0.08252937 0.5977249 -0.1050727 0.1865778 0.9768052 -1.599368 0 0 0 1</matrix>
                            <node id="node-Bip001_R_Finger31" name="Bip001_R_Finger31">
                              <matrix sid="matrix">0.7892303 -0.6140975 0 3.936623 0.6140975 0.7892303 -1.49012e-8 -1.90735e-6 2.98023e-8 0 1 -9.53674e-7 0 0 0 1</matrix>
                              <node id="node-Bip001_R_Finger32" name="Bip001_R_Finger32">
                                <matrix sid="matrix">0.6717975 -0.7407348 -7.45058e-9 3.743702 0.7407348 0.6717975 1.49012e-8 7.62939e-6 -2.98023e-8 2.23517e-8 1 9.53674e-7 0 0 0 1</matrix>
                              </node>
                            </node>
                          </node>
                          <node id="node-Bip001_R_Finger4" name="Bip001_R_Finger4">
                            <matrix sid="matrix">0.6883653 -0.6103451 0.3919592 9.522522 0.6868778 0.7221557 -0.081791 1.343494 -0.2331348 0.3255301 0.9163398 -3.938522 0 0 0 1</matrix>
                            <node id="node-Bip001_R_Finger41" name="Bip001_R_Finger41">
                              <matrix sid="matrix">0.496732 -0.8679041 0 3.039902 0.8679041 0.496732 5.58794e-9 1.90735e-6 3.28291e-8 7.45058e-9 1 0 0 0 0 1</matrix>
                              <node id="node-Bip001_R_Finger42" name="Bip001_R_Finger42">
                                <matrix sid="matrix">0.5534409 -0.8328884 5.33182e-8 3.010345 0.8328885 0.5534408 0 7.62939e-6 -2.6077e-8 7.45058e-9 1 0 0 0 0 1</matrix>
                              </node>
                            </node>
                          </node>
                        </node>
                      </node>
                      <node id="node-Bip001_R_ForeTwist" name="Bip001_R_ForeTwist">
                        <matrix sid="matrix">0.9247333 0.3801102 0.01960951 23.56344 -0.3806156 0.9235052 0.04764263 0 -8.9407e-8 -0.0515204 0.998672 0 0 0 0 1</matrix>
                        <node id="node-Bip001_R_ForeTwist1" name="Bip001_R_ForeTwist1">
                          <matrix sid="matrix">0.9999998 -2.98023e-8 -2.98023e-8 8.340691 -2.98023e-8 0.9986718 0.05152039 1.90735e-6 -2.98023e-8 -0.05152045 0.9986719 0 0 0 0 1</matrix>
                          <node id="node-Bip001_R_ForeTwist2" name="Bip001_R_ForeTwist2">
                            <matrix sid="matrix">1 -2.98023e-8 -2.98023e-8 8.340698 -2.98023e-8 0.9986719 0.05152047 0 -2.98023e-8 -0.05152041 0.9986719 3.8147e-6 0 0 0 1</matrix>
                          </node>
                        </node>
                      </node>
                    </node>
                    <node id="node-Bip001_RUpArmTwist" name="Bip001_RUpArmTwist">
                      <matrix sid="matrix">0.6953897 0.3037162 -0.6512985 17.26101 0.2027049 0.7866021 0.583239 3.8147e-6 0.6894521 -0.5375996 0.4854304 0 0 0 0 1</matrix>
                      <node id="node-Bip001_RUpArmTwist1" name="Bip001_RUpArmTwist1">
                        <matrix sid="matrix">0.9999999 -1.21072e-8 8.9407e-8 11.78172 7.45058e-9 0.9950774 0.09910011 9.53674e-7 -2.98023e-8 -0.09910008 0.9950773 -3.8147e-6 0 0 0 1</matrix>
                      </node>
                    </node>
                  </node>
                </node>
              </node>
            </node>
            <node id="node-Bip001_L_Thigh" name="Bip001_L_Thigh">
              <matrix sid="matrix">-0.9747858 0.07647183 -0.2096304 -15.38271 -9.96165e-4 0.937943 0.3467878 -0.3680534 0.2231409 0.3382527 -0.9142173 11.01557 0 0 0 1</matrix>
              <node id="node-Bip001_L_Calf" name="Bip001_L_Calf">
                <matrix sid="matrix">0.9222521 0.3865884 0 38.83283 -0.3865885 0.9222524 -1.92667e-8 0 -7.45058e-8 1.08033e-7 0.9999999 0 0 0 0 1</matrix>
                <node id="node-Bip001_L_Foot" name="Bip001_L_Foot">
                  <matrix sid="matrix">0.9187039 -0.3633503 -0.1547897 37.30409 0.3793659 0.9208595 0.08999562 4.76837e-6 0.1098396 -0.1414013 0.9838399 1.90735e-6 0 0 0 1</matrix>
                  <node id="node-Bip001_L_Toe0" name="Bip001_L_Toe0">
                    <matrix>-0.1256364 -0.9914951 -0.03395707 8.488065 0.9918475 -0.1247986 -0.02576546 12.70343 0.0213086 -0.03691732 0.999091 -0.2012463 0 0 0 1</matrix>
                  </node>
                </node>
              </node>
            </node>
            <node id="node-Bip001_R_Thigh" name="Bip001_R_Thigh">
              <matrix sid="matrix">-0.985152 0.1520668 0.07969499 -18.35437 0.1482675 0.9875985 -0.05163258 0.9966731 -0.08655824 -0.03904976 -0.9954814 -6.951814 0 0 0 1</matrix>
              <node id="node-Bip001_R_Calf" name="Bip001_R_Calf">
                <matrix sid="matrix">0.8864422 0.4628398 0 38.83284 -0.4628397 0.8864421 1.86265e-9 -1.90735e-6 -7.45058e-8 -2.23517e-8 1 -3.8147e-6 0 0 0 1</matrix>
                <node id="node-Bip001_R_Foot" name="Bip001_R_Foot">
                  <matrix sid="matrix">0.9189197 -0.339932 0.2000819 37.30408 0.3401082 0.9397502 0.03458085 0 -0.1997821 0.03627246 0.9791687 1.90735e-6 0 0 0 1</matrix>
                  <node id="node-Bip001_R_Toe0" name="Bip001_R_Toe0">
                    <matrix>-0.1256363 -0.9914951 0.033957 8.488065 0.9918476 -0.1247985 0.02576544 12.70344 -0.02130852 0.03691724 0.9990911 0.2012539 0 0 0 1</matrix>
                  </node>
                </node>
              </node>
            </node>
          </node>
        </node>
      </node>
      <node id="node-Bounds" name="Bounds">
        <matrix>0.9999915 0.001706907 0.003750479 -2.726762 -0.001711356 0.9999978 0.001183292 -1.145347 -0.003748452 -0.0011897 0.9999923 -0.008934736 0 0 0 1</matrix>
        <instance_geometry url="#geom-Bounds">
          <bind_material>
            <technique_common>
              <instance_material symbol="ShapeBounds" target="#ShapeBounds-material"/>
            </technique_common>
          </bind_material>
        </instance_geometry>
      </node>
    </visual_scene>
  </library_visual_scenes>
  <library_animations>
    <animation>
      <source id="node-Bip001_matrix-input">
        <float_array id="node-Bip001_matrix-input-array" count="121">11 11.03333 11.06667 11.1 11.13333 11.16667 11.2 11.23333 11.26667 11.3 11.33333 11.36667 11.4 11.43333 11.46667 11.5 11.53333 11.56667 11.6 11.63333 11.66667 11.7 11.73333 11.76667 11.8 11.83333 11.86667 11.9 11.93333 11.96667 12 12.03333 12.06667 12.1 12.13333 12.16667 12.2 12.23333 12.26667 12.3 12.33333 12.36667 12.4 12.43333 12.46667 12.5 12.53333 12.56667 12.6 12.63333 12.66667 12.7 12.73333 12.76667 12.8 12.83333 12.86667 12.9 12.93333 12.96667 13 13.03333 13.06667 13.1 13.13333 13.16667 13.2 13.23333 13.26667 13.3 13.33333 13.36667 13.4 13.43333 13.46667 13.5 13.53333 13.56667 13.6 13.63333 13.66667 13.7 13.73333 13.76667 13.8 13.83333 13.86667 13.9 13.93333 13.96667 14 14.03333 14.06667 14.1 14.13333 14.16667 14.2 14.23333 14.26667 14.3 14.33333 14.36667 14.4 14.43333 14.46667 14.5 14.53333 14.56667 14.6 14.63333 14.66667 14.7 14.73333 14.76667 14.8 14.83333 14.86667 14.9 14.93333 14.96667 15</float_array>
        <technique_common>
          <accessor source="#node-Bip001_matrix-input-array" count="121" stride="1">
            <param name="TIME" type="float"/>
          </accessor>
        </technique_common>
      </source>
      <source id="node-Bip001_matrix-output">
