<?xml version="1.0" encoding="utf-8"?>
<COLLADA xmlns="http://www.collada.org/2005/11/COLLADASchema" version="1.4.1">
  <asset>
    <contributor>
      <author>Jesse Oliger</author>
      <authoring_tool>OpenCOLLADA for 3ds Max;  Version: 1.3.0;  Revision: 839M;  Platform: x64;  Configuration: Release_Max2012</authoring_tool>
      <source_data>file:///C:/Users/Jesse%20Oliger/Documents/3dsMax/scenes/Zombies/Animations/Zombie_TP_Animation_Master_16.max</source_data>
    </contributor>
    <created>2011-10-11T14:54:03</created>
    <modified>2011-10-11T14:54:03</modified>
    <unit name="centimeter" meter="0.01"/>
    <up_axis>Z_UP</up_axis>
  </asset>
  <library_effects>
    <effect id="ShapeBounds">
      <profile_COMMON>
        <technique sid="common">
          <blinn>
            <emission>
              <color>0 0 0 1</color>
            </emission>
            <ambient>
              <color>0.1647059 1 0 1</color>
            </ambient>
            <diffuse>
              <color>0.1647059 1 0 1</color>
            </diffuse>
            <specular>
              <color>0.9 0.9 0.9 1</color>
            </specular>
            <shininess>
              <float>10</float>
            </shininess>
            <reflective>
              <color>0 0 0 1</color>
            </reflective>
            <transparent opaque="A_ONE">
              <color>1 1 1 1</color>
            </transparent>
            <transparency>
              <float>1</float>
            </transparency>
          </blinn>
        </technique>
      </profile_COMMON>
      <extra>
        <technique profile="OpenCOLLADA3dsMax">
          <extended_shader>
            <apply_reflection_dimming>0</apply_reflection_dimming>
            <dim_level>0</dim_level>
            <falloff_type>0</falloff_type>
            <index_of_refraction>1.5</index_of_refraction>
            <opacity_type>0</opacity_type>
            <reflection_level>3</reflection_level>
            <wire_size>1</wire_size>
            <wire_units>0</wire_units>
          </extended_shader>
          <shader>
            <ambient_diffuse_lock>1</ambient_diffuse_lock>
            <ambient_diffuse_texture_lock>1</ambient_diffuse_texture_lock>
            <diffuse_specular_lock>0</diffuse_specular_lock>
            <soften>0.1</soften>
            <use_self_illum_color>0</use_self_illum_color>
          </shader>
        </technique>
      </extra>
    </effect>
  </library_effects>
  <library_materials>
    <material id="ShapeBounds-material" name="ShapeBounds">
      <instance_effect url="#ShapeBounds"/>
    </material>
  </library_materials>
  <library_geometries>
    <geometry id="geom-Bounds" name="Bounds">
      <mesh>
        <source id="geom-Bounds-positions">
          <float_array id="geom-Bounds-positions-array" count="24">-42.5 -42.5 0 42.5 -42.5 0 -42.5 42.5 0 42.5 42.5 0 -42.5 -42.5 184 42.5 -42.5 184 -42.5 42.5 184 42.5 42.5 184</float_array>
          <technique_common>
            <accessor source="#geom-Bounds-positions-array" count="8" stride="3">
              <param name="X" type="float"/>
              <param name="Y" type="float"/>
              <param name="Z" type="float"/>
            </accessor>
          </technique_common>
        </source>
        <source id="geom-Bounds-normals">
          <float_array id="geom-Bounds-normals-array" count="72">0 0 -1 0 0 -1 0 0 -1 0 0 -1 0 0 1 0 0 1 0 0 1 0 0 1 0 -1 0 0 -1 0 0 -1 0 0 -1 0 1 0 0 1 0 0 1 0 0 1 0 0 0 1 0 0 1 0 0 1 0 0 1 0 -1 0 0 -1 0 0 -1 0 0 -1 0 0</float_array>
          <technique_common>
            <accessor source="#geom-Bounds-normals-array" count="24" stride="3">
              <param name="X" type="float"/>
              <param name="Y" type="float"/>
              <param name="Z" type="float"/>
            </accessor>
          </technique_common>
        </source>
        <source id="geom-Bounds-map1">
          <float_array id="geom-Bounds-map1-array" count="36">0 0 0 1 0 0 0 1 0 1 1 0 0 0 0 1 0 0 0 1 0 1 1 0 0 0 0 1 0 0 0 1 0 1 1 0</float_array>
          <technique_common>
            <accessor source="#geom-Bounds-map1-array" count="12" stride="3">
              <param name="S" type="float"/>
              <param name="T" type="float"/>
              <param name="P" type="float"/>
            </accessor>
          </technique_common>
        </source>
        <vertices id="geom-Bounds-vertices">
          <input semantic="POSITION" source="#geom-Bounds-positions"/>
        </vertices>
        <triangles material="ShapeBounds" count="12">
          <input semantic="VERTEX" source="#geom-Bounds-vertices" offset="0"/>
          <input semantic="NORMAL" source="#geom-Bounds-normals" offset="1"/>
          <input semantic="TEXCOORD" source="#geom-Bounds-map1" offset="2" set="0"/>
          <p>0 0 9 2 1 11 3 2 10 3 2 10 1 3 8 0 0 9 4 4 8 5 5 9 7 6 11 7 6 11 6 7 10 4 4 8 0 8 4 1 9 5 5 10 7 5 10 7 4 11 6 0 8 4 1 12 0 3 13 1 7 14 3 7 14 3 5 15 2 1 12 0 3 16 4 2 17 5 6 18 7 6 18 7 7 19 6 3 16 4 2 20 0 0 21 1 4 22 3 4 22 3 6 23 2 2 20 0</p>
        </triangles>
      </mesh>
      <extra>
        <technique profile="OpenCOLLADA3dsMax">
          <max_box>
            <generateuvs>1</generateuvs>
            <height>184</height>
            <heightsegments>1</heightsegments>
            <length>85</length>
            <lengthsegments>1</lengthsegments>
            <width>85</width>
            <widthsegments>1</widthsegments>
          </max_box>
        </technique>
      </extra>
    </geometry>
  </library_geometries>
  <library_lights>
    <light id="EnvironmentAmbientLight" name="EnvironmentAmbientLight">
      <technique_common>
        <ambient>
          <color>0 0 0</color>
        </ambient>
      </technique_common>
    </light>
  </library_lights>
  <library_visual_scenes>
    <visual_scene id="MaxScene">
      <node name="EnvironmentAmbientLight">
        <instance_light url="#EnvironmentAmbientLight"/>
      </node>
      <node id="node-Bip001" name="Bip001">
        <matrix sid="matrix">5.36442e-7 -1 5.96046e-7 -5.354 0.9060273 7.15256e-7 0.4232194 0 -0.4232194 2.98023e-7 0.9060272 71.41848 0 0 0 1</matrix>
        <node id="node-Bip001_Pelvis" name="Bip001_Pelvis">
          <matrix sid="matrix">0.1891387 0.9303665 -0.3140778 0 0.1244495 0.2945601 0.9474949 0 0.9740323 -0.2182947 -0.06007089 0 0 0 0 1</matrix>
          <node id="node-Bip001_Spine" name="Bip001_Spine">
            <matrix sid="matrix">0.9991542 -0.03554535 -0.02067308 16.79284 0.04106632 0.8882226 0.4575742 -2.097279 0.00209764 -0.4580361 0.8889312 -1.551689 0 0 0 1</matrix>
            <node id="node-Bip001_Spine1" name="Bip001_Spine1">
              <matrix sid="matrix">0.9734442 -0.1292222 0.1889652 13.27888 0.1151282 0.98981 0.08379592 -0.0104599 -0.1978679 -0.05981541 0.9784019 6.36101e-4 0 0 0 1</matrix>
              <node id="node-Bip001_Spine2" name="Bip001_Spine2">
                <matrix sid="matrix">0.9465045 0.2763845 0.1665567 13.2746 -0.2707201 0.9610125 -0.05626405 -0.01016235 -0.1756135 0.008164044 0.9844254 -8.4877e-5 0 0 0 1</matrix>
                <node id="node-Bip001_Neck" name="Bip001_Neck">
                  <matrix>0.9823308 -0.1871085 -0.004064482 18.05083 0.1866858 0.9811825 -0.04928705 -1.344576 0.01321001 0.04765743 0.9987764 -1.44958e-4 0 0 0 1</matrix>
                  <node id="node-Bip001_Neck1" name="Bip001_Neck1">
                    <matrix>0.9010756 0.4210299 0.1039076 3.788635 -0.4180722 0.9070457 -0.0498394 -0.002723694 -0.1152328 0.001468115 0.9933376 -3.8147e-6 0 0 0 1</matrix>
                    <node id="node-Bip001_Head" name="Bip001_Head">
                      <matrix sid="matrix">0.6934236 0.6809627 0.2354861 3.889854 -0.6632145 0.7309538 -0.1607893 1.155754 -0.281621 -0.04468265 0.9584847 7.62939e-6 0 0 0 1</matrix>
                      <node id="node-Bip001_Jaw" name="Bip001_Jaw">
                        <matrix>-0.4729834 -0.850263 0.2309527 3.121643 0.8770576 -0.4793569 0.03141007 0.05282593 0.08400197 0.2174155 0.9724578 0.3037453 0 0 0 1</matrix>
                        <node id="node-Bip001_Tongue1" name="Bip001_Tongue1">
                          <matrix>0.9397147 0.3314822 0.08400047 3.477501 -0.3419272 0.914229 0.2174192 -0.5770264 -0.004725039 -0.2330341 0.9724571 -0.4837265 0 0 0 1</matrix>
                          <node id="node-Bip001_Tongue2" name="Bip001_Tongue2">
                            <matrix sid="matrix">0.9924966 -0.1222733 -3.27826e-7 2.059158 0.1222733 0.9924966 -2.98023e-8 -0.001617432 3.05474e-7 -5.96046e-8 1 7.62939e-6 0 0 0 1</matrix>
                            <node id="node-Bip001_Tongue3" name="Bip001_Tongue3">
                              <matrix sid="matrix">0.8577466 -0.2957576 0.4204741 2.029297 0.3581 0.9305901 -0.07593811 -0.00201416 -0.3688297 0.2157074 0.9041212 -4.69208e-4 0 0 0 1</matrix>
                              <node id="node-Bip001_Tongue4" name="Bip001_Tongue4">
                                <matrix sid="matrix">0.5005684 -0.8611869 -0.0882535 2.713955 0.8360241 0.4544298 0.3075018 -8.8501e-4 -0.2247116 -0.2277077 0.9474461 4.42505e-4 0 0 0 1</matrix>
                              </node>
                            </node>
                          </node>
                        </node>
                      </node>
                    </node>
                  </node>
                  <node id="node-Bip001_L_Clavicle" name="Bip001_L_Clavicle">
                    <matrix sid="matrix">0.01102779 -0.1760411 0.9843212 -6.545647 0.3336455 -0.9273198 -0.1695845 1.917736 0.9426342 0.3302844 0.04850905 1.635376 0 0 0 1</matrix>
                    <node id="node-Bip001_L_UpperArm" name="Bip001_L_UpperArm">
                      <matrix sid="matrix">0.7927429 0.598787 0.1140735 17.26101 -0.5112747 0.5512811 0.6593082 -5.72205e-6 0.3318985 -0.580985 0.7431689 7.62939e-6 0 0 0 1</matrix>
                      <node id="node-Bip001_L_Forearm" name="Bip001_L_Forearm">
                        <matrix sid="matrix">0.8586039 0.5126395 1.11759e-8 23.56343 -0.5126395 0.8586038 0 0 -1.04308e-7 -2.98023e-8 1 -7.62939e-6 0 0 0 1</matrix>
                        <node id="node-Bip001_L_Hand" name="Bip001_L_Hand">
                          <matrix sid="matrix">0.5345721 0.8425775 -0.06554098 25.02209 0.5552595 -0.2917002 0.7788438 7.62939e-6 0.637118 -0.4527405 -0.6237839 0 0 0 0 1</matrix>
                          <node id="node-Bip001_L_Finger0" name="Bip001_L_Finger0">
                            <matrix sid="matrix">0.4948294 0.7151521 0.4936612 1.49662 0.5045098 0.2261162 -0.8332715 0.5334473 -0.7075407 0.6613842 -0.2489123 -2.579727 0 0 0 1</matrix>
                            <node id="node-Bip001_L_Finger01" name="Bip001_L_Finger01">
                              <matrix sid="matrix">0.991459 0.1304191 5.96046e-8 4.089432 -0.1304191 0.991459 0 0 8.9407e-8 -7.45058e-9 1 3.8147e-6 0 0 0 1</matrix>
                              <node id="node-Bip001_L_Finger02" name="Bip001_L_Finger02">
                                <matrix sid="matrix">0.9965188 -0.08336745 -2.98023e-8 4.089432 0.08336744 0.9965188 -2.98023e-8 3.8147e-6 2.98023e-8 5.96046e-8 1 -1.52588e-5 0 0 0 1</matrix>
                              </node>
                            </node>
                          </node>
                          <node id="node-Bip001_L_Finger1" name="Bip001_L_Finger1">
                            <matrix sid="matrix">0.995176 0.06654067 0.07209161 10.48989 -0.0622448 0.9962388 -0.06028272 0.4773445 -0.07583165 0.05550458 0.9955747 -3.495117 0 0 0 1</matrix>
                            <node id="node-Bip001_L_Finger11" name="Bip001_L_Finger11">
                              <matrix sid="matrix">0.9993171 0.03694834 -2.98023e-8 3.652725 -0.0369484 0.9993172 1.49012e-8 2.28882e-5 0 0 1 7.62939e-6 0 0 0 1</matrix>
                              <node id="node-Bip001_L_Finger12" name="Bip001_L_Finger12">
                                <matrix sid="matrix">0.9886411 0.1502953 2.98023e-8 3.018173 -0.1502954 0.9886412 1.49012e-8 -7.62939e-6 2.98023e-8 7.45058e-9 1 -7.62939e-6 0 0 0 1</matrix>
                              </node>
                            </node>
                          </node>
                          <node id="node-Bip001_L_Finger2" name="Bip001_L_Finger2">
                            <matrix sid="matrix">0.9940479 -0.1025902 -0.03666323 10.47828 0.1041894 0.9935502 0.04475126 0.2322235 0.03183576 -0.04830484 0.9983253 -0.7914429 0 0 0 1</matrix>
                            <node id="node-Bip001_L_Finger21" name="Bip001_L_Finger21">
                              <matrix sid="matrix">0.9987676 0.04962837 0 4.072159 -0.04962844 0.9987677 0 9.53674e-6 0 -1.49012e-8 1 0 0 0 0 1</matrix>
                              <node id="node-Bip001_L_Finger22" name="Bip001_L_Finger22">
                                <matrix sid="matrix">0.9950644 0.09923166 2.98023e-8 3.591629 -0.09923164 0.9950644 -2.98023e-8 -1.33514e-5 0 2.23517e-8 0.9999999 -7.62939e-6 0 0 0 1</matrix>
                              </node>
                            </node>
                          </node>
                          <node id="node-Bip001_L_Finger3" name="Bip001_L_Finger3">
                            <matrix sid="matrix">0.9327763 -0.3014756 -0.1975865 10.11524 0.3222752 0.9430419 0.08252933 0.5977211 0.1614517 -0.1406587 0.9768052 1.599365 0 0 0 1</matrix>
                            <node id="node-Bip001_L_Finger31" name="Bip001_L_Finger31">
                              <matrix sid="matrix">0.9916496 -0.1289627 -1.49012e-8 3.93663 0.1289626 0.9916495 1.49012e-8 0 0 0 1 0 0 0 0 1</matrix>
                              <node id="node-Bip001_L_Finger32" name="Bip001_L_Finger32">
                                <matrix sid="matrix">0.9644195 -0.2643769 0 3.743706 0.2643769 0.9644195 1.49012e-8 5.72205e-6 0 0 1 0 0 0 0 1</matrix>
                              </node>
                            </node>
                          </node>
                          <node id="node-Bip001_L_Finger4" name="Bip001_L_Finger4">
                            <matrix sid="matrix">0.8529255 -0.3447992 -0.3919591 9.52253 0.4056117 0.9103787 0.08179098 1.343498 0.3286298 -0.2287448 0.9163398 3.938522 0 0 0 1</matrix>
                            <node id="node-Bip001_L_Finger41" name="Bip001_L_Finger41">
                              <matrix sid="matrix">0.8682919 -0.4960538 -7.45058e-9 3.039902 0.4960539 0.8682917 1.49012e-8 0 1.67638e-8 0 1 7.62939e-6 0 0 0 1</matrix>
                              <node id="node-Bip001_L_Finger42" name="Bip001_L_Finger42">
                                <matrix sid="matrix">0.9140241 -0.4056597 0 3.010345 0.4056597 0.9140242 2.98023e-8 0 -1.49012e-8 -2.98023e-8 1 0 0 0 0 1</matrix>
                              </node>
                            </node>
                          </node>
                        </node>
                      </node>
                      <node id="node-Bip001_L_ForeTwist" name="Bip001_L_ForeTwist">
                        <matrix sid="matrix">0.8586039 0.5053512 0.08613529 23.56343 -0.5126395 0.8463972 0.1442653 0 -1.04308e-7 -0.1680231 0.985783 -7.62939e-6 0 0 0 1</matrix>
                        <node id="node-Bip001_L_ForeTwist1" name="Bip001_L_ForeTwist1">
                          <matrix sid="matrix">0.9999999 0 -7.45058e-9 8.340698 -7.45058e-9 0.985783 0.1680231 3.8147e-6 0 -0.1680231 0.985783 7.62939e-6 0 0 0 1</matrix>
                          <node id="node-Bip001_L_ForeTwist2" name="Bip001_L_ForeTwist2">
                            <matrix sid="matrix">1 0 7.45058e-9 8.340698 7.45058e-9 0.9857832 0.1680232 3.8147e-6 0 -0.1680231 0.9857832 0 0 0 0 1</matrix>
                          </node>
                        </node>
                      </node>
                    </node>
                    <node id="node-Bip001_LUpArmTwist" name="Bip001_LUpArmTwist">
                      <matrix sid="matrix">0.7927429 0.6005164 0.1045877 17.26101 -0.5112747 0.561641 0.6505056 -5.72205e-6 0.3318985 -0.569157 0.7522658 7.62939e-6 0 0 0 1</matrix>
                      <node id="node-Bip001_LUpArmTwist1" name="Bip001_LUpArmTwist1">
                        <matrix sid="matrix">1 -1.76951e-8 1.49012e-8 11.78172 -4.00469e-8 0.9999686 0.007909179 0 -3.72529e-9 -0.007909209 0.9999687 0 0 0 0 1</matrix>
                      </node>
                    </node>
                  </node>
                  <node id="node-Bip001_R_Clavicle" name="Bip001_R_Clavicle">
                    <matrix>0.3977393 -0.1859464 -0.8984585 -6.588928 0.08010125 -0.9684714 0.2358964 1.761604 -0.9139953 -0.1657928 -0.3703045 -1.636932 0 0 0 1</matrix>
                    <node id="node-Bip001_R_UpperArm" name="Bip001_R_UpperArm">
                      <matrix sid="matrix">0.6855366 0.4537403 -0.5693504 17.26101 -0.711925 0.2541741 -0.6546437 0 -0.1523241 0.8541168 0.4972746 -7.62939e-6 0 0 0 1</matrix>
                      <node id="node-Bip001_R_Forearm" name="Bip001_R_Forearm">
                        <matrix sid="matrix">0.7135128 0.7006423 0 23.56344 -0.7006425 0.7135127 0 0 -1.19209e-7 8.9407e-8 0.9999999 7.62939e-6 0 0 0 1</matrix>
                        <node id="node-Bip001_R_Hand" name="Bip001_R_Hand">
                          <matrix sid="matrix">0.8366303 0.5459674 -0.04437319 25.02209 -0.148189 0.1476052 -0.9778817 -7.62939e-6 -0.5273418 0.8247011 0.2043974 -1.52588e-5 0 0 0 1</matrix>
                          <node id="node-Bip001_R_Finger0" name="Bip001_R_Finger0">
                            <matrix sid="matrix">0.7051091 0.5090384 -0.4936611 1.496597 0.5510457 0.04480319 0.8332714 0.5334396 0.4462848 -0.8595771 -0.2489124 2.579737 0 0 0 1</matrix>
                            <node id="node-Bip001_R_Finger01" name="Bip001_R_Finger01">
                              <matrix sid="matrix">0.9781498 -0.2079011 -2.98023e-8 4.089417 0.2079013 0.9781498 -1.49012e-8 0 5.96046e-8 1.49012e-8 0.9999999 7.62939e-6 0 0 0 1</matrix>
                              <node id="node-Bip001_R_Finger02" name="Bip001_R_Finger02">
                                <matrix sid="matrix">0.9115804 -0.4111216 0 4.089409 0.4111216 0.9115804 7.45058e-9 0 2.98023e-8 3.72529e-9 0.9999999 -1.52588e-5 0 0 0 1</matrix>
                              </node>
                            </node>
                          </node>
                          <node id="node-Bip001_R_Finger1" name="Bip001_R_Finger1">
                            <matrix sid="matrix">0.960338 -0.2693584 -0.07209157 10.48988 0.2737626 0.9599065 0.0602827 0.4773445 0.05296347 -0.07762773 0.9955748 3.495117 0 0 0 1</matrix>
                            <node id="node-Bip001_R_Finger11" name="Bip001_R_Finger11">
                              <matrix sid="matrix">0.954066 -0.2995965 0 3.652725 0.2995965 0.954066 0 0 -3.72529e-9 7.45058e-9 1 -1.90735e-6 0 0 0 1</matrix>
                              <node id="node-Bip001_R_Finger12" name="Bip001_R_Finger12">
                                <matrix sid="matrix">0.9747835 -0.223152 0 3.018181 0.2231519 0.9747837 -7.45058e-9 0 5.58794e-9 7.45058e-9 1 3.8147e-6 0 0 0 1</matrix>
                              </node>
                            </node>
                          </node>
                          <node id="node-Bip001_R_Finger2" name="Bip001_R_Finger2">
                            <matrix sid="matrix">0.9028363 -0.4284187 0.03666328 10.47829 0.4297602 0.9018335 -0.04475126 0.2322273 -0.0138919 0.05615951 0.9983253 0.7914486 0 0 0 1</matrix>
                            <node id="node-Bip001_R_Finger21" name="Bip001_R_Finger21">
                              <matrix sid="matrix">0.9577913 -0.2874643 0 4.072144 0.2874642 0.9577914 -1.49012e-8 0 1.86265e-8 -4.47035e-8 1 3.8147e-6 0 0 0 1</matrix>
                              <node id="node-Bip001_R_Finger22" name="Bip001_R_Finger22">
                                <matrix sid="matrix">0.9620117 -0.2730077 -3.72529e-9 3.591599 0.2730078 0.9620116 -1.49012e-8 7.62939e-6 2.79397e-9 0 0.9999999 -3.8147e-6 0 0 0 1</matrix>
                              </node>
                            </node>
                          </node>
                          <node id="node-Bip001_R_Finger3" name="Bip001_R_Finger3">
                            <matrix sid="matrix">0.7781103 -0.5962415 0.1975865 10.11523 0.6192772 0.7808233 -0.08252934 0.5977287 -0.1050728 0.1865777 0.9768053 -1.599363 0 0 0 1</matrix>
                            <node id="node-Bip001_R_Finger31" name="Bip001_R_Finger31">
                              <matrix sid="matrix">0.8913193 -0.4533762 7.45058e-9 3.936607 0.4533762 0.8913193 0 1.52588e-5 7.45058e-9 0 1 -3.8147e-6 0 0 0 1</matrix>
                              <node id="node-Bip001_R_Finger32" name="Bip001_R_Finger32">
                                <matrix sid="matrix">0.8000181 -0.5999761 7.45058e-9 3.743713 0.5999761 0.8000181 2.98023e-8 0 -5.96046e-8 -2.98023e-8 1 3.8147e-6 0 0 0 1</matrix>
                              </node>
                            </node>
                          </node>
                          <node id="node-Bip001_R_Finger4" name="Bip001_R_Finger4">
                            <matrix sid="matrix">0.6883655 -0.6103452 0.3919591 9.522522 0.686878 0.7221558 -0.08179095 1.343494 -0.2331348 0.3255301 0.9163398 -3.938515 0 0 0 1</matrix>
                            <node id="node-Bip001_R_Finger41" name="Bip001_R_Finger41">
                              <matrix sid="matrix">0.6522291 -0.7580219 7.45058e-9 3.039894 0.758022 0.6522292 -2.98023e-8 -1.52588e-5 -2.98023e-8 2.98023e-8 1 1.14441e-5 0 0 0 1</matrix>
                              <node id="node-Bip001_R_Finger42" name="Bip001_R_Finger42">
                                <matrix sid="matrix">0.7012734 -0.7128923 0 3.010349 0.7128923 0.7012734 0 0 0 -2.6077e-8 1 -7.62939e-6 0 0 0 1</matrix>
                              </node>
                            </node>
                          </node>
                        </node>
                      </node>
                      <node id="node-Bip001_R_ForeTwist" name="Bip001_R_ForeTwist">
                        <matrix sid="matrix">0.7135128 0.699713 0.03607661 23.56344 -0.7006425 0.7125662 0.03673926 0 -1.19209e-7 -0.05149058 0.9986734 7.62939e-6 0 0 0 1</matrix>
                        <node id="node-Bip001_R_ForeTwist1" name="Bip001_R_ForeTwist1">
                          <matrix sid="matrix">0.9999999 1.49012e-8 0 8.340698 0 0.9986734 0.05149066 0 2.98023e-8 -0.05149069 0.9986734 0 0 0 0 1</matrix>
                          <node id="node-Bip001_R_ForeTwist2" name="Bip001_R_ForeTwist2">
                            <matrix sid="matrix">0.9999999 -1.49012e-8 -2.98023e-8 8.340698 -7.45058e-9 0.9986734 0.05149071 0 2.98023e-8 -0.05149069 0.9986736 0 0 0 0 1</matrix>
                          </node>
                        </node>
                      </node>
                    </node>
                    <node id="node-Bip001_RUpArmTwist" name="Bip001_RUpArmTwist">
                      <matrix sid="matrix">0.6855366 0.6896917 -0.233164 17.26101 -0.711925 0.5680477 -0.4128979 0 -0.1523241 0.4490519 0.880426 -7.62939e-6 0 0 0 1</matrix>
                      <node id="node-Bip001_RUpArmTwist1" name="Bip001_RUpArmTwist1">
                        <matrix sid="matrix">1 5.02914e-8 1.11759e-8 11.78172 -6.60948e-8 0.9593921 -0.2820759 -1.90735e-6 0 0.2820759 0.9593921 1.52588e-5 0 0 0 1</matrix>
                      </node>
                    </node>
                  </node>
                </node>
              </node>
            </node>
            <node id="node-Bip001_L_Thigh" name="Bip001_L_Thigh">
              <matrix sid="matrix">-0.8633256 0.5046446 0.001616675 -16.67012 0.4860024 0.8305618 0.2719721 -2.433411 0.1359065 0.2355862 -0.9623037 10.80324 0 0 0 1</matrix>
              <node id="node-Bip001_L_Calf" name="Bip001_L_Calf">
                <matrix sid="matrix">0.521613 0.8531824 -7.45058e-9 38.83284 -0.8531823 0.5216131 1.67638e-8 -9.53674e-7 -3.1665e-8 -3.35276e-8 1 0 0 0 0 1</matrix>
                <node id="node-Bip001_L_Foot" name="Bip001_L_Foot">
                  <matrix sid="matrix">0.9758766 0.1134458 0.1865347 37.30409 -0.1097521 0.9935048 -0.03004566 3.8147e-6 -0.1887317 0.008848313 0.9819888 0 0 0 0 1</matrix>
                  <node id="node-Bip001_L_Toe0" name="Bip001_L_Toe0">
                    <matrix sid="matrix">-0.738081 -0.6746895 -0.005528438 8.48806 0.6743436 -0.7373823 -0.03909248 12.70344 0.02229871 -0.03258148 0.9992203 -0.2012498 0 0 0 1</matrix>
                  </node>
                </node>
              </node>
            </node>
            <node id="node-Bip001_R_Thigh" name="Bip001_R_Thigh">
              <matrix sid="matrix">-0.13587 0.9907188 -0.003939472 -16.7084 0.9860851 0.1356168 0.09614602 5.931461 0.09578791 0.009178713 -0.9953594 -5.43091 0 0 0 1</matrix>
              <node id="node-Bip001_R_Calf" name="Bip001_R_Calf">
                <matrix sid="matrix">-0.4632823 0.8862108 7.45058e-9 38.83284 -0.8862107 -0.4632823 0 -3.8147e-6 -7.45058e-9 1.49012e-8 1 0 0 0 0 1</matrix>
                <node id="node-Bip001_R_Foot" name="Bip001_R_Foot">
                  <matrix sid="matrix">0.9790061 -0.1998411 0.04013777 37.30409 0.1960942 0.9771417 0.08210556 -1.90735e-6 -0.05562835 -0.07251108 0.995815 1.90735e-6 0 0 0 1</matrix>
                  <node id="node-Bip001_R_Toe0" name="Bip001_R_Toe0">
                    <matrix sid="matrix">-0.1256369 -0.991495 0.03395626 8.488066 0.9918475 -0.1247992 0.02576535 12.70344 -0.02130851 0.03691652 0.9990912 0.2012501 0 0 0 1</matrix>
                  </node>
                </node>
              </node>
            </node>
          </node>
        </node>
      </node>
      <node id="node-Bounds" name="Bounds">
        <matrix sid="matrix">0.9999915 0.001706907 0.003750479 -5.354 -0.001711356 0.9999978 0.001183292 0 -0.003748452 -0.0011897 0.9999923 -0.008934736 0 0 0 1</matrix>
        <instance_geometry url="#geom-Bounds">
          <bind_material>
            <technique_common>
              <instance_material symbol="ShapeBounds" target="#ShapeBounds-material"/>
            </technique_common>
          </bind_material>
        </instance_geometry>
      </node>
    </visual_scene>
  </library_visual_scenes>
  <library_animations>
    <animation>
      <source id="node-Bip001_matrix-input">
        <float_array id="node-Bip001_matrix-input-array" count="21">26.33333 26.36667 26.4 26.43333 26.46667 26.5 26.53333 26.56667 26.6 26.63333 26.66667 26.7 26.73333 26.76667 26.8 26.83333 26.86667 26.9 26.93333 26.96667 27</float_array>
        <technique_common>
          <accessor source="#node-Bip001_matrix-input-array" count="21" stride="1">
            <param name="TIME" type="float"/>
          </accessor>
        </technique_common>
      </source>
      <source id="node-Bip001_matrix-output">
        <float_array id="node-Bip001_matrix-output-array" count="336">5.36442e-7 -1 5.96046e-7 -5.354 0.9060273 7.15256e-7 0.4232194 0 -0.4232194 2.98023e-7 0.9060272 71.41848 0 0 0 1 5.96046e-7 -1 4.76837e-7 -4.798728 0.9060914 7.15256e-7 0.4230819 20.67621 -0.4230819 2.23517e-7 0.9060915 72.0831 0 0 0 1 4.17232e-7 -1 3.42727e-7 -3.388555 0.9056066 5.36442e-7 0.4241186 40.82727 -0.4241186 1.19209e-7 0.9056066 73.65257 0 0 0 1 4.76837e-7 -1 3.27826e-7 -1.485368 0.9035608 5.36442e-7 0.4284598 60.6442 -0.4284598 1.19209e-7 0.9035608 75.51885 0 0 0 1 2.38419e-7 -1 2.08616e-7 0.5634495 0.8988597 2.98023e-7 0.4382365 80.30847 -0.4382365 0 0.8988597 77.08831 0 0 0 1 2.98023e-7 -1 0 2.408448 0.8901696 2.98023e-7 0.4556293 100 -0.4556293 0 0.8901696 77.75299 0 0 0 1 2.98023e-7 -1 0 3.764904 0.876487 2.98023e-7 0.4814257 119.8631 -0.4814257 0 0.8764869 76.95709 0 0 0 1 2.98023e-7 -1 0 4.66042 0.8596706 2.98023e-7 0.510849 139.8659 -0.510849 0 0.8596705 75.07778 0 0 0 1 3.57628e-7 -1 1.19209e-7 5.1922 0.8427781 3.57628e-7 0.5382611 159.9362 -0.5382611 -1.19209e-7 0.8427782 72.84343 0 0 0 1 3.57628e-7 -1 1.19209e-7 5.44912 0.8295136 3.57628e-7 0.5584865 180.0045 -0.5584865 -1.19209e-7 0.8295136 70.96532 0 0 0 1 5.96046e-7 -1 1.78814e-7 5.516033 0.8241103 5.96046e-7 0.5664293 200 -0.5664293 -1.78814e-7 0.8241103 70.17165 0 0 0 1 2.38419e-7 -1 0 5.529002 0.8296659 2.38419e-7 0.5582603 219.8789 -0.5582603 0 0.8296658 70.96707 0 0 0 1 4.17232e-7 -1 1.19209e-7 5.460721 0.8432711 4.17232e-7 0.5374885 239.7164 -0.5374885 -1.19209e-7 0.8432711 72.84545 0 0 0 1 4.17232e-7 -1 1.19209e-7 5.153257 0.8605286 4.17232e-7 0.5094021 259.614 -0.5094021 -1.19209e-7 0.8605286 75.07909 0 0 0 1 3.57628e-7 -1 0 4.446354 0.8776043 3.57628e-7 0.4793856 279.6729 -0.4793856 0 0.8776044 76.95743 0 0 0 1 2.98023e-7 -1 0 3.169812 0.8913505 2.98023e-7 0.4533147 300 -0.4533147 0 0.8913506 77.753 0 0 0 1 2.98023e-7 -1 2.23517e-7 1.245001 0.8998765 3.57628e-7 0.4361449 320.6288 -0.4361449 0 0.8998765 77.08863 0 0 0 1 4.17232e-7 -1 3.27826e-7 -0.9925268 0.9042802 5.36442e-7 0.4269394 341.286 -0.4269394 1.19209e-7 0.9042802 75.51963 0 0 0 1 4.17232e-7 -1 3.27826e-7 -3.120055 0.905995 5.36442e-7 0.4232884 361.6306 -0.4232884 1.19209e-7 0.905995 73.65364 0 0 0 1 4.17232e-7 -1 4.76837e-7 -4.718866 0.9062069 5.96046e-7 0.4228348 381.3213 -0.4228348 2.23517e-7 0.9062068 72.08393 0 0 0 1 5.36442e-7 -1 5.96046e-7 -5.354082 0.9060273 7.15256e-7 0.4232194 400 -0.4232194 2.98023e-7 0.9060272 71.418 0 0 0 1</float_array>
        <technique_common>
          <accessor source="#node-Bip001_matrix-output-array" count="21" stride="16">
            <param name="TRANSFORM" type="float4x4"/>
          </accessor>
        </technique_common>
      </source>
      <source id="node-Bip001_matrix-interpolation">
        <Name_array id="node-Bip001_matrix-interpolation-array" count="21">LINEAR LINEAR LINEAR LINEAR LINEAR LINEAR LINEAR LINEAR LINEAR LINEAR LINEAR LINEAR LINEAR LINEAR LINEAR LINEAR LINEAR LINEAR LINEAR LINEAR LINEAR</Name_array>
        <technique_common>
          <accessor source="#node-Bip001_matrix-interpolation-array" count="21" stride="1">
            <param name="INTERPOLATION" type="name"/>
          </accessor>
        </technique_common>
      </source>
      <source id="node-Bip001_Pelvis_matrix-input">
        <float_array id="node-Bip001_Pelvis_matrix-input-array" count="21">26.33333 26.36667 26.4 26.43333 26.46667 26.5 26.53333 26.56667 26.6 26.63333 26.66667 26.7 26.73333 26.76667 26.8 26.83333 26.86667 26.9 26.93333 26.96667 27</float_array>
        <technique_common>
          <accessor source="#node-Bip001_Pelvis_matrix-input-array" count="21" stride="1">
            <param name="TIME" type="float"/>
          </accessor>
        </technique_common>
      </source>
      <source id="node-Bip001_Pelvis_matrix-output">
        <float_array id="node-Bip001_Pelvis_matrix-output-array" count="336">0.1891386 0.9303665 -0.3140777 0 0.1244494 0.2945601 0.9474949 0 0.9740324 -0.2182947 -0.06007087 0 0 0 0 1 0.2080348 0.9352677 -0.2863494 0 0.1393905 0.2614186 0.9551076 0 0.9681384 -0.23861 -0.07598328 0 0 0 0 1 0.2458181 0.9417543 -0.2295048 0 0.1669162 0.1921067 0.9670751 0 0.9548364 -0.2760326 -0.1099708 0 0 0 0 1 0.2718307 0.9460929 -0.1761147 0 0.1823933 0.1290388 0.9747213 0 0.9449025 -0.2970812 -0.1374843 0 0 0 0 1 0.2701709 0.9532151 -0.1356047 0 0.1554868 0.09579795 0.9831819 0 0.9501746 -0.2867119 -0.1223305 0 0 0 0 1 0.2518427 0.9628869 -0.09707802 0 0.09513509 0.07519322 0.9926204 0 0.9630808 -0.2592196 -0.07266747 0 0 0 0 1 0.2228359 0.9731453 -0.05772811 0 0.03420269 0.05137616 0.9980936 0 0.9742558 -0.2243855 -0.02183574 0 0 0 0 1 0.1915868 0.9814317 -0.009304702 0 0.00611329 0.008286833 0.999947 0 0.9814568 -0.1916335 -0.004412114 0 0 0 0 1 0.1764742 0.9823993 0.06122326 0 0.05881345 -0.07261252 0.9956246 0 0.9825466 -0.1721013 -0.07059252 0 0 0 0 1 0.1896089 0.9731022 0.130846 0 0.1537845 -0.1610514 0.9748911 0 0.9697416 -0.164726 -0.1801848 0 0 0 0 1 0.2046632 0.9655194 0.1608888 0 0.2035011 -0.2027477 0.9578521 0 0.9574446 -0.1632961 -0.2379792 0 0 0 0 1 0.1910071 0.9651178 0.1790644 0 0.1130177 -0.2028329 0.9726694 0 0.9750607 -0.1655493 -0.147818 0 0 0 0 1 0.1641458 0.966795 0.1958662 0 -0.05585747 -0.1891311 0.9803618 0 0.9848533 -0.1718629 0.02295762 0 0 0 0 1 0.1606283 0.9733525 0.1636572 0 -0.1485304 -0.1400846 0.9789357 0 0.9757753 -0.1815527 0.1220709 0 0 0 0 1 0.1827679 0.9794821 0.08491647 0 -0.1342111 -0.06070625 0.9890915 0 0.9739523 -0.1921709 0.1203623 0 0 0 0 1 0.2027565 0.9792212 -0.003991663 0 -0.0945205 0.02362829 0.9952425 0 0.9746568 -0.2014146 0.09734725 0 0 0 0 1 0.2137716 0.9722185 -0.09535586 0 -0.03980708 0.1062006 0.9935476 0 0.9760722 -0.2085964 0.06140387 0 0 0 0 1 0.2135925 0.9601227 -0.1803957 0 0.01909774 0.180518 0.9833862 0 0.9767362 -0.2134891 0.02022111 0 0 0 0 1 0.2048903 0.9462342 -0.2503214 0 0.07192552 0.2405 0.9679806 0 0.9761387 -0.2163344 -0.01878219 0 0 0 0 1 0.1941117 0.9348574 -0.2972583 0 0.1097248 0.2804294 0.9535826 0 0.9748237 -0.217718 -0.04814237 0 0 0 0 1 0.1891387 0.9303666 -0.3140775 0 0.1244494 0.2945599 0.947495 0 0.9740323 -0.2182947 -0.06007093 0 0 0 0 1</float_array>
        <technique_common>
          <accessor source="#node-Bip001_Pelvis_matrix-output-array" count="21" stride="16">
            <param name="TRANSFORM" type="float4x4"/>
          </accessor>
        </technique_common>
      </source>
      <source id="node-Bip001_Pelvis_matrix-interpolation">
        <Name_array id="node-Bip001_Pelvis_matrix-interpolation-array" count="21">LINEAR LINEAR LINEAR LINEAR LINEAR LINEAR LINEAR LINEAR LINEAR LINEAR LINEAR LINEAR LINEAR LINEAR LINEAR LINEAR LINEAR LINEAR LINEAR LINEAR LINEAR</Name_array>
        <technique_common>
          <accessor source="#node-Bip001_Pelvis_matrix-interpolation-array" count="21" stride="1">
            <param name="INTERPOLATION" type="name"/>
          </accessor>
        </technique_common>
      </source>
      <source id="node-Bip001_Spine_matrix-input">
        <float_array id="node-Bip001_Spine_matrix-input-array" count="21">26.33333 26.36667 26.4 26.43333 26.46667 26.5 26.53333 26.56667 26.6 26.63333 26.66667 26.7 26.73333 26.76667 26.8 26.83333 26.86667 26.9 26.93333 26.96667 27</float_array>
        <technique_common>
          <accessor source="#node-Bip001_Spine_matrix-input-array" count="21" stride="1">
            <param name="TIME" type="float"/>
          </accessor>
        </technique_common>
      </source>
      <source id="node-Bip001_Spine_matrix-output">
        <float_array id="node-Bip001_Spine_matrix-output-array" count="336">0.9991542 -0.03554534 -0.02067303 16.79284 0.04106628 0.8882226 0.4575743 -2.097279 0.002097606 -0.4580361 0.8889312 -1.551689 0 0 0 1 0.9998529 -0.01692479 -0.002817273 16.72556 0.0165345 0.9066142 0.4216369 -2.432465 -0.004581868 -0.4216214 0.9067605 -1.773323 0 0 0 1 0.9992509 0.02399581 0.03036463 16.56532 -0.0328775 0.940244 0.3389108 -3.054314 -0.02041774 -0.3396552 0.9403284 -2.250857 0 0 0 1 0.9969692 0.06022393 0.04924821 16.44179 -0.0705502 0.9666787 0.2460797 -3.402962 -0.0327872 -0.2488083 0.9679977 -2.624988 0 0 0 1 0.9969367 0.07472866 0.02308672 16.52791 -0.07754033 0.9829626 0.1666501 -3.215553 -0.01023983 -0.1679297 0.9857458 -2.299879 0 0 0 1 0.9967818 0.0728864 -0.03336709 16.71455 -0.06968712 0.9936205 0.0886684 -2.734245 0.03961694 -0.08605778 0.9955022 -1.394798 0 0 0 1 0.9959857 0.06032371 -0.06613171 16.85364 -0.06040775 0.9981735 7.28911e-4 -2.127724 0.06605488 0.003268837 0.9978106 -0.4686174 0 0 0 1 0.9980885 0.0483601 -0.03847759 16.92168 -0.05217021 0.9930911 -0.1051124 -1.559696 0.03312849 0.1069189 0.9937158 -0.09174728 0 0 0 1 0.995159 0.06373441 0.07480913 16.91393 -0.04424589 0.97025 -0.238028 -1.227592 -0.08775413 0.2335658 0.9683731 -1.090429 0 0 0 1 0.9706925 0.1154008 0.2108055 16.7195 -0.03276312 0.9325216 -0.3596249 -1.118523 -0.2380818 0.3421785 0.9089725 -2.824383 0 0 0 1 0.9501888 0.1503997 0.2729857 16.53717 -0.02567976 0.9106671 -0.412342 -1.107208 -0.3106153 0.3847925 0.8691679 -3.750141 0 0 0 1 0.9791461 0.09826904 0.1778086 16.81204 -0.02001416 0.9176298 -0.3969319 -1.146027 -0.2021686 0.3850957 0.9004605 -2.194599 0 0 0 1 0.9998556 6.45518e-4 -0.01697832 16.93233 -0.006459474 0.9386869 -0.3447106 -1.250107 0.01571476 0.3447706 0.9385555 0.7218437 0 0 0 1 0.9855484 -0.05457991 -0.1603608 16.77342 0.01400727 0.9696862 -0.2439516 -1.402969 0.1688145 0.2381799 0.9564371 2.343071 0 0 0 1 0.9769744 -0.06218028 -0.2040945 16.78081 0.04097688 0.9934656 -0.1065217 -1.572159 0.2093844 0.0957058 0.9731385 2.180058 0 0 0 1 0.9761107 -0.05219054 -0.2109124 16.82704 0.0611217 0.9974792 0.03604614 -1.728897 0.2084994 -0.04807639 0.9768401 1.639355 0 0 0 1 0.9828634 -0.03509753 -0.1809635 16.86975 0.0666002 0.9830049 0.1710723 -1.862244 0.1718837 -0.1801929 0.9684971 0.8757296 0 0 0 1 0.9909421 -0.02720904 -0.1315037 16.88065 0.06442975 0.9555194 0.2878047 -1.965469 0.1178235 -0.2936706 0.9486176 0.03422164 0 0 0 1 0.99648 -0.02821332 -0.07894086 16.8555 0.05614721 0.9238713 0.3785621 -2.037216 0.06225067 -0.3816619 0.9222034 -0.7446518 0 0 0 1 0.9987425 -0.03306287 -0.03768658 16.81476 0.04622822 0.8982364 0.4370747 -2.079849 0.01940053 -0.4382672 0.8986353 -1.321274 0 0 0 1 0.9991542 -0.03554528 -0.02067303 16.79285 0.04106628 0.8882227 0.457574 -2.097259 0.002097606 -0.4580359 0.8889312 -1.551697 0 0 0 1</float_array>
        <technique_common>
          <accessor source="#node-Bip001_Spine_matrix-output-array" count="21" stride="16">
            <param name="TRANSFORM" type="float4x4"/>
          </accessor>
        </technique_common>
      </source>
      <source id="node-Bip001_Spine_matrix-interpolation">
        <Name_array id="node-Bip001_Spine_matrix-interpolation-array" count="21">LINEAR LINEAR LINEAR LINEAR LINEAR LINEAR LINEAR LINEAR LINEAR LINEAR LINEAR LINEAR LINEAR LINEAR LINEAR LINEAR LINEAR LINEAR LINEAR LINEAR LINEAR</Name_array>
        <technique_common>
          <accessor source="#node-Bip001_Spine_matrix-interpolation-array" count="21" stride="1">
            <param name="INTERPOLATION" type="name"/>
          </accessor>
        </technique_common>
      </source>
      <source id="node-Bip001_Spine1_matrix-input">
        <float_array id="node-Bip001_Spine1_matrix-input-array" count="21">26.33333 26.36667 26.4 26.43333 26.46667 26.5 26.53333 26.56667 26.6 26.63333 26.66667 26.7 26.73333 26.76667 26.8 26.83333 26.86667 26.9 26.93333 26.96667 27</float_array>
        <technique_common>
          <accessor source="#node-Bip001_Spine1_matrix-input-array" count="21" stride="1">
            <param name="TIME" type="float"/>
          </accessor>
        </technique_common>
      </source>
      <source id="node-Bip001_Spine1_matrix-output">
