<?xml version="1.0" encoding="utf-8"?>
<COLLADA xmlns="http://www.collada.org/2005/11/COLLADASchema" version="1.4.1">
  <asset>
    <contributor>
      <author>Jesse Oliger</author>
      <authoring_tool>OpenCOLLADA for 3ds Max;  Version: 1.3.0;  Revision: 839M;  Platform: x64;  Configuration: Release_Max2012</authoring_tool>
      <source_data>file:///C:/Users/Jesse%20Oliger/Documents/3dsMax/scenes/Zombies/Animations/Zombie_TP_Animation_Master_16.max</source_data>
    </contributor>
    <created>2011-10-11T14:53:59</created>
    <modified>2011-10-11T14:53:59</modified>
    <unit name="centimeter" meter="0.01"/>
    <up_axis>Z_UP</up_axis>
  </asset>
  <library_effects>
    <effect id="ShapeBounds">
      <profile_COMMON>
        <technique sid="common">
          <blinn>
            <emission>
              <color>0 0 0 1</color>
            </emission>
            <ambient>
              <color>0.1647059 1 0 1</color>
            </ambient>
            <diffuse>
              <color>0.1647059 1 0 1</color>
            </diffuse>
            <specular>
              <color>0.9 0.9 0.9 1</color>
            </specular>
            <shininess>
              <float>10</float>
            </shininess>
            <reflective>
              <color>0 0 0 1</color>
            </reflective>
            <transparent opaque="A_ONE">
              <color>1 1 1 1</color>
            </transparent>
            <transparency>
              <float>1</float>
            </transparency>
          </blinn>
        </technique>
      </profile_COMMON>
      <extra>
        <technique profile="OpenCOLLADA3dsMax">
          <extended_shader>
            <apply_reflection_dimming>0</apply_reflection_dimming>
            <dim_level>0</dim_level>
            <falloff_type>0</falloff_type>
            <index_of_refraction>1.5</index_of_refraction>
            <opacity_type>0</opacity_type>
            <reflection_level>3</reflection_level>
            <wire_size>1</wire_size>
            <wire_units>0</wire_units>
          </extended_shader>
          <shader>
            <ambient_diffuse_lock>1</ambient_diffuse_lock>
            <ambient_diffuse_texture_lock>1</ambient_diffuse_texture_lock>
            <diffuse_specular_lock>0</diffuse_specular_lock>
            <soften>0.1</soften>
            <use_self_illum_color>0</use_self_illum_color>
          </shader>
        </technique>
      </extra>
    </effect>
  </library_effects>
  <library_materials>
    <material id="ShapeBounds-material" name="ShapeBounds">
      <instance_effect url="#ShapeBounds"/>
    </material>
  </library_materials>
  <library_geometries>
    <geometry id="geom-Bounds" name="Bounds">
      <mesh>
        <source id="geom-Bounds-positions">
          <float_array id="geom-Bounds-positions-array" count="24">-42.5 -42.5 0 42.5 -42.5 0 -42.5 42.5 0 42.5 42.5 0 -42.5 -42.5 184 42.5 -42.5 184 -42.5 42.5 184 42.5 42.5 184</float_array>
          <technique_common>
            <accessor source="#geom-Bounds-positions-array" count="8" stride="3">
              <param name="X" type="float"/>
              <param name="Y" type="float"/>
              <param name="Z" type="float"/>
            </accessor>
          </technique_common>
        </source>
        <source id="geom-Bounds-normals">
          <float_array id="geom-Bounds-normals-array" count="72">0 0 -1 0 0 -1 0 0 -1 0 0 -1 0 0 1 0 0 1 0 0 1 0 0 1 0 -1 0 0 -1 0 0 -1 0 0 -1 0 1 0 0 1 0 0 1 0 0 1 0 0 0 1 0 0 1 0 0 1 0 0 1 0 -1 0 0 -1 0 0 -1 0 0 -1 0 0</float_array>
          <technique_common>
            <accessor source="#geom-Bounds-normals-array" count="24" stride="3">
              <param name="X" type="float"/>
              <param name="Y" type="float"/>
              <param name="Z" type="float"/>
            </accessor>
          </technique_common>
        </source>
        <source id="geom-Bounds-map1">
          <float_array id="geom-Bounds-map1-array" count="36">0 0 0 1 0 0 0 1 0 1 1 0 0 0 0 1 0 0 0 1 0 1 1 0 0 0 0 1 0 0 0 1 0 1 1 0</float_array>
          <technique_common>
            <accessor source="#geom-Bounds-map1-array" count="12" stride="3">
              <param name="S" type="float"/>
              <param name="T" type="float"/>
              <param name="P" type="float"/>
            </accessor>
          </technique_common>
        </source>
        <vertices id="geom-Bounds-vertices">
          <input semantic="POSITION" source="#geom-Bounds-positions"/>
        </vertices>
        <triangles material="ShapeBounds" count="12">
          <input semantic="VERTEX" source="#geom-Bounds-vertices" offset="0"/>
          <input semantic="NORMAL" source="#geom-Bounds-normals" offset="1"/>
          <input semantic="TEXCOORD" source="#geom-Bounds-map1" offset="2" set="0"/>
          <p>0 0 9 2 1 11 3 2 10 3 2 10 1 3 8 0 0 9 4 4 8 5 5 9 7 6 11 7 6 11 6 7 10 4 4 8 0 8 4 1 9 5 5 10 7 5 10 7 4 11 6 0 8 4 1 12 0 3 13 1 7 14 3 7 14 3 5 15 2 1 12 0 3 16 4 2 17 5 6 18 7 6 18 7 7 19 6 3 16 4 2 20 0 0 21 1 4 22 3 4 22 3 6 23 2 2 20 0</p>
        </triangles>
      </mesh>
      <extra>
        <technique profile="OpenCOLLADA3dsMax">
          <max_box>
            <generateuvs>1</generateuvs>
            <height>184</height>
            <heightsegments>1</heightsegments>
            <length>85</length>
            <lengthsegments>1</lengthsegments>
            <width>85</width>
            <widthsegments>1</widthsegments>
          </max_box>
        </technique>
      </extra>
    </geometry>
  </library_geometries>
  <library_lights>
    <light id="EnvironmentAmbientLight" name="EnvironmentAmbientLight">
      <technique_common>
        <ambient>
          <color>0 0 0</color>
        </ambient>
      </technique_common>
    </light>
  </library_lights>
  <library_visual_scenes>
    <visual_scene id="MaxScene">
      <node name="EnvironmentAmbientLight">
        <instance_light url="#EnvironmentAmbientLight"/>
      </node>
      <node id="node-Bip001" name="Bip001">
        <matrix sid="matrix">0 -1 1.42109e-14 5.366391 1 0 3.13807e-7 -9.603625 -3.13807e-7 0 1 82.08784 0 0 0 1</matrix>
        <node id="node-Bip001_Pelvis" name="Bip001_Pelvis">
          <matrix>-0.09997933 0.9949695 -0.006313413 0 0.1153339 0.01789127 0.9931657 0 0.9882825 0.09856789 -0.1165424 0 0 0 0 1</matrix>
          <node id="node-Bip001_Spine" name="Bip001_Spine">
            <matrix sid="matrix">0.9987717 -0.0494999 -0.002166368 16.5359 0.04948993 0.9987648 -0.004432463 3.369609 0.002383091 0.004319807 0.9999878 -1.98115 0 0 0 1</matrix>
            <node id="node-Bip001_Spine1" name="Bip001_Spine1">
              <matrix sid="matrix">0.976337 -0.1871566 0.108345 13.2795 0.1906984 0.9813743 -0.02321558 -0.01037645 -0.101982 0.04332743 0.9938424 -4.55856e-4 0 0 0 1</matrix>
              <node id="node-Bip001_Spine2" name="Bip001_Spine2">
                <matrix sid="matrix">0.9828931 -0.09823726 0.1557906 13.27856 0.1008197 0.9948664 -0.008742915 -0.01051712 -0.1541319 0.02430012 0.9877514 -2.56538e-4 0 0 0 1</matrix>
                <node id="node-Bip001_Neck" name="Bip001_Neck">
                  <matrix sid="matrix">0.8724885 -0.4820434 -0.07998852 18.05172 0.4800378 0.8761474 -0.04392552 -1.344257 0.09125571 -7.30008e-5 0.9958275 -1.90735e-6 0 0 0 1</matrix>
                  <node id="node-Bip001_Neck1" name="Bip001_Neck1">
                    <matrix sid="matrix">0.9791821 0.160851 -0.1238126 3.789421 -0.1617545 0.9868271 0.00278585 -0.002975464 0.1226297 0.01729939 0.9923018 -5.19753e-5 0 0 0 1</matrix>
                    <node id="node-Bip001_Head" name="Bip001_Head">
                      <matrix sid="matrix">0.7055489 0.6808593 -0.1965492 3.889854 -0.6638053 0.7320698 0.1530891 1.155754 0.2481199 0.02245858 0.968469 2.86102e-6 0 0 0 1</matrix>
                      <node id="node-Bip001_Jaw" name="Bip001_Jaw">
                        <matrix sid="matrix">-0.5933987 -0.7710633 0.2309533 3.120972 0.7966225 -0.6036607 0.03140976 0.05389404 0.1151985 0.2026211 0.9724578 0.303875 0 0 0 1</matrix>
                        <node id="node-Bip001_Tongue1" name="Bip001_Tongue1">
                          <matrix sid="matrix">0.8788934 0.4628991 0.1151976 3.352837 -0.4769945 0.8552305 0.2026252 -1.084335 -0.004725473 -0.2330346 0.9724571 -0.4837265 0 0 0 1</matrix>
                          <node id="node-Bip001_Tongue2" name="Bip001_Tongue2">
                            <matrix sid="matrix">0.8968381 -0.4423588 -1.22609e-6 2.059667 0.4423589 0.8968382 -2.68221e-7 -0.001434326 1.2368e-6 -2.83122e-7 0.9999999 3.8147e-6 0 0 0 1</matrix>
                            <node id="node-Bip001_Tongue3" name="Bip001_Tongue3">
                              <matrix sid="matrix">0.6936795 -0.7097927 -0.1224879 2.030186 0.7028894 0.7042144 -0.1001417 -0.001541138 0.1573376 -0.01662914 0.9874049 3.43323e-5 0 0 0 1</matrix>
                              <node id="node-Bip001_Tongue4" name="Bip001_Tongue4">
                                <matrix sid="matrix">0.9602271 -0.2475599 -0.1291427 2.712769 0.2497814 0.9683016 0.001039379 -0.001907349 0.1247918 -0.03325548 0.9916255 6.67572e-5 0 0 0 1</matrix>
                              </node>
                            </node>
                          </node>
                        </node>
                      </node>
                    </node>
                  </node>
                  <node id="node-Bip001_L_Clavicle" name="Bip001_L_Clavicle">
                    <matrix sid="matrix">-0.323359 -0.4892134 0.8100057 -5.502419 0.04951606 -0.8635678 -0.5017958 3.783081 0.94498 -0.1221519 0.3034663 2.149531 0 0 0 1</matrix>
                    <node id="node-Bip001_L_UpperArm" name="Bip001_L_UpperArm">
                      <matrix sid="matrix">0.3827534 0.341303 0.8584942 17.26101 -0.2364625 0.9344947 -0.2660926 -7.62939e-6 -0.8930764 -0.1011538 0.4383864 -1.52588e-5 0 0 0 1</matrix>
                      <node id="node-Bip001_L_Forearm" name="Bip001_L_Forearm">
                        <matrix sid="matrix">0.8038214 0.5948709 -1.49012e-8 23.56344 -0.5948709 0.8038213 0 1.90735e-6 0 7.45058e-9 1 0 0 0 0 1</matrix>
                        <node id="node-Bip001_L_Hand" name="Bip001_L_Hand">
                          <matrix sid="matrix">0.9862226 -0.128854 0.1037385 25.02209 -0.01079679 0.5756314 0.8176381 0 -0.1650711 -0.8074932 0.5663095 0 0 0 0 1</matrix>
                          <node id="node-Bip001_L_Finger0" name="Bip001_L_Finger0">
                            <matrix>0.705109 0.5090383 0.4936611 1.496597 0.5510457 0.04480308 -0.8332713 0.5334435 -0.4462847 0.8595771 -0.2489124 -2.579735 0 0 0 1</matrix>
                            <node id="node-Bip001_L_Finger01" name="Bip001_L_Finger01">
                              <matrix>0.9781499 -0.2079012 -1.39698e-9 4.089432 0.2079012 0.9781498 7.45058e-9 3.8147e-6 -3.44589e-8 1.44355e-8 1 9.53674e-7 0 0 0 1</matrix>
                              <node id="node-Bip001_L_Finger02" name="Bip001_L_Finger02">
                                <matrix sid="matrix">0.9115806 -0.4111217 -3.72529e-9 4.089409 0.4111216 0.9115806 3.58559e-8 -1.14441e-5 2.98023e-8 -3.25963e-8 1 9.53674e-7 0 0 0 1</matrix>
                              </node>
                            </node>
                          </node>
                          <node id="node-Bip001_L_Finger1" name="Bip001_L_Finger1">
                            <matrix sid="matrix">0.9603379 -0.2693584 0.07209158 10.48988 0.2737626 0.9599063 -0.06028275 0.4773521 -0.05296341 0.07762785 0.9955747 -3.495115 0 0 0 1</matrix>
                            <node id="node-Bip001_L_Finger11" name="Bip001_L_Finger11">
                              <matrix sid="matrix">0.954066 -0.2995965 0 3.65271 0.2995965 0.954066 -2.23517e-8 0 -2.98023e-8 -4.84288e-8 1 -3.8147e-6 0 0 0 1</matrix>
                              <node id="node-Bip001_L_Finger12" name="Bip001_L_Finger12">
                                <matrix sid="matrix">0.9747835 -0.2231519 -2.98023e-8 3.018188 0.223152 0.9747835 -3.72529e-9 9.53674e-7 2.98023e-8 -1.49012e-8 1 0 0 0 0 1</matrix>
                              </node>
                            </node>
                          </node>
                          <node id="node-Bip001_L_Finger2" name="Bip001_L_Finger2">
                            <matrix sid="matrix">0.9028362 -0.4284187 -0.03666329 10.47828 0.4297602 0.9018335 0.04475126 0.2322311 0.01389188 -0.05615942 0.9983253 -0.7914448 0 0 0 1</matrix>
                            <node id="node-Bip001_L_Finger21" name="Bip001_L_Finger21">
                              <matrix sid="matrix">0.9577914 -0.2874643 0 4.072136 0.2874642 0.9577914 5.58794e-8 0 0 4.47035e-8 1 -1.90735e-6 0 0 0 1</matrix>
                              <node id="node-Bip001_L_Finger22" name="Bip001_L_Finger22">
                                <matrix sid="matrix">0.9620118 -0.2730078 -2.98023e-8 3.591614 0.2730079 0.9620118 -5.96046e-8 -1.90735e-6 -2.98023e-8 1.49012e-8 1 0 0 0 0 1</matrix>
                              </node>
                            </node>
                          </node>
                          <node id="node-Bip001_L_Finger3" name="Bip001_L_Finger3">
                            <matrix sid="matrix">0.7781102 -0.5962414 -0.1975865 10.11523 0.6192771 0.7808233 0.08252928 0.5977249 0.1050728 -0.1865777 0.9768052 1.599371 0 0 0 1</matrix>
                            <node id="node-Bip001_L_Finger31" name="Bip001_L_Finger31">
                              <matrix sid="matrix">0.8913192 -0.4533762 0 3.93663 0.4533762 0.8913192 -7.45058e-9 0 -5.96046e-8 0 1 0 0 0 0 1</matrix>
                              <node id="node-Bip001_L_Finger32" name="Bip001_L_Finger32">
                                <matrix sid="matrix">0.8000181 -0.5999761 2.98023e-8 3.743698 0.5999761 0.8000181 -1.49012e-8 0 1.19209e-7 -2.98023e-8 1 0 0 0 0 1</matrix>
                              </node>
                            </node>
                          </node>
                          <node id="node-Bip001_L_Finger4" name="Bip001_L_Finger4">
                            <matrix sid="matrix">0.6883655 -0.6103451 -0.3919591 9.522518 0.6868779 0.7221558 0.08179097 1.343498 0.2331349 -0.3255301 0.9163398 3.938517 0 0 0 1</matrix>
                            <node id="node-Bip001_L_Finger41" name="Bip001_L_Finger41">
                              <matrix sid="matrix">0.6522292 -0.7580219 -2.98023e-8 3.039894 0.7580219 0.6522292 -3.72529e-8 3.8147e-6 1.11759e-8 -1.49012e-8 1 -1.43051e-6 0 0 0 1</matrix>
                              <node id="node-Bip001_L_Finger42" name="Bip001_L_Finger42">
                                <matrix sid="matrix">0.7012734 -0.7128924 4.47035e-8 3.010349 0.7128925 0.7012735 2.23517e-8 0 -1.11759e-8 3.72529e-8 1 4.76837e-7 0 0 0 1</matrix>
                              </node>
                            </node>
                          </node>
                        </node>
                      </node>
                      <node id="node-Bip001_L_ForeTwist" name="Bip001_L_ForeTwist">
                        <matrix sid="matrix">0.8038214 0.5880628 -0.08974232 23.56344 -0.5948709 0.7946216 -0.1212646 1.90735e-6 0 0.1508601 0.9885552 0 0 0 0 1</matrix>
                        <node id="node-Bip001_L_ForeTwist1" name="Bip001_L_ForeTwist1">
                          <matrix sid="matrix">1 -8.9407e-8 0 8.340691 0 0.9885551 -0.1508602 0 0 0.1508601 0.988555 -3.8147e-6 0 0 0 1</matrix>
                          <node id="node-Bip001_L_ForeTwist2" name="Bip001_L_ForeTwist2">
                            <matrix sid="matrix">1 0 2.98023e-8 8.340698 0 0.9885552 -0.1508601 0 -2.98023e-8 0.1508602 0.9885552 0 0 0 0 1</matrix>
                          </node>
                        </node>
                      </node>
                    </node>
                    <node id="node-Bip001_LUpArmTwist" name="Bip001_LUpArmTwist">
                      <matrix sid="matrix">0.3827534 0.3143315 0.8687323 17.26101 -0.2364625 0.9423473 -0.2367848 -7.62939e-6 -0.8930764 -0.1147924 0.4350144 -1.52588e-5 0 0 0 1</matrix>
                      <node id="node-Bip001_LUpArmTwist1" name="Bip001_LUpArmTwist1">
                        <matrix sid="matrix">0.9999999 1.86265e-9 -1.49012e-8 11.78171 0 0.9998782 -0.01561357 -9.53674e-7 0 0.01561357 0.999878 -3.8147e-6 0 0 0 1</matrix>
                      </node>
                    </node>
                  </node>
                  <node id="node-Bip001_R_Clavicle" name="Bip001_R_Clavicle">
                    <matrix sid="matrix">-0.4190848 -0.4803052 -0.7705031 -5.801392 0.1804693 -0.8757544 0.4477559 3.783333 -0.8898308 0.04859557 0.4536957 -1.113116 0 0 0 1</matrix>
                    <node id="node-Bip001_R_UpperArm" name="Bip001_R_UpperArm">
                      <matrix sid="matrix">0.7017533 0.2697995 -0.6593562 17.26101 -0.199609 0.9629074 0.1815644 0 0.6838851 0.004199989 0.7295778 1.52588e-5 0 0 0 1</matrix>
                      <node id="node-Bip001_R_Forearm" name="Bip001_R_Forearm">
                        <matrix sid="matrix">0.9247333 0.3806156 -1.49012e-8 23.56343 -0.3806156 0.9247334 1.86265e-9 1.90735e-6 -5.96046e-8 -7.45058e-9 1 0 0 0 0 1</matrix>
                        <node id="node-Bip001_R_Hand" name="Bip001_R_Hand">
                          <matrix sid="matrix">0.9862226 -0.1592038 -0.04493508 25.02211 -0.01079687 0.2091084 -0.9778329 -9.53674e-7 0.165071 0.9648461 0.2045086 0 0 0 0 1</matrix>
                          <node id="node-Bip001_R_Finger0" name="Bip001_R_Finger0">
                            <matrix>0.705109 0.5090384 -0.4936611 1.496605 0.5510456 0.04480314 0.8332714 0.5334435 0.4462847 -0.8595771 -0.2489124 2.57973 0 0 0 1</matrix>
                            <node id="node-Bip001_R_Finger01" name="Bip001_R_Finger01">
                              <matrix>0.9781498 -0.2079012 1.49012e-8 4.089424 0.2079013 0.9781499 0 3.8147e-6 -1.49012e-8 5.96046e-8 1 0 0 0 0 1</matrix>
                              <node id="node-Bip001_R_Finger02" name="Bip001_R_Finger02">
                                <matrix sid="matrix">0.9115806 -0.4111216 1.49012e-8 4.089432 0.4111216 0.9115806 0 0 -2.98023e-8 0 1 0 0 0 0 1</matrix>
                              </node>
                            </node>
                          </node>
                          <node id="node-Bip001_R_Finger1" name="Bip001_R_Finger1">
                            <matrix sid="matrix">0.9603379 -0.2693584 -0.07209156 10.48988 0.2737626 0.9599063 0.06028263 0.4773445 0.05296344 -0.07762785 0.9955748 3.495117 0 0 0 1</matrix>
                            <node id="node-Bip001_R_Finger11" name="Bip001_R_Finger11">
                              <matrix sid="matrix">0.954066 -0.2995965 0 3.65271 0.2995965 0.954066 -1.49012e-8 1.90735e-6 0 7.45058e-8 0.9999999 9.53674e-7 0 0 0 1</matrix>
                              <node id="node-Bip001_R_Finger12" name="Bip001_R_Finger12">
                                <matrix sid="matrix">0.9747835 -0.2231521 -2.98023e-8 3.018181 0.2231521 0.9747837 3.72529e-8 3.8147e-6 1.49012e-8 0 0.9999999 9.53674e-7 0 0 0 1</matrix>
                              </node>
                            </node>
                          </node>
                          <node id="node-Bip001_R_Finger2" name="Bip001_R_Finger2">
                            <matrix sid="matrix">0.9028364 -0.4284183 0.03666329 10.47828 0.4297597 0.9018335 -0.04475128 0.2322273 -0.01389192 0.05615947 0.9983252 0.79144 0 0 0 1</matrix>
                            <node id="node-Bip001_R_Finger21" name="Bip001_R_Finger21">
                              <matrix sid="matrix">0.9577914 -0.2874642 1.49012e-8 4.072144 0.2874642 0.9577914 -2.23517e-8 0 0 4.47035e-8 1 0 0 0 0 1</matrix>
                              <node id="node-Bip001_R_Finger22" name="Bip001_R_Finger22">
                                <matrix sid="matrix">0.9620118 -0.2730078 -1.49012e-8 3.591606 0.2730078 0.9620118 0 7.62939e-6 2.98023e-8 0 1 1.90735e-6 0 0 0 1</matrix>
                              </node>
                            </node>
                          </node>
                          <node id="node-Bip001_R_Finger3" name="Bip001_R_Finger3">
                            <matrix sid="matrix">0.7781102 -0.5962415 0.1975865 10.11523 0.6192771 0.7808233 -0.08252939 0.5977211 -0.1050728 0.1865778 0.9768052 -1.599372 0 0 0 1</matrix>
                            <node id="node-Bip001_R_Finger31" name="Bip001_R_Finger31">
                              <matrix sid="matrix">0.8913192 -0.4533762 2.23517e-8 3.93663 0.4533762 0.8913192 -1.86265e-8 0 -2.23517e-8 -2.98023e-8 1 0 0 0 0 1</matrix>
                              <node id="node-Bip001_R_Finger32" name="Bip001_R_Finger32">
                                <matrix sid="matrix">0.8000181 -0.5999759 1.49012e-8 3.743698 0.599976 0.8000181 -2.98023e-8 1.14441e-5 -4.65661e-10 7.45058e-9 1 9.53674e-7 0 0 0 1</matrix>
                              </node>
                            </node>
                          </node>
                          <node id="node-Bip001_R_Finger4" name="Bip001_R_Finger4">
                            <matrix sid="matrix">0.6883655 -0.6103452 0.3919591 9.522522 0.6868779 0.7221557 -0.08179104 1.343494 -0.2331349 0.3255301 0.9163398 -3.938521 0 0 0 1</matrix>
                            <node id="node-Bip001_R_Finger41" name="Bip001_R_Finger41">
                              <matrix sid="matrix">0.6522292 -0.7580219 0 3.039909 0.758022 0.6522292 7.45058e-9 -1.90735e-6 -6.51926e-9 2.98023e-8 1 -1.90735e-6 0 0 0 1</matrix>
                              <node id="node-Bip001_R_Finger42" name="Bip001_R_Finger42">
                                <matrix sid="matrix">0.7012734 -0.7128925 -4.19095e-8 3.010351 0.7128925 0.7012734 0 3.8147e-6 2.98023e-8 -2.23517e-8 1 0 0 0 0 1</matrix>
                              </node>
                            </node>
                          </node>
                        </node>
                      </node>
                      <node id="node-Bip001_R_ForeTwist" name="Bip001_R_ForeTwist">
                        <matrix sid="matrix">0.9247333 0.3801101 0.01960948 23.56343 -0.3806156 0.9235052 0.04764262 1.90735e-6 -5.96046e-8 -0.05152038 0.998672 0 0 0 0 1</matrix>
                        <node id="node-Bip001_R_ForeTwist1" name="Bip001_R_ForeTwist1">
                          <matrix sid="matrix">1 2.98023e-8 1.49012e-8 8.340698 0 0.9986721 0.05152042 -9.53674e-7 0 -0.05152041 0.998672 0 0 0 0 1</matrix>
                          <node id="node-Bip001_R_ForeTwist2" name="Bip001_R_ForeTwist2">
                            <matrix sid="matrix">1 1.49012e-8 2.98023e-8 8.340698 0 0.998672 0.05152037 0 1.49012e-8 -0.0515204 0.998672 3.8147e-6 0 0 0 1</matrix>
                          </node>
                        </node>
                      </node>
                    </node>
                    <node id="node-Bip001_RUpArmTwist" name="Bip001_RUpArmTwist">
                      <matrix sid="matrix">0.7017533 0.1596269 -0.6943066 17.26101 -0.199609 0.9795946 0.02346701 0 0.6838851 0.1221218 0.7192966 1.52588e-5 0 0 0 1</matrix>
                      <node id="node-Bip001_RUpArmTwist1" name="Bip001_RUpArmTwist1">
                        <matrix sid="matrix">1 0 1.49012e-8 11.78172 -7.45058e-9 0.9967043 0.08112031 -9.53674e-7 0 -0.08112033 0.9967043 0 0 0 0 1</matrix>
                      </node>
                    </node>
                  </node>
                </node>
              </node>
            </node>
            <node id="node-Bip001_L_Thigh" name="Bip001_L_Thigh">
              <matrix sid="matrix">-0.9542296 0.1315327 -0.2685987 -16.65588 0.1397095 0.9901261 -0.01147078 -2.498909 0.2644378 -0.04847155 -0.9631839 11.16304 0 0 0 1</matrix>
              <node id="node-Bip001_L_Calf" name="Bip001_L_Calf">
                <matrix sid="matrix">0.821276 0.5705311 -1.49012e-8 38.83283 -0.570531 0.8212761 -3.72529e-9 -4.76837e-7 -4.47035e-8 1.11759e-8 0.9999999 0 0 0 0 1</matrix>
                <node id="node-Bip001_L_Foot" name="Bip001_L_Foot">
                  <matrix sid="matrix">0.9028065 -0.4115671 -0.1247118 37.30408 0.4022171 0.9107248 -0.0938169 0 0.1521901 0.03453724 0.9877476 1.90735e-6 0 0 0 1</matrix>
                  <node id="node-Bip001_L_Toe0" name="Bip001_L_Toe0">
                    <matrix sid="matrix">-0.1256363 -0.991495 -0.03395706 8.488064 0.9918476 -0.1247986 -0.02576551 12.70344 0.02130859 -0.03691732 0.9990911 -0.2012501 0 0 0 1</matrix>
                  </node>
                </node>
              </node>
            </node>
            <node id="node-Bip001_R_Thigh" name="Bip001_R_Thigh">
              <matrix sid="matrix">-0.9801806 0.1953197 -0.03311129 -16.69938 0.1966798 0.9794558 -0.04453758 -2.577827 0.02373197 -0.05016719 -0.998459 -7.099276 0 0 0 1</matrix>
              <node id="node-Bip001_R_Calf" name="Bip001_R_Calf">
                <matrix sid="matrix">0.8776519 0.4792989 0 38.83284 -0.479299 0.8776516 1.86265e-9 -9.53674e-7 -2.23517e-8 -3.72529e-9 0.9999999 1.90735e-6 0 0 0 1</matrix>
                <node id="node-Bip001_R_Foot" name="Bip001_R_Foot">
                  <matrix sid="matrix">0.9658241 -0.2591496 -0.005001455 37.30408 0.2452379 0.9073894 0.3413251 -9.53674e-7 -0.08391598 -0.3308866 0.9399319 0 0 0 0 1</matrix>
                  <node id="node-Bip001_R_Toe0" name="Bip001_R_Toe0">
                    <matrix sid="matrix">-0.1256363 -0.9914951 0.033957 8.488065 0.9918476 -0.1247985 0.02576544 12.70344 -0.02130854 0.03691725 0.9990911 0.201252 0 0 0 1</matrix>
                  </node>
                </node>
              </node>
            </node>
          </node>
        </node>
      </node>
      <node id="node-Bounds" name="Bounds">
        <matrix>0.9999915 0.001706907 0.003750479 5.366391 -0.001711356 0.9999978 0.001183292 -9.603625 -0.003748452 -0.0011897 0.9999923 -0.008934736 0 0 0 1</matrix>
        <instance_geometry url="#geom-Bounds">
          <bind_material>
            <technique_common>
              <instance_material symbol="ShapeBounds" target="#ShapeBounds-material"/>
            </technique_common>
          </bind_material>
        </instance_geometry>
      </node>
    </visual_scene>
  </library_visual_scenes>
  <library_animations>
    <animation>
      <source id="node-Bip001_matrix-input">
        <float_array id="node-Bip001_matrix-input-array" count="61">34 34.03333 34.06667 34.1 34.13334 34.16667 34.2 34.23333 34.26667 34.3 34.33333 34.36666 34.4 34.43333 34.46667 34.5 34.53333 34.56667 34.6 34.63334 34.66667 34.7 34.73333 34.76667 34.8 34.83333 34.86666 34.9 34.93333 34.96667 35 35.03333 35.06667 35.1 35.13334 35.16667 35.2 35.23333 35.26667 35.3 35.33333 35.36666 35.4 35.43333 35.46667 35.5 35.53333 35.56667 35.6 35.63334 35.66667 35.7 35.73333 35.76667 35.8 35.83333 35.86666 35.9 35.93333 35.96667 36</float_array>
        <technique_common>
          <accessor source="#node-Bip001_matrix-input-array" count="61" stride="1">
            <param name="TIME" type="float"/>
          </accessor>
        </technique_common>
      </source>
      <source id="node-Bip001_matrix-output">
        <float_array id="node-Bip001_matrix-output-array" count="976">0 -1 0 5.366391 1 0 3.13807e-7 -9.603626 -3.13807e-7 0 1 82.08785 0 0 0 1 4.66168e-4 -1 4.45079e-6 5.366391 0.9998177 4.66168e-4 0.01909196 -9.603626 -0.01909196 -4.45079e-6 0.9998177 82.08785 0 0 0 1 0.00129503 -0.9999992 4.30047e-5 5.366391 0.9977961 0.00129503 0.06634306 -9.603626 -0.06634306 -4.30047e-5 0.9977969 82.08785 0 0 0 1 0.001678407 -0.9999986 1.07206e-4 5.366391 0.9918726 0.001678407 0.1272244 -9.603626 -0.1272244 -1.07206e-4 0.991874 82.08785 0 0 0 1 0.001288175 -0.9999992 1.21929e-4 5.366391 0.9822379 0.001288175 0.1876352 -9.603626 -0.1876352 -1.21936e-4 0.9822388 82.08785 0 0 0 1 4.61817e-4 -0.9999999 5.47618e-5 5.366391 0.9722658 4.61817e-4 0.2338778 -9.603626 -0.2338778 -5.47618e-5 0.972266 82.08785 0 0 0 1 0 -1 0 5.366391 0.9676231 0 0.2523995 -9.603626 -0.2523995 0 0.9676231 82.08785 0 0 0 1 -1.19209e-7 -1 0 5.366391 0.9687152 -1.19209e-7 0.2481753 -9.534963 -0.2481753 0 0.9687151 82.06699 0 0 0 1 1.19209e-7 -1 0 5.366391 0.9716415 1.19209e-7 0.2364585 -9.329143 -0.2364585 0 0.9716416 81.99091 0 0 0 1 0 -1 0 5.366391 0.9758087 0 0.2186258 -8.986126 -0.2186258 0 0.9758087 81.83956 0 0 0 1 -1.19209e-7 -1 0 5.366391 0.9806019 -1.19209e-7 0.1960102 -8.505488 -0.1960102 0 0.9806019 81.59307 0 0 0 1 0 -1 0 5.366391 0.9854558 0 0.1699323 -7.886419 -0.1699323 0 0.9854558 81.2316 0 0 0 1 1.19209e-7 -1 0 5.366391 0.9899067 1.19209e-7 0.1417203 -7.127736 -0.1417203 0 0.9899067 80.73519 0 0 0 1 -1.19209e-7 -1 0 5.366391 0.9936268 -1.19209e-7 0.1127203 -6.227869 -0.1127203 0 0.9936268 80.08362 0 0 0 1 0 -1 0 5.366391 0.9964406 0 0.08429843 -5.184852 -0.08429843 0 0.9964405 79.2563 0 0 0 1 0 -1 0 5.366391 0.9983258 0 0.05783969 -3.996317 -0.05783969 0 0.9983259 78.23206 0 0 0 1 -1.19209e-7 -1 0 5.366391 0.9993963 -1.19209e-7 0.03474652 -2.659466 -0.03474652 0 0.9993962 76.98908 0 0 0 1 0 -1 0 5.366391 0.9998649 0 0.01643931 -1.171053 -0.01643931 0 0.9998649 75.50466 0 0 0 1 0 -1 0 5.366391 0.9999905 0 0.004363358 0.4726508 -0.004363358 0 0.9999905 73.75508 0 0 0 1 0 -1 0 5.366391 1 0 3.13916e-7 2.275708 -3.13916e-7 0 1 71.71538 0 0 0 1 0 -1 0 5.366391 0.9999771 0 -0.006770312 4.334647 0.006770312 0 0.9999771 69.21392 0 0 0 1 0 -1 0 5.366391 0.9997377 0 -0.02289992 6.755617 0.02289992 0 0.9997377 66.18119 0 0 0 1 1.19209e-7 -1 0 5.366391 0.9991057 1.19209e-7 -0.04228347 9.559515 0.04228347 0 0.9991056 62.73941 0 0 0 1 -1.19209e-7 -1 0 5.366391 0.9982596 -1.19209e-7 -0.05897319 12.76904 0.05897319 0 0.9982596 59.0058 0 0 0 1 0 -1 0 5.366391 0.997746 0 -0.06710314 16.409 0.06710314 0 0.9977461 55.09436 0 0 0 1 0 -1 0 5.366391 0.9981506 0 -0.06079059 20.50664 0.06079059 0 0.9981505 51.11755 0 0 0 1 0 -1 0 5.366391 0.9994216 0 -0.03400719 25.09206 0.03400719 0 0.9994216 47.18797 0 0 0 1 0 -1 0 5.366391 0.9998098 0 0.01950597 30.19869 -0.01950597 0 0.9998098 43.41998 0 0 0 1 0 -1 0 5.366391 0.9943585 0 0.1060715 35.86332 -0.1060715 0 0.9943585 39.93112 0 0 0 1 -1.19209e-7 -1 0 5.366391 0.9759879 -1.19209e-7 0.2178247 41.92839 -0.2178247 0 0.9759879 36.70725 0 0 0 1 -1.19209e-7 -1 0 5.366391 0.940791 -1.19209e-7 0.3389872 48.14193 -0.3389872 0 0.940791 33.65802 0 0 0 1 -1.19209e-7 -1 0 5.366391 0.8863008 -1.19209e-7 0.4631102 54.40681 -0.4631102 0 0.8863008 30.79203 0 0 0 1 -2.38419e-7 -1 0 5.366391 0.8120613 -2.38419e-7 0.5835723 60.62784 -0.5835723 0 0.8120612 28.11819 0 0 0 1 -1.19209e-7 -1 0 5.366391 0.7197766 -1.19209e-7 0.6942057 66.71109 -0.6942057 0 0.7197766 25.64576 0 0 0 1 -1.19209e-7 -1 0 5.366391 0.6131564 -1.19209e-7 0.7899616 72.56339 -0.7899616 0 0.6131563 23.38435 0 0 0 1 -1.19209e-7 -1 0 5.366391 0.4974893 -1.19209e-7 0.8674702 78.09166 -0.8674702 0 0.4974893 21.34404 0 0 0 1 -1.19209e-7 -1 0 5.366391 0.3790336 -1.19209e-7 0.925383 83.20246 -0.925383 0 0.3790336 19.5354 0 0 0 1 -1.19209e-7 -1 0 5.366391 0.2643522 -1.19209e-7 0.9644263 87.80135 -0.9644263 0 0.2643522 17.96954 0 0 0 1 -2.38419e-7 -1 -2.38419e-7 5.366391 0.1597276 -2.38419e-7 0.9871611 91.79232 -0.9871611 2.38419e-7 0.1597276 16.65824 0 0 0 1 -2.38419e-7 -1 -1.78814e-7 5.366391 0.07077026 -2.38419e-7 0.9974926 95.07724 -0.9974926 1.78814e-7 0.07077032 15.61395 0 0 0 1 -2.38419e-7 -1 -1.19209e-7 5.366391 0.002286612 -2.38419e-7 0.9999974 97.55523 -0.9999974 1.19209e-7 0.002286553 14.84992 0 0 0 1 -2.38419e-7 -1 -1.78814e-7 5.366391 -0.04158824 -2.38419e-7 0.9991348 99.12199 -0.9991348 1.78814e-7 -0.0415883 14.3803 0 0 0 1 -2.38419e-7 -1 -1.78814e-7 5.366391 -0.05705875 -2.38419e-7 0.9983708 99.66905 -0.9983708 1.78814e-7 -0.05705881 14.22022 0 0 0 1 -2.38419e-7 -1 -1.78814e-7 5.366391 -0.05705875 -2.38419e-7 0.9983708 99.66905 -0.9983708 1.78814e-7 -0.05705881 14.28417 0 0 0 1 -2.38419e-7 -1 -1.78814e-7 5.366391 -0.05705875 -2.38419e-7 0.9983708 99.66905 -0.9983708 1.78814e-7 -0.05705881 14.44769 0 0 0 1 -2.38419e-7 -1 -1.78814e-7 5.366391 -0.05705875 -2.38419e-7 0.9983708 99.66905 -0.9983708 1.78814e-7 -0.05705881 14.66997 0 0 0 1 -2.38419e-7 -1 -1.78814e-7 5.366391 -0.05705875 -2.38419e-7 0.9983708 99.66905 -0.9983708 1.78814e-7 -0.05705881 14.91168 0 0 0 1 -2.38419e-7 -1 -1.78814e-7 5.366391 -0.05705875 -2.38419e-7 0.9983708 99.66905 -0.9983708 1.78814e-7 -0.05705881 15.13396 0 0 0 1 -2.38419e-7 -1 -1.78814e-7 5.366391 -0.05705875 -2.38419e-7 0.9983708 99.66905 -0.9983708 1.78814e-7 -0.05705881 15.29748 0 0 0 1 -2.38419e-7 -1 -1.78814e-7 5.366391 -0.05705875 -2.38419e-7 0.9983708 99.66905 -0.9983708 1.78814e-7 -0.05705881 15.36143 0 0 0 1 -2.38419e-7 -1 -1.78814e-7 5.366391 -0.05705875 -2.38419e-7 0.9983708 99.66905 -0.9983708 1.78814e-7 -0.05705881 15.27601 0 0 0 1 -2.38419e-7 -1 -1.78814e-7 5.366391 -0.05705875 -2.38419e-7 0.9983708 99.66905 -0.9983708 1.78814e-7 -0.05705881 15.06443 0 0 0 1 -2.38419e-7 -1 -1.78814e-7 5.366391 -0.05705875 -2.38419e-7 0.9983708 99.66905 -0.9983708 1.78814e-7 -0.05705881 14.79082 0 0 0 1 -2.38419e-7 -1 -1.78814e-7 5.366391 -0.05705875 -2.38419e-7 0.9983708 99.66905 -0.9983708 1.78814e-7 -0.05705881 14.5172 0 0 0 1 -2.38419e-7 -1 -1.78814e-7 5.366391 -0.05705875 -2.38419e-7 0.9983708 99.66905 -0.9983708 1.78814e-7 -0.05705881 14.30562 0 0 0 1 -2.38419e-7 -1 -1.78814e-7 5.366391 -0.05705875 -2.38419e-7 0.9983708 99.66905 -0.9983708 1.78814e-7 -0.05705881 14.22022 0 0 0 1 -2.38419e-7 -1 -1.78814e-7 5.366391 -0.05705875 -2.38419e-7 0.9983708 99.66905 -0.9983708 1.78814e-7 -0.05705881 14.22022 0 0 0 1 -2.38419e-7 -1 -1.78814e-7 5.366391 -0.05705875 -2.38419e-7 0.9983708 99.66905 -0.9983708 1.78814e-7 -0.05705881 14.22022 0 0 0 1 -2.38419e-7 -1 -1.78814e-7 5.366391 -0.05705875 -2.38419e-7 0.9983708 99.66905 -0.9983708 1.78814e-7 -0.05705881 14.22022 0 0 0 1 -2.38419e-7 -1 -1.78814e-7 5.366391 -0.05705875 -2.38419e-7 0.9983708 99.66905 -0.9983708 1.78814e-7 -0.05705881 14.22022 0 0 0 1 -2.38419e-7 -1 -1.78814e-7 5.366391 -0.05705875 -2.38419e-7 0.9983708 99.66905 -0.9983708 1.78814e-7 -0.05705881 14.22022 0 0 0 1</float_array>
        <technique_common>
          <accessor source="#node-Bip001_matrix-output-array" count="61" stride="16">
            <param name="TRANSFORM" type="float4x4"/>
          </accessor>
        </technique_common>
      </source>
      <source id="node-Bip001_matrix-interpolation">
        <Name_array id="node-Bip001_matrix-interpolation-array" count="61">LINEAR LINEAR LINEAR LINEAR LINEAR LINEAR LINEAR LINEAR LINEAR LINEAR LINEAR LINEAR LINEAR LINEAR LINEAR LINEAR LINEAR LINEAR LINEAR LINEAR LINEAR LINEAR LINEAR LINEAR LINEAR LINEAR LINEAR LINEAR LINEAR LINEAR LINEAR LINEAR LINEAR LINEAR LINEAR LINEAR LINEAR LINEAR LINEAR LINEAR LINEAR LINEAR LINEAR LINEAR LINEAR LINEAR LINEAR LINEAR LINEAR LINEAR LINEAR LINEAR LINEAR LINEAR LINEAR LINEAR LINEAR LINEAR LINEAR LINEAR LINEAR</Name_array>
        <technique_common>
          <accessor source="#node-Bip001_matrix-interpolation-array" count="61" stride="1">
            <param name="INTERPOLATION" type="name"/>
          </accessor>
        </technique_common>
      </source>
      <source id="node-Bip001_Spine_matrix-input">
        <float_array id="node-Bip001_Spine_matrix-input-array" count="61">34 34.03333 34.06667 34.1 34.13334 34.16667 34.2 34.23333 34.26667 34.3 34.33333 34.36666 34.4 34.43333 34.46667 34.5 34.53333 34.56667 34.6 34.63334 34.66667 34.7 34.73333 34.76667 34.8 34.83333 34.86666 34.9 34.93333 34.96667 35 35.03333 35.06667 35.1 35.13334 35.16667 35.2 35.23333 35.26667 35.3 35.33333 35.36666 35.4 35.43333 35.46667 35.5 35.53333 35.56667 35.6 35.63334 35.66667 35.7 35.73333 35.76667 35.8 35.83333 35.86666 35.9 35.93333 35.96667 36</float_array>
        <technique_common>
          <accessor source="#node-Bip001_Spine_matrix-input-array" count="61" stride="1">
            <param name="TIME" type="float"/>
          </accessor>
        </technique_common>
      </source>
      <source id="node-Bip001_Spine_matrix-output">
