<?xml version="1.0" encoding="utf-8"?>
<COLLADA xmlns="http://www.collada.org/2005/11/COLLADASchema" version="1.4.1">
  <asset>
    <contributor>
      <author>Jesse Oliger</author>
      <authoring_tool>OpenCOLLADA for 3ds Max;  Version: 1.3.0;  Revision: 839M;  Platform: x64;  Configuration: Release_Max2012</authoring_tool>
      <source_data>file:///C:/Users/Jesse%20Oliger/Documents/3dsMax/scenes/Zombies/Animations/Zombie_TP_Animation_Master_16.max</source_data>
    </contributor>
    <created>2011-10-13T17:14:07</created>
    <modified>2011-10-13T17:14:07</modified>
    <unit name="centimeter" meter="0.01"/>
    <up_axis>Z_UP</up_axis>
  </asset>
  <library_lights>
    <light id="EnvironmentAmbientLight" name="EnvironmentAmbientLight">
      <technique_common>
        <ambient>
          <color>0 0 0</color>
        </ambient>
      </technique_common>
    </light>
  </library_lights>
  <library_visual_scenes>
    <visual_scene id="MaxScene">
      <node name="EnvironmentAmbientLight">
        <instance_light url="#EnvironmentAmbientLight"/>
      </node>
      <node id="node-Bip001" name="Bip001">
        <matrix sid="matrix">-3.57628e-7 -0.9999999 -2.84217e-14 5.366391 0.9999999 -3.57628e-7 1.58866e-7 -9.603625 -1.58866e-7 2.84217e-14 1 82.08784 0 0 0 1</matrix>
        <node id="node-Bip001_Pelvis" name="Bip001_Pelvis">
          <matrix>-0.09997933 0.9949694 -0.006313411 0 0.1153339 0.01789127 0.9931656 0 0.9882825 0.0985679 -0.1165424 0 0 0 0 1</matrix>
          <node id="node-Bip001_Spine" name="Bip001_Spine">
            <matrix sid="matrix">0.9987717 -0.04949994 -0.002166361 16.53589 0.04948998 0.9987647 -0.004432462 3.369611 0.002383091 0.004319807 0.9999878 -1.981149 0 0 0 1</matrix>
            <node id="node-Bip001_Spine1" name="Bip001_Spine1">
              <matrix sid="matrix">0.976337 -0.1871565 0.108345 13.27949 0.1906984 0.9813741 -0.02321558 -0.0103755 -0.1019821 0.04332745 0.9938423 -4.55856e-4 0 0 0 1</matrix>
              <node id="node-Bip001_Spine2" name="Bip001_Spine2">
                <matrix sid="matrix">0.9828929 -0.09823723 0.1557906 13.27856 0.1008197 0.9948663 -0.008742921 -0.01052094 -0.1541319 0.02430012 0.9877513 -2.56538e-4 0 0 0 1</matrix>
                <node id="node-Bip001_Neck" name="Bip001_Neck">
                  <matrix sid="matrix">0.8724886 -0.4820433 -0.07998853 18.05171 0.4800377 0.8761474 -0.04392552 -1.344254 0.09125571 -7.29933e-5 0.9958276 -1.90735e-6 0 0 0 1</matrix>
                  <node id="node-Bip001_Neck1" name="Bip001_Neck1">
                    <matrix sid="matrix">0.979182 0.160851 -0.1238126 3.789421 -0.1617545 0.9868272 0.002785862 -0.002983093 0.1226297 0.0172994 0.9923018 -5.14984e-5 0 0 0 1</matrix>
                    <node id="node-Bip001_Head" name="Bip001_Head">
                      <matrix sid="matrix">0.7055489 0.6808594 -0.1965492 3.889839 -0.6638055 0.7320698 0.1530891 1.155754 0.2481199 0.02245856 0.968469 3.8147e-6 0 0 0 1</matrix>
                      <node id="node-Bip001_Jaw" name="Bip001_Jaw">
                        <matrix sid="matrix">-0.5933989 -0.7710633 0.2309531 3.120972 0.7966226 -0.6036608 0.03141017 0.05389214 0.115198 0.2026211 0.9724579 0.303875 0 0 0 1</matrix>
                        <node id="node-Bip001_Tongue1" name="Bip001_Tongue1">
                          <matrix sid="matrix">0.8788935 0.4628993 0.1151971 3.352837 -0.4769945 0.8552305 0.2026252 -1.084305 -0.004725037 -0.2330344 0.972457 -0.4837246 0 0 0 1</matrix>
                          <node id="node-Bip001_Tongue2" name="Bip001_Tongue2">
                            <matrix sid="matrix">0.8968384 -0.4423589 -1.22748e-6 2.059668 0.4423589 0.8968384 -2.98023e-7 -0.001434326 1.24425e-6 -3.27826e-7 1 3.8147e-6 0 0 0 1</matrix>
                            <node id="node-Bip001_Tongue3" name="Bip001_Tongue3">
                              <matrix sid="matrix">0.6936795 -0.7097927 -0.1224879 2.030186 0.7028896 0.7042145 -0.1001417 -0.001525879 0.1573377 -0.01662911 0.987405 3.43323e-5 0 0 0 1</matrix>
                              <node id="node-Bip001_Tongue4" name="Bip001_Tongue4">
                                <matrix sid="matrix">0.9602272 -0.2475599 -0.1291427 2.712769 0.2497814 0.9683018 0.001039364 -0.001907349 0.1247918 -0.03325548 0.9916255 6.67572e-5 0 0 0 1</matrix>
                              </node>
                            </node>
                          </node>
                        </node>
                      </node>
                    </node>
                  </node>
                  <node id="node-Bip001_L_Clavicle" name="Bip001_L_Clavicle">
                    <matrix sid="matrix">-0.323359 -0.4892134 0.8100058 -5.502419 0.04951602 -0.8635677 -0.5017957 3.783073 0.94498 -0.1221519 0.3034663 2.149532 0 0 0 1</matrix>
                    <node id="node-Bip001_L_UpperArm" name="Bip001_L_UpperArm">
                      <matrix sid="matrix">0.3827764 0.3412905 0.8584889 17.26101 -0.2364334 0.9345025 -0.2660905 -3.8147e-6 -0.8930743 -0.1011222 0.438398 -1.52588e-5 0 0 0 1</matrix>
                      <node id="node-Bip001_L_Forearm" name="Bip001_L_Forearm">
                        <matrix sid="matrix">0.8038128 0.5948825 1.49012e-8 23.56343 -0.5948823 0.8038128 1.86265e-9 0 -1.49012e-8 -2.23517e-8 1 3.8147e-6 0 0 0 1</matrix>
                        <node id="node-Bip001_L_Hand" name="Bip001_L_Hand">
                          <matrix sid="matrix">0.9863355 -0.1290641 0.1023961 25.0221 -0.009684712 0.5750284 0.8180762 0 -0.1644649 -0.8078893 0.5659209 0 0 0 0 1</matrix>
                          <node id="node-Bip001_L_Finger0" name="Bip001_L_Finger0">
                            <matrix sid="matrix">0.705109 0.5090383 0.4936611 1.496605 0.5510457 0.04480308 -0.8332713 0.5334396 -0.4462847 0.8595771 -0.2489124 -2.579729 0 0 0 1</matrix>
                            <node id="node-Bip001_L_Finger01" name="Bip001_L_Finger01">
                              <matrix sid="matrix">0.9781498 -0.2079011 -1.44355e-8 4.089424 0.2079012 0.9781498 0 -3.8147e-6 -2.04891e-8 3.0268e-8 0.9999999 -9.53674e-7 0 0 0 1</matrix>
                              <node id="node-Bip001_L_Finger02" name="Bip001_L_Finger02">
                                <matrix sid="matrix">0.9115807 -0.4111216 2.6077e-8 4.089424 0.4111217 0.9115807 3.72529e-9 0 -1.39698e-8 2.32831e-9 1 0 0 0 0 1</matrix>
                              </node>
                            </node>
                          </node>
                          <node id="node-Bip001_L_Finger1" name="Bip001_L_Finger1">
                            <matrix sid="matrix">0.9603379 -0.2693583 0.07209155 10.48989 0.2737626 0.9599063 -0.06028277 0.4773483 -0.0529635 0.07762778 0.9955748 -3.495113 0 0 0 1</matrix>
                            <node id="node-Bip001_L_Finger11" name="Bip001_L_Finger11">
                              <matrix sid="matrix">0.9541928 -0.2991924 0 3.65271 0.2991924 0.9541928 -7.45058e-9 0 0 3.35276e-8 1 0 0 0 0 1</matrix>
                              <node id="node-Bip001_L_Finger12" name="Bip001_L_Finger12">
                                <matrix sid="matrix">0.9780272 -0.208477 0 3.018188 0.2084769 0.9780272 -4.09782e-8 0 0 -4.47035e-8 1 3.8147e-6 0 0 0 1</matrix>
                              </node>
                            </node>
                          </node>
                          <node id="node-Bip001_L_Finger2" name="Bip001_L_Finger2">
                            <matrix sid="matrix">0.9028363 -0.4284187 -0.03666326 10.47828 0.4297602 0.9018335 0.04475124 0.2322311 0.01389191 -0.05615942 0.9983252 -0.791441 0 0 0 1</matrix>
                            <node id="node-Bip001_L_Finger21" name="Bip001_L_Finger21">
                              <matrix sid="matrix">0.957913 -0.2870589 2.98023e-8 4.072136 0.2870589 0.9579129 9.31323e-9 0 0 -7.45058e-9 1 1.90735e-6 0 0 0 1</matrix>
                              <node id="node-Bip001_L_Finger22" name="Bip001_L_Finger22">
                                <matrix sid="matrix">0.966006 -0.2585193 0 3.591637 0.2585193 0.966006 -1.49012e-8 -3.8147e-6 0 1.49012e-8 0.9999999 5.72205e-6 0 0 0 1</matrix>
                              </node>
                            </node>
                          </node>
                          <node id="node-Bip001_L_Finger3" name="Bip001_L_Finger3">
                            <matrix sid="matrix">0.7783628 -0.5959116 -0.1975865 10.11522 0.6189461 0.7810857 0.08252932 0.5977249 0.1051518 -0.1865332 0.9768052 1.599371 0 0 0 1</matrix>
                            <node id="node-Bip001_L_Finger31" name="Bip001_L_Finger31">
                              <matrix sid="matrix">0.8915111 -0.4529986 0 3.93663 0.4529986 0.8915112 2.23517e-8 0 1.49012e-8 -4.47035e-8 1 1.90735e-6 0 0 0 1</matrix>
                              <node id="node-Bip001_L_Finger32" name="Bip001_L_Finger32">
                                <matrix sid="matrix">0.8089446 -0.5878847 -1.49012e-8 3.743706 0.5878847 0.8089446 -2.98023e-8 3.8147e-6 -2.23517e-8 2.98023e-8 0.9999999 -1.90735e-6 0 0 0 1</matrix>
                              </node>
                            </node>
                          </node>
                          <node id="node-Bip001_L_Finger4" name="Bip001_L_Finger4">
                            <matrix sid="matrix">0.688624 -0.6100533 -0.3919591 9.522522 0.6865718 0.7224468 0.08179097 1.343494 0.2332728 -0.3254313 0.9163398 3.938524 0 0 0 1</matrix>
                            <node id="node-Bip001_L_Finger41" name="Bip001_L_Finger41">
                              <matrix sid="matrix">0.65255 -0.7577456 -1.49012e-8 3.039902 0.7577457 0.65255 2.23517e-8 0 -2.98023e-8 2.23517e-8 1 -4.76837e-7 0 0 0 1</matrix>
                              <node id="node-Bip001_L_Finger42" name="Bip001_L_Finger42">
                                <matrix sid="matrix">0.7119086 -0.7022723 -1.11759e-8 3.010353 0.7022722 0.7119085 0 0 7.45058e-8 -3.72529e-8 1 0 0 0 0 1</matrix>
                              </node>
                            </node>
                          </node>
                        </node>
                      </node>
                      <node id="node-Bip001_L_ForeTwist" name="Bip001_L_ForeTwist">
                        <matrix sid="matrix">0.8038128 0.588087 -0.08965993 23.56343 -0.5948823 0.7946307 -0.1211497 0 -1.49012e-8 0.1507188 0.9885768 3.8147e-6 0 0 0 1</matrix>
                        <node id="node-Bip001_L_ForeTwist1" name="Bip001_L_ForeTwist1">
                          <matrix sid="matrix">1 0 0 8.340706 5.96046e-8 0.9885766 -0.1507187 0 1.49012e-8 0.1507187 0.9885766 3.8147e-6 0 0 0 1</matrix>
                          <node id="node-Bip001_L_ForeTwist2" name="Bip001_L_ForeTwist2">
                            <matrix sid="matrix">0.9999999 0 5.96046e-8 8.340698 -2.98023e-8 0.9885765 -0.1507188 -3.8147e-6 0 0.1507187 0.9885766 3.8147e-6 0 0 0 1</matrix>
                          </node>
                        </node>
                      </node>
                    </node>
                    <node id="node-Bip001_LUpArmTwist" name="Bip001_LUpArmTwist">
                      <matrix sid="matrix">0.3827764 0.3143186 0.8687268 17.26101 -0.2364334 0.9423555 -0.2367819 -3.8147e-6 -0.8930743 -0.1147615 0.4350268 -1.52588e-5 0 0 0 1</matrix>
                      <node id="node-Bip001_LUpArmTwist1" name="Bip001_LUpArmTwist1">
                        <matrix sid="matrix">1 -1.86265e-9 0 11.78171 0 0.9998781 -0.01561393 0 0 0.01561394 0.999878 0 0 0 0 1</matrix>
                      </node>
                    </node>
                  </node>
                  <node id="node-Bip001_R_Clavicle" name="Bip001_R_Clavicle">
                    <matrix sid="matrix">-0.4190848 -0.4803052 -0.770503 -5.801392 0.1804693 -0.8757543 0.4477559 3.783325 -0.8898308 0.04859557 0.4536957 -1.113116 0 0 0 1</matrix>
                    <node id="node-Bip001_R_UpperArm" name="Bip001_R_UpperArm">
                      <matrix sid="matrix">0.7017533 0.2697995 -0.6593562 17.26101 -0.1996091 0.9629075 0.1815644 -3.8147e-6 0.6838852 0.004200093 0.7295778 7.62939e-6 0 0 0 1</matrix>
                      <node id="node-Bip001_R_Forearm" name="Bip001_R_Forearm">
                        <matrix sid="matrix">0.9247333 0.3806157 0 23.56343 -0.3806156 0.9247333 5.58794e-9 0 -5.96046e-8 -1.11759e-7 1 -3.8147e-6 0 0 0 1</matrix>
                        <node id="node-Bip001_R_Hand" name="Bip001_R_Hand">
                          <matrix sid="matrix">0.9862226 -0.1592037 -0.04493506 25.02211 -0.01079687 0.2091084 -0.9778329 9.53674e-7 0.165071 0.9648461 0.2045086 3.8147e-6 0 0 0 1</matrix>
                          <node id="node-Bip001_R_Finger0" name="Bip001_R_Finger0">
                            <matrix sid="matrix">0.705109 0.5090383 -0.4936611 1.496605 0.5510457 0.04480311 0.8332714 0.5334396 0.4462848 -0.859577 -0.2489123 2.579729 0 0 0 1</matrix>
                            <node id="node-Bip001_R_Finger01" name="Bip001_R_Finger01">
                              <matrix sid="matrix">0.9781499 -0.2079013 -1.49012e-8 4.089424 0.2079012 0.9781499 0 3.8147e-6 -5.96046e-8 0 0.9999999 -1.90735e-6 0 0 0 1</matrix>
                              <node id="node-Bip001_R_Finger02" name="Bip001_R_Finger02">
                                <matrix sid="matrix">0.9115806 -0.4111216 0 4.089424 0.4111217 0.9115807 -2.98023e-8 3.8147e-6 -2.98023e-8 -2.6077e-8 0.9999999 -1.90735e-6 0 0 0 1</matrix>
                              </node>
                            </node>
                          </node>
                          <node id="node-Bip001_R_Finger1" name="Bip001_R_Finger1">
                            <matrix sid="matrix">0.9603379 -0.2693584 -0.07209155 10.48988 0.2737626 0.9599063 0.06028273 0.4773483 0.05296347 -0.07762772 0.9955747 3.495118 0 0 0 1</matrix>
                            <node id="node-Bip001_R_Finger11" name="Bip001_R_Finger11">
                              <matrix sid="matrix">0.954066 -0.2995966 -2.98023e-8 3.652718 0.2995965 0.9540661 -5.21541e-8 1.90735e-6 -2.98023e-8 2.23517e-8 1 0 0 0 0 1</matrix>
                              <node id="node-Bip001_R_Finger12" name="Bip001_R_Finger12">
                                <matrix sid="matrix">0.9747837 -0.2231521 2.98023e-8 3.018181 0.223152 0.9747837 0 -1.90735e-6 -2.98023e-8 7.45058e-8 0.9999999 -9.53674e-7 0 0 0 1</matrix>
                              </node>
                            </node>
                          </node>
                          <node id="node-Bip001_R_Finger2" name="Bip001_R_Finger2">
                            <matrix sid="matrix">0.9028363 -0.4284184 0.03666332 10.47829 0.4297599 0.9018335 -0.04475123 0.2322311 -0.01389191 0.05615951 0.9983252 0.7914429 0 0 0 1</matrix>
                            <node id="node-Bip001_R_Finger21" name="Bip001_R_Finger21">
                              <matrix sid="matrix">0.9577914 -0.2874643 0 4.072136 0.2874642 0.9577914 2.98023e-8 1.90735e-6 -2.98023e-8 0 0.9999999 9.53674e-7 0 0 0 1</matrix>
                              <node id="node-Bip001_R_Finger22" name="Bip001_R_Finger22">
                                <matrix sid="matrix">0.9620118 -0.2730077 0 3.591614 0.2730078 0.9620118 2.98023e-8 -1.90735e-6 7.45058e-8 -1.49012e-8 0.9999999 0 0 0 0 1</matrix>
                              </node>
                            </node>
                          </node>
                          <node id="node-Bip001_R_Finger3" name="Bip001_R_Finger3">
                            <matrix sid="matrix">0.7781101 -0.5962415 0.1975865 10.11523 0.6192771 0.7808233 -0.0825293 0.5977287 -0.1050727 0.1865778 0.9768052 -1.59937 0 0 0 1</matrix>
                            <node id="node-Bip001_R_Finger31" name="Bip001_R_Finger31">
                              <matrix sid="matrix">0.8913193 -0.4533762 -7.45058e-9 3.93663 0.4533762 0.8913193 1.11759e-8 -1.90735e-6 7.45058e-9 8.9407e-8 0.9999999 -4.76837e-7 0 0 0 1</matrix>
                              <node id="node-Bip001_R_Finger32" name="Bip001_R_Finger32">
                                <matrix sid="matrix">0.800018 -0.599976 4.09782e-8 3.743698 0.5999759 0.800018 0 1.14441e-5 -2.7474e-8 -1.49012e-8 1 0 0 0 0 1</matrix>
                              </node>
                            </node>
                          </node>
                          <node id="node-Bip001_R_Finger4" name="Bip001_R_Finger4">
                            <matrix sid="matrix">0.6883653 -0.6103452 0.3919591 9.52253 0.6868778 0.7221559 -0.08179087 1.343494 -0.2331348 0.3255301 0.9163398 -3.938519 0 0 0 1</matrix>
                            <node id="node-Bip001_R_Finger41" name="Bip001_R_Finger41">
                              <matrix sid="matrix">0.6522292 -0.7580219 1.49012e-8 3.039902 0.7580219 0.6522291 0 -1.90735e-6 1.86265e-8 7.45058e-9 1 0 0 0 0 1</matrix>
                              <node id="node-Bip001_R_Finger42" name="Bip001_R_Finger42">
                                <matrix sid="matrix">0.7012734 -0.7128924 -2.04891e-8 3.010347 0.7128924 0.7012734 -7.45058e-9 3.8147e-6 7.45058e-9 -2.23517e-8 1 0 0 0 0 1</matrix>
                              </node>
                            </node>
                          </node>
                        </node>
                      </node>
                      <node id="node-Bip001_R_ForeTwist" name="Bip001_R_ForeTwist">
                        <matrix sid="matrix">0.9247333 0.3801101 0.01960948 23.56343 -0.3806156 0.9235052 0.04764263 0 -5.96046e-8 -0.05152052 0.998672 -3.8147e-6 0 0 0 1</matrix>
                        <node id="node-Bip001_R_ForeTwist1" name="Bip001_R_ForeTwist1">
                          <matrix sid="matrix">0.9999999 1.49012e-8 -1.49012e-8 8.340698 0 0.9986719 0.05152037 9.53674e-7 2.98023e-8 -0.05152046 0.998672 -3.8147e-6 0 0 0 1</matrix>
                          <node id="node-Bip001_R_ForeTwist2" name="Bip001_R_ForeTwist2">
                            <matrix sid="matrix">1 -2.98023e-8 0 8.340714 1.49012e-8 0.998672 0.05152041 2.86102e-6 -1.49012e-8 -0.05152038 0.9986719 0 0 0 0 1</matrix>
                          </node>
                        </node>
                      </node>
                    </node>
                    <node id="node-Bip001_RUpArmTwist" name="Bip001_RUpArmTwist">
                      <matrix sid="matrix">0.7017533 0.1596268 -0.6943066 17.26101 -0.1996091 0.9795947 0.02346696 -3.8147e-6 0.6838852 0.1221219 0.7192966 7.62939e-6 0 0 0 1</matrix>
                      <node id="node-Bip001_RUpArmTwist1" name="Bip001_RUpArmTwist1">
                        <matrix sid="matrix">1 -7.45058e-9 0 11.78172 0 0.9967044 0.08112033 0 0 -0.08112031 0.9967043 -3.8147e-6 0 0 0 1</matrix>
                      </node>
                    </node>
                  </node>
                </node>
              </node>
            </node>
            <node id="node-Bip001_L_Thigh" name="Bip001_L_Thigh">
              <matrix sid="matrix">-0.9542285 0.131539 -0.2685989 -16.65588 0.1397161 0.9901252 -0.01147106 -2.49891 0.2644376 -0.04847362 -0.9631839 11.16304 0 0 0 1</matrix>
              <node id="node-Bip001_L_Calf" name="Bip001_L_Calf">
                <matrix sid="matrix">0.8212712 0.5705383 1.49012e-8 38.83284 -0.5705383 0.8212712 1.86265e-9 0 -2.98023e-8 -2.6077e-8 1 -1.90735e-6 0 0 0 1</matrix>
                <node id="node-Bip001_L_Foot" name="Bip001_L_Foot">
                  <matrix sid="matrix">0.902806 -0.4115685 -0.1247107 37.30409 0.4022183 0.910724 -0.09381939 1.90735e-6 0.1521902 0.03453979 0.9877474 1.90735e-6 0 0 0 1</matrix>
                  <node id="node-Bip001_L_Toe0" name="Bip001_L_Toe0">
                    <matrix>-0.1256364 -0.9914951 -0.03395706 8.488064 0.9918478 -0.1247986 -0.02576551 12.70344 0.02130858 -0.03691732 0.9990911 -0.2012501 0 0 0 1</matrix>
                  </node>
                </node>
              </node>
            </node>
            <node id="node-Bip001_R_Thigh" name="Bip001_R_Thigh">
              <matrix sid="matrix">-0.9801812 0.1953165 -0.0331117 -16.69937 0.1966766 0.9794564 -0.04453778 -2.577828 0.02373251 -0.05016739 -0.9984588 -7.099272 0 0 0 1</matrix>
              <node id="node-Bip001_R_Calf" name="Bip001_R_Calf">
                <matrix sid="matrix">0.8776563 0.4792904 -7.45058e-9 38.83283 -0.4792902 0.8776563 1.86265e-9 -9.53674e-7 -7.45058e-9 7.45058e-9 1 -1.90735e-6 0 0 0 1</matrix>
                <node id="node-Bip001_R_Foot" name="Bip001_R_Foot">
                  <matrix sid="matrix">0.9658258 -0.2591444 -0.004999142 37.3041 0.2452322 0.907391 0.3413246 9.53674e-7 -0.08391617 -0.330886 0.9399322 -1.90735e-6 0 0 0 1</matrix>
                  <node id="node-Bip001_R_Toe0" name="Bip001_R_Toe0">
                    <matrix>-0.1256363 -0.9914951 0.033957 8.488066 0.9918475 -0.1247985 0.02576544 12.70344 -0.02130855 0.03691724 0.999091 0.2012501 0 0 0 1</matrix>
                  </node>
                </node>
              </node>
            </node>
          </node>
        </node>
      </node>
    </visual_scene>
  </library_visual_scenes>
  <library_animations>
    <animation>
      <source id="node-Bip001_matrix-input">
        <float_array id="node-Bip001_matrix-input-array" count="61">31 31.03333 31.06667 31.1 31.13333 31.16667 31.2 31.23333 31.26667 31.3 31.33333 31.36667 31.4 31.43333 31.46667 31.5 31.53333 31.56667 31.6 31.63333 31.66667 31.7 31.73333 31.76667 31.8 31.83333 31.86667 31.9 31.93333 31.96667 32 32.03333 32.06667 32.1 32.13334 32.16667 32.2 32.23333 32.26667 32.3 32.33333 32.36666 32.4 32.43333 32.46667 32.5 32.53333 32.56667 32.6 32.63334 32.66667 32.7 32.73333 32.76667 32.8 32.83333 32.86666 32.9 32.93333 32.96667 33</float_array>
        <technique_common>
          <accessor source="#node-Bip001_matrix-input-array" count="61" stride="1">
            <param name="TIME" type="float"/>
          </accessor>
        </technique_common>
      </source>
      <source id="node-Bip001_matrix-output">
        <float_array id="node-Bip001_matrix-output-array" count="976">-3.57628e-7 -1 0 5.366391 1 -3.57628e-7 1.58866e-7 -9.603626 -1.58866e-7 0 1 82.08785 0 0 0 1 0.002231478 -0.9999975 -3.15543e-5 5.366391 0.999997 0.002231538 -9.29207e-4 -9.603626 9.29275e-4 -2.94807e-5 0.9999996 82.06919 0 0 0 1 0.008115828 -0.9999671 -1.25487e-4 5.366391 0.9999595 0.008116245 -0.00389713 -9.603626 0.003898024 -9.38536e-5 0.9999924 82.01471 0 0 0 1 0.01621651 -0.9998685 -2.953e-4 5.366391 0.9998236 0.0162186 -0.009484291 -9.603626 0.009487807 -1.41444e-4 0.999955 81.92655 0 0 0 1 0.0248422 -0.9996913 -5.65347e-4 5.366391 0.9995246 0.0248484 -0.01825428 -9.603626 0.01826268 -1.116e-4 0.9998332 81.80667 0 0 0 1 0.03217041 -0.999482 -9.4079e-4 5.366391 0.9990218 0.03218412 -0.03032571 -9.603626 0.03034031 3.57218e-5 0.9995396 81.65684 0 0 0 1 0.03650099 -0.9993327 -0.001366674 5.366391 0.9983138 0.03652548 -0.04511636 -9.603626 0.04513621 2.82366e-4 0.9989808 81.47875 0 0 0 1 0.03659766 -0.9993286 -0.001714289 5.366391 0.9974465 0.0366339 -0.06130588 -9.603626 0.06132751 5.33732e-4 0.9981176 81.27394 0 0 0 1 0.0320149 -0.9994857 -0.001814544 5.366391 0.9965136 0.03205955 -0.07702428 -9.603626 0.07704281 6.57663e-4 0.9970276 81.04386 0 0 0 1 0.02328515 -0.9997277 -0.001542508 5.366391 0.9956495 0.02332937 -0.09020948 -9.603626 0.09022086 5.64747e-4 0.9959216 80.78987 0 0 0 1 0.01188939 -0.9999289 -8.93488e-4 5.366391 0.9950143 0.01191943 -0.09901779 -9.603626 0.09902143 2.88229e-4 0.9950852 80.51327 0 0 0 1 -3.57628e-7 -1 0 5.366391 0.9947704 -3.57628e-7 -0.1021374 -9.603626 0.1021374 0 0.9947703 80.21533 0 0 0 1 -0.006013393 -0.9999817 7.96322e-4 5.366391 0.9972662 -0.006055712 -0.07364523 -8.854211 0.07364869 3.51287e-4 0.9972842 79.87297 0 0 0 1 -4.25458e-4 -0.9999989 0.001466333 5.366391 0.999993 -4.30822e-4 -0.003703534 -6.893502 0.00370419 0.001464724 0.9999921 79.46167 0 0 0 1 0.00982517 -0.9999474 0.002961814 5.366391 0.9962095 0.01004439 0.08640581 -4.130409 -0.08643096 0.0021016 0.9962556 78.97968 0 0 0 1 0.01623159 -0.9998553 0.005096852 5.366391 0.9842131 0.0168758 0.176181 -0.9553817 -0.1762415 0.002156674 0.9843446 78.42429 0 0 0 1 0.0156722 -0.9998551 0.00664258 5.366391 0.9693665 0.01682227 0.2450419 2.246484 -0.2451181 0.002598702 0.9694898 77.79187 0 0 0 1 0.01172727 -0.9999058 0.007142007 5.366391 0.962015 0.0132305 0.2726759 5.082399 -0.2727447 0.003672957 0.9620794 77.07777 0 0 0 1 0.009894311 -0.9999238 0.007381498 5.366391 0.9645611 0.01149034 0.2636095 7.327133 -0.2636742 0.004511654 0.9646012 76.29359 0 0 0 1 0.01046413 -0.9999158 0.007659137 5.366391 0.9706756 0.01199716 0.2400934 9.071228 -0.2401651 0.004922211 0.9707196 75.47446 0 0 0 1 0.01188081 -0.999899 0.007800996 5.366391 0.9780718 0.01324301 0.2078467 10.37784 -0.207929 0.00516057 0.9781304 74.64862 0 0 0 1 0.01284241 -0.9998877 0.007721483 5.366391 0.9849079 0.01398223 0.1725136 11.30451 -0.1726021 0.005389451 0.9849769 73.84365 0 0 0 1 0.01281744 -0.9998898 0.007488012 5.366391 0.9900776 0.01373898 0.1398486 11.90464 -0.1399361 0.005621254 0.9901446 73.0871 0 0 0 1 0.01214754 -0.9998999 0.007248461 5.366391 0.9931939 0.01290524 0.1157554 12.22885 -0.1158374 0.005792975 0.9932513 72.40723 0 0 0 1 0.01172727 -0.9999057 0.00714302 5.366391 0.994254 0.01242053 0.1063239 12.32613 -0.1064026 0.005855143 0.9943059 71.8337 0 0 0 1 0.01178598 -0.999905 0.00714612 5.366391 0.9940466 0.01249051 0.1082375 12.21181 -0.1083164 0.005827903 0.9940994 71.37435 0 0 0 1 0.01191413 -0.9999035 0.007153511 5.366391 0.9934869 0.0126478 0.1132422 11.91011 -0.1133217 0.005757689 0.9935417 71.00847 0 0 0 1 0.01203268 -0.9999019 0.007161259 5.366391 0.9926579 0.01280695 0.1202751 11.48046 -0.120355 0.005661427 0.9927148 70.72496 0 0 0 1 0.01207953 -0.9999014 0.007165372 5.366391 0.9916501 0.01289939 0.1283109 10.98004 -0.1283907 0.005555629 0.9917081 70.51357 0 0 0 1 0.01203221 -0.999902 0.007163524 5.366391 0.9905777 0.01289683 0.1363434 10.46485 -0.1364223 0.005455493 0.9906358 70.36471 0 0 0 1 0.01191389 -0.9999035 0.007156133 5.366391 0.9895865 0.01281702 0.1433678 9.99083 -0.1434457 0.005373537 0.9896436 70.26924 0 0 0 1 0.01178592 -0.999905 0.007147014 5.366391 0.9888512 0.01271611 0.1483633 9.614803 -0.1484401 0.00531876 0.9889071 70.21834 0 0 0 1 0.01172733 -0.9999057 0.007142722 5.366391 0.9885634 0.01266777 0.1502728 9.395648 -0.1503491 0.005298733 0.9886188 70.20332 0 0 0 1 0.01178658 -0.999905 0.007147073 5.366391 0.9888998 0.01271498 0.1480389 9.394108 -0.1481156 0.005322873 0.9889557 70.11538 0 0 0 1 0.01190626 -0.9999035 0.007155597 5.366391 0.9897372 0.01280373 0.1423249 9.537054 -0.1424028 0.005387604 0.9897941 69.91853 0 0 0 1 0.01199501 -0.9999024 0.007161021 5.366391 0.990823 0.01284974 0.1345529 9.689136 -0.1346318 0.005481362 0.9908806 69.71004 0 0 0 1 0.01199507 -0.9999024 0.007159948 5.366391 0.9919353 0.01280242 0.1260969 9.718053 -0.1261762 0.005589663 0.9919921 69.58496 0 0 0 1 0.01190626 -0.9999036 0.007153868 5.366391 0.992895 0.01266932 0.1183174 9.491271 -0.1183966 0.005694329 0.99295 69.63844 0 0 0 1 0.01178658 -0.9999051 0.007146894 5.366391 0.9935623 0.01251661 0.1125936 8.872781 -0.1126724 0.005773782 0.9936154 69.96809 0 0 0 1 0.01172739 -0.9999057 0.007143557 5.366391 0.9938144 0.01244431 0.1103549 7.719519 -0.1104333 0.005805194 0.9938666 70.6764 0 0 0 1 0.01159071 -0.9999083 0.00701189 5.366391 0.9937095 0.01229941 0.1113116 6.142477 -0.1113877 0.00567758 0.9937608 71.6858 0 0 0 1 0.01119482 -0.9999152 0.006648182 5.366391 0.9934166 0.01187962 0.1139399 4.393983 -0.1140092 0.005328893 0.9934654 72.81851 0 0 0 1 0.01054334 -0.9999259 0.006096482 5.366391 0.9929642 0.01118868 0.1178855 2.534477 -0.117945 0.00481069 0.9930085 74.03311 0 0 0 1 0.009634613 -0.999939 0.005398154 5.366391 0.9923782 0.01022469 0.1228038 0.6228319 -0.1228515 0.004173874 0.9924163 75.28931 0 0 0 1 0.008478283 -0.9999535 0.004594087 5.366391 0.9916872 0.008997917 0.1283577 -1.28312 -0.1283931 0.003467679 0.9917173 76.54752 0 0 0 1 0.007107734 -0.9999678 0.003726422 5.366391 0.9909234 0.007543623 0.1342163 -3.126104 -0.1342401 0.002738595 0.9909451 77.76856 0 0 0 1 0.005585789 -0.9999803 0.002839863 5.366391 0.9901261 0.005928516 0.1400536 -4.848917 -0.1400676 0.002029478 0.9901399 78.91332 0 0 0 1 0.004008471 -0.99999 0.001983404 5.366391 0.989342 0.00425446 0.1455484 -6.393964 -0.1455553 0.001378834 0.9893491 79.94243 0 0 0 1 0.002502918 -0.9999962 0.001210868 5.366391 0.9886243 0.002656519 0.1503826 -7.702783 -0.1503852 8.20726e-4 0.9886271 80.81597 0 0 0 1 0.001221358 -0.9999991 5.80892e-4 5.366391 0.9880326 0.001296341 0.1542395 -8.715548 -0.1542401 3.85568e-4 0.9880333 81.49308 0 0 0 1 3.31163e-4 -1 1.55821e-4 5.366391 0.9876307 3.51489e-4 0.1567981 -9.370547 -0.1567981 1.01969e-4 0.9876307 81.93163 0 0 0 1 -1.19209e-7 -1 0 5.366391 0.9874827 -1.19209e-7 0.1577274 -9.603626 -0.1577274 0 0.9874827 82.08785 0 0 0 1 -1.19209e-7 -1 0 5.366391 0.9883359 -1.19209e-7 0.1522896 -9.603626 -0.1522896 0 0.9883359 82.08785 0 0 0 1 0 -1 0 5.366391 0.9904597 0 0.1378024 -9.603626 -0.1378024 0 0.9904597 82.08785 0 0 0 1 -1.19209e-7 -1 0 5.366391 0.9931435 -1.19209e-7 0.1169014 -9.603626 -0.1169014 0 0.9931435 82.08785 0 0 0 1 -2.38419e-7 -1 0 5.366391 0.9957457 -2.38419e-7 0.09214478 -9.603626 -0.09214478 0 0.9957456 82.08785 0 0 0 1 1.19209e-7 -1 0 5.366391 0.9978152 1.19209e-7 0.06606656 -9.603626 -0.06606656 0 0.9978152 82.08785 0 0 0 1 0 -1 0 5.366391 0.9991505 0 0.04120951 -9.603626 -0.04120951 0 0.9991505 82.08785 0 0 0 1 0 -1 0 5.366391 0.999797 0 0.02014696 -9.603626 -0.02014696 0 0.9997971 82.08785 0 0 0 1 -1.19209e-7 -1 0 5.366391 0.9999849 -1.19209e-7 0.0055058 -9.603626 -0.0055058 0 0.9999849 82.08785 0 0 0 1 0 -1 0 5.366391 1 0 3.13916e-7 -9.603626 -3.13916e-7 0 1 82.08785 0 0 0 1</float_array>
        <technique_common>
          <accessor source="#node-Bip001_matrix-output-array" count="61" stride="16">
            <param name="TRANSFORM" type="float4x4"/>
          </accessor>
        </technique_common>
      </source>
      <source id="node-Bip001_matrix-interpolation">
        <Name_array id="node-Bip001_matrix-interpolation-array" count="61">LINEAR LINEAR LINEAR LINEAR LINEAR LINEAR LINEAR LINEAR LINEAR LINEAR LINEAR LINEAR LINEAR LINEAR LINEAR LINEAR LINEAR LINEAR LINEAR LINEAR LINEAR LINEAR LINEAR LINEAR LINEAR LINEAR LINEAR LINEAR LINEAR LINEAR LINEAR LINEAR LINEAR LINEAR LINEAR LINEAR LINEAR LINEAR LINEAR LINEAR LINEAR LINEAR LINEAR LINEAR LINEAR LINEAR LINEAR LINEAR LINEAR LINEAR LINEAR LINEAR LINEAR LINEAR LINEAR LINEAR LINEAR LINEAR LINEAR LINEAR LINEAR</Name_array>
        <technique_common>
          <accessor source="#node-Bip001_matrix-interpolation-array" count="61" stride="1">
            <param name="INTERPOLATION" type="name"/>
          </accessor>
        </technique_common>
      </source>
      <source id="node-Bip001_Spine_matrix-input">
        <float_array id="node-Bip001_Spine_matrix-input-array" count="61">31 31.03333 31.06667 31.1 31.13333 31.16667 31.2 31.23333 31.26667 31.3 31.33333 31.36667 31.4 31.43333 31.46667 31.5 31.53333 31.56667 31.6 31.63333 31.66667 31.7 31.73333 31.76667 31.8 31.83333 31.86667 31.9 31.93333 31.96667 32 32.03333 32.06667 32.1 32.13334 32.16667 32.2 32.23333 32.26667 32.3 32.33333 32.36666 32.4 32.43333 32.46667 32.5 32.53333 32.56667 32.6 32.63334 32.66667 32.7 32.73333 32.76667 32.8 32.83333 32.86666 32.9 32.93333 32.96667 33</float_array>
        <technique_common>
          <accessor source="#node-Bip001_Spine_matrix-input-array" count="61" stride="1">
            <param name="TIME" type="float"/>
          </accessor>
        </technique_common>
      </source>
      <source id="node-Bip001_Spine_matrix-output">
