<?xml version="1.0" encoding="utf-8"?>
<COLLADA xmlns="http://www.collada.org/2005/11/COLLADASchema" version="1.4.1">
  <asset>
    <contributor>
      <author>MattO</author>
      <authoring_tool>OpenCOLLADA for 3ds Max;  Version: 1.3.0;  Revision: 839M;  Platform: x64;  Configuration: Release_Max2012</authoring_tool>
      <source_data>file:///C:/Dropbox/Prj/GG/Art_Pack/Soldier_Death_Pack/Soldier_DeathPack_Animation_Master.max</source_data>
    </contributor>
    <created>2011-08-18T15:07:05</created>
    <modified>2011-08-18T15:07:05</modified>
    <unit name="meter" meter="1"/>
    <up_axis>Z_UP</up_axis>
  </asset>
  <library_effects>
    <effect id="BoundsMaterial">
      <profile_COMMON>
        <technique sid="common">
          <blinn>
            <emission>
              <color>0 0 0 1</color>
            </emission>
            <ambient>
              <color>0.07058824 1 0 1</color>
            </ambient>
            <diffuse>
              <color>0.07058824 1 0 1</color>
            </diffuse>
            <specular>
              <color>0.9 0.9 0.9 1</color>
            </specular>
            <shininess>
              <float>10</float>
            </shininess>
            <reflective>
              <color>0 0 0 1</color>
            </reflective>
            <transparent opaque="A_ONE">
              <color>1 1 1 1</color>
            </transparent>
            <transparency>
              <float>0.73</float>
            </transparency>
          </blinn>
        </technique>
      </profile_COMMON>
      <extra>
        <technique profile="OpenCOLLADA3dsMax">
          <extended_shader>
            <apply_reflection_dimming>0</apply_reflection_dimming>
            <dim_level>0</dim_level>
            <falloff_type>0</falloff_type>
            <index_of_refraction>1.5</index_of_refraction>
            <opacity_type>0</opacity_type>
            <reflection_level>3</reflection_level>
            <wire_size>1</wire_size>
            <wire_units>0</wire_units>
          </extended_shader>
          <shader>
            <ambient_diffuse_lock>1</ambient_diffuse_lock>
            <ambient_diffuse_texture_lock>1</ambient_diffuse_texture_lock>
            <diffuse_specular_lock>0</diffuse_specular_lock>
            <soften>0.1</soften>
            <use_self_illum_color>0</use_self_illum_color>
          </shader>
        </technique>
      </extra>
    </effect>
  </library_effects>
  <library_materials>
    <material id="BoundsMaterial-material" name="BoundsMaterial">
      <instance_effect url="#BoundsMaterial"/>
    </material>
  </library_materials>
  <library_geometries>
    <geometry id="geom-Bounds" name="Bounds">
      <mesh>
        <source id="geom-Bounds-positions">
          <float_array id="geom-Bounds-positions-array" count="24">-0.425 -0.425 0 0.425 -0.425 0 -0.425 0.425 0 0.425 0.425 0 -0.425 -0.425 1.838329 0.425 -0.425 1.838329 -0.425 0.425 1.838329 0.425 0.425 1.838329</float_array>
          <technique_common>
            <accessor source="#geom-Bounds-positions-array" count="8" stride="3">
              <param name="X" type="float"/>
              <param name="Y" type="float"/>
              <param name="Z" type="float"/>
            </accessor>
          </technique_common>
        </source>
        <source id="geom-Bounds-normals">
          <float_array id="geom-Bounds-normals-array" count="72">0 0 -1 0 0 -1 0 0 -1 0 0 -1 0 0 1 0 0 1 0 0 1 0 0 1 0 -1 0 0 -1 0 0 -1 0 0 -1 0 1 0 0 1 0 0 1 0 0 1 0 0 0 1 0 0 1 0 0 1 0 0 1 0 -1 0 0 -1 0 0 -1 0 0 -1 0 0</float_array>
          <technique_common>
            <accessor source="#geom-Bounds-normals-array" count="24" stride="3">
              <param name="X" type="float"/>
              <param name="Y" type="float"/>
              <param name="Z" type="float"/>
            </accessor>
          </technique_common>
        </source>
        <source id="geom-Bounds-map1">
          <float_array id="geom-Bounds-map1-array" count="36">0 0 0 1 0 0 0 1 0 1 1 0 0 0 0 1 0 0 0 1 0 1 1 0 0 0 0 1 0 0 0 1 0 1 1 0</float_array>
          <technique_common>
            <accessor source="#geom-Bounds-map1-array" count="12" stride="3">
              <param name="S" type="float"/>
              <param name="T" type="float"/>
              <param name="P" type="float"/>
            </accessor>
          </technique_common>
        </source>
        <vertices id="geom-Bounds-vertices">
          <input semantic="POSITION" source="#geom-Bounds-positions"/>
        </vertices>
        <triangles material="BoundsMaterial" count="12">
          <input semantic="VERTEX" source="#geom-Bounds-vertices" offset="0"/>
          <input semantic="NORMAL" source="#geom-Bounds-normals" offset="1"/>
          <input semantic="TEXCOORD" source="#geom-Bounds-map1" offset="2" set="0"/>
          <p>0 0 9 2 1 11 3 2 10 3 2 10 1 3 8 0 0 9 4 4 8 5 5 9 7 6 11 7 6 11 6 7 10 4 4 8 0 8 4 1 9 5 5 10 7 5 10 7 4 11 6 0 8 4 1 12 0 3 13 1 7 14 3 7 14 3 5 15 2 1 12 0 3 16 4 2 17 5 6 18 7 6 18 7 7 19 6 3 16 4 2 20 0 0 21 1 4 22 3 4 22 3 6 23 2 2 20 0</p>
        </triangles>
      </mesh>
      <extra>
        <technique profile="OpenCOLLADA3dsMax">
          <max_box>
            <generateuvs>1</generateuvs>
            <height>1.838329</height>
            <heightsegments>1</heightsegments>
            <length>0.85</length>
            <lengthsegments>1</lengthsegments>
            <width>0.85</width>
            <widthsegments>1</widthsegments>
          </max_box>
        </technique>
      </extra>
    </geometry>
  </library_geometries>
  <library_lights>
    <light id="EnvironmentAmbientLight" name="EnvironmentAmbientLight">
      <technique_common>
        <ambient>
          <color>0 0 0</color>
        </ambient>
      </technique_common>
    </light>
  </library_lights>
  <library_visual_scenes>
    <visual_scene id="MaxScene">
      <node name="EnvironmentAmbientLight">
        <instance_light url="#EnvironmentAmbientLight"/>
      </node>
      <node id="node-Bip01" name="Bip01">
        <matrix sid="matrix">0.7792374 -0.6267176 0.003750233 -8.10623e-5 0.626718 0.7792451 0.001183393 0.009366653 -0.003664004 0.001428195 0.9999923 0.7990584 0 0 0 1</matrix>
        <node id="node-Bip01_Pelvis" name="Bip01_Pelvis">
          <matrix sid="matrix">-0.009626746 0.9912359 0.1317526 0 -0.1217414 -0.1319404 0.9837534 0 0.9925151 -0.006569402 0.1219446 0 0 0 0 1</matrix>
          <node id="node-Bip01_Spine" name="Bip01_Spine">
            <matrix sid="matrix">0.9142388 -0.1596023 -0.3724172 0.1975123 0.1756539 0.9844078 0.009333365 0.02499344 0.3651208 -0.07394947 0.9280187 0.02780976 0 0 0 1</matrix>
            <node id="node-Bip01_Spine1" name="Bip01_Spine1">
              <matrix sid="matrix">0.9850424 0.02363086 -0.1706849 0.1022274 -0.01319329 0.9979873 0.06202856 -1.00821e-4 0.1718071 -0.05884888 0.9833714 5.93066e-6 0 0 0 1</matrix>
              <node id="node-Bip01_Spine2" name="Bip01_Spine2">
                <matrix sid="matrix">0.9369742 -0.3477308 -0.03409594 0.1269255 0.349036 0.9270918 0.1366548 -1.58779e-4 -0.01590919 -0.1399427 0.9900316 2.40803e-5 0 0 0 1</matrix>
                <node id="node-Bip01_Neck" name="Bip01_Neck">
                  <matrix sid="matrix">0.8407081 -0.4308255 0.3280236 0.215107 0.4136219 0.9019013 0.1244631 -4.97103e-5 -0.3494668 0.03104055 0.9364344 -1.69873e-6 0 0 0 1</matrix>
                  <node id="node-Bip01_Head" name="Bip01_Head">
                    <matrix sid="matrix">0.9475709 -0.06889564 -0.3120294 0.07051814 -0.2855059 0.2560087 -0.9235506 -0.01395917 0.1435109 0.9642162 0.2229163 1.49012e-8 0 0 0 1</matrix>
                  </node>
                  <node id="node-Bip01_L_Clavicle" name="Bip01_L_Clavicle">
                    <matrix sid="matrix">-0.5778345 -0.4531802 0.6787745 -0.04690337 0.283809 -0.8913432 -0.3534966 -0.01204771 0.7652188 -0.0116202 0.6436654 0.05588403 0 0 0 1</matrix>
                    <node id="node-Bip01_L_UpperArm" name="Bip01_L_UpperArm">
                      <matrix sid="matrix">0.8909777 0.4284352 0.1503385 0.1824007 -0.3034248 0.3155084 0.8991038 -2.98023e-8 0.3377749 -0.8466979 0.4111089 -5.96046e-8 0 0 0 1</matrix>
                      <node id="node-Bip01_L_Forearm" name="Bip01_L_Forearm">
                        <matrix sid="matrix">0.3454965 0.9384202 2.98023e-8 0.2843691 -0.9384201 0.3454965 -5.96046e-8 0 2.98023e-8 -2.98023e-8 1 -5.96046e-8 0 0 0 1</matrix>
                        <node id="node-Bip01_L_Hand" name="Bip01_L_Hand">
                          <matrix sid="matrix">0.9513593 0.241855 -0.190845 0.2810681 0.1384708 -0.8890384 -0.4363904 -1.19209e-7 -0.2752118 0.3887376 -0.8792848 5.96046e-8 0 0 0 1</matrix>
                          <node id="node-Bip01_L_Finger0" name="Bip01_L_Finger0">
                            <matrix>0.6413841 0.3141903 0.6999361 0.02119666 0.7352948 0.008702889 -0.6776913 -0.004734397 -0.2190155 0.94932 -0.2254407 -0.02572185 0 0 0 1</matrix>
                            <node id="node-Bip01_L_Finger01" name="Bip01_L_Finger01">
                              <matrix>0.9975641 -0.06975643 -2.98023e-8 0.04982877 0.06975645 0.9975642 5.58794e-9 -5.96046e-8 0 -4.47035e-8 1 0 0 0 0 1</matrix>
                              <node id="node-Bip01_L_Finger02" name="Bip01_L_Finger02">
                                <matrix>0.9203137 0.3911815 -2.98023e-8 0.05202234 -0.3911815 0.9203135 1.86265e-8 2.98023e-8 0 0 1 0 0 0 0 1</matrix>
                              </node>
                            </node>
                          </node>
                          <node id="node-Bip01_L_Finger1" name="Bip01_L_Finger1">
                            <matrix>0.9592716 -0.2819768 -0.01693498 0.1199946 0.2798396 0.9567645 -0.07931919 -0.008367658 0.03856896 0.0713495 0.9967054 -0.04101384 0 0 0 1</matrix>
                            <node id="node-Bip01_L_Finger11" name="Bip01_L_Finger11">
                              <matrix>0.7001773 -0.7139691 1.49012e-8 0.03644192 0.7139691 0.7001773 1.49012e-8 0 1.49012e-8 -2.6077e-8 1 0 0 0 0 1</matrix>
                              <node id="node-Bip01_L_Finger12" name="Bip01_L_Finger12">
                                <matrix>0.8757258 -0.4828088 0 0.03117537 0.4828088 0.875726 2.6077e-8 -2.98023e-8 -1.49012e-8 3.72529e-8 1 -5.96046e-8 0 0 0 1</matrix>
                              </node>
                            </node>
                          </node>
                          <node id="node-Bip01_L_Finger2" name="Bip01_L_Finger2">
                            <matrix>0.6611331 -0.7495596 -0.03260918 0.1229539 0.7489769 0.656822 0.08728345 -0.008802116 -0.04400577 -0.08212958 0.9956496 -0.01328248 0 0 0 1</matrix>
                            <node id="node-Bip01_L_Finger21" name="Bip01_L_Finger21">
                              <matrix>0.8156036 -0.5786112 2.42144e-8 0.03895521 0.5786111 0.8156036 2.14204e-8 1.78814e-7 6.70552e-8 6.74045e-8 1 5.96046e-8 0 0 0 1</matrix>
                              <node id="node-Bip01_L_Finger22" name="Bip01_L_Finger22">
                                <matrix>0.9762961 -0.2164397 7.45058e-9 0.03800547 0.2164397 0.976296 -3.58559e-8 -5.96046e-8 -1.86265e-9 -1.44355e-8 1 5.96046e-8 0 0 0 1</matrix>
                              </node>
                            </node>
                          </node>
                          <node id="node-Bip01_L_Finger3" name="Bip01_L_Finger3">
                            <matrix>0.4124629 -0.9064789 -0.09038849 0.1211881 0.9061532 0.3980611 0.1429456 -0.001191378 -0.09359705 -0.1408656 0.9855943 0.01196861 0 0 0 1</matrix>
                            <node id="node-Bip01_L_Finger31" name="Bip01_L_Finger31">
                              <matrix>0.9381478 -0.3462352 -5.58794e-9 0.03155851 0.3462351 0.9381478 -1.62981e-8 2.98023e-8 1.86265e-9 7.05477e-8 1 0 0 0 0 1</matrix>
                              <node id="node-Bip01_L_Finger32" name="Bip01_L_Finger32">
                                <matrix>0.9636306 -0.2672385 3.72529e-9 0.03366601 0.2672384 0.9636306 5.00586e-8 0 1.86265e-8 3.07336e-8 1 5.96046e-8 0 0 0 1</matrix>
                              </node>
                            </node>
                          </node>
                          <node id="node-Bip01_L_Finger4" name="Bip01_L_Finger4">
                            <matrix>0.07120569 -0.9696805 0.2337719 0.1136796 0.9750154 0.1171045 0.1887628 0.005147457 -0.2104154 0.2144902 0.953792 0.0388658 0 0 0 1</matrix>
                            <node id="node-Bip01_L_Finger41" name="Bip01_L_Finger41">
                              <matrix>0.9790112 -0.2038069 0 0.03661621 0.2038069 0.9790111 3.53903e-8 -1.19209e-7 1.49012e-8 -6.33299e-8 0.9999999 1.49012e-8 0 0 0 1</matrix>
                              <node id="node-Bip01_L_Finger42" name="Bip01_L_Finger42">
                                <matrix>0.9645151 0.2640274 0 0.0177263 -0.2640274 0.9645153 3.72529e-8 0 -2.98023e-8 -4.84288e-8 1 1.49012e-8 0 0 0 1</matrix>
                              </node>
                            </node>
                          </node>
                        </node>
                      </node>
                    </node>
                  </node>
                  <node id="node-Bip01_R_Clavicle" name="Bip01_R_Clavicle">
                    <matrix sid="matrix">0.2073931 -0.1669672 -0.9639034 8.67009e-4 0.5679266 -0.7817281 0.2576055 -0.01629043 -0.7965222 -0.6008521 -0.06729987 -0.07212144 0 0 0 1</matrix>
                    <node id="node-Bip01_R_UpperArm" name="Bip01_R_UpperArm">
                      <matrix sid="matrix">0.3443803 0.9301465 -0.1273959 0.1824007 -0.8986129 0.3658703 0.2421444 5.96046e-8 0.27184 0.03108989 0.9618402 0 0 0 0 1</matrix>
                      <node id="node-Bip01_R_Forearm" name="Bip01_R_Forearm">
                        <matrix sid="matrix">-0.07265088 0.9973575 -2.98023e-8 0.2843689 -0.9973575 -0.07265084 -4.47035e-8 0 0 5.96046e-8 1 0 0 0 0 1</matrix>
                        <node id="node-Bip01_R_Hand" name="Bip01_R_Hand">
                          <matrix sid="matrix">0.9247897 0.3771959 -0.04987456 0.2810681 0.2033486 -0.6007848 -0.7731152 5.96046e-8 -0.3215797 0.704827 -0.6323019 1.19209e-7 0 0 0 1</matrix>
                          <node id="node-Bip01_R_Finger0" name="Bip01_R_Finger0">
                            <matrix>0.5215105 0.269013 -0.8097275 0.02119681 0.7250717 0.3605265 0.5867638 -0.004734248 0.4497752 -0.893114 -0.007035488 0.02572191 0 0 0 1</matrix>
                            <node id="node-Bip01_R_Finger01" name="Bip01_R_Finger01">
                              <matrix>0.6423534 -0.7636236 0.06527573 0.04982859 0.7605615 0.6456373 0.06854744 0 -0.09448889 0.005614506 0.9955102 0 0 0 0 1</matrix>
                              <node id="node-Bip01_R_Finger02" name="Bip01_R_Finger02">
                                <matrix>0.9505157 -0.3106765 -3.72529e-9 0.05202234 0.3106765 0.9505157 0 0 3.91155e-8 -2.98023e-8 1 0 0 0 0 1</matrix>
                              </node>
                            </node>
                          </node>
                          <node id="node-Bip01_R_Finger1" name="Bip01_R_Finger1">
                            <matrix>0.9820224 -0.1733427 -0.07472671 0.1199946 0.1795577 0.9799358 0.0865149 -0.008367568 0.05823064 -0.09837735 0.9934441 0.04101372 0 0 0 1</matrix>
                            <node id="node-Bip01_R_Finger11" name="Bip01_R_Finger11">
                              <matrix>0.8240547 -0.5665103 0 0.03644174 0.5665102 0.8240547 7.45058e-9 0 0 2.98023e-8 1 1.19209e-7 0 0 0 1</matrix>
                              <node id="node-Bip01_R_Finger12" name="Bip01_R_Finger12">
                                <matrix>0.8146399 -0.5796779 0.01831832 0.03117548 0.5799673 0.8142334 -0.02573049 -5.96046e-8 7.45058e-9 0.03158512 0.999501 1.19209e-7 0 0 0 1</matrix>
                              </node>
                            </node>
                          </node>
                          <node id="node-Bip01_R_Finger2" name="Bip01_R_Finger2">
                            <matrix>0.6754013 -0.7374503 -1.52119e-4 0.1229538 0.7368314 0.6748428 -0.04082685 -0.008802027 0.03021043 0.02746242 0.9991661 0.01328242 0 0 0 1</matrix>
                            <node id="node-Bip01_R_Finger21" name="Bip01_R_Finger21">
                              <matrix>0.5508358 -0.8338859 -0.0348487 0.03895517 0.832222 0.5519371 -0.05265063 0 0.06313889 -9.31323e-9 0.9980048 0 0 0 0 1</matrix>
                              <node id="node-Bip01_R_Finger22" name="Bip01_R_Finger22">
                                <matrix>0.1984735 -0.9799246 0.01886613 0.03800541 0.9755273 0.199368 0.09272985 0 -0.09462958 -1.49012e-8 0.9955126 -1.19209e-7 0 0 0 1</matrix>
                              </node>
                            </node>
                          </node>
                          <node id="node-Bip01_R_Finger3" name="Bip01_R_Finger3">
                            <matrix>0.7159052 -0.6949216 0.06755452 0.1211882 0.6883787 0.6863563 -0.234627 -0.001191229 0.1166809 0.2144738 0.9697352 -0.01196873 0 0 0 1</matrix>
                            <node id="node-Bip01_R_Finger31" name="Bip01_R_Finger31">
                              <matrix>0.4441952 -0.8949345 0.04222352 0.03155845 0.8909186 0.4461976 0.08468727 1.49012e-8 -0.09462959 2.11876e-8 0.9955126 0 0 0 0 1</matrix>
                              <node id="node-Bip01_R_Finger32" name="Bip01_R_Finger32">
                                <matrix>0.1993681 -0.9794359 -0.03095105 0.03366594 0.9799249 0.1992686 0.006297085 -2.98023e-8 -1.86265e-8 -0.03158513 0.9995011 0 0 0 0 1</matrix>
                              </node>
                            </node>
                          </node>
                          <node id="node-Bip01_R_Finger4" name="Bip01_R_Finger4">
                            <matrix>0.5925792 -0.789795 -0.1583476 0.1136797 0.7783523 0.6120424 -0.1399001 0.005147398 0.2074078 -0.04034831 0.9774221 -0.0388658 0 0 0 1</matrix>
                            <node id="node-Bip01_R_Finger41" name="Bip01_R_Finger41">
                              <matrix>0.4202556 -0.9064696 0.04120624 0.03661624 0.906853 0.421151 0.0157878 0 -0.03166522 0.030733 0.9990261 0 0 0 0 1</matrix>
                              <node id="node-Bip01_R_Finger42" name="Bip01_R_Finger42">
                                <matrix>0.402447 -0.9138246 -0.05441484 0.0177263 0.915423 0.4021218 0.01728319 5.96046e-8 0.006087646 -0.05676816 0.9983687 -2.38419e-7 0 0 0 1</matrix>
                              </node>
                            </node>
                          </node>
                          <node id="node-mount0" name="mount0">
                            <matrix>-6.23999e-7 1 2.79397e-9 0.109539 -1 -6.51018e-7 4.77768e-7 0.02518257 4.787e-7 9.0804e-9 1 0.01321661 0 0 0 1</matrix>
                          </node>
                        </node>
                      </node>
                    </node>
                  </node>
                </node>
                <node id="node-Bip01_L_Pauldron_Upper" name="Bip01_L_Pauldron_Upper">
                  <matrix sid="matrix">0.9726267 0.1182923 0.2000107 0.1769029 0.1448455 -0.981683 -0.1237686 -0.03908369 0.1817062 0.1493513 -0.9719448 0.2290199 0 0 0 1</matrix>
                </node>
                <node id="node-Bip01_R_Pauldron_Lower" name="Bip01_R_Pauldron_Lower">
                  <matrix sid="matrix">-0.1156725 -0.9403759 -0.3198654 0.1729059 0.9097751 -0.2295502 0.3458563 -0.1133294 -0.39866 -0.2509996 0.8820827 -0.2351094 0 0 0 1</matrix>
                </node>
                <node id="node-Bip01_L_Pauldron_Lower" name="Bip01_L_Pauldron_Lower">
                  <matrix sid="matrix">-0.2099973 -0.7687201 0.6041284 0.1529201 0.4002344 -0.6313509 -0.6642358 -0.1054225 0.8920281 0.1023053 0.4402497 0.2344802 0 0 0 1</matrix>
                </node>
              </node>
            </node>
            <node id="node-Bip01_L_Thigh" name="Bip01_L_Thigh">
              <matrix sid="matrix">-0.4488832 0.8921254 -0.05115052 -0.1485697 0.5193903 0.3070603 0.7974634 -4.51177e-4 0.7271435 0.3314008 -0.6011954 0.1658256 0 0 0 1</matrix>
              <node id="node-Bip01_L_Calf" name="Bip01_L_Calf">
                <matrix sid="matrix">0.4034096 0.9150195 -1.86265e-9 0.4629987 -0.9150194 0.4034096 5.58794e-9 -5.96046e-8 -1.49012e-8 -9.31323e-10 1 0 0 0 0 1</matrix>
                <node id="node-Bip01_L_Foot" name="Bip01_L_Foot">
                  <matrix sid="matrix">0.9319391 -0.3536307 -0.08021854 0.3610501 0.3615529 0.9231068 0.1309713 8.9407e-8 0.02773471 -0.1510605 0.9881354 -7.45058e-9 0 0 0 1</matrix>
                  <node id="node-Bip01_L_Toe0" name="Bip01_L_Toe0">
                    <matrix sid="matrix">-9.77889e-9 -1 1.61957e-6 0.1486307 1 -9.77889e-9 3.80456e-7 0.1543275 -3.79969e-7 1.61864e-6 1 0 0 0 0 1</matrix>
                  </node>
                </node>
              </node>
            </node>
            <node id="node-Bip01_R_Thigh" name="Bip01_R_Thigh">
              <matrix sid="matrix">-0.9150336 0.3601502 0.1816733 -0.2416654 0.4023474 0.8470545 0.3472972 0.01840355 -0.02880804 0.3908844 -0.919989 -0.07079412 0 0 0 1</matrix>
              <node id="node-Bip01_R_Calf" name="Bip01_R_Calf">
                <matrix sid="matrix">0.4439615 0.8960459 -2.98023e-8 0.4629988 -0.8960459 0.4439616 0 1.11759e-8 -4.47035e-8 5.96046e-8 1 0 0 0 0 1</matrix>
                <node id="node-Bip01_R_Foot" name="Bip01_R_Foot">
                  <matrix sid="matrix">0.6470292 -0.7364011 0.1976529 0.3610501 0.7123639 0.6762669 0.1876193 1.49012e-8 -0.2718291 0.0194057 0.9621499 0 0 0 0 1</matrix>
                  <node id="node-Bip01_R_Toe0" name="Bip01_R_Toe0">
                    <matrix sid="matrix">-0.1805805 -0.9786914 0.0977449 0.1486307 0.9833316 -0.1817876 -0.00351337 0.1543275 0.02120734 0.0954812 0.9952053 -2.98023e-8 0 0 0 1</matrix>
                  </node>
                </node>
              </node>
            </node>
          </node>
          <node id="node-Bip01_FannyPack" name="Bip01_FannyPack">
            <matrix sid="matrix">-0.9629918 -0.2062316 0.1735378 0.2299508 -0.2083318 0.9780384 0.006227084 -0.1378937 -0.1710108 -0.03015687 -0.9848076 0.01013965 0 0 0 1</matrix>
          </node>
        </node>
      </node>
      <node id="node-Bounds" name="Bounds">
        <matrix>0.9999914 0.001706907 0.003750472 0 -0.001711356 0.9999977 0.001183292 0.05 -0.003748445 -0.0011897 0.999992 -8.93474e-5 0 0 0 1</matrix>
        <instance_geometry url="#geom-Bounds">
          <bind_material>
            <technique_common>
              <instance_material symbol="BoundsMaterial" target="#BoundsMaterial-material"/>
            </technique_common>
          </bind_material>
        </instance_geometry>
      </node>
    </visual_scene>
  </library_visual_scenes>
  <library_animations>
    <animation>
      <source id="node-Bip01_matrix-input">
        <float_array id="node-Bip01_matrix-input-array" count="981">1.333333 1.366667 1.4 1.433333 1.466667 1.5 1.533333 1.566667 1.6 1.633333 1.666667 1.7 1.733333 1.766667 1.8 1.833333 1.866667 1.9 1.933333 1.966667 2 2.033333 2.066667 2.1 2.133333 2.166667 2.2 2.233333 2.266667 2.3 2.333333 2.366667 2.4 2.433333 2.466667 2.5 2.533333 2.566667 2.6 2.633333 2.666667 2.7 2.733333 2.766667 2.8 2.833333 2.866667 2.9 2.933333 2.966667 3 3.033333 3.066667 3.1 3.133333 3.166667 3.2 3.233333 3.266667 3.3 3.333333 3.366667 3.4 3.433333 3.466667 3.5 3.533333 3.566667 3.6 3.633333 3.666667 3.7 3.733333 3.766667 3.8 3.833333 3.866667 3.9 3.933333 3.966667 4 4.033333 4.066667 4.1 4.133333 4.166667 4.2 4.233333 4.266667 4.3 4.333333 4.366667 4.4 4.433333 4.466667 4.5 4.533333 4.566667 4.6 4.633333 4.666667 4.7 4.733333 4.766667 4.8 4.833333 4.866667 4.9 4.933333 4.966667 5 5.033333 5.066667 5.1 5.133333 5.166667 5.2 5.233333 5.266667 5.3 5.333333 5.366667 5.4 5.433333 5.466667 5.5 5.533333 5.566667 5.6 5.633333 5.666667 5.7 5.733333 5.766667 5.8 5.833333 5.866667 5.9 5.933333 5.966667 6 6.033333 6.066667 6.1 6.133333 6.166667 6.2 6.233333 6.266667 6.3 6.333333 6.366667 6.4 6.433333 6.466667 6.5 6.533333 6.566667 6.6 6.633333 6.666667 6.7 6.733333 6.766667 6.8 6.833333 6.866667 6.9 6.933333 6.966667 7 7.033333 7.066667 7.1 7.133333 7.166667 7.2 7.233333 7.266667 7.3 7.333333 7.366667 7.4 7.433333 7.466667 7.5 7.533333 7.566667 7.6 7.633333 7.666667 7.7 7.733333 7.766667 7.8 7.833333 7.866667 7.9 7.933333 7.966667 8 8.033334 8.066667 8.1 8.133333 8.166667 8.2 8.233334 8.266666 8.3 8.333333 8.366667 8.4 8.433333 8.466666 8.5 8.533334 8.566667 8.6 8.633333 8.666667 8.7 8.733334 8.766666 8.8 8.833333 8.866667 8.9 8.933333 8.966666 9 9.033334 9.066667 9.1 9.133333 9.166667 9.2 9.233334 9.266666 9.3 9.333333 9.366667 9.4 9.433333 9.466666 9.5 9.533334 9.566667 9.6 9.633333 9.666667 9.7 9.733334 9.766666 9.8 9.833333 9.866667 9.9 9.933333 9.966666 10 10.03333 10.06667 10.1 10.13333 10.16667 10.2 10.23333 10.26667 10.3 10.33333 10.36667 10.4 10.43333 10.46667 10.5 10.53333 10.56667 10.6 10.63333 10.66667 10.7 10.73333 10.76667 10.8 10.83333 10.86667 10.9 10.93333 10.96667 11 11.03333 11.06667 11.1 11.13333 11.16667 11.2 11.23333 11.26667 11.3 11.33333 11.36667 11.4 11.43333 11.46667 11.5 11.53333 11.56667 11.6 11.63333 11.66667 11.7 11.73333 11.76667 11.8 11.83333 11.86667 11.9 11.93333 11.96667 12 12.03333 12.06667 12.1 12.13333 12.16667 12.2 12.23333 12.26667 12.3 12.33333 12.36667 12.4 12.43333 12.46667 12.5 12.53333 12.56667 12.6 12.63333 12.66667 12.7 12.73333 12.76667 12.8 12.83333 12.86667 12.9 12.93333 12.96667 13 13.03333 13.06667 13.1 13.13333 13.16667 13.2 13.23333 13.26667 13.3 13.33333 13.36667 13.4 13.43333 13.46667 13.5 13.53333 13.56667 13.6 13.63333 13.66667 13.7 13.73333 13.76667 13.8 13.83333 13.86667 13.9 13.93333 13.96667 14 14.03333 14.06667 14.1 14.13333 14.16667 14.2 14.23333 14.26667 14.3 14.33333 14.36667 14.4 14.43333 14.46667 14.5 14.53333 14.56667 14.6 14.63333 14.66667 14.7 14.73333 14.76667 14.8 14.83333 14.86667 14.9 14.93333 14.96667 15 15.03333 15.06667 15.1 15.13333 15.16667 15.2 15.23333 15.26667 15.3 15.33333 15.36667 15.4 15.43333 15.46667 15.5 15.53333 15.56667 15.6 15.63333 15.66667 15.7 15.73333 15.76667 15.8 15.83333 15.86667 15.9 15.93333 15.96667 16 16.03333 16.06667 16.1 16.13333 16.16667 16.2 16.23333 16.26667 16.3 16.33333 16.36667 16.4 16.43333 16.46667 16.5 16.53333 16.56667 16.6 16.63333 16.66667 16.7 16.73333 16.76667 16.8 16.83333 16.86667 16.9 16.93333 16.96667 17 17.03333 17.06667 17.1 17.13333 17.16667 17.2 17.23333 17.26667 17.3 17.33333 17.36667 17.4 17.43333 17.46667 17.5 17.53333 17.56667 17.6 17.63333 17.66667 17.7 17.73333 17.76667 17.8 17.83333 17.86667 17.9 17.93333 17.96667 18 18.03333 18.06667 18.1 18.13333 18.16667 18.2 18.23333 18.26667 18.3 18.33333 18.36667 18.4 18.43333 18.46667 18.5 18.53333 18.56667 18.6 18.63333 18.66667 18.7 18.73333 18.76667 18.8 18.83333 18.86667 18.9 18.93333 18.96667 19 19.03333 19.06667 19.1 19.13333 19.16667 19.2 19.23333 19.26667 19.3 19.33333 19.36667 19.4 19.43333 19.46667 19.5 19.53333 19.56667 19.6 19.63333 19.66667 19.7 19.73333 19.76667 19.8 19.83333 19.86667 19.9 19.93333 19.96667 20 20.03333 20.06667 20.1 20.13333 20.16667 20.2 20.23333 20.26667 20.3 20.33333 20.36667 20.4 20.43333 20.46667 20.5 20.53333 20.56667 20.6 20.63333 20.66667 20.7 20.73333 20.76667 20.8 20.83333 20.86667 20.9 20.93333 20.96667 21 21.03333 21.06667 21.1 21.13333 21.16667 21.2 21.23333 21.26667 21.3 21.33333 21.36667 21.4 21.43333 21.46667 21.5 21.53333 21.56667 21.6 21.63333 21.66667 21.7 21.73333 21.76667 21.8 21.83333 21.86667 21.9 21.93333 21.96667 22 22.03333 22.06667 22.1 22.13333 22.16667 22.2 22.23333 22.26667 22.3 22.33333 22.36667 22.4 22.43333 22.46667 22.5 22.53333 22.56667 22.6 22.63333 22.66667 22.7 22.73333 22.76667 22.8 22.83333 22.86667 22.9 22.93333 22.96667 23 23.03333 23.06667 23.1 23.13333 23.16667 23.2 23.23333 23.26667 23.3 23.33333 23.36667 23.4 23.43333 23.46667 23.5 23.53333 23.56667 23.6 23.63333 23.66667 23.7 23.73333 23.76667 23.8 23.83333 23.86667 23.9 23.93333 23.96667 24 24.03333 24.06667 24.1 24.13333 24.16667 24.2 24.23333 24.26667 24.3 24.33333 24.36667 24.4 24.43333 24.46667 24.5 24.53333 24.56667 24.6 24.63333 24.66667 24.7 24.73333 24.76667 24.8 24.83333 24.86667 24.9 24.93333 24.96667 25 25.03333 25.06667 25.1 25.13333 25.16667 25.2 25.23333 25.26667 25.3 25.33333 25.36667 25.4 25.43333 25.46667 25.5 25.53333 25.56667 25.6 25.63333 25.66667 25.7 25.73333 25.76667 25.8 25.83333 25.86667 25.9 25.93333 25.96667 26 26.03333 26.06667 26.1 26.13333 26.16667 26.2 26.23333 26.26667 26.3 26.33333 26.36667 26.4 26.43333 26.46667 26.5 26.53333 26.56667 26.6 26.63333 26.66667 26.7 26.73333 26.76667 26.8 26.83333 26.86667 26.9 26.93333 26.96667 27 27.03333 27.06667 27.1 27.13333 27.16667 27.2 27.23333 27.26667 27.3 27.33333 27.36667 27.4 27.43333 27.46667 27.5 27.53333 27.56667 27.6 27.63333 27.66667 27.7 27.73333 27.76667 27.8 27.83333 27.86667 27.9 27.93333 27.96667 28 28.03333 28.06667 28.1 28.13333 28.16667 28.2 28.23333 28.26667 28.3 28.33333 28.36667 28.4 28.43333 28.46667 28.5 28.53333 28.56667 28.6 28.63333 28.66667 28.7 28.73333 28.76667 28.8 28.83333 28.86667 28.9 28.93333 28.96667 29 29.03333 29.06667 29.1 29.13333 29.16667 29.2 29.23333 29.26667 29.3 29.33333 29.36667 29.4 29.43333 29.46667 29.5 29.53333 29.56667 29.6 29.63333 29.66667 29.7 29.73333 29.76667 29.8 29.83333 29.86667 29.9 29.93333 29.96667 30 30.03333 30.06667 30.1 30.13333 30.16667 30.2 30.23333 30.26667 30.3 30.33333 30.36667 30.4 30.43333 30.46667 30.5 30.53333 30.56667 30.6 30.63333 30.66667 30.7 30.73333 30.76667 30.8 30.83333 30.86667 30.9 30.93333 30.96667 31 31.03333 31.06667 31.1 31.13333 31.16667 31.2 31.23333 31.26667 31.3 31.33333 31.36667 31.4 31.43333 31.46667 31.5 31.53333 31.56667 31.6 31.63333 31.66667 31.7 31.73333 31.76667 31.8 31.83333 31.86667 31.9 31.93333 31.96667 32 32.03333 32.06667 32.1 32.13334 32.16667 32.2 32.23333 32.26667 32.3 32.33333 32.36666 32.4 32.43333 32.46667 32.5 32.53333 32.56667 32.6 32.63334 32.66667 32.7 32.73333 32.76667 32.8 32.83333 32.86666 32.9 32.93333 32.96667 33 33.03333 33.06667 33.1 33.13334 33.16667 33.2 33.23333 33.26667 33.3 33.33333 33.36666 33.4 33.43333 33.46667 33.5 33.53333 33.56667 33.6 33.63334 33.66667 33.7 33.73333 33.76667 33.8 33.83333 33.86666 33.9 33.93333 33.96667 34</float_array>
        <technique_common>
          <accessor source="#node-Bip01_matrix-input-array" count="981" stride="1">
            <param name="TIME" type="float"/>
          </accessor>
        </technique_common>
      </source>
      <source id="node-Bip01_matrix-output">
