<?xml version="1.0" encoding="utf-8"?>
<COLLADA xmlns="http://www.collada.org/2005/11/COLLADASchema" version="1.4.1">
  <asset>
    <contributor>
      <author>MattO</author>
      <authoring_tool>OpenCOLLADA for 3ds Max;  Version: 1.3.0;  Revision: 839M;  Platform: x64;  Configuration: Release_Max2012</authoring_tool>
      <source_data>file:///Z:/Art_Resources/WIP/Art_Pack/Alien_Pack/Kralmok/Mantis_TP_Kralmok_Animation_Master.max</source_data>
    </contributor>
    <created>2011-10-24T17:11:32</created>
    <modified>2011-10-24T17:11:32</modified>
    <unit name="meter" meter="1"/>
    <up_axis>Z_UP</up_axis>
  </asset>
  <library_effects>
    <effect id="ColorEffectR88G199B225">
      <profile_COMMON>
        <technique sid="common">
          <phong>
            <ambient>
              <color>0.345098 0.7803922 0.8823529 1</color>
            </ambient>
            <diffuse>
              <color>0.345098 0.7803922 0.8823529 1</color>
            </diffuse>
            <specular>
              <color>1 1 1 1</color>
            </specular>
            <shininess>
              <float>10</float>
            </shininess>
            <reflective>
              <color>0 0 0 1</color>
            </reflective>
            <transparent>
              <color>1 1 1 1</color>
            </transparent>
            <transparency>
              <float>1</float>
            </transparency>
          </phong>
        </technique>
      </profile_COMMON>
    </effect>
  </library_effects>
  <library_materials>
    <material id="ColorEffectR88G199B225-material" name="ColorEffectR88G199B225-material">
      <instance_effect url="#ColorEffectR88G199B225"/>
    </material>
  </library_materials>
  <library_geometries>
    <geometry id="geom-Bounds" name="Bounds">
      <mesh>
        <source id="geom-Bounds-positions">
          <float_array id="geom-Bounds-positions-array" count="24">-0.5 -0.5 0 0.5 -0.5 0 -0.5 0.5 0 0.5 0.5 0 -0.5 -0.5 2 0.5 -0.5 2 -0.5 0.5 2 0.5 0.5 2</float_array>
          <technique_common>
            <accessor source="#geom-Bounds-positions-array" count="8" stride="3">
              <param name="X" type="float"/>
              <param name="Y" type="float"/>
              <param name="Z" type="float"/>
            </accessor>
          </technique_common>
        </source>
        <source id="geom-Bounds-normals">
          <float_array id="geom-Bounds-normals-array" count="72">0 0 -1 0 0 -1 0 0 -1 0 0 -1 0 0 1 0 0 1 0 0 1 0 0 1 0 -1 0 0 -1 0 0 -1 0 0 -1 0 1 0 0 1 0 0 1 0 0 1 0 0 0 1 0 0 1 0 0 1 0 0 1 0 -1 0 0 -1 0 0 -1 0 0 -1 0 0</float_array>
          <technique_common>
            <accessor source="#geom-Bounds-normals-array" count="24" stride="3">
              <param name="X" type="float"/>
              <param name="Y" type="float"/>
              <param name="Z" type="float"/>
            </accessor>
          </technique_common>
        </source>
        <source id="geom-Bounds-map1">
          <float_array id="geom-Bounds-map1-array" count="36">0 0 0 1 0 0 0 1 0 1 1 0 0 0 0 1 0 0 0 1 0 1 1 0 0 0 0 1 0 0 0 1 0 1 1 0</float_array>
          <technique_common>
            <accessor source="#geom-Bounds-map1-array" count="12" stride="3">
              <param name="S" type="float"/>
              <param name="T" type="float"/>
              <param name="P" type="float"/>
            </accessor>
          </technique_common>
        </source>
        <vertices id="geom-Bounds-vertices">
          <input semantic="POSITION" source="#geom-Bounds-positions"/>
        </vertices>
        <triangles material="ColorMaterial" count="12">
          <input semantic="VERTEX" source="#geom-Bounds-vertices" offset="0"/>
          <input semantic="NORMAL" source="#geom-Bounds-normals" offset="1"/>
          <input semantic="TEXCOORD" source="#geom-Bounds-map1" offset="2" set="0"/>
          <p>0 0 9 2 1 11 3 2 10 3 2 10 1 3 8 0 0 9 4 4 8 5 5 9 7 6 11 7 6 11 6 7 10 4 4 8 0 8 4 1 9 5 5 10 7 5 10 7 4 11 6 0 8 4 1 12 0 3 13 1 7 14 3 7 14 3 5 15 2 1 12 0 3 16 4 2 17 5 6 18 7 6 18 7 7 19 6 3 16 4 2 20 0 0 21 1 4 22 3 4 22 3 6 23 2 2 20 0</p>
        </triangles>
      </mesh>
      <extra>
        <technique profile="OpenCOLLADA3dsMax">
          <max_box>
            <generateuvs>1</generateuvs>
            <height>2</height>
            <heightsegments>1</heightsegments>
            <length>1</length>
            <lengthsegments>1</lengthsegments>
            <width>1</width>
            <widthsegments>1</widthsegments>
          </max_box>
        </technique>
      </extra>
    </geometry>
  </library_geometries>
  <library_lights>
    <light id="EnvironmentAmbientLight" name="EnvironmentAmbientLight">
      <technique_common>
        <ambient>
          <color>0 0 0</color>
        </ambient>
      </technique_common>
    </light>
  </library_lights>
  <library_visual_scenes>
    <visual_scene id="MaxScene">
      <node name="EnvironmentAmbientLight">
        <instance_light url="#EnvironmentAmbientLight"/>
      </node>
      <node id="node-Bip001" name="Bip001">
        <matrix sid="matrix">0.4908447 -0.8335526 0.2534989 0 0.8299843 0.5358492 0.1548926 -4.37066e-8 -0.2649483 0.1343719 0.9548542 0.946796 0 0 0 1</matrix>
        <node id="node-Bip001_Pelvis" name="Bip001_Pelvis">
          <matrix>-0.06006102 0.9981921 -0.002268195 0 -0.1512668 -0.006855579 0.9884692 0 0.9866667 0.05971155 0.1514051 0 0 0 0 1</matrix>
          <node id="node-Bip001_Spine" name="Bip001_Spine">
            <matrix sid="matrix">0.9613935 -0.1361308 -0.2391461 0.09690869 0.1112899 0.987166 -0.1145337 0.005776733 0.2516685 0.08349743 0.964205 0.01486149 0 0 0 1</matrix>
            <node id="node-Bip001_Spine1" name="Bip001_Spine1">
              <matrix>0.9117464 -0.3962545 -0.1081695 0.1110507 0.3955288 0.9179954 -0.02900779 -8.12113e-5 0.1107937 -0.01633638 0.993709 1.45286e-6 0 0 0 1</matrix>
              <node id="node-Bip001_Spine2" name="Bip001_Spine2">
                <matrix sid="matrix">0.9769405 -0.1406178 -0.160668 0.111028 0.1588856 0.9814694 0.1071136 -8.67248e-5 0.1426286 -0.1301714 0.9811791 1.15074e-5 0 0 0 1</matrix>
                <node id="node-Bip001_Spine3" name="Bip001_Spine3">
                  <matrix sid="matrix">0.9138695 -0.3001342 -0.2734262 0.1110659 0.3356066 0.9374303 0.09269702 -1.57356e-4 0.2284967 -0.1764766 0.957416 2.95937e-5 0 0 0 1</matrix>
                  <node id="node-Bip001_Neck" name="Bip001_Neck">
                    <matrix sid="matrix">0.955099 -0.2232758 -0.1947662 0.2584315 0.1978857 0.9699529 -0.1415367 0.01280296 0.2205158 0.0966402 0.9705842 -3.75509e-6 0 0 0 1</matrix>
                    <node id="node-Bip001_Neck1" name="Bip001_Neck1">
                      <matrix sid="matrix">0.9016954 0.4263063 0.07216929 0.04893199 -0.4193018 0.9029009 -0.09463692 -3.51667e-5 -0.105506 0.05507299 0.9928925 -2.14577e-6 0 0 0 1</matrix>
                      <node id="node-Bip001_Neck2" name="Bip001_Neck2">
                        <matrix>0.9545163 0.2811763 -0.09919003 0.04893768 -0.2884499 0.9550412 -0.06850681 -3.71933e-5 0.07546805 0.09400221 0.9927076 -3.66569e-6 0 0 0 1</matrix>
                        <node id="node-Bip001_Head" name="Bip001_Head">
                          <matrix sid="matrix">0.9525751 0.1896546 0.2379743 0.04894865 -0.1647243 0.9789162 -0.120784 0 -0.2558643 0.07585558 0.9637321 0 0 0 0 1</matrix>
                          <node id="node-Bip001_Ponytail1" name="Bip001_Ponytail1">
                            <matrix>-0.05999067 -0.998199 -2.76882e-6 0.009580731 0.998199 -0.05999064 -2.94065e-6 0.1139535 2.76882e-6 -2.94065e-6 1 1.04308e-7 0 0 0 1</matrix>
                          </node>
                          <node id="node-ALTEYE" name="ALTEYE">
                            <matrix>-0.00948812 0.5772442 0.8165166 0.1153699 0.002645058 0.8165648 -0.5772477 0.2046643 -0.9999516 -0.003317261 -0.00927451 -0.001006842 0 0 0 1</matrix>
                          </node>
                        </node>
                      </node>
                    </node>
                    <node id="node-Bip001_L_Clavicle" name="Bip001_L_Clavicle">
                      <matrix sid="matrix">0.5258595 -0.03223357 0.8499604 -0.03949758 0.5682305 -0.7302622 -0.379251 0.014382 0.6329185 0.6824062 -0.3656992 0.03037697 0 0 0 1</matrix>
                      <node id="node-Bip001_L_UpperArm" name="Bip001_L_UpperArm">
                        <matrix sid="matrix">0.8782332 -0.4761837 -0.04421893 0.07966626 0.1664048 0.2175934 0.9617497 -2.98023e-8 -0.4483479 -0.851999 0.2703368 1.19209e-7 0 0 0 1</matrix>
                        <node id="node-Bip001_L_Forearm" name="Bip001_L_Forearm">
                          <matrix sid="matrix">-0.06331474 0.9979938 2.98023e-8 0.4297336 -0.9979936 -0.06331473 -5.58794e-9 0 -4.65661e-9 -2.98023e-8 1 -5.96046e-8 0 0 0 1</matrix>
                          <node id="node-Bip001_L_Hand" name="Bip001_L_Hand">
                            <matrix sid="matrix">0.9694025 -0.02746378 -0.2439356 0.3774393 0.2317666 0.4298492 0.8726478 -5.96046e-8 0.08088929 -0.902483 0.423062 5.96046e-8 0 0 0 1</matrix>
                            <node id="node-Bip001_L_Finger0" name="Bip001_L_Finger0">
                              <matrix>0.7373679 0.3989065 0.5451258 0.03908253 0.5702344 0.06501228 -0.8189054 0.0173853 -0.3621064 0.9146841 -0.1795323 -0.0404993 0 0 0 1</matrix>
                              <node id="node-Bip001_L_Finger01" name="Bip001_L_Finger01">
                                <matrix>0.5320405 -0.846719 -2.98023e-8 0.1027656 0.846719 0.5320405 5.96046e-8 -2.98023e-8 8.9407e-8 7.45058e-9 1 -1.19209e-7 0 0 0 1</matrix>
                                <node id="node-Bip001_L_Finger02" name="Bip001_L_Finger02">
                                  <matrix>0.7835937 -0.6212735 2.98023e-8 0.05252498 0.6212735 0.7835937 -2.23517e-8 0 -8.9407e-8 2.98023e-8 1 0 0 0 0 1</matrix>
                                </node>
                              </node>
                            </node>
                            <node id="node-Bip001_L_Finger1" name="Bip001_L_Finger1">
                              <matrix>0.6375437 -0.7703909 0.005983975 0.1458858 0.7704015 0.6375586 7.96258e-4 -1.53184e-5 -0.004428566 0.004102394 0.9999816 -0.01919669 0 0 0 1</matrix>
                              <node id="node-Bip001_L_Finger11" name="Bip001_L_Finger11">
                                <matrix>-0.3951852 -0.9186015 0 0.08578122 0.9186016 -0.3951852 0 0 1.86265e-8 8.9407e-8 1 0 0 0 0 1</matrix>
                                <node id="node-Bip001_L_Finger12" name="Bip001_L_Finger12">
                                  <matrix>0.9649357 -0.2624862 7.45058e-9 0.05549788 0.2624862 0.9649357 0 -5.96046e-8 7.45058e-9 2.98023e-8 1 5.96046e-8 0 0 0 1</matrix>
                                </node>
                              </node>
                            </node>
                            <node id="node-Bip001_L_Finger2" name="Bip001_L_Finger2">
                              <matrix>0.5018925 -0.8550149 -0.1305896 0.1437581 0.8647376 0.492844 0.09661075 0.003213346 -0.01824337 -0.1614139 0.9867181 0.02870393 0 0 0 1</matrix>
                              <node id="node-Bip001_L_Finger21" name="Bip001_L_Finger21">
                                <matrix>0.05968915 -0.9982172 0 0.07148445 0.9982172 0.05968919 1.49012e-8 -1.19209e-7 -4.47035e-8 -2.98023e-8 1 0 0 0 0 1</matrix>
                                <node id="node-Bip001_L_Finger22" name="Bip001_L_Finger22">
                                  <matrix>0.8033118 -0.5955586 1.49012e-8 0.051139 0.5955587 0.8033118 0 8.9407e-8 1.49012e-8 0 1 1.19209e-7 0 0 0 1</matrix>
                                </node>
                              </node>
                            </node>
                          </node>
                        </node>
                        <node id="node-Bip001_L_ForeTwist" name="Bip001_L_ForeTwist">
                          <matrix sid="matrix">-0.06331474 0.9867168 -0.1496041 0.4297336 -0.9979936 -0.0625993 0.009491183 0 -4.65661e-9 0.1499048 0.9887004 -5.96046e-8 0 0 0 1</matrix>
                          <node id="node-Bip001_L_ForeTwist1" name="Bip001_L_ForeTwist1">
                            <matrix sid="matrix">0.9999999 -2.55532e-8 -1.42027e-8 0.1887197 1.46101e-8 0.9887005 -0.1499049 2.98023e-8 1.04774e-9 0.1499048 0.9887005 5.96046e-8 0 0 0 1</matrix>
                          </node>
                        </node>
                      </node>
                      <node id="node-Bip001_LUpArmTwist" name="Bip001_LUpArmTwist">
                        <matrix sid="matrix">0.8782332 -0.4761837 -0.04421893 0.07966626 0.1664048 0.2175934 0.9617497 -2.98023e-8 -0.4483479 -0.851999 0.2703368 1.19209e-7 0 0 0 1</matrix>
                        <node id="node-Bip001_LUpArmTwist1" name="Bip001_LUpArmTwist1">
                          <matrix>1 -3.72529e-9 2.98023e-8 0.2148668 3.72529e-9 1 -5.58794e-9 0 -2.98023e-8 -1.67638e-8 1 -5.96046e-8 0 0 0 1</matrix>
                        </node>
                      </node>
                    </node>
                    <node id="node-Bip001_R_Clavicle" name="Bip001_R_Clavicle">
                      <matrix sid="matrix">-0.3425454 -0.2967242 -0.8914131 -0.04927069 0.7069358 -0.7063333 -0.03653916 0.01009917 -0.6187928 -0.6426881 0.4517162 -0.01263857 0 0 0 1</matrix>
                      <node id="node-Bip001_R_UpperArm" name="Bip001_R_UpperArm">
                        <matrix sid="matrix">0.7860182 0.2004086 -0.5848178 0.07966626 -0.5605655 0.6299181 -0.5375588 1.19209e-7 0.260656 0.7503599 0.6074694 0 0 0 0 1</matrix>
                        <node id="node-Bip001_R_Forearm" name="Bip001_R_Forearm">
                          <matrix sid="matrix">-0.42945 0.9030907 0 0.4297335 -0.9030907 -0.42945 7.45058e-9 0 6.0536e-8 -2.98023e-8 1 0 0 0 0 1</matrix>
                          <node id="node-Bip001_R_Hand" name="Bip001_R_Hand">
                            <matrix sid="matrix">0.9224471 -0.08625829 0.3763652 0.3774393 0.2957408 -0.4688497 -0.8322963 5.96046e-8 0.2482512 0.879056 -0.406979 5.96046e-8 0 0 0 1</matrix>
                            <node id="node-Bip001_R_Finger0" name="Bip001_R_Finger0">
                              <matrix>0.6486483 0.5772246 -0.4960517 0.03908241 0.667616 -0.1185831 0.7350016 0.01738536 0.3654376 -0.8079294 -0.462283 0.04049921 0 0 0 1</matrix>
                              <node id="node-Bip001_R_Finger01" name="Bip001_R_Finger01">
                                <matrix>0.6155393 -0.7881061 7.45058e-9 0.1027657 0.7881061 0.6155393 1.49012e-8 -5.96046e-8 0 -4.47035e-8 0.9999999 0 0 0 0 1</matrix>
                                <node id="node-Bip001_R_Finger02" name="Bip001_R_Finger02">
                                  <matrix>0.1523349 -0.9883289 -2.23517e-8 0.05252486 0.9883289 0.152335 -2.23517e-8 -5.96046e-8 -7.45058e-9 -1.19209e-7 1 0 0 0 0 1</matrix>
                                </node>
                              </node>
                            </node>
                            <node id="node-Bip001_R_Finger1" name="Bip001_R_Finger1">
                              <matrix>0.7109717 -0.6323431 -0.3076713 0.1458857 0.6327783 0.7661361 -0.1123713 -1.52588e-5 0.3067754 -0.1147949 0.944834 0.01919663 0 0 0 1</matrix>
                              <node id="node-Bip001_R_Finger11" name="Bip001_R_Finger11">
                                <matrix>-0.6406224 -0.767856 1.49012e-8 0.08578128 0.7678561 -0.6406225 -1.49012e-8 5.96046e-8 -7.45058e-9 2.98023e-8 1 0 0 0 0 1</matrix>
                                <node id="node-Bip001_R_Finger12" name="Bip001_R_Finger12">
                                  <matrix>0.8432422 -0.5375336 7.45058e-9 0.05549771 0.5375336 0.8432423 0 2.98023e-8 -7.45058e-9 2.98023e-8 0.9999999 0 0 0 0 1</matrix>
                                </node>
                              </node>
                            </node>
                            <node id="node-Bip001_R_Finger2" name="Bip001_R_Finger2">
                              <matrix>0.2634971 -0.9557804 0.1305896 0.143758 0.9628298 0.2522405 -0.09661075 0.003213376 0.05939871 0.1511922 0.9867182 -0.02870393 0 0 0 1</matrix>
                              <node id="node-Bip001_R_Finger21" name="Bip001_R_Finger21">
                                <matrix>-0.03544476 -0.9993716 0 0.07148437 0.9993717 -0.03544477 0 5.96046e-8 -2.98023e-8 0 1 0 0 0 0 1</matrix>
                                <node id="node-Bip001_R_Finger22" name="Bip001_R_Finger22">
                                  <matrix>0.7483485 -0.6633058 0 0.05113891 0.6633058 0.7483486 -1.49012e-8 0 4.47035e-8 -5.96046e-8 1 0 0 0 0 1</matrix>
                                </node>
                              </node>
                            </node>
                            <node id="node-mount0" name="mount0">
                              <matrix>-5.58794e-8 1 5.96046e-7 0.1088288 -1 -3.01749e-7 -1.63913e-7 0.03070407 1.49012e-7 -4.76837e-7 0.9999998 0.01333499 0 0 0 1</matrix>
                            </node>
                          </node>
                        </node>
                        <node id="node-Bip001_R_ForeTwist" name="Bip001_R_ForeTwist">
                          <matrix sid="matrix">-0.42945 0.8927331 -0.1363834 0.4297335 -0.9030907 -0.4245245 0.06485487 0 6.0536e-8 0.1510185 0.988531 0 0 0 0 1</matrix>
                          <node id="node-Bip001_R_ForeTwist1" name="Bip001_R_ForeTwist1">
                            <matrix sid="matrix">0.9999999 -3.72529e-9 5.60249e-9 0.1887197 -1.86265e-9 0.9885308 -0.1510185 0 -3.25963e-9 0.1510184 0.9885309 0 0 0 0 1</matrix>
                          </node>
                        </node>
                      </node>
                      <node id="node-Bip001_RUpArmTwist" name="Bip001_RUpArmTwist">
                        <matrix sid="matrix">0.7860182 0.2004086 -0.5848178 0.07966626 -0.5605655 0.6299181 -0.5375588 1.19209e-7 0.260656 0.7503599 0.6074694 0 0 0 0 1</matrix>
                        <node id="node-Bip001_RUpArmTwist1" name="Bip001_RUpArmTwist1">
                          <matrix>1 2.98023e-8 0 0.2148667 0 1 7.45058e-9 8.9407e-8 0 -2.98023e-8 1 0 0 0 0 1</matrix>
                        </node>
                      </node>
                    </node>
                  </node>
                </node>
              </node>
            </node>
            <node id="node-Bip001_L_Thigh" name="Bip001_L_Thigh">
              <matrix sid="matrix">-0.6952007 0.7082474 0.1228063 -0.07925969 0.6810644 0.5943674 0.427643 0.01231724 0.2298851 0.3809369 -0.8955666 0.07958385 0 0 0 1</matrix>
              <node id="node-Bip001_L_Calf" name="Bip001_L_Calf">
                <matrix sid="matrix">-0.8021195 0.5971635 0 0.4541689 -0.5971633 -0.8021197 -3.72529e-9 0 1.11759e-8 2.23517e-8 1 0 0 0 0 1</matrix>
                <node id="node-Bip001_L_HorseLink" name="Bip001_L_HorseLink">
                  <matrix sid="matrix">-0.8806152 -0.473832 3.72529e-9 0.3208732 0.4738321 -0.8806152 0 0 1.86265e-8 1.49012e-8 1 -1.49012e-8 0 0 0 1</matrix>
                  <node id="node-Bip001_L_Foot" name="Bip001_L_Foot">
                    <matrix sid="matrix">0.2004844 0.9757995 0.08729629 0.36176 -0.9583406 0.1768306 0.2243068 0 0.2034421 -0.1286297 0.9706007 0 0 0 0 1</matrix>
                    <node id="node-Bip001_L_Toe0" name="Bip001_L_Toe0">
                      <matrix>0.6625899 -0.7481645 -0.03499858 0.0865424 0.7479942 0.6585928 0.08222425 0.1234713 -0.03846746 -0.08065968 0.9959992 -0.02420597 0 0 0 1</matrix>
                      <node id="node-Bip001_L_Toe01" name="Bip001_L_Toe01">
                        <matrix>0.6411614 0.767406 3.72529e-9 0.04576603 -0.7674062 0.6411615 4.65661e-8 0 2.6077e-8 7.45058e-9 1 1.11759e-8 0 0 0 1</matrix>
                        <node id="node-Bip001_L_Toe02" name="Bip001_L_Toe02">
                          <matrix>0.23221 0.9726659 1.30385e-8 0.03187379 -0.9726657 0.23221 3.72529e-9 0 7.35745e-8 9.31323e-9 1 0 0 0 0 1</matrix>
                        </node>
                      </node>
                    </node>
                    <node id="node-Bip001_L_Toe1" name="Bip001_L_Toe1">
                      <matrix>0.7570089 -0.6476501 0.08652933 0.0928064 0.6528364 0.7552114 -0.05882602 0.1308167 -0.02724929 0.1010213 0.994511 0.03696451 0 0 0 1</matrix>
                      <node id="node-Bip001_L_Toe11" name="Bip001_L_Toe11">
                        <matrix>0.7082108 0.706001 0 0.04370601 -0.7060011 0.7082109 8.84756e-9 0 -5.58794e-9 0 1 7.45058e-9 0 0 0 1</matrix>
                        <node id="node-Bip001_L_Toe12" name="Bip001_L_Toe12">
                          <matrix>0.2104299 0.977609 1.86265e-9 0.03796017 -0.9776089 0.21043 3.72529e-9 0 1.76951e-8 3.72529e-9 1 -7.45058e-9 0 0 0 1</matrix>
                        </node>
                      </node>
                    </node>
                    <node id="node-Bip001_L_Toe2" name="Bip001_L_Toe2">
                      <matrix>0.2574656 -0.7047859 0.6610512 0.06798327 0.4526597 -0.5164372 -0.7269059 0.002804011 0.8537043 0.4863844 0.1860632 0.04295147 0 0 0 1</matrix>
                      <node id="node-Bip001_L_Toe21" name="Bip001_L_Toe21">
                        <matrix>1 0 -2.79397e-8 0.01451743 -2.98023e-8 1 3.72529e-9 -2.98023e-8 1.86265e-9 0 1 0 0 0 0 1</matrix>
                        <node id="node-Bip001_L_Toe22" name="Bip001_L_Toe22">
                          <matrix>0.5236049 0.8519613 -2.79397e-8 0.03369504 -0.8519613 0.5236049 3.72529e-9 0 3.72529e-9 3.39933e-8 1 -2.98023e-8 0 0 0 1</matrix>
                        </node>
                      </node>
                    </node>
                  </node>
                </node>
              </node>
            </node>
            <node id="node-Bip001_R_Thigh" name="Bip001_R_Thigh">
              <matrix sid="matrix">-0.4983497 0.8237565 0.2703198 -0.1158411 0.8438927 0.532369 -0.06654597 1.80215e-4 -0.1987275 0.1949578 -0.9604679 -0.06056898 0 0 0 1</matrix>
              <node id="node-Bip001_R_Calf" name="Bip001_R_Calf">
                <matrix sid="matrix">-0.7306811 0.682719 0 0.4541689 -0.682719 -0.7306809 1.49012e-8 5.96046e-8 2.42144e-8 -5.96046e-8 0.9999999 0 0 0 0 1</matrix>
                <node id="node-Bip001_R_HorseLink" name="Bip001_R_HorseLink">
                  <matrix sid="matrix">0.06706125 -0.9977488 3.72529e-9 0.3208732 0.9977487 0.06706119 0 5.96046e-8 2.98023e-8 -3.72529e-9 0.9999999 -2.98023e-8 0 0 0 1</matrix>
                  <node id="node-Bip001_R_Foot" name="Bip001_R_Foot">
                    <matrix sid="matrix">0.5739523 0.8179398 0.03941181 0.3617601 -0.8129545 0.5749164 -0.09260747 1.49012e-8 -0.09840588 0.02111228 0.9949223 0 0 0 0 1</matrix>
                    <node id="node-Bip001_R_Toe0" name="Bip001_R_Toe0">
                      <matrix>0.8511091 -0.4192201 0.3160192 0.08654238 0.499336 0.8322941 -0.240729 0.1234713 -0.1621024 0.3626863 0.9177045 0.02420598 0 0 0 1</matrix>
                      <node id="node-Bip001_R_Toe01" name="Bip001_R_Toe01">
                        <matrix>0.7469203 0.6649135 0 0.04576605 -0.6649135 0.7469202 0 3.72529e-9 -3.72529e-8 -1.49012e-8 1 0 0 0 0 1</matrix>
                        <node id="node-Bip001_R_Toe02" name="Bip001_R_Toe02">
                          <matrix>0.6437498 0.7652361 2.23517e-8 0.03187379 -0.7652361 0.6437498 -1.49012e-8 0 -1.49012e-8 -1.49012e-8 1 2.98023e-8 0 0 0 1</matrix>
                        </node>
                      </node>
                    </node>
                    <node id="node-Bip001_R_Toe1" name="Bip001_R_Toe1">
                      <matrix>0.8319165 -0.517439 0.20043 0.09280639 0.5313876 0.8469117 -0.01918282 0.1308167 -0.1598206 0.1224646 0.9795203 -0.03696454 0 0 0 1</matrix>
                      <node id="node-Bip001_R_Toe11" name="Bip001_R_Toe11">
                        <matrix>0.6455593 0.7637103 2.23517e-8 0.04370602 -0.7637103 0.6455594 2.98023e-8 1.49012e-8 -6.33299e-8 -2.98023e-8 1 -1.49012e-8 0 0 0 1</matrix>
                        <node id="node-Bip001_R_Toe12" name="Bip001_R_Toe12">
                          <matrix>0.411294 0.9115029 3.72529e-8 0.03796016 -0.9115029 0.411294 -7.45058e-9 -1.49012e-8 4.47035e-8 5.96046e-8 1 2.98023e-8 0 0 0 1</matrix>
                        </node>
                      </node>
                    </node>
                    <node id="node-Bip001_R_Toe2" name="Bip001_R_Toe2">
                      <matrix>0.4094537 -0.7245056 -0.5544723 0.06798331 0.1790137 -0.5321382 0.8275162 0.002804026 -0.894596 -0.4380877 -0.08818959 -0.04295149 0 0 0 1</matrix>
                      <node id="node-Bip001_R_Toe21" name="Bip001_R_Toe21">
                        <matrix>1 -2.98023e-8 0 0.01451741 2.98023e-8 1 0 1.49012e-8 0 -2.98023e-8 0.9999999 1.49012e-8 0 0 0 1</matrix>
                        <node id="node-Bip001_R_Toe22" name="Bip001_R_Toe22">
                          <matrix>0.5236049 0.8519613 0 0.03369504 -0.8519613 0.5236049 0 0 2.98023e-8 2.6077e-8 0.9999999 -2.98023e-8 0 0 0 1</matrix>
                        </node>
                      </node>
                    </node>
                  </node>
                </node>
              </node>
            </node>
          </node>
        </node>
      </node>
      <node id="node-Bounds" name="Bounds">
        <matrix>1 0 0 0 0 1 0 0.411981 0 0 1 0 0 0 0 1</matrix>
        <instance_geometry url="#geom-Bounds">
          <bind_material>
            <technique_common>
              <instance_material symbol="ColorMaterial" target="#ColorEffectR88G199B225-material"/>
            </technique_common>
          </bind_material>
        </instance_geometry>
      </node>
      <node id="node-EYE" name="EYE">
        <matrix sid="matrix">-0.9999152 0.01302599 -8.85541e-8 4.09043e-8 -0.01302599 -0.9999152 8.62766e-8 0.411981 -8.74228e-8 8.74228e-8 1 1.6 0 0 0 1</matrix>
      </node>
      <node id="node-CAM" name="CAM">
        <matrix>-0.9999996 1.50996e-7 0 0 -1.50996e-7 -0.9999996 1.77636e-15 -0.009719968 0 1.77636e-15 1 1.928079 0 0 0 1</matrix>
      </node>
    </visual_scene>
  </library_visual_scenes>
  <library_animations>
    <animation>
      <source id="node-Bip001_matrix-input">
        <float_array id="node-Bip001_matrix-input-array" count="20">28.66667 28.7 28.73333 28.76667 28.8 28.83333 28.86667 28.9 28.93333 28.96667 29 29.03333 29.06667 29.1 29.13333 29.16667 29.2 29.23333 29.26667 29.3</float_array>
        <technique_common>
          <accessor source="#node-Bip001_matrix-input-array" count="20" stride="1">
            <param name="TIME" type="float"/>
          </accessor>
        </technique_common>
      </source>
      <source id="node-Bip001_matrix-output">
        <float_array id="node-Bip001_matrix-output-array" count="320">0.4908447 -0.8335526 0.2534989 0 0.8299843 0.5358492 0.1548926 0 -0.2649483 0.1343718 0.9548543 0.946796 0 0 0 1 0.4908447 -0.8335526 0.2534989 0 0.8299843 0.5358492 0.1548926 0 -0.2649483 0.1343718 0.9548543 0.9472406 0 0 0 1 0.4908447 -0.8335526 0.2534989 0 0.8299843 0.5358492 0.1548926 0 -0.2649483 0.1343718 0.9548543 0.9484391 0 0 0 1 0.4908447 -0.8335526 0.2534989 0 0.8299843 0.5358492 0.1548926 0 -0.2649483 0.1343718 0.9548543 0.950195 0 0 0 1 0.4908447 -0.8335526 0.2534989 0 0.8299843 0.5358492 0.1548926 0 -0.2649483 0.1343718 0.9548543 0.952319 0 0 0 1 0.4908447 -0.8335526 0.2534989 0 0.8299843 0.5358492 0.1548926 0 -0.2649484 0.1343718 0.9548543 0.9546259 0 0 0 1 0.4908447 -0.8335526 0.2534989 0 0.8299843 0.5358492 0.1548926 0 -0.2649484 0.1343718 0.9548543 0.9569327 0 0 0 1 0.4908447 -0.8335526 0.2534989 0 0.8299843 0.5358492 0.1548926 0 -0.2649484 0.1343718 0.9548543 0.9590567 0 0 0 1 0.4908447 -0.8335526 0.2534989 0 0.8299843 0.5358492 0.1548926 0 -0.2649484 0.1343718 0.9548543 0.9608126 0 0 0 1 0.4908447 -0.8335526 0.2534989 0 0.8299843 0.5358492 0.1548926 0 -0.2649484 0.1343718 0.9548543 0.9620111 0 0 0 1 0.4908447 -0.8335525 0.2534989 0 0.8299843 0.5358492 0.1548926 0 -0.2649484 0.1343718 0.9548543 0.9624556 0 0 0 1 0.4908447 -0.8335525 0.2534989 0 0.8299843 0.5358492 0.1548926 0 -0.2649484 0.1343718 0.9548543 0.962011 0 0 0 1 0.4908447 -0.8335525 0.2534989 0 0.8299843 0.5358492 0.1548926 0 -0.2649484 0.1343718 0.9548543 0.9608126 0 0 0 1 0.4908448 -0.8335525 0.2534989 0 0.8299842 0.5358493 0.1548926 0 -0.2649484 0.1343718 0.9548542 0.9590566 0 0 0 1 0.4908448 -0.8335525 0.2534989 0 0.8299842 0.5358493 0.1548926 0 -0.2649484 0.1343718 0.9548542 0.9569327 0 0 0 1 0.4908448 -0.8335525 0.2534989 0 0.8299842 0.5358493 0.1548926 0 -0.2649484 0.1343718 0.9548542 0.9546258 0 0 0 1 0.4908448 -0.8335525 0.2534989 0 0.8299842 0.5358493 0.1548926 0 -0.2649484 0.1343718 0.9548542 0.952319 0 0 0 1 0.4908448 -0.8335525 0.2534989 0 0.8299842 0.5358493 0.1548926 0 -0.2649484 0.1343718 0.9548542 0.950195 0 0 0 1 0.4908448 -0.8335525 0.2534989 0 0.8299842 0.5358493 0.1548926 0 -0.2649484 0.1343718 0.9548542 0.948439 0 0 0 1 0.4908449 -0.8335524 0.2534989 0 0.8299841 0.5358495 0.1548926 0 -0.2649484 0.1343718 0.9548542 0.9472405 0 0 0 1</float_array>
        <technique_common>
          <accessor source="#node-Bip001_matrix-output-array" count="20" stride="16">
            <param name="TRANSFORM" type="float4x4"/>
          </accessor>
        </technique_common>
      </source>
      <source id="node-Bip001_matrix-interpolation">
        <Name_array id="node-Bip001_matrix-interpolation-array" count="20">LINEAR LINEAR LINEAR LINEAR LINEAR LINEAR LINEAR LINEAR LINEAR LINEAR LINEAR LINEAR LINEAR LINEAR LINEAR LINEAR LINEAR LINEAR LINEAR LINEAR</Name_array>
        <technique_common>
          <accessor source="#node-Bip001_matrix-interpolation-array" count="20" stride="1">
            <param name="INTERPOLATION" type="name"/>
          </accessor>
        </technique_common>
      </source>
      <source id="node-Bip001_Spine_matrix-input">
        <float_array id="node-Bip001_Spine_matrix-input-array" count="20">28.66667 28.7 28.73333 28.76667 28.8 28.83333 28.86667 28.9 28.93333 28.96667 29 29.03333 29.06667 29.1 29.13333 29.16667 29.2 29.23333 29.26667 29.3</float_array>
        <technique_common>
          <accessor source="#node-Bip001_Spine_matrix-input-array" count="20" stride="1">
            <param name="TIME" type="float"/>
          </accessor>
        </technique_common>
      </source>
      <source id="node-Bip001_Spine_matrix-output">
        <float_array id="node-Bip001_Spine_matrix-output-array" count="320">0.9613935 -0.1361308 -0.2391461 0.09690868 0.1112899 0.9871661 -0.1145337 0.005776703 0.2516685 0.0834974 0.964205 0.01486146 0 0 0 1 0.9618044 -0.1346421 -0.2383354 0.0969085 0.1096691 0.9872736 -0.1151671 0.005776703 0.2508087 0.08463025 0.9643302 0.0148614 0 0 0 1 0.9628514 -0.1306355 -0.2363295 0.09690833 0.1055142 0.9876239 -0.1160421 0.005776643 0.2485638 0.08679521 0.9647189 0.01486128 0 0 0 1 0.9642803 -0.1249713 -0.2335505 0.09690767 0.09970092 0.9881048 -0.1170847 0.005776643 0.2454046 0.08961737 0.9652696 0.01486092 0 0 0 1 0.9658557 -0.11848 -0.2304027 0.09690725 0.09307205 0.9886166 -0.1182153 0.005776524 0.241786 0.09273487 0.965888 0.01486068 0 0 0 1 0.9673708 -0.1119776 -0.2272771 0.0969066 0.08645397 0.9890829 -0.1193351 0.005776524 0.2381587 0.09579223 0.9664907 0.01486039 0 0 0 1 0.9686474 -0.1062816 -0.2245585 0.09690606 0.08067059 0.9894519 -0.1203215 0.005776524 0.2349777 0.09843385 0.9670038 0.01486015 0 0 0 1 0.9695281 -0.1022254 -0.2226328 0.09690576 0.07655942 0.9896922 -0.1210297 0.005776464 0.2327103 0.100297 0.9673606 0.01485997 0 0 0 1 0.9698588 -0.1006737 -0.2218985 0.09690564 0.07498848 0.9897793 -0.1213011 0.005776464 0.2318424 0.1010052 0.9674953 0.01485997 0 0 0 1 0.9697072 -0.1013824 -0.222238 0.09690564 0.07571148 0.9897425 -0.1211516 0.005776524 0.232241 0.1006557 0.9674362 0.01485997 0 0 0 1 0.9692869 -0.1033298 -0.2231718 0.09690582 0.07769894 0.9896383 -0.1207439 0.005776464 0.2333357 0.09969526 0.9672721 0.01486003 0 0 0 1 0.9686457 -0.1062557 -0.224578 0.09690606 0.08068627 0.9894728 -0.1201394 0.005776524 0.2349792 0.09825217 0.9670219 0.01486015 0 0 0 1 0.967828 -0.1099078 -0.2263384 0.09690648 0.08441781 0.989251 -0.1193986 0.005776524 0.2370284 0.09645032 0.9667031 0.01486039 0 0 0 1 0.96688 -0.1140404 -0.2283375 0.09690672 0.08864349 0.9889801 -0.1185789 0.005776584 0.239344 0.09441089 0.9663338 0.01486051 0 0 0 1 0.9658502 -0.1184115 -0.23046 0.09690701 0.09311699 0.9886698 -0.1177334 0.005776584 0.2417898 0.09225308 0.9659331 0.01486068 0 0 0 1 0.9647936 -0.1227815 -0.2325901 0.09690755 0.09759312 0.9883358 -0.1169102 0.005776584 0.2442315 0.09009504 0.9655227 0.01486092 0 0 0 1 0.9637694 -0.126911 -0.2346103 0.09690791 0.1018263 0.9879979 -0.1161528 0.005776643 0.2465355 0.08805501 0.9651252 0.01486104 0 0 0 1 0.9628443 -0.1305587 -0.2364006 0.09690827 0.1055685 0.9876816 -0.1155002 0.005776643 0.2485681 0.08625233 0.9647665 0.01486128 0 0 0 1 0.9620894 -0.1334798 -0.2378383 0.0969085 0.1085671 0.9874161 -0.1149889 0.005776703 0.2501941 0.08480823 0.9644742 0.0148614 0 0 0 1 0.9615802 -0.1354235 -0.2387968 0.09690862 0.1105633 0.9872335 -0.1146543 0.005776703 0.2512752 0.0838471 0.9642772 0.01486146 0 0 0 1</float_array>
        <technique_common>
          <accessor source="#node-Bip001_Spine_matrix-output-array" count="20" stride="16">
            <param name="TRANSFORM" type="float4x4"/>
          </accessor>
        </technique_common>
      </source>
      <source id="node-Bip001_Spine_matrix-interpolation">
        <Name_array id="node-Bip001_Spine_matrix-interpolation-array" count="20">LINEAR LINEAR LINEAR LINEAR LINEAR LINEAR LINEAR LINEAR LINEAR LINEAR LINEAR LINEAR LINEAR LINEAR LINEAR LINEAR LINEAR LINEAR LINEAR LINEAR</Name_array>
        <technique_common>
          <accessor source="#node-Bip001_Spine_matrix-interpolation-array" count="20" stride="1">
            <param name="INTERPOLATION" type="name"/>
          </accessor>
        </technique_common>
      </source>
      <source id="node-Bip001_Spine2_matrix-input">
        <float_array id="node-Bip001_Spine2_matrix-input-array" count="20">28.66667 28.7 28.73333 28.76667 28.8 28.83333 28.86667 28.9 28.93333 28.96667 29 29.03333 29.06667 29.1 29.13333 29.16667 29.2 29.23333 29.26667 29.3</float_array>
        <technique_common>
          <accessor source="#node-Bip001_Spine2_matrix-input-array" count="20" stride="1">
            <param name="TIME" type="float"/>
          </accessor>
        </technique_common>
      </source>
      <source id="node-Bip001_Spine2_matrix-output">
        <float_array id="node-Bip001_Spine2_matrix-output-array" count="320">0.9769405 -0.1406178 -0.160668 0.111028 0.1588855 0.9814694 0.1071136 -8.67248e-5 0.1426286 -0.1301714 0.9811791 1.15074e-5 0 0 0 1 0.976522 -0.1425356 -0.1615205 0.1110281 0.160953 0.9811123 0.1072978 -8.67248e-5 0.143176 -0.1307758 0.9810192 1.15596e-5 0 0 0 1 0.9754044 -0.1475465 -0.1637558 0.1110286 0.1663578 0.9801591 0.1077644 -8.66652e-5 0.1446065 -0.1323561 0.9805972 1.16974e-5 0 0 0 1 0.9737793 -0.1545783 -0.1669118 0.1110293 0.1739486 0.9787722 0.1083841 -8.65459e-5 0.1466147 -0.1345763 0.9799966 1.18986e-5 0 0 0 1 0.9718429 -0.1625986 -0.1705386 0.1110299 0.1826157 0.9771192 0.1090403 -8.63671e-5 0.1489068 -0.137113 0.9792992 1.21221e-5 0 0 0 1 0.9698219 -0.170601 -0.174186 0.1110305 0.1912733 0.9753941 0.1096405 -8.60691e-5 0.1511952 -0.1396488 0.9785899 1.23382e-5 0 0 0 1 0.9679846 -0.1775877 -0.1773937 0.1110313 0.1988399 0.9738257 0.1101194 -8.61287e-5 0.1531947 -0.1418669 0.9779598 1.25244e-5 0 0 0 1 0.9666379 -0.1825501 -0.1796851 0.1110317 0.2042186 0.9726764 0.1104339 -8.59499e-5 0.1546157 -0.1434447 0.9775058 1.26734e-5 0 0 0 1 0.9661144 -0.1844455 -0.1805633 0.111032 0.2062742 0.9722295 0.1105484 -8.60691e-5 0.1551586 -0.1440479 0.9773311 1.27107e-5 0 0 0 1 0.9663552 -0.1835756 -0.1801601 0.1110319 0.2053309 0.9724351 0.1104962 -8.60095e-5 0.1549096 -0.1437709 0.9774114 1.2707e-5 0 0 0 1 0.9670122 -0.1811842 -0.1790534 0.1110316 0.2027378 0.9729958 0.1103497 -8.59499e-5 0.1542246 -0.1430103 0.9776313 1.26399e-5 0 0 0 1 0.9679846 -0.1775876 -0.1773937 0.1110312 0.1988398 0.9738257 0.1101194 -8.60691e-5 0.1531947 -0.1418668 0.9779597 1.25393e-5 0 0 0 1 0.9691749 -0.173092 -0.1753273 0.1110308 0.1939703 0.9748415 0.109816 -8.60691e-5 0.151908 -0.1404392 0.9783665 1.23978e-5 0 0 0 1 0.9704895 -0.167997 -0.172996 0.1110303 0.1884551 0.9759637 0.1094512 -8.61883e-5 0.1504504 -0.1388232 0.9788222 1.22637e-5 0 0 0 1 0.9718429 -0.1625985 -0.1705386 0.1110299 0.1826156 0.9771192 0.1090404 -8.63671e-5 0.1489068 -0.1371131 0.9792993 1.2096e-5 0 0 0 1 0.9731578 -0.1571921 -0.1680905 0.1110295 0.1767721 0.9782418 0.108604 -8.64267e-5 0.1473615 -0.1354025 0.9797708 1.19656e-5 0 0 0 1 0.9743658 -0.1520743 -0.1657854 0.1110291 0.1712448 0.9792726 0.1081683 -8.66055e-5 0.1458995 -0.1337853 0.9802116 1.18241e-5 0 0 0 1 0.9754046 -0.1475467 -0.1637558 0.1110285 0.166358 0.9801592 0.1077645 -8.66055e-5 0.1446064 -0.1323562 0.9805972 1.16937e-5 0 0 0 1 0.9762172 -0.1439163 -0.1621352 0.1110281 0.1624419 0.9808525 0.1074284 -8.66652e-5 0.1435701 -0.1312111 0.9809033 1.16006e-5 0 0 0 1 0.9767488 -0.1414981 -0.1610591 0.1110281 0.1598345 0.981306 0.1071985 -8.6844e-5 0.1428799 -0.1304488 0.9811058 1.15186e-5 0 0 0 1</float_array>
        <technique_common>
          <accessor source="#node-Bip001_Spine2_matrix-output-array" count="20" stride="16">
            <param name="TRANSFORM" type="float4x4"/>
          </accessor>
        </technique_common>
      </source>
      <source id="node-Bip001_Spine2_matrix-interpolation">
        <Name_array id="node-Bip001_Spine2_matrix-interpolation-array" count="20">LINEAR LINEAR LINEAR LINEAR LINEAR LINEAR LINEAR LINEAR LINEAR LINEAR LINEAR LINEAR LINEAR LINEAR LINEAR LINEAR LINEAR LINEAR LINEAR LINEAR</Name_array>
        <technique_common>
          <accessor source="#node-Bip001_Spine2_matrix-interpolation-array" count="20" stride="1">
            <param name="INTERPOLATION" type="name"/>
          </accessor>
        </technique_common>
      </source>
      <source id="node-Bip001_Spine3_matrix-input">
        <float_array id="node-Bip001_Spine3_matrix-input-array" count="20">28.66667 28.7 28.73333 28.76667 28.8 28.83333 28.86667 28.9 28.93333 28.96667 29 29.03333 29.06667 29.1 29.13333 29.16667 29.2 29.23333 29.26667 29.3</float_array>
        <technique_common>
          <accessor source="#node-Bip001_Spine3_matrix-input-array" count="20" stride="1">
            <param name="TIME" type="float"/>
          </accessor>
        </technique_common>
      </source>
      <source id="node-Bip001_Spine3_matrix-output">
