<?xml version="1.0" encoding="utf-8"?>
<COLLADA xmlns="http://www.collada.org/2005/11/COLLADASchema" version="1.4.1">
  <asset>
    <contributor>
      <author>MattO</author>
      <authoring_tool>OpenCOLLADA for 3ds Max;  Version: 1.3.0;  Revision: 839M;  Platform: x64;  Configuration: Release_Max2012</authoring_tool>
      <source_data>file:///Z:/Art_Resources/WIP/Art_Pack/Alien_Pack/Kralmok/Mantis_TP_Kralmok_Animation_Master.max</source_data>
    </contributor>
    <created>2011-10-24T17:11:40</created>
    <modified>2011-10-24T17:11:40</modified>
    <unit name="meter" meter="1"/>
    <up_axis>Z_UP</up_axis>
  </asset>
  <library_effects>
    <effect id="ColorEffectR88G199B225">
      <profile_COMMON>
        <technique sid="common">
          <phong>
            <ambient>
              <color>0.345098 0.7803922 0.8823529 1</color>
            </ambient>
            <diffuse>
              <color>0.345098 0.7803922 0.8823529 1</color>
            </diffuse>
            <specular>
              <color>1 1 1 1</color>
            </specular>
            <shininess>
              <float>10</float>
            </shininess>
            <reflective>
              <color>0 0 0 1</color>
            </reflective>
            <transparent>
              <color>1 1 1 1</color>
            </transparent>
            <transparency>
              <float>1</float>
            </transparency>
          </phong>
        </technique>
      </profile_COMMON>
    </effect>
  </library_effects>
  <library_materials>
    <material id="ColorEffectR88G199B225-material" name="ColorEffectR88G199B225-material">
      <instance_effect url="#ColorEffectR88G199B225"/>
    </material>
  </library_materials>
  <library_geometries>
    <geometry id="geom-Bounds" name="Bounds">
      <mesh>
        <source id="geom-Bounds-positions">
          <float_array id="geom-Bounds-positions-array" count="24">-0.5 -0.5 0 0.5 -0.5 0 -0.5 0.5 0 0.5 0.5 0 -0.5 -0.5 2 0.5 -0.5 2 -0.5 0.5 2 0.5 0.5 2</float_array>
          <technique_common>
            <accessor source="#geom-Bounds-positions-array" count="8" stride="3">
              <param name="X" type="float"/>
              <param name="Y" type="float"/>
              <param name="Z" type="float"/>
            </accessor>
          </technique_common>
        </source>
        <source id="geom-Bounds-normals">
          <float_array id="geom-Bounds-normals-array" count="72">0 0 -1 0 0 -1 0 0 -1 0 0 -1 0 0 1 0 0 1 0 0 1 0 0 1 0 -1 0 0 -1 0 0 -1 0 0 -1 0 1 0 0 1 0 0 1 0 0 1 0 0 0 1 0 0 1 0 0 1 0 0 1 0 -1 0 0 -1 0 0 -1 0 0 -1 0 0</float_array>
          <technique_common>
            <accessor source="#geom-Bounds-normals-array" count="24" stride="3">
              <param name="X" type="float"/>
              <param name="Y" type="float"/>
              <param name="Z" type="float"/>
            </accessor>
          </technique_common>
        </source>
        <source id="geom-Bounds-map1">
          <float_array id="geom-Bounds-map1-array" count="36">0 0 0 1 0 0 0 1 0 1 1 0 0 0 0 1 0 0 0 1 0 1 1 0 0 0 0 1 0 0 0 1 0 1 1 0</float_array>
          <technique_common>
            <accessor source="#geom-Bounds-map1-array" count="12" stride="3">
              <param name="S" type="float"/>
              <param name="T" type="float"/>
              <param name="P" type="float"/>
            </accessor>
          </technique_common>
        </source>
        <vertices id="geom-Bounds-vertices">
          <input semantic="POSITION" source="#geom-Bounds-positions"/>
        </vertices>
        <triangles material="ColorMaterial" count="12">
          <input semantic="VERTEX" source="#geom-Bounds-vertices" offset="0"/>
          <input semantic="NORMAL" source="#geom-Bounds-normals" offset="1"/>
          <input semantic="TEXCOORD" source="#geom-Bounds-map1" offset="2" set="0"/>
          <p>0 0 9 2 1 11 3 2 10 3 2 10 1 3 8 0 0 9 4 4 8 5 5 9 7 6 11 7 6 11 6 7 10 4 4 8 0 8 4 1 9 5 5 10 7 5 10 7 4 11 6 0 8 4 1 12 0 3 13 1 7 14 3 7 14 3 5 15 2 1 12 0 3 16 4 2 17 5 6 18 7 6 18 7 7 19 6 3 16 4 2 20 0 0 21 1 4 22 3 4 22 3 6 23 2 2 20 0</p>
        </triangles>
      </mesh>
      <extra>
        <technique profile="OpenCOLLADA3dsMax">
          <max_box>
            <generateuvs>1</generateuvs>
            <height>2</height>
            <heightsegments>1</heightsegments>
            <length>1</length>
            <lengthsegments>1</lengthsegments>
            <width>1</width>
            <widthsegments>1</widthsegments>
          </max_box>
        </technique>
      </extra>
    </geometry>
  </library_geometries>
  <library_lights>
    <light id="EnvironmentAmbientLight" name="EnvironmentAmbientLight">
      <technique_common>
        <ambient>
          <color>0 0 0</color>
        </ambient>
      </technique_common>
    </light>
  </library_lights>
  <library_visual_scenes>
    <visual_scene id="MaxScene">
      <node name="EnvironmentAmbientLight">
        <instance_light url="#EnvironmentAmbientLight"/>
      </node>
      <node id="node-Bip001" name="Bip001">
        <matrix sid="matrix">0.1726216 -0.979467 0.104144 -0.014 0.9443103 0.1946363 0.26532 -8.2537e-8 -0.2801424 0.0525443 0.9585193 0.8507228 0 0 0 1</matrix>
        <node id="node-Bip001_Pelvis" name="Bip001_Pelvis">
          <matrix sid="matrix">0 1 -1.37836e-6 0 -0.1140869 1.37836e-6 0.9934707 0 0.9934708 2.08616e-7 0.1140869 0 0 0 0 1</matrix>
          <node id="node-Bip001_Spine" name="Bip001_Spine">
            <matrix sid="matrix">0.9968293 -0.0653905 0.0453417 0.0975706 0.06663364 0.9974264 -0.02646988 -8.81702e-5 -0.04349411 0.02940721 0.9986209 0.01120143 0 0 0 1</matrix>
            <node id="node-Bip001_Spine1" name="Bip001_Spine1">
              <matrix sid="matrix">0.9202452 -0.370928 -0.1247442 0.1110485 0.3684718 0.9286401 -0.04308295 -8.21948e-5 0.1318232 -0.006317779 0.9912531 5.81145e-7 0 0 0 1</matrix>
              <node id="node-Bip001_Spine2" name="Bip001_Spine2">
                <matrix sid="matrix">0.9873904 -0.1427276 -0.06847605 0.1110283 0.1465191 0.9877353 0.05395435 -8.73804e-5 0.05993547 -0.06330707 0.9961927 5.60284e-6 0 0 0 1</matrix>
                <node id="node-Bip001_Spine3" name="Bip001_Spine3">
                  <matrix sid="matrix">0.960279 -0.2413087 -0.1401232 0.111056 0.2513068 0.966143 0.05841918 -1.62125e-4 0.121282 -0.09131263 0.9884092 1.53109e-5 0 0 0 1</matrix>
                  <node id="node-Bip001_Neck" name="Bip001_Neck">
                    <matrix sid="matrix">0.9962751 -0.06420577 -0.05756486 0.2584253 0.05691224 0.9910874 -0.1204439 0.01280224 0.064785 0.1167191 0.9910498 -4.52995e-6 0 0 0 1</matrix>
                    <node id="node-Bip001_Neck1" name="Bip001_Neck1">
                      <matrix sid="matrix">0.9876223 0.1545509 -0.02676342 0.04894257 -0.1564701 0.9826621 -0.09945931 -3.82662e-5 0.01092787 0.1024159 0.9946817 -3.99351e-6 0 0 0 1</matrix>
                      <node id="node-Bip001_Neck2" name="Bip001_Neck2">
                        <matrix sid="matrix">0.9510022 0.3023924 -0.06444632 0.04893684 -0.2904413 0.9452 0.149133 -3.69549e-5 0.1060114 -0.1231079 0.9867148 4.82053e-6 0 0 0 1</matrix>
                        <node id="node-Bip001_Head" name="Bip001_Head">
                          <matrix sid="matrix">0.9831142 0.01872543 0.1820316 0.04894865 -0.02807248 0.9984087 0.04890931 5.96046e-8 -0.180826 -0.05319355 0.9820755 0 0 0 0 1</matrix>
                          <node id="node-Bip001_Ponytail1" name="Bip001_Ponytail1">
                            <matrix>-0.05999056 -0.998199 -2.76533e-6 0.009580612 0.998199 -0.05999067 -2.93879e-6 0.1139534 2.76556e-6 -2.94461e-6 1 9.31323e-8 0 0 0 1</matrix>
                          </node>
                          <node id="node-ALTEYE" name="ALTEYE">
                            <matrix>-0.009488136 0.5772442 0.8165166 0.1153698 0.002645043 0.8165648 -0.5772477 0.2046644 -0.9999516 -0.003317263 -0.009274509 -0.001006853 0 0 0 1</matrix>
                          </node>
                        </node>
                      </node>
                    </node>
                    <node id="node-Bip001_L_Clavicle" name="Bip001_L_Clavicle">
                      <matrix sid="matrix">0.3342246 -0.008938909 0.9424511 -0.04513061 0.6360526 -0.7357718 -0.2325442 0.007413507 0.6955076 0.6771704 -0.2402275 0.02444144 0 0 0 1</matrix>
                      <node id="node-Bip001_L_UpperArm" name="Bip001_L_UpperArm">
                        <matrix sid="matrix">0.5420848 -0.5933955 0.5950009 0.07966626 -0.1417355 0.6333519 0.7607736 0 -0.8282842 -0.4967368 0.2592251 1.19209e-7 0 0 0 1</matrix>
                        <node id="node-Bip001_L_Forearm" name="Bip001_L_Forearm">
                          <matrix sid="matrix">-0.3208048 0.9471455 0 0.4297335 -0.9471453 -0.3208048 -1.49012e-8 0 1.11759e-8 -2.98023e-8 1 0 0 0 0 1</matrix>
                          <node id="node-Bip001_L_Hand" name="Bip001_L_Hand">
                            <matrix sid="matrix">0.3467671 0.9192969 0.1861341 0.3774393 -0.1057213 -0.1588743 0.9816222 -1.19209e-7 0.9319741 -0.3600725 0.04209682 0 0 0 0 1</matrix>
                            <node id="node-Bip001_L_Finger0" name="Bip001_L_Finger0">
                              <matrix>0.7373679 0.3989065 0.5451257 0.03908241 0.5702345 0.06501214 -0.8189055 0.01738539 -0.3621065 0.9146841 -0.1795324 -0.04049927 0 0 0 1</matrix>
                              <node id="node-Bip001_L_Finger01" name="Bip001_L_Finger01">
                                <matrix>0.5320406 -0.846719 0 0.1027657 0.8467189 0.5320404 0 5.96046e-8 1.49012e-8 2.98023e-8 1 0 0 0 0 1</matrix>
                                <node id="node-Bip001_L_Finger02" name="Bip001_L_Finger02">
                                  <matrix>0.7835938 -0.6212738 1.49012e-8 0.05252495 0.6212737 0.7835938 0 0 -1.49012e-7 2.98023e-8 1 0 0 0 0 1</matrix>
                                </node>
                              </node>
                            </node>
                            <node id="node-Bip001_L_Finger1" name="Bip001_L_Finger1">
                              <matrix>0.6375437 -0.7703909 0.005984008 0.1458857 0.7704014 0.6375586 7.96266e-4 -1.53184e-5 -0.00442861 0.004102439 0.9999818 -0.01919669 0 0 0 1</matrix>
                              <node id="node-Bip001_L_Finger11" name="Bip001_L_Finger11">
                                <matrix>-0.3951852 -0.9186016 0 0.08578128 0.9186016 -0.3951852 2.98023e-8 0 0 9.31323e-9 1 5.96046e-8 0 0 0 1</matrix>
                                <node id="node-Bip001_L_Finger12" name="Bip001_L_Finger12">
                                  <matrix>0.9649357 -0.2624863 0 0.05549777 0.2624862 0.9649357 1.11759e-8 5.96046e-8 2.98023e-8 7.45058e-9 1 -5.96046e-8 0 0 0 1</matrix>
                                </node>
                              </node>
                            </node>
                            <node id="node-Bip001_L_Finger2" name="Bip001_L_Finger2">
                              <matrix>0.5018925 -0.855015 -0.1305896 0.1437581 0.8647377 0.4928441 0.09661075 0.003213406 -0.01824339 -0.161414 0.9867182 0.02870393 0 0 0 1</matrix>
                              <node id="node-Bip001_L_Finger21" name="Bip001_L_Finger21">
                                <matrix>0.0596891 -0.9982172 -7.45058e-9 0.07148445 0.9982171 0.05968918 0 0 -1.49012e-8 -1.49012e-8 1 0 0 0 0 1</matrix>
                                <node id="node-Bip001_L_Finger22" name="Bip001_L_Finger22">
                                  <matrix>0.8033118 -0.5955587 0 0.05113897 0.5955586 0.8033118 0 0 0 5.58794e-9 1 5.96046e-8 0 0 0 1</matrix>
                                </node>
                              </node>
                            </node>
                          </node>
                        </node>
                        <node id="node-Bip001_L_ForeTwist" name="Bip001_L_ForeTwist">
                          <matrix sid="matrix">-0.3208048 0.9470488 -0.01353064 0.4297335 -0.9471453 -0.3207721 0.004582912 0 1.11759e-8 0.01428571 0.999898 0 0 0 0 1</matrix>
                          <node id="node-Bip001_L_ForeTwist1" name="Bip001_L_ForeTwist1">
                            <matrix sid="matrix">1 -7.45058e-9 1.11759e-8 0.1887197 0 0.9998979 -0.01428574 -5.96046e-8 2.23517e-8 0.01428574 0.9998978 5.96046e-8 0 0 0 1</matrix>
                          </node>
                        </node>
                      </node>
                      <node id="node-Bip001_LUpArmTwist" name="Bip001_LUpArmTwist">
                        <matrix sid="matrix">0.5420848 -0.5933955 0.5950009 0.07966626 -0.1417355 0.6333519 0.7607736 0 -0.8282842 -0.4967368 0.2592251 1.19209e-7 0 0 0 1</matrix>
                        <node id="node-Bip001_LUpArmTwist1" name="Bip001_LUpArmTwist1">
                          <matrix>1 0 0 0.2148668 2.98023e-8 1 -1.49012e-8 -2.98023e-8 2.98023e-8 1.49012e-8 1 0 0 0 0 1</matrix>
                        </node>
                      </node>
                    </node>
                    <node id="node-Bip001_R_Clavicle" name="Bip001_R_Clavicle">
                      <matrix sid="matrix">-0.3623546 -0.0867469 -0.9279947 -0.04800189 0.6516629 -0.7354232 -0.1857095 0.002240896 -0.6663591 -0.6720325 0.3230138 -0.01948114 0 0 0 1</matrix>
                      <node id="node-Bip001_R_UpperArm" name="Bip001_R_UpperArm">
                        <matrix sid="matrix">0.9681399 -0.2482138 0.03309149 0.0796662 0.1470726 0.4566728 -0.8773937 0 0.2026691 0.8543068 0.4786286 0 0 0 0 1</matrix>
                        <node id="node-Bip001_R_Forearm" name="Bip001_R_Forearm">
                          <matrix sid="matrix">-0.6693101 0.7429833 0 0.4297334 -0.7429832 -0.66931 0 0 -2.98023e-8 5.96046e-8 1 0 0 0 0 1</matrix>
                          <node id="node-Bip001_R_Hand" name="Bip001_R_Hand">
                            <matrix sid="matrix">0.8679008 -0.4439444 -0.2228486 0.3774393 -0.2034023 0.09167483 -0.9747939 2.98023e-8 0.4531839 0.8913524 -0.01073465 1.19209e-7 0 0 0 1</matrix>
                            <node id="node-Bip001_R_Finger0" name="Bip001_R_Finger0">
                              <matrix>0.6486481 0.5772245 -0.4960517 0.03908238 0.6676159 -0.1185831 0.7350014 0.01738548 0.3654376 -0.8079292 -0.4622829 0.04049918 0 0 0 1</matrix>
                              <node id="node-Bip001_R_Finger01" name="Bip001_R_Finger01">
                                <matrix>0.6155394 -0.7881063 -2.98023e-8 0.1027656 0.7881062 0.6155395 0 -8.9407e-8 8.9407e-8 -6.33299e-8 1 -1.19209e-7 0 0 0 1</matrix>
                                <node id="node-Bip001_R_Finger02" name="Bip001_R_Finger02">
                                  <matrix>0.1523351 -0.9883289 2.98023e-8 0.05252498 0.9883289 0.152335 -1.11759e-8 8.9407e-8 0 5.96046e-8 1 0 0 0 0 1</matrix>
                                </node>
                              </node>
                            </node>
                            <node id="node-Bip001_R_Finger1" name="Bip001_R_Finger1">
                              <matrix>0.7109715 -0.6323431 -0.3076713 0.1458857 0.6327783 0.7661361 -0.1123712 -1.51396e-5 0.3067753 -0.1147949 0.9448338 0.01919663 0 0 0 1</matrix>
                              <node id="node-Bip001_R_Finger11" name="Bip001_R_Finger11">
                                <matrix>-0.6406224 -0.7678561 1.49012e-8 0.08578128 0.7678561 -0.6406224 -2.98023e-8 0 2.98023e-8 -2.98023e-8 1 8.9407e-8 0 0 0 1</matrix>
                                <node id="node-Bip001_R_Finger12" name="Bip001_R_Finger12">
                                  <matrix>0.8432423 -0.5375336 1.49012e-8 0.05549777 0.5375337 0.8432423 -2.98023e-8 0 -3.72529e-9 1.19209e-7 1 0 0 0 0 1</matrix>
                                </node>
                              </node>
                            </node>
                            <node id="node-Bip001_R_Finger2" name="Bip001_R_Finger2">
                              <matrix>0.263497 -0.9557803 0.1305895 0.1437581 0.9628297 0.2522405 -0.09661072 0.003213286 0.05939874 0.1511922 0.9867182 -0.02870387 0 0 0 1</matrix>
                              <node id="node-Bip001_R_Finger21" name="Bip001_R_Finger21">
                                <matrix>-0.03544472 -0.9993716 -5.96046e-8 0.07148433 0.9993716 -0.03544464 -1.49012e-8 0 -7.82311e-8 0 1 5.96046e-8 0 0 0 1</matrix>
                                <node id="node-Bip001_R_Finger22" name="Bip001_R_Finger22">
                                  <matrix>0.7483485 -0.6633059 -1.11759e-8 0.051139 0.6633058 0.7483486 2.98023e-8 -1.19209e-7 5.96046e-8 0 1 -5.96046e-8 0 0 0 1</matrix>
                                </node>
                              </node>
                            </node>
                            <node id="node-mount0" name="mount0">
                              <matrix>-1.21072e-8 1 5.01052e-7 0.1088288 -1 -3.33413e-7 -8.9407e-8 0.03070402 1.49012e-7 -4.28408e-7 0.9999998 0.01333508 0 0 0 1</matrix>
                            </node>
                          </node>
                        </node>
                        <node id="node-Bip001_R_ForeTwist" name="Bip001_R_ForeTwist">
                          <matrix sid="matrix">-0.6693101 0.7429783 -0.002727121 0.4297334 -0.7429832 -0.6693055 0.00245674 0 -2.98023e-8 0.003670633 0.9999933 0 0 0 0 1</matrix>
                          <node id="node-Bip001_R_ForeTwist1" name="Bip001_R_ForeTwist1">
                            <matrix sid="matrix">1 1.49012e-8 0 0.1887196 -1.49012e-8 0.9999933 -0.003670633 2.98023e-8 0 0.003670603 0.9999933 0 0 0 0 1</matrix>
                          </node>
                        </node>
                      </node>
                      <node id="node-Bip001_RUpArmTwist" name="Bip001_RUpArmTwist">
                        <matrix sid="matrix">0.9681399 -0.2482138 0.03309149 0.0796662 0.1470726 0.4566728 -0.8773937 0 0.2026691 0.8543068 0.4786286 0 0 0 0 1</matrix>
                        <node id="node-Bip001_RUpArmTwist1" name="Bip001_RUpArmTwist1">
                          <matrix>1 1.49012e-8 0 0.2148667 -1.49012e-8 1 0 2.98023e-8 0 0 1 0 0 0 0 1</matrix>
                        </node>
                      </node>
                    </node>
                  </node>
                </node>
              </node>
            </node>
            <node id="node-Bip001_L_Thigh" name="Bip001_L_Thigh">
              <matrix sid="matrix">-0.7723313 0.562749 0.2946491 -0.09992933 0.6225698 0.7627024 0.175192 0.008276016 -0.1261404 0.3187459 -0.9394092 0.05696532 0 0 0 1</matrix>
              <node id="node-Bip001_L_Calf" name="Bip001_L_Calf">
                <matrix sid="matrix">-0.4950684 0.8688542 -1.86265e-9 0.4541689 -0.8688541 -0.4950683 -4.65661e-10 2.98023e-8 1.72295e-8 8.3819e-9 1 1.49012e-8 0 0 0 1</matrix>
                <node id="node-Bip001_L_HorseLink" name="Bip001_L_HorseLink">
                  <matrix sid="matrix">-0.4576586 -0.889128 1.62981e-9 0.3208733 0.889128 -0.4576586 9.31323e-10 0 -1.76951e-8 -7.21775e-9 1 0 0 0 0 1</matrix>
                  <node id="node-Bip001_L_Foot" name="Bip001_L_Foot">
                    <matrix sid="matrix">0.681841 0.7243171 0.1022622 0.3617601 -0.7077207 0.6885529 -0.1581977 -4.84288e-8 -0.1849983 0.03549263 0.9820977 0 0 0 0 1</matrix>
                    <node id="node-Bip001_L_Toe0" name="Bip001_L_Toe0">
                      <matrix sid="matrix">-0.6555852 -0.7201619 -0.2271025 0.08654236 0.7102288 -0.6902149 0.1384877 0.1234713 -0.256483 -0.07050423 0.9639739 -0.02420597 0 0 0 1</matrix>
                      <node id="node-Bip001_L_Toe01" name="Bip001_L_Toe01">
                        <matrix sid="matrix">0.997908 -0.06465042 6.39932e-9 0.04576607 0.06465049 0.9979081 1.61685e-9 9.31323e-10 1.504e-8 3.05295e-9 1 0 0 0 0 1</matrix>
                        <node id="node-Bip001_L_Toe02" name="Bip001_L_Toe02">
                          <matrix sid="matrix">0.08123681 0.9966947 -1.14879e-8 0.03187378 -0.9966948 0.08123678 -3.77145e-9 0 -2.58683e-9 -5.16312e-8 1 0 0 0 0 1</matrix>
                        </node>
                      </node>
                    </node>
                    <node id="node-Bip001_L_Toe1" name="Bip001_L_Toe1">
                      <matrix sid="matrix">-0.8077229 -0.5890467 -0.02465597 0.0928064 0.5797128 -0.7859211 -0.2150839 0.1308167 0.1073168 -0.1880216 0.9762843 0.03696451 0 0 0 1</matrix>
                      <node id="node-Bip001_L_Toe11" name="Bip001_L_Toe11">
                        <matrix sid="matrix">0.9879118 -0.155018 -4.62057e-9 0.04370603 0.1550181 0.9879118 -8.35712e-9 9.31323e-10 -2.85147e-8 -4.60659e-9 1 7.45058e-9 0 0 0 1</matrix>
                        <node id="node-Bip001_L_Toe12" name="Bip001_L_Toe12">
                          <matrix sid="matrix">0.05895779 0.9982606 -1.41536e-8 0.03796013 -0.9982606 0.05895787 -3.95653e-9 1.21072e-8 -1.2551e-8 1.20039e-8 1 0 0 0 0 1</matrix>
                        </node>
                      </node>
                    </node>
                    <node id="node-Bip001_L_Toe2" name="Bip001_L_Toe2">
                      <matrix sid="matrix">0.09777632 -0.9149253 0.3916015 0.06798328 0.1107248 -0.3810432 -0.9179032 0.002804026 0.9890299 0.1331092 0.06404784 0.04295148 0 0 0 1</matrix>
                      <node id="node-Bip001_L_Toe21" name="Bip001_L_Toe21">
                        <matrix sid="matrix">1 2.98023e-8 3.72529e-9 0.01451742 0 1 1.49012e-8 3.72529e-9 -1.86265e-9 0 1 -1.49012e-8 0 0 0 1</matrix>
                        <node id="node-Bip001_L_Toe22" name="Bip001_L_Toe22">
                          <matrix sid="matrix">0.5236049 0.8519613 3.72529e-9 0.03369503 -0.8519614 0.5236049 1.49012e-8 3.72529e-9 0 -5.58794e-9 1 0 0 0 0 1</matrix>
                        </node>
                      </node>
                    </node>
                  </node>
                </node>
              </node>
            </node>
            <node id="node-Bip001_R_Thigh" name="Bip001_R_Thigh">
              <matrix sid="matrix">-0.6604594 0.6626829 0.3530509 -0.09360701 0.6653495 0.7344329 -0.1338611 0.004001319 -0.3479997 0.1464925 -0.9259785 -0.08819001 0 0 0 1</matrix>
              <node id="node-Bip001_R_Calf" name="Bip001_R_Calf">
                <matrix sid="matrix">-0.8614737 0.5078019 -1.49012e-8 0.4541689 -0.5078018 -0.8614737 0 2.98023e-8 -3.72529e-8 -2.98023e-8 0.9999999 -2.98023e-8 0 0 0 1</matrix>
                <node id="node-Bip001_R_HorseLink" name="Bip001_R_HorseLink">
                  <matrix sid="matrix">-0.8861149 -0.4634655 1.49012e-8 0.3208733 0.4634654 -0.886115 1.49012e-8 -2.98023e-8 -7.45058e-8 -4.47035e-8 1 5.96046e-8 0 0 0 1</matrix>
                  <node id="node-Bip001_R_Foot" name="Bip001_R_Foot">
                    <matrix sid="matrix">0.3731362 0.9251496 0.06977168 0.3617601 -0.9272404 0.3693079 0.0619436 1.49012e-8 0.0315398 -0.08780856 0.995638 -1.49012e-8 0 0 0 1</matrix>
                    <node id="node-Bip001_R_Toe0" name="Bip001_R_Toe0">
                      <matrix sid="matrix">0.577928 -0.7961319 0.1793692 0.08654235 0.8104193 0.5857401 -0.01136029 0.1234713 -0.09601947 0.1519296 0.9837162 0.02420597 0 0 0 1</matrix>
                      <node id="node-Bip001_R_Toe01" name="Bip001_R_Toe01">
                        <matrix sid="matrix">0.4581302 0.8888854 1.86265e-9 0.04576607 -0.8888853 0.4581302 -2.32831e-9 0 -1.49012e-8 -1.86265e-9 1 -2.98023e-8 0 0 0 1</matrix>
                        <node id="node-Bip001_R_Toe02" name="Bip001_R_Toe02">
                          <matrix sid="matrix">0.3162257 0.948684 2.79397e-8 0.03187378 -0.9486839 0.3162256 1.39698e-8 7.45058e-9 1.16415e-8 5.12227e-8 0.9999999 0 0 0 0 1</matrix>
                        </node>
                      </node>
                    </node>
                    <node id="node-Bip001_R_Toe1" name="Bip001_R_Toe1">
                      <matrix sid="matrix">0.5589359 -0.8254054 0.07935079 0.0928064 0.8283894 0.5600783 -0.009137299 0.1308167 -0.03690065 0.07084051 0.9968049 -0.03696451 0 0 0 1</matrix>
                      <node id="node-Bip001_R_Toe11" name="Bip001_R_Toe11">
                        <matrix sid="matrix">0.3875983 0.9218284 7.45058e-9 0.04370602 -0.9218285 0.3875983 5.58794e-9 1.49012e-8 3.35276e-8 -2.23517e-8 1 4.47035e-8 0 0 0 1</matrix>
                        <node id="node-Bip001_R_Toe12" name="Bip001_R_Toe12">
                          <matrix sid="matrix">0.3049994 0.9523523 1.11759e-8 0.03796014 -0.9523523 0.3049994 7.45058e-9 -7.45058e-9 -3.35276e-8 -1.49012e-8 0.9999999 -1.49012e-8 0 0 0 1</matrix>
                        </node>
                      </node>
                    </node>
                    <node id="node-Bip001_R_Toe2" name="Bip001_R_Toe2">
                      <matrix sid="matrix">0.3976858 -0.460178 -0.7937773 0.06798328 0.3496199 -0.7238593 0.5948056 0.002804011 -0.8482994 -0.5140659 -0.1269812 -0.04295146 0 0 0 1</matrix>
                      <node id="node-Bip001_R_Toe21" name="Bip001_R_Toe21">
                        <matrix sid="matrix">0.9531193 0.3025944 0 0.01451744 -0.3025945 0.9531195 7.45058e-9 -2.23517e-8 -1.49012e-8 1.49012e-8 1 3.72529e-9 0 0 0 1</matrix>
                        <node id="node-Bip001_R_Toe22" name="Bip001_R_Toe22">
                          <matrix sid="matrix">0.2743029 0.9616435 0 0.03369504 -0.9616433 0.2743029 7.45058e-9 7.45058e-9 -3.72529e-8 7.45058e-9 1 0 0 0 0 1</matrix>
                        </node>
                      </node>
                    </node>
                  </node>
                </node>
              </node>
            </node>
          </node>
        </node>
      </node>
      <node id="node-Bounds" name="Bounds">
        <matrix sid="matrix">1 0 0 0 0 1 0 0.411981 0 0 1 0 0 0 0 1</matrix>
        <instance_geometry url="#geom-Bounds">
          <bind_material>
            <technique_common>
              <instance_material symbol="ColorMaterial" target="#ColorEffectR88G199B225-material"/>
            </technique_common>
          </bind_material>
        </instance_geometry>
      </node>
      <node id="node-EYE" name="EYE">
        <matrix sid="matrix">-0.9998431 0.01771264 -5.74166e-7 4.09043e-8 -0.01771264 -0.9998431 5.54177e-7 0.411981 -5.6426e-7 5.6426e-7 0.9999999 1.6 0 0 0 1</matrix>
      </node>
      <node id="node-CAM" name="CAM">
        <matrix sid="matrix">-0.9999996 1.50996e-7 0 0 -1.50996e-7 -0.9999996 1.77636e-15 -0.009719968 0 1.77636e-15 1 1.928079 0 0 0 1</matrix>
      </node>
    </visual_scene>
  </library_visual_scenes>
  <library_animations>
    <animation>
      <source id="node-Bip001_matrix-input">
        <float_array id="node-Bip001_matrix-input-array" count="20">13 13.03333 13.06667 13.1 13.13333 13.16667 13.2 13.23333 13.26667 13.3 13.33333 13.36667 13.4 13.43333 13.46667 13.5 13.53333 13.56667 13.6 13.63333</float_array>
        <technique_common>
          <accessor source="#node-Bip001_matrix-input-array" count="20" stride="1">
            <param name="TIME" type="float"/>
          </accessor>
        </technique_common>
      </source>
      <source id="node-Bip001_matrix-output">
        <float_array id="node-Bip001_matrix-output-array" count="320">0.1726216 -0.979467 0.104144 -0.01399999 0.9443103 0.1946363 0.26532 0 -0.2801424 0.05254429 0.9585193 0.8507229 0 0 0 1 0.1731954 -0.9794198 0.1036351 -0.01033359 0.9368289 0.1962981 0.2895143 0.2541949 -0.3038994 0.04694581 0.9515468 0.8863801 0 0 0 1 0.1613518 -0.9819567 0.09862411 -0.001063227 0.9189245 0.1859324 0.3478605 0.5063079 -0.3599213 0.03450018 0.9323446 0.9697862 0 0 0 1 0.1206063 -0.989214 0.08312541 0.01136171 0.8952761 0.1445646 0.4214047 0.7572488 -0.4288763 0.02359604 0.903055 1.068783 0 0 0 1 0.04210567 -0.9978539 0.05014789 0.02458721 0.8733481 0.06113779 0.4832445 1.007892 -0.4852733 0.02344918 0.8740481 1.151969 0 0 0 1 -0.06612217 -0.9978108 0.001199662 0.03624027 0.8635133 -0.05662012 0.5011376 1.25912 -0.4999725 0.03417223 0.8653668 1.187183 0 0 0 1 -0.1728749 -0.9839193 -0.04490983 0.04628837 0.8765463 -0.1744842 0.4485775 1.507296 -0.4492001 0.03818219 0.8926149 1.158124 0 0 0 1 -0.2393686 -0.9684454 -0.06939738 0.0563364 0.904874 -0.248426 0.3456697 1.755472 -0.3520023 0.01994657 0.9357866 1.089507 0 0 0 1 -0.2550864 -0.963858 -0.07686787 0.06638449 0.9339601 -0.2661908 0.2384557 2.003648 -0.250299 -0.01096475 0.9681065 1.007911 0 0 0 1 -0.2399363 -0.9675511 -0.0792163 0.07643258 0.9544414 -0.2500211 0.1628832 2.251824 -0.1774036 -0.03652566 0.9834601 0.9392937 0 0 0 1 -0.2278568 -0.9703832 -0.08023446 0.08648061 0.9619977 -0.2370882 0.1354606 2.5 -0.1504713 -0.04631972 0.9875287 0.9102354 0 0 0 1 -0.2357587 -0.9685631 -0.0793941 0.07646441 0.9560962 -0.2458038 0.1595638 2.75 -0.174063 -0.03828984 0.9839898 0.9412838 0 0 0 1 -0.2430977 -0.9669683 -0.07665437 0.06644815 0.9405161 -0.2543074 0.2252937 3 -0.2373456 -0.01732629 0.9712707 1.014601 0 0 0 1 -0.2233101 -0.9723684 -0.06806027 0.05643188 0.9190263 -0.2333 0.3177446 3.25 -0.3248433 0.0084064 0.9457305 1.101784 0 0 0 1 -0.1609314 -0.9859727 -0.04426264 0.04641568 0.8985138 -0.1649179 0.4067864 3.5 -0.4083799 0.02569407 0.9124504 1.175101 0 0 0 1 -0.06498312 -0.9978848 -0.00173664 0.03639942 0.8891677 -0.05869317 0.4538015 3.75 -0.4529436 0.02794528 0.8911011 1.20615 0 0 0 1 0.03246021 -0.9984335 0.04557311 0.02478325 0.8954051 0.04930901 0.4425137 3.999874 -0.4440676 0.02644234 0.895603 1.168886 0 0 0 1 0.1065468 -0.9909399 0.08176821 0.01159965 0.9095912 0.1303548 0.394527 4.249623 -0.4016114 0.03234004 0.915239 1.080893 0 0 0 1 0.1502341 -0.9833406 0.1023274 -7.86014e-4 0.9254607 0.1762859 0.3353294 4.499436 -0.347782 0.04432207 0.9365273 0.9762572 0 0 0 1 0.1686388 -0.9796149 0.1091588 -0.01002699 0.9381851 0.1934877 0.2870038 4.749497 -0.3022741 0.05401116 0.9516896 0.8882637 0 0 0 1</float_array>
        <technique_common>
          <accessor source="#node-Bip001_matrix-output-array" count="20" stride="16">
            <param name="TRANSFORM" type="float4x4"/>
          </accessor>
        </technique_common>
      </source>
      <source id="node-Bip001_matrix-interpolation">
        <Name_array id="node-Bip001_matrix-interpolation-array" count="20">LINEAR LINEAR LINEAR LINEAR LINEAR LINEAR LINEAR LINEAR LINEAR LINEAR LINEAR LINEAR LINEAR LINEAR LINEAR LINEAR LINEAR LINEAR LINEAR LINEAR</Name_array>
        <technique_common>
          <accessor source="#node-Bip001_matrix-interpolation-array" count="20" stride="1">
            <param name="INTERPOLATION" type="name"/>
          </accessor>
        </technique_common>
      </source>
      <source id="node-Bip001_Pelvis_matrix-input">
        <float_array id="node-Bip001_Pelvis_matrix-input-array" count="20">13 13.03333 13.06667 13.1 13.13333 13.16667 13.2 13.23333 13.26667 13.3 13.33333 13.36667 13.4 13.43333 13.46667 13.5 13.53333 13.56667 13.6 13.63333</float_array>
        <technique_common>
          <accessor source="#node-Bip001_Pelvis_matrix-input-array" count="20" stride="1">
            <param name="TIME" type="float"/>
          </accessor>
        </technique_common>
      </source>
      <source id="node-Bip001_Pelvis_matrix-output">
        <float_array id="node-Bip001_Pelvis_matrix-output-array" count="320">0 1 -1.37836e-6 0 -0.1140869 1.37836e-6 0.9934707 0 0.9934708 2.08616e-7 0.1140869 0 0 0 0 1 -0.005351483 0.999756 0.02143591 0 -0.04860657 -0.02167093 0.998583 0 0.9988037 0.004301965 0.04871064 0 0 0 0 1 -0.01200032 0.9973961 0.07111477 0 0.09783041 -0.06960755 0.992766 0 0.9951309 0.01887071 -0.09674036 0 0 0 0 1 -0.01065295 0.9920979 0.1250128 0 0.2465435 -0.1185544 0.961853 0 0.9690731 0.0410676 -0.2433324 0 0 0 0 1 -0.005311071 0.9873737 0.1583194 0 0.3221814 -0.1481897 0.9350075 0 0.946663 0.05597341 -0.3173264 0 0 0 0 1 -0.002942383 0.9856735 0.1686397 0 0.3242561 -0.1585882 0.9325813 0 0.9459649 0.05742645 -0.319144 0 0 0 0 1 -0.002466976 0.9852852 0.1709007 0 0.301154 -0.1622352 0.9396734 0 0.9535723 0.05378556 -0.2963223 0 0 0 0 1 -0.00291264 0.9857931 0.1679391 0 0.2579661 -0.1615149 0.9525578 0 0.9661496 0.04609709 -0.2538308 0 0 0 0 1 -0.003163874 0.9866874 0.1625971 0 0.1997439 -0.1586976 0.9669114 0 0.9798431 0.03553694 -0.1965827 0 0 0 0 1 -0.00233829 0.9874647 0.1578222 0 0.1318935 -0.1561393 0.9788895 0 0.9912611 0.02310466 -0.1298751 0 0 0 0 1 -2.08616e-7 0.9876508 0.1566722 0 0.06026631 -0.1563874 0.9858555 0 0.9981824 0.009442269 -0.05952203 0 0 0 0 1 0.005643427 0.9864966 0.1636845 0 -0.04675483 -0.1632478 0.9854766 0 0.9988905 -0.01321452 0.04520219 0 0 0 0 1 0.01267766 0.9843097 0.1759931 0 -0.1898911 -0.1704343 0.9668989 0 0.9817233 -0.04567754 0.184751 0 0 0 0 1 0.01780927 0.9826603 0.1845575 0 -0.3163087 -0.169569 0.9333783 0 0.9484891 -0.07499992 0.3078042 0 0 0 0 1 0.02079319 0.9835428 0.1794741 0 -0.3786181 -0.1583963 0.9118985 0 0.9253194 -0.08691346 0.3690936 0 0 0 0 1 0.02234953 0.9875841 0.1554933 0 -0.3709093 -0.1362413 0.9186211 0 0.9284003 -0.07820469 0.3632593 0 0 0 0 1 0.02189177 0.9926582 0.1189565 0 -0.3263471 -0.1053721 0.9393585 0 0.9449965 -0.05938529 0.3216444 0 0 0 0 1 0.01792329 0.9968303 0.07751268 0 -0.2608656 -0.07017779 0.962821 0 0.9652087 -0.03747731 0.2587809 0 0 0 0 1 0.01083612 0.999181 0.0389831 0 -0.1915196 -0.03618979 0.9808213 0 0.981429 -0.01809436 0.1909707 0 0 0 0 1 0.003424644 0.9999353 0.01085418 0 -0.13647 -0.01028531 0.9905908 0 0.9906384 -0.004873752 0.1364259 0 0 0 0 1</float_array>
        <technique_common>
          <accessor source="#node-Bip001_Pelvis_matrix-output-array" count="20" stride="16">
            <param name="TRANSFORM" type="float4x4"/>
          </accessor>
        </technique_common>
      </source>
      <source id="node-Bip001_Pelvis_matrix-interpolation">
        <Name_array id="node-Bip001_Pelvis_matrix-interpolation-array" count="20">LINEAR LINEAR LINEAR LINEAR LINEAR LINEAR LINEAR LINEAR LINEAR LINEAR LINEAR LINEAR LINEAR LINEAR LINEAR LINEAR LINEAR LINEAR LINEAR LINEAR</Name_array>
        <technique_common>
          <accessor source="#node-Bip001_Pelvis_matrix-interpolation-array" count="20" stride="1">
            <param name="INTERPOLATION" type="name"/>
          </accessor>
        </technique_common>
      </source>
      <source id="node-Bip001_Spine_matrix-input">
        <float_array id="node-Bip001_Spine_matrix-input-array" count="20">13 13.03333 13.06667 13.1 13.13333 13.16667 13.2 13.23333 13.26667 13.3 13.33333 13.36667 13.4 13.43333 13.46667 13.5 13.53333 13.56667 13.6 13.63333</float_array>
        <technique_common>
          <accessor source="#node-Bip001_Spine_matrix-input-array" count="20" stride="1">
            <param name="TIME" type="float"/>
          </accessor>
        </technique_common>
      </source>
      <source id="node-Bip001_Spine_matrix-output">
        <float_array id="node-Bip001_Spine_matrix-output-array" count="320">0.9968293 -0.06539046 0.04534167 0.09757059 0.06663364 0.9974264 -0.02646982 -8.81702e-5 -0.0434941 0.0294072 0.9986209 0.01120138 0 0 0 1 0.9957632 -0.06451797 0.0655204 0.09809434 0.06604218 0.997588 -0.02136605 3.34233e-4 -0.06398391 0.02560257 0.9976225 0.004781365 0 0 0 1 0.9891641 -0.07258415 0.1276162 0.09773421 0.07571119 0.9969329 -0.01981842 0.001765072 -0.1257863 0.0292657 0.9916257 -0.009503066 0 0 0 1 0.9689522 -0.08975154 0.2303832 0.09517693 0.1023326 0.9938107 -0.0432294 0.003945171 -0.2250773 0.06546294 0.9721394 -0.02390253 0 0 0 1 0.9387851 -0.1131392 0.3253957 0.09297811 0.1447654 0.9866498 -0.07460087 0.005409598 -0.3126113 0.1171402 0.9426307 -0.0311737 0 0 0 1 0.9214492 -0.1393383 0.3626517 0.09291183 0.1814432 0.9797576 -0.08457952 0.005553007 -0.3435255 0.1437365 0.9280788 -0.03135454 0 0 0 1 0.9193496 -0.1505634 0.3634928 0.09365987 0.1942092 0.9771434 -0.08645057 0.005195617 -0.3421683 0.150072 0.9275771 -0.02911394 0 0 0 1 0.9311321 -0.1580729 0.3286429 0.09489583 0.1958191 0.9769577 -0.08490335 0.004440546 -0.3076492 0.1434108 0.9406303 -0.02494037 0 0 0 1 0.9568025 -0.1769571 0.2306835 0.09624254 0.1958688 0.9786901 -0.06165009 0.003403306 -0.2148583 0.1041707 0.9710737 -0.01931488 0 0 0 1 0.9775444 -0.1922217 0.08635896 0.09736502 0.1947388 0.9806162 -0.0216549 0.002182245 -0.08052247 0.03798609 0.9960288 -0.01275789 0 0 0 1 0.981699 -0.1885342 -0.02687251 0.09804427 0.1885764 0.982058 -9.75372e-4 8.40664e-4 0.02657425 -0.004109978 0.9996385 -0.005845069 0 0 0 1 0.9794958 -0.1636686 -0.1174753 0.09811186 0.1631663 0.9865001 -0.01394724 -0.001384973 0.1181722 -0.005506694 0.992978 0.004439592 0 0 0 1 0.964499 -0.1276255 -0.2311998 0.09642243 0.1226699 0.9918035 -0.03574562 -0.004573583 0.2338669 0.006115317 0.9722494 0.01814311 0 0 0 1 0.9363162 -0.08943164 -0.3395792 0.09315562 0.07822495 0.9958472 -0.0465781 -0.007453441 0.3423346 0.01704823 0.9394235 0.03022676 0 0 0 1 0.9121974 -0.05244415 -0.4063809 0.09087681 0.04242539 0.9985334 -0.03363072 -0.0086236 0.4075487 0.01343691 0.9130847 0.03624606 0 0 0 1 0.9109088 -0.02678883 -0.411737 0.09117698 0.02560985 0.999637 -0.008381307 -0.007768869 0.411812 -0.002909839 0.9112642 0.03567457 0 0 0 1 0.9269917 -0.02008223 -0.3745441 0.09280633 0.02445745 0.9996768 0.006931245 -0.005920171 0.3742839 -0.01558566 0.9271832 0.03158891 0 0 0 1 0.9600434 -0.03206175 -0.2780086 0.0947926 0.03405237 0.9994173 0.002333641 -0.003769397 0.2777717 -0.01170724 0.9605758 0.02541482 0 0 0 1 0.9892342 -0.04815942 -0.1381883 0.0963869 0.04742372 0.9988378 -0.008613944 -0.00186491 0.1384425 0.001967847 0.9903684 0.01875436 0 0 0 1 0.9981151 -0.06044214 -0.0106219 0.09729218 0.06022989 0.9979981 -0.01928645 -5.66959e-4 0.01176637 0.01861023 0.9997576 0.01339626 0 0 0 1</float_array>
        <technique_common>
          <accessor source="#node-Bip001_Spine_matrix-output-array" count="20" stride="16">
            <param name="TRANSFORM" type="float4x4"/>
          </accessor>
        </technique_common>
      </source>
      <source id="node-Bip001_Spine_matrix-interpolation">
        <Name_array id="node-Bip001_Spine_matrix-interpolation-array" count="20">LINEAR LINEAR LINEAR LINEAR LINEAR LINEAR LINEAR LINEAR LINEAR LINEAR LINEAR LINEAR LINEAR LINEAR LINEAR LINEAR LINEAR LINEAR LINEAR LINEAR</Name_array>
        <technique_common>
          <accessor source="#node-Bip001_Spine_matrix-interpolation-array" count="20" stride="1">
            <param name="INTERPOLATION" type="name"/>
          </accessor>
        </technique_common>
      </source>
      <source id="node-Bip001_Spine1_matrix-input">
        <float_array id="node-Bip001_Spine1_matrix-input-array" count="20">13 13.03333 13.06667 13.1 13.13333 13.16667 13.2 13.23333 13.26667 13.3 13.33333 13.36667 13.4 13.43333 13.46667 13.5 13.53333 13.56667 13.6 13.63333</float_array>
        <technique_common>
          <accessor source="#node-Bip001_Spine1_matrix-input-array" count="20" stride="1">
            <param name="TIME" type="float"/>
          </accessor>
        </technique_common>
      </source>
      <source id="node-Bip001_Spine1_matrix-output">
