<?xml version="1.0" encoding="utf-8"?>
<COLLADA xmlns="http://www.collada.org/2005/11/COLLADASchema" version="1.4.1">
  <asset>
    <contributor>
      <author>MattO</author>
      <authoring_tool>OpenCOLLADA for 3ds Max;  Version: 1.3.0;  Revision: 839M;  Platform: x64;  Configuration: Release_Max2012</authoring_tool>
      <source_data>file:///Z:/Art_Resources/WIP/Art_Pack/Alien_Pack/Kralmok/Mantis_TP_Kralmok_Animation_Master.max</source_data>
    </contributor>
    <created>2011-10-24T17:11:32</created>
    <modified>2011-10-24T17:11:32</modified>
    <unit name="meter" meter="1"/>
    <up_axis>Z_UP</up_axis>
  </asset>
  <library_effects>
    <effect id="ColorEffectR88G199B225">
      <profile_COMMON>
        <technique sid="common">
          <phong>
            <ambient>
              <color>0.345098 0.7803922 0.8823529 1</color>
            </ambient>
            <diffuse>
              <color>0.345098 0.7803922 0.8823529 1</color>
            </diffuse>
            <specular>
              <color>1 1 1 1</color>
            </specular>
            <shininess>
              <float>10</float>
            </shininess>
            <reflective>
              <color>0 0 0 1</color>
            </reflective>
            <transparent>
              <color>1 1 1 1</color>
            </transparent>
            <transparency>
              <float>1</float>
            </transparency>
          </phong>
        </technique>
      </profile_COMMON>
    </effect>
  </library_effects>
  <library_materials>
    <material id="ColorEffectR88G199B225-material" name="ColorEffectR88G199B225-material">
      <instance_effect url="#ColorEffectR88G199B225"/>
    </material>
  </library_materials>
  <library_geometries>
    <geometry id="geom-Bounds" name="Bounds">
      <mesh>
        <source id="geom-Bounds-positions">
          <float_array id="geom-Bounds-positions-array" count="24">-0.5 -0.5 0 0.5 -0.5 0 -0.5 0.5 0 0.5 0.5 0 -0.5 -0.5 2 0.5 -0.5 2 -0.5 0.5 2 0.5 0.5 2</float_array>
          <technique_common>
            <accessor source="#geom-Bounds-positions-array" count="8" stride="3">
              <param name="X" type="float"/>
              <param name="Y" type="float"/>
              <param name="Z" type="float"/>
            </accessor>
          </technique_common>
        </source>
        <source id="geom-Bounds-normals">
          <float_array id="geom-Bounds-normals-array" count="72">0 0 -1 0 0 -1 0 0 -1 0 0 -1 0 0 1 0 0 1 0 0 1 0 0 1 0 -1 0 0 -1 0 0 -1 0 0 -1 0 1 0 0 1 0 0 1 0 0 1 0 0 0 1 0 0 1 0 0 1 0 0 1 0 -1 0 0 -1 0 0 -1 0 0 -1 0 0</float_array>
          <technique_common>
            <accessor source="#geom-Bounds-normals-array" count="24" stride="3">
              <param name="X" type="float"/>
              <param name="Y" type="float"/>
              <param name="Z" type="float"/>
            </accessor>
          </technique_common>
        </source>
        <source id="geom-Bounds-map1">
          <float_array id="geom-Bounds-map1-array" count="36">0 0 0 1 0 0 0 1 0 1 1 0 0 0 0 1 0 0 0 1 0 1 1 0 0 0 0 1 0 0 0 1 0 1 1 0</float_array>
          <technique_common>
            <accessor source="#geom-Bounds-map1-array" count="12" stride="3">
              <param name="S" type="float"/>
              <param name="T" type="float"/>
              <param name="P" type="float"/>
            </accessor>
          </technique_common>
        </source>
        <vertices id="geom-Bounds-vertices">
          <input semantic="POSITION" source="#geom-Bounds-positions"/>
        </vertices>
        <triangles material="ColorMaterial" count="12">
          <input semantic="VERTEX" source="#geom-Bounds-vertices" offset="0"/>
          <input semantic="NORMAL" source="#geom-Bounds-normals" offset="1"/>
          <input semantic="TEXCOORD" source="#geom-Bounds-map1" offset="2" set="0"/>
          <p>0 0 9 2 1 11 3 2 10 3 2 10 1 3 8 0 0 9 4 4 8 5 5 9 7 6 11 7 6 11 6 7 10 4 4 8 0 8 4 1 9 5 5 10 7 5 10 7 4 11 6 0 8 4 1 12 0 3 13 1 7 14 3 7 14 3 5 15 2 1 12 0 3 16 4 2 17 5 6 18 7 6 18 7 7 19 6 3 16 4 2 20 0 0 21 1 4 22 3 4 22 3 6 23 2 2 20 0</p>
        </triangles>
      </mesh>
      <extra>
        <technique profile="OpenCOLLADA3dsMax">
          <max_box>
            <generateuvs>1</generateuvs>
            <height>2</height>
            <heightsegments>1</heightsegments>
            <length>1</length>
            <lengthsegments>1</lengthsegments>
            <width>1</width>
            <widthsegments>1</widthsegments>
          </max_box>
        </technique>
      </extra>
    </geometry>
  </library_geometries>
  <library_lights>
    <light id="EnvironmentAmbientLight" name="EnvironmentAmbientLight">
      <technique_common>
        <ambient>
          <color>0 0 0</color>
        </ambient>
      </technique_common>
    </light>
  </library_lights>
  <library_visual_scenes>
    <visual_scene id="MaxScene">
      <node name="EnvironmentAmbientLight">
        <instance_light url="#EnvironmentAmbientLight"/>
      </node>
      <node id="node-Bip001" name="Bip001">
        <matrix sid="matrix">0.490844 -0.8335531 0.2534983 0 0.829985 0.5358483 0.1548923 -4.37066e-8 -0.2649476 0.1343718 0.9548544 0.5325592 0 0 0 1</matrix>
        <node id="node-Bip001_Pelvis" name="Bip001_Pelvis">
          <matrix>-0.06006104 0.9981923 -0.002268128 0 -0.1512669 -0.006855585 0.9884692 0 0.9866669 0.05971152 0.1514052 0 0 0 0 1</matrix>
          <node id="node-Bip001_Spine" name="Bip001_Spine">
            <matrix sid="matrix">0.9613936 -0.1361308 -0.2391462 0.09690875 0.1112899 0.9871661 -0.1145337 0.005776733 0.2516685 0.08349729 0.9642051 0.01486154 0 0 0 1</matrix>
            <node id="node-Bip001_Spine1" name="Bip001_Spine1">
              <matrix sid="matrix">0.9235708 -0.3709309 -0.0970948 0.1110483 0.3695982 0.9286392 -0.03204075 -8.20756e-5 0.102051 -0.006294124 0.9947592 5.47618e-7 0 0 0 1</matrix>
              <node id="node-Bip001_Spine2" name="Bip001_Spine2">
                <matrix sid="matrix">0.9781342 -0.135043 -0.1581678 0.1110275 0.152882 0.9824771 0.1066115 -8.69334e-5 0.1409992 -0.1284613 0.9816399 1.13435e-5 0 0 0 1</matrix>
                <node id="node-Bip001_Spine3" name="Bip001_Spine3">
                  <matrix sid="matrix">0.9451491 -0.2288202 -0.233098 0.1110539 0.2576066 0.960933 0.101227 -1.6135e-4 0.2008287 -0.1557222 0.9671704 2.61217e-5 0 0 0 1</matrix>
                  <node id="node-Bip001_Neck" name="Bip001_Neck">
                    <matrix sid="matrix">0.9888967 -0.06419975 -0.1340206 0.2584252 0.04748259 0.9910949 -0.1244034 0.01280224 0.1408138 0.1166585 0.983139 -4.50015e-6 0 0 0 1</matrix>
                    <node id="node-Bip001_Neck1" name="Bip001_Neck1">
                      <matrix sid="matrix">0.987937 0.1545505 -0.009731449 0.04894263 -0.1547314 0.9826608 -0.1021559 -3.83854e-5 -0.006225482 0.1024293 0.9947208 -3.96371e-6 0 0 0 1</matrix>
                      <node id="node-Bip001_Neck2" name="Bip001_Neck2">
                        <matrix>0.9545163 0.2811764 -0.09919002 0.04893762 -0.2884499 0.9550411 -0.06850681 -3.71933e-5 0.07546811 0.09400213 0.9927076 -3.63588e-6 0 0 0 1</matrix>
                        <node id="node-Bip001_Head" name="Bip001_Head">
                          <matrix sid="matrix">0.9415106 0.2383284 0.2382367 0.04894865 -0.2148935 0.9691982 -0.1203135 8.9407e-8 -0.2595727 0.06208087 0.963726 -2.98023e-8 0 0 0 1</matrix>
                          <node id="node-Bip001_Ponytail1" name="Bip001_Ponytail1">
                            <matrix>-0.05999064 -0.9981991 -2.76929e-6 0.009580731 0.998199 -0.05999061 -2.94019e-6 0.1139534 2.76836e-6 -2.93972e-6 1 8.19564e-8 0 0 0 1</matrix>
                          </node>
                          <node id="node-ALTEYE" name="ALTEYE">
                            <matrix>-0.00948812 0.5772443 0.8165166 0.1153698 0.002645058 0.8165649 -0.5772477 0.2046643 -0.9999516 -0.003317262 -0.00927451 -0.001006849 0 0 0 1</matrix>
                          </node>
                        </node>
                      </node>
                    </node>
                    <node id="node-Bip001_L_Clavicle" name="Bip001_L_Clavicle">
                      <matrix sid="matrix">0.3867269 0.04316633 0.9211835 -0.04311711 0.6360109 -0.7358134 -0.232527 0.007411897 0.6677817 0.6758072 -0.312013 0.02784044 0 0 0 1</matrix>
                      <node id="node-Bip001_L_UpperArm" name="Bip001_L_UpperArm">
                        <matrix sid="matrix">0.9905629 0.1320673 -0.03665182 0.07966629 0.001859426 0.2544433 0.9670859 0 0.1370461 -0.9580277 0.2517966 0 0 0 0 1</matrix>
                        <node id="node-Bip001_L_Forearm" name="Bip001_L_Forearm">
                          <matrix sid="matrix">0.1634771 0.9865472 0 0.4297335 -0.986547 0.1634771 0 0 -5.96046e-8 -1.19209e-7 1 -2.98023e-8 0 0 0 1</matrix>
                          <node id="node-Bip001_L_Hand" name="Bip001_L_Hand">
                            <matrix sid="matrix">0.975882 -0.1435037 -0.1645022 0.3774393 0.2026794 0.315702 0.926959 -1.19209e-7 -0.08108839 -0.9379438 0.3371732 -2.98023e-8 0 0 0 1</matrix>
                            <node id="node-Bip001_L_Finger0" name="Bip001_L_Finger0">
                              <matrix>0.737368 0.3989064 0.5451257 0.03908229 0.5702345 0.06501231 -0.8189055 0.01738542 -0.3621065 0.9146841 -0.1795323 -0.04049927 0 0 0 1</matrix>
                              <node id="node-Bip001_L_Finger01" name="Bip001_L_Finger01">
                                <matrix>0.5320405 -0.846719 0 0.1027659 0.846719 0.5320405 0 1.78814e-7 -2.98023e-8 2.98023e-8 1 0 0 0 0 1</matrix>
                                <node id="node-Bip001_L_Finger02" name="Bip001_L_Finger02">
                                  <matrix>0.7835937 -0.6212737 2.98023e-8 0.05252469 0.6212736 0.7835937 0 0 0 -7.45058e-8 1 -1.19209e-7 0 0 0 1</matrix>
                                </node>
                              </node>
                            </node>
                            <node id="node-Bip001_L_Finger1" name="Bip001_L_Finger1">
                              <matrix>0.6375437 -0.770391 0.005983956 0.1458857 0.7704015 0.6375587 7.96348e-4 -1.53184e-5 -0.004428625 0.004102379 0.9999819 -0.01919663 0 0 0 1</matrix>
                              <node id="node-Bip001_L_Finger11" name="Bip001_L_Finger11">
                                <matrix>-0.3951853 -0.9186016 -2.98023e-8 0.08578125 0.9186016 -0.3951853 2.98023e-8 0 -2.98023e-8 -8.9407e-8 0.9999999 2.98023e-8 0 0 0 1</matrix>
                                <node id="node-Bip001_L_Finger12" name="Bip001_L_Finger12">
                                  <matrix>0.9649357 -0.2624862 0 0.05549765 0.2624862 0.9649357 2.98023e-8 2.98023e-8 1.49012e-8 5.96046e-8 1 2.98023e-8 0 0 0 1</matrix>
                                </node>
                              </node>
                            </node>
                            <node id="node-Bip001_L_Finger2" name="Bip001_L_Finger2">
                              <matrix>0.5018926 -0.855015 -0.1305896 0.1437581 0.8647377 0.4928441 0.09661081 0.003213346 -0.0182434 -0.1614139 0.9867183 0.02870396 0 0 0 1</matrix>
                              <node id="node-Bip001_L_Finger21" name="Bip001_L_Finger21">
                                <matrix>0.05968916 -0.9982171 -5.96046e-8 0.07148433 0.9982172 0.05968916 0 0 -2.98023e-8 -5.96046e-8 1 -2.98023e-8 0 0 0 1</matrix>
                                <node id="node-Bip001_L_Finger22" name="Bip001_L_Finger22">
                                  <matrix>0.8033118 -0.5955587 0 0.05113876 0.5955586 0.8033118 2.98023e-8 -8.9407e-8 1.49012e-8 2.98023e-8 1 2.98023e-8 0 0 0 1</matrix>
                                </node>
                              </node>
                            </node>
                          </node>
                        </node>
                        <node id="node-Bip001_L_ForeTwist" name="Bip001_L_ForeTwist">
                          <matrix sid="matrix">0.1634771 0.9798843 -0.1144651 0.4297335 -0.986547 0.1623731 -0.01896763 0 -5.96046e-8 0.1160259 0.9932462 -2.98023e-8 0 0 0 1</matrix>
                          <node id="node-Bip001_L_ForeTwist1" name="Bip001_L_ForeTwist1">
                            <matrix sid="matrix">0.9999999 2.98023e-8 -8.9407e-8 0.1887196 -2.98023e-8 0.9932461 -0.1160259 0 0 0.1160259 0.9932461 0 0 0 0 1</matrix>
                          </node>
                        </node>
                      </node>
                      <node id="node-Bip001_LUpArmTwist" name="Bip001_LUpArmTwist">
                        <matrix sid="matrix">0.9905629 0.1320673 -0.03665182 0.07966629 0.001859426 0.2544433 0.9670859 0 0.1370461 -0.9580277 0.2517966 0 0 0 0 1</matrix>
                        <node id="node-Bip001_LUpArmTwist1" name="Bip001_LUpArmTwist1">
                          <matrix>1 2.98023e-8 0 0.2148668 0 1 0 0 2.98023e-8 5.96046e-8 1 -2.98023e-8 0 0 0 1</matrix>
                        </node>
                      </node>
                    </node>
                    <node id="node-Bip001_R_Clavicle" name="Bip001_R_Clavicle">
                      <matrix sid="matrix">-0.4125289 -0.1381768 -0.9004039 -0.04935795 0.6517029 -0.7353822 -0.1857318 0.00224185 -0.6364772 -0.6634156 0.3934166 -0.01573154 0 0 0 1</matrix>
                      <node id="node-Bip001_R_UpperArm" name="Bip001_R_UpperArm">
                        <matrix sid="matrix">0.839581 0.3032049 -0.4507444 0.0796662 -0.5393059 0.3656132 -0.7586013 1.19209e-7 -0.06521361 0.8799965 0.4704821 -5.96046e-8 0 0 0 1</matrix>
                        <node id="node-Bip001_R_Forearm" name="Bip001_R_Forearm">
                          <matrix sid="matrix">-0.5584595 0.8295319 0 0.4297334 -0.8295317 -0.5584594 0 2.98023e-8 2.98023e-8 5.96046e-8 1 0 0 0 0 1</matrix>
                          <node id="node-Bip001_R_Hand" name="Bip001_R_Hand">
                            <matrix sid="matrix">0.7922845 0.3434401 0.5043156 0.3774394 0.6097292 -0.4148882 -0.6753503 -8.9407e-8 -0.02270781 0.8425655 -0.5381148 -1.19209e-7 0 0 0 1</matrix>
                            <node id="node-Bip001_R_Finger0" name="Bip001_R_Finger0">
                              <matrix>0.6486481 0.5772245 -0.4960517 0.03908235 0.6676159 -0.118583 0.7350015 0.01738539 0.3654375 -0.8079293 -0.462283 0.04049921 0 0 0 1</matrix>
                              <node id="node-Bip001_R_Finger01" name="Bip001_R_Finger01">
                                <matrix>0.6155393 -0.7881062 0 0.1027657 0.7881062 0.6155394 2.98023e-8 5.96046e-8 1.49012e-8 0 1 0 0 0 0 1</matrix>
                                <node id="node-Bip001_R_Finger02" name="Bip001_R_Finger02">
                                  <matrix>0.1523352 -0.988329 -5.96046e-8 0.05252492 0.988329 0.1523351 2.98023e-8 -5.96046e-8 8.9407e-8 1.49012e-8 1 -1.19209e-7 0 0 0 1</matrix>
                                </node>
                              </node>
                            </node>
                            <node id="node-Bip001_R_Finger1" name="Bip001_R_Finger1">
                              <matrix>0.7109715 -0.6323431 -0.3076712 0.1458859 0.6327782 0.7661361 -0.1123713 -1.52588e-5 0.3067753 -0.1147949 0.9448339 0.01919669 0 0 0 1</matrix>
                              <node id="node-Bip001_R_Finger11" name="Bip001_R_Finger11">
                                <matrix>-0.6406226 -0.7678562 -2.98023e-8 0.08578122 0.7678562 -0.6406226 -1.49012e-8 0 0 1.49012e-8 1 -5.96046e-8 0 0 0 1</matrix>
                                <node id="node-Bip001_R_Finger12" name="Bip001_R_Finger12">
                                  <matrix>0.8432423 -0.5375337 -2.98023e-8 0.05549777 0.5375336 0.8432423 0 -2.98023e-8 -5.96046e-8 -7.45058e-9 1 5.96046e-8 0 0 0 1</matrix>
                                </node>
                              </node>
                            </node>
                            <node id="node-Bip001_R_Finger2" name="Bip001_R_Finger2">
                              <matrix>0.2634971 -0.9557803 0.1305896 0.1437581 0.9628297 0.2522404 -0.09661077 0.003213406 0.0593987 0.1511922 0.9867182 -0.02870387 0 0 0 1</matrix>
                              <node id="node-Bip001_R_Finger21" name="Bip001_R_Finger21">
                                <matrix>-0.03544473 -0.9993716 3.72529e-9 0.07148437 0.9993716 -0.03544474 0 5.96046e-8 -1.49012e-8 3.72529e-9 1 0 0 0 0 1</matrix>
                                <node id="node-Bip001_R_Finger22" name="Bip001_R_Finger22">
                                  <matrix>0.7483486 -0.6633058 -1.49012e-8 0.05113894 0.6633058 0.7483484 0 3.72529e-9 1.49012e-8 0 1 5.96046e-8 0 0 0 1</matrix>
                                </node>
                              </node>
                            </node>
                            <node id="node-mount0" name="mount0">
                              <matrix>-3.475e-8 1 5.21541e-7 0.1088288 -1 -2.9803e-7 -1.47149e-7 0.03070411 1.52737e-7 -4.12576e-7 0.9999998 0.01333505 0 0 0 1</matrix>
                            </node>
                          </node>
                        </node>
                        <node id="node-Bip001_R_ForeTwist" name="Bip001_R_ForeTwist">
                          <matrix sid="matrix">-0.5584595 0.8087593 -0.1844762 0.4297334 -0.8295317 -0.544475 0.1241935 2.98023e-8 2.98023e-8 0.222386 0.9749587 0 0 0 0 1</matrix>
                          <node id="node-Bip001_R_ForeTwist1" name="Bip001_R_ForeTwist1">
                            <matrix sid="matrix">0.9999999 -8.9407e-8 1.49012e-8 0.1887196 5.96046e-8 0.9749587 -0.2223859 2.98023e-8 0 0.2223859 0.9749587 -5.96046e-8 0 0 0 1</matrix>
                          </node>
                        </node>
                      </node>
                      <node id="node-Bip001_RUpArmTwist" name="Bip001_RUpArmTwist">
                        <matrix sid="matrix">0.839581 0.3032049 -0.4507444 0.0796662 -0.5393059 0.3656132 -0.7586013 1.19209e-7 -0.06521361 0.8799965 0.4704821 -5.96046e-8 0 0 0 1</matrix>
                        <node id="node-Bip001_RUpArmTwist1" name="Bip001_RUpArmTwist1">
                          <matrix>1 -1.86265e-9 0 0.2148667 1.86265e-9 1 0 0 0 1.86265e-9 1 -5.96046e-8 0 0 0 1</matrix>
                        </node>
                      </node>
                    </node>
                  </node>
                </node>
              </node>
            </node>
            <node id="node-Bip001_L_Thigh" name="Bip001_L_Thigh">
              <matrix sid="matrix">-0.1911577 0.9774351 -0.0898868 -0.07925981 0.7948086 0.2078732 0.5701476 0.01231727 0.5759673 0.03754531 -0.8166102 0.07958383 0 0 0 1</matrix>
              <node id="node-Bip001_L_Calf" name="Bip001_L_Calf">
                <matrix sid="matrix">-0.625045 0.7805887 -7.45058e-9 0.4541689 -0.7805887 -0.6250449 0 2.98023e-8 7.45058e-8 -2.98023e-8 1 -1.49012e-8 0 0 0 1</matrix>
                <node id="node-Bip001_L_HorseLink" name="Bip001_L_HorseLink">
                  <matrix sid="matrix">-0.6251075 -0.7805386 0 0.3208732 0.7805384 -0.6251076 -2.98023e-8 2.98023e-8 1.19209e-7 2.98023e-8 0.9999999 0 0 0 0 1</matrix>
                  <node id="node-Bip001_L_Foot" name="Bip001_L_Foot">
                    <matrix sid="matrix">0.3887301 0.9211417 -0.01966692 0.36176 -0.8649868 0.3722173 0.3365292 -1.49012e-8 0.3173115 -0.1138075 0.9414676 1.49012e-8 0 0 0 1</matrix>
                    <node id="node-Bip001_L_Toe0" name="Bip001_L_Toe0">
                      <matrix sid="matrix">-0.2454681 -0.9694049 5.14719e-8 0.08654236 0.9569956 -0.2423259 0.1594924 0.1234713 -0.1546127 0.03915034 0.9871992 -0.02420597 0 0 0 1</matrix>
                      <node id="node-Bip001_L_Toe01" name="Bip001_L_Toe01">
                        <matrix sid="matrix">0.9623386 0.2718535 8.78407e-9 0.04576606 -0.2718535 0.9623385 -3.42266e-9 0 -2.51813e-8 6.87282e-9 0.9999999 -3.72529e-8 0 0 0 1</matrix>
                        <node id="node-Bip001_L_Toe02" name="Bip001_L_Toe02">
                          <matrix sid="matrix">0.9133543 0.4071654 -2.40069e-8 0.03187382 -0.4071656 0.9133544 -7.16e-10 0 -7.61702e-12 -2.66407e-8 1 3.72529e-9 0 0 0 1</matrix>
                        </node>
                      </node>
                    </node>
                    <node id="node-Bip001_L_Toe1" name="Bip001_L_Toe1">
                      <matrix sid="matrix">-0.240283 -0.9707029 1.09993e-7 0.09280639 0.9404519 -0.2327949 -0.2477028 0.1308166 0.2404459 -0.05951867 0.9688361 0.03696455 0 0 0 1</matrix>
                      <node id="node-Bip001_L_Toe11" name="Bip001_L_Toe11">
                        <matrix sid="matrix">0.9830521 0.1833258 2.79755e-10 0.04370594 -0.1833258 0.9830522 -3.76303e-11 0 1.94788e-10 4.27463e-11 1 -2.98023e-8 0 0 0 1</matrix>
                        <node id="node-Bip001_L_Toe12" name="Bip001_L_Toe12">
                          <matrix sid="matrix">0.9040334 0.4274614 3.25841e-10 0.03796023 -0.4274614 0.9040334 2.01226e-11 0 1.44439e-10 -3.17414e-10 1 0 0 0 0 1</matrix>
                        </node>
                      </node>
                    </node>
                    <node id="node-Bip001_L_Toe2" name="Bip001_L_Toe2">
                      <matrix sid="matrix">0.04881954 -0.8895265 0.454268 0.06798328 0.1495167 -0.4431772 -0.8838772 0.002803981 0.9875534 0.1110712 0.1113633 0.04295146 0 0 0 1</matrix>
                      <node id="node-Bip001_L_Toe21" name="Bip001_L_Toe21">
                        <matrix>1 1.86265e-8 2.42144e-8 0.01451742 -7.45058e-9 0.9999999 0 1.49012e-8 2.23517e-8 2.98023e-8 1 -2.98023e-8 0 0 0 1</matrix>
                        <node id="node-Bip001_L_Toe22" name="Bip001_L_Toe22">
                          <matrix>0.5236049 0.8519612 2.42144e-8 0.03369506 -0.8519613 0.5236048 0 -2.98023e-8 -2.98023e-8 1.49012e-8 1 -2.98023e-8 0 0 0 1</matrix>
                        </node>
                      </node>
                    </node>
                  </node>
                </node>
              </node>
            </node>
            <node id="node-Bip001_R_Thigh" name="Bip001_R_Thigh">
              <matrix sid="matrix">-0.6249808 0.2442616 0.7414414 -0.1158412 0.06319292 0.9624999 -0.2638203 1.80259e-4 -0.7780781 -0.1180287 -0.6169794 -0.060569 0 0 0 1</matrix>
              <node id="node-Bip001_R_Calf" name="Bip001_R_Calf">
                <matrix sid="matrix">-0.480601 0.8769395 0 0.454169 -0.8769394 -0.4806009 0 1.86265e-8 0 0 1 0 0 0 0 1</matrix>
                <node id="node-Bip001_R_HorseLink" name="Bip001_R_HorseLink">
                  <matrix sid="matrix">-0.7285905 -0.6849493 -2.98023e-8 0.3208732 0.6849493 -0.7285906 -2.98023e-8 1.49012e-8 5.96046e-8 -1.49012e-8 1 -2.98023e-8 0 0 0 1</matrix>
                  <node id="node-Bip001_R_Foot" name="Bip001_R_Foot">
                    <matrix sid="matrix">0.655388 0.420542 0.6273844 0.3617601 -0.1347655 0.8824327 -0.4507224 0 -0.7431722 0.2108483 0.6350102 2.98023e-8 0 0 0 1</matrix>
                    <node id="node-Bip001_R_Toe0" name="Bip001_R_Toe0">
                      <matrix sid="matrix">-0.24547 -0.9694043 3.19103e-7 0.08654235 0.9569948 -0.2423278 -0.1594936 0.1234713 0.1546138 -0.03915059 0.9871989 0.02420592 0 0 0 1</matrix>
                      <node id="node-Bip001_R_Toe01" name="Bip001_R_Toe01">
                        <matrix sid="matrix">0.9623386 0.2718535 -2.9471e-8 0.0457661 -0.2718535 0.9623387 -4.62862e-9 0 4.06998e-9 -5.53234e-9 1 5.96046e-8 0 0 0 1</matrix>
                        <node id="node-Bip001_R_Toe02" name="Bip001_R_Toe02">
                          <matrix sid="matrix">0.9133545 0.4071655 3.27923e-9 0.03187379 -0.4071654 0.9133544 1.24786e-10 1.86265e-9 2.75096e-9 -1.09834e-8 1 -5.96046e-8 0 0 0 1</matrix>
                        </node>
                      </node>
                    </node>
                    <node id="node-Bip001_R_Toe1" name="Bip001_R_Toe1">
                      <matrix sid="matrix">-0.2402847 -0.9707025 -6.29132e-7 0.09280639 0.9404513 -0.2327966 0.247703 0.1308167 -0.240446 0.05951864 0.968836 -0.0369646 0 0 0 1</matrix>
                      <node id="node-Bip001_R_Toe11" name="Bip001_R_Toe11">
                        <matrix sid="matrix">0.9830523 0.1833259 1.91522e-8 0.04370602 -0.1833259 0.9830523 4.91241e-10 -1.86265e-9 -1.08509e-8 7.76687e-9 1 0 0 0 0 1</matrix>
                        <node id="node-Bip001_R_Toe12" name="Bip001_R_Toe12">
                          <matrix sid="matrix">0.9040336 0.4274615 -9.8075e-9 0.03796016 -0.4274615 0.9040336 -4.29822e-10 0 -1.69438e-8 -8.37488e-10 1 0 0 0 0 1</matrix>
                        </node>
                      </node>
                    </node>
                    <node id="node-Bip001_R_Toe2" name="Bip001_R_Toe2">
                      <matrix sid="matrix">0.04881942 -0.8895255 -0.4542699 0.06798328 0.149518 -0.4431788 0.883876 0.002803944 -0.987553 -0.1110718 0.1113642 -0.04295146 0 0 0 1</matrix>
                      <node id="node-Bip001_R_Toe21" name="Bip001_R_Toe21">
                        <matrix>1 -3.72529e-9 2.6077e-8 0.01451749 0 1 0 -1.67638e-8 -3.1665e-8 2.98023e-8 0.9999999 2.8871e-8 0 0 0 1</matrix>
                        <node id="node-Bip001_R_Toe22" name="Bip001_R_Toe22">
                          <matrix>0.5236049 0.8519612 2.6077e-8 0.03369504 -0.8519613 0.5236049 0 -1.30385e-8 -2.98023e-8 -1.49012e-8 0.9999999 1.95578e-8 0 0 0 1</matrix>
                        </node>
                      </node>
                    </node>
                  </node>
                </node>
              </node>
            </node>
          </node>
        </node>
      </node>
      <node id="node-Bounds" name="Bounds">
        <matrix>1 0 0 0 0 1 0 0.411981 0 0 1 0 0 0 0 1</matrix>
        <instance_geometry url="#geom-Bounds">
          <bind_material>
            <technique_common>
              <instance_material symbol="ColorMaterial" target="#ColorEffectR88G199B225-material"/>
            </technique_common>
          </bind_material>
        </instance_geometry>
      </node>
      <node id="node-EYE" name="EYE">
        <matrix sid="matrix">-1 -7.64274e-15 -8.74228e-8 4.09043e-8 0 -1 8.74228e-8 0.411981 -8.74228e-8 8.74228e-8 1 1.6 0 0 0 1</matrix>
      </node>
      <node id="node-CAM" name="CAM">
        <matrix>-0.9999996 1.50996e-7 0 0 -1.50996e-7 -0.9999996 1.77636e-15 -0.009719968 0 1.77636e-15 1 1.928079 0 0 0 1</matrix>
      </node>
    </visual_scene>
  </library_visual_scenes>
  <library_animations>
    <animation>
      <source id="node-Bip001_matrix-input">
        <float_array id="node-Bip001_matrix-input-array" count="16">26.66667 26.7 26.73333 26.76667 26.8 26.83333 26.86667 26.9 26.93333 26.96667 27 27.03333 27.06667 27.1 27.13333 27.16667</float_array>
        <technique_common>
          <accessor source="#node-Bip001_matrix-input-array" count="16" stride="1">
            <param name="TIME" type="float"/>
          </accessor>
        </technique_common>
      </source>
      <source id="node-Bip001_matrix-output">
        <float_array id="node-Bip001_matrix-output-array" count="256">0.490844 -0.8335531 0.2534983 0 0.829985 0.5358483 0.1548923 0 -0.2649476 0.1343717 0.9548544 0.5325592 0 0 0 1 0.490844 -0.8335531 0.2534983 0 0.829985 0.5358483 0.1548923 0 -0.2649476 0.1343717 0.9548544 0.5417963 0 0 0 1 0.490844 -0.8335531 0.2534983 0 0.8299849 0.5358483 0.1548923 0 -0.2649476 0.1343717 0.9548544 0.5671019 0 0 0 1 0.490844 -0.8335531 0.2534983 0 0.8299849 0.5358483 0.1548923 0 -0.2649476 0.1343717 0.9548544 0.6050131 0 0 0 1 0.4908441 -0.833553 0.2534983 0 0.8299849 0.5358484 0.1548923 0 -0.2649477 0.1343717 0.9548544 0.6522166 0 0 0 1 0.4908441 -0.8335531 0.2534983 0 0.8299848 0.5358484 0.1548923 0 -0.2649477 0.1343717 0.9548544 0.705497 0 0 0 1 0.4908441 -0.8335531 0.2534983 0 0.8299848 0.5358484 0.1548924 0 -0.2649477 0.1343717 0.9548544 0.7616885 0 0 0 1 0.4908441 -0.8335531 0.2534983 0 0.8299848 0.5358484 0.1548924 0 -0.2649477 0.1343716 0.9548544 0.8176287 0 0 0 1 0.4908441 -0.8335531 0.2534983 0 0.8299848 0.5358484 0.1548925 0 -0.2649478 0.1343717 0.9548544 0.8701117 0 0 0 1 0.4908443 -0.833553 0.2534983 0 0.8299847 0.5358486 0.1548924 0 -0.2649478 0.1343716 0.9548544 0.915847 0 0 0 1 0.4908443 -0.833553 0.2534983 0 0.8299847 0.5358487 0.1548925 0 -0.2649478 0.1343716 0.9548544 0.946595 0 0 0 1 0.4908443 -0.833553 0.2534983 0 0.8299847 0.5358487 0.1548925 0 -0.2649478 0.1343716 0.9548544 0.9601727 0 0 0 1 0.4908444 -0.833553 0.2534984 0 0.8299847 0.5358487 0.1548925 0 -0.2649479 0.1343716 0.9548544 0.9619255 0 0 0 1 0.4908445 -0.8335528 0.2534983 0 0.8299846 0.5358489 0.1548925 0 -0.2649478 0.1343715 0.9548544 0.9569374 0 0 0 1 0.4908445 -0.8335528 0.2534983 0 0.8299846 0.5358489 0.1548925 0 -0.2649478 0.1343715 0.9548544 0.9502032 0 0 0 1 0.4908446 -0.8335528 0.2534984 0 0.8299845 0.5358489 0.1548925 0 -0.2649479 0.1343715 0.9548544 0.946796 0 0 0 1</float_array>
        <technique_common>
          <accessor source="#node-Bip001_matrix-output-array" count="16" stride="16">
            <param name="TRANSFORM" type="float4x4"/>
          </accessor>
        </technique_common>
      </source>
      <source id="node-Bip001_matrix-interpolation">
        <Name_array id="node-Bip001_matrix-interpolation-array" count="16">LINEAR LINEAR LINEAR LINEAR LINEAR LINEAR LINEAR LINEAR LINEAR LINEAR LINEAR LINEAR LINEAR LINEAR LINEAR LINEAR</Name_array>
        <technique_common>
          <accessor source="#node-Bip001_matrix-interpolation-array" count="16" stride="1">
            <param name="INTERPOLATION" type="name"/>
          </accessor>
        </technique_common>
      </source>
      <source id="node-Bip001_Spine_matrix-input">
        <float_array id="node-Bip001_Spine_matrix-input-array" count="16">26.66667 26.7 26.73333 26.76667 26.8 26.83333 26.86667 26.9 26.93333 26.96667 27 27.03333 27.06667 27.1 27.13333 27.16667</float_array>
        <technique_common>
          <accessor source="#node-Bip001_Spine_matrix-input-array" count="16" stride="1">
            <param name="TIME" type="float"/>
          </accessor>
        </technique_common>
      </source>
      <source id="node-Bip001_Spine_matrix-output">
        <float_array id="node-Bip001_Spine_matrix-output-array" count="256">0.9613936 -0.1361308 -0.2391461 0.09690874 0.1112899 0.9871661 -0.1145337 0.005776703 0.2516685 0.08349728 0.9642052 0.01486152 0 0 0 1 0.9595028 -0.1452063 -0.2413905 0.09690952 0.1205775 0.9861454 -0.1139237 0.005776822 0.2545886 0.08020383 0.9637181 0.01486182 0 0 0 1 0.9558066 -0.158478 -0.247625 0.09691071 0.1342703 0.9846096 -0.111873 0.005776941 0.2615433 0.07368022 0.9623754 0.01486235 0 0 0 1 0.9513728 -0.172358 -0.2553087 0.09691196 0.1486696 0.9828067 -0.1094926 0.00577706 0.269791 0.06621164 0.9606398 0.01486301 0 0 0 1 0.9475228 -0.1833415 -0.2618895 0.09691286 0.1601168 0.9812144 -0.1076142 0.005777239 0.2767 0.06003403 0.9590792 0.01486355 0 0 0 1 0.9458584 -0.1878401 -0.2647036 0.09691321 0.1648196 0.9805186 -0.1068543 0.005777299 0.2796183 0.05744057 0.9583916 0.01486378 0 0 0 1 0.9485501 -0.1796591 -0.2607205 0.09691256 0.1564595 0.9818342 -0.1073402 0.00577718 0.2752689 0.06102532 0.9594284 0.01486349 0 0 0 1 0.9540888 -0.1618387 -0.2520372 0.09691101 0.1382007 0.9843943 -0.1089414 0.005776941 0.2657349 0.069108 0.9615659 0.01486277 0 0 0 1 0.9591842 -0.1440718 -0.2433285 0.0969094 0.1198665 0.9864988 -0.1115881 0.005776762 0.25612 0.07786655 0.9635037 0.01486194 0 0 0 1 0.9613934 -0.1361308 -0.2391461 0.09690856 0.1112899 0.9871659 -0.1145337 0.005776703 0.2516685 0.0834974 0.9642049 0.01486146 0 0 0 1 0.9614208 -0.1364048 -0.2388798 0.09690862 0.111089 0.9869617 -0.1164728 0.005776762 0.2516527 0.0854426 0.9640386 0.01486128 0 0 0 1 0.9614297 -0.136494 -0.238793 0.09690874 0.1110235 0.9868943 -0.1171053 0.005776703 0.2516476 0.08607685 0.9639836 0.01486128 0 0 0 1 0.9614259 -0.1364566 -0.2388294 0.09690862 0.1110509 0.9869225 -0.1168401 0.005776703 0.2516498 0.08581084 0.9640067 0.01486122 0 0 0 1 0.9614151 -0.1363474 -0.2389356 0.0969088 0.111131 0.9870047 -0.116067 0.005776703 0.2516561 0.08503532 0.9640737 0.0148614 0 0 0 1 0.9614023 -0.1362205 -0.239059 0.09690874 0.1112241 0.9870995 -0.1151685 0.005776703 0.2516633 0.0841341 0.964151 0.01486146 0 0 0 1 0.9613935 -0.1361308 -0.2391461 0.09690862 0.1112899 0.9871659 -0.1145337 0.005776703 0.2516684 0.08349734 0.9642049 0.01486146 0 0 0 1</float_array>
        <technique_common>
          <accessor source="#node-Bip001_Spine_matrix-output-array" count="16" stride="16">
            <param name="TRANSFORM" type="float4x4"/>
          </accessor>
        </technique_common>
      </source>
      <source id="node-Bip001_Spine_matrix-interpolation">
        <Name_array id="node-Bip001_Spine_matrix-interpolation-array" count="16">LINEAR LINEAR LINEAR LINEAR LINEAR LINEAR LINEAR LINEAR LINEAR LINEAR LINEAR LINEAR LINEAR LINEAR LINEAR LINEAR</Name_array>
        <technique_common>
          <accessor source="#node-Bip001_Spine_matrix-interpolation-array" count="16" stride="1">
            <param name="INTERPOLATION" type="name"/>
          </accessor>
        </technique_common>
      </source>
      <source id="node-Bip001_Spine1_matrix-input">
        <float_array id="node-Bip001_Spine1_matrix-input-array" count="16">26.66667 26.7 26.73333 26.76667 26.8 26.83333 26.86667 26.9 26.93333 26.96667 27 27.03333 27.06667 27.1 27.13333 27.16667</float_array>
        <technique_common>
          <accessor source="#node-Bip001_Spine1_matrix-input-array" count="16" stride="1">
            <param name="TIME" type="float"/>
          </accessor>
        </technique_common>
      </source>
      <source id="node-Bip001_Spine1_matrix-output">
        <float_array id="node-Bip001_Spine1_matrix-output-array" count="256">0.9235708 -0.3709309 -0.09709477 0.1110483 0.3695982 0.9286392 -0.03204071 -8.20756e-5 0.102051 -0.006294071 0.9947592 5.47618e-7 0 0 0 1 0.9205008 -0.3777383 -0.09996026 0.1110489 0.3765755 0.9258677 -0.03098785 -8.1867e-5 0.1042553 -0.009118139 0.9945088 8.06525e-7 0 0 0 1 0.9125125 -0.3947387 -0.1072491 0.1110504 0.3940385 0.9186504 -0.028548 -8.11964e-5 0.1097933 -0.01620984 0.9938222 1.42492e-6 0 0 0 1 0.9013065 -0.4170534 -0.1171028 0.1110525 0.4170434 0.9085211 -0.02577048 -8.03322e-5 0.1171381 -0.02560985 0.9927853 2.2538e-6 0 0 0 1 0.8888359 -0.4400954 -0.1276212 0.1110545 0.4408966 0.8972519 -0.02344274 -7.93636e-5 0.1248254 -0.03543102 0.991546 3.12552e-6 0 0 0 1 0.8776099 -0.45946 -0.1367385 0.1110562 0.4610175 0.8871195 -0.02195793 -7.84397e-5 0.1313923 -0.04376822 0.9903638 3.85754e-6 0 0 0 1 0.8711482 -0.4700784 -0.141871 0.1110572 0.4720708 0.8813008 -0.02140575 -7.79629e-5 0.1350934 -0.04832553 0.9896537 4.27291e-6 0 0 0 1 0.8694763 -0.4727565 -0.1432216 0.1110572 0.4748471 0.8798077 -0.02140963 -7.77841e-5 0.1361291 -0.04939317 0.9894589 4.35859e-6 0 0 0 1 0.8702359 -0.4715232 -0.1426744 0.1110573 0.4735444 0.8805049 -0.0216099 -7.79033e-5 0.1358151 -0.04875689 0.9895337 4.31016e-6 0 0 0 1 0.871031 -0.4702342 -0.1420736 0.1110572 0.4721928 0.8812271 -0.02173924 -7.79331e-5 0.1354218 -0.04815053 0.9896173 4.25801e-6 0 0 0 1 0.8743489 -0.4648237 -0.1394749 0.1110567 0.4665496 0.8842195 -0.02207517 -7.82311e-5 0.1335875 -0.04577052 0.9899796 4.04194e-6 0 0 0 1 0.8823791 -0.4513292 -0.1330755 0.1110556 0.4525001 0.8914663 -0.02305388 -7.88569e-5 0.1290372 -0.03987437 0.9908376 3.5353e-6 0 0 0 1 0.8923665 -0.4336885 -0.1248863 0.111054 0.4341877 0.9004858 -0.02462744 -7.96616e-5 0.123139 -0.03224724 0.9918653 2.85357e-6 0 0 0 1 0.9019041 -0.4158431 -0.1168051 0.1110522 0.4157246 0.909103 -0.02654421 -8.03471e-5 0.1172261 -0.02461838 0.9927999 2.16067e-6 0 0 0 1 0.9089705 -0.4019101 -0.1106376 0.111051 0.4013522 0.9154877 -0.0282588 -8.09133e-5 0.1126449 -0.01871812 0.9934588 1.64285e-6 0 0 0 1 0.9117465 -0.3962545 -0.1081696 0.1110506 0.3955288 0.9179954 -0.02900773 -8.12113e-5 0.1107936 -0.01633644 0.993709 1.44914e-6 0 0 0 1</float_array>
        <technique_common>
          <accessor source="#node-Bip001_Spine1_matrix-output-array" count="16" stride="16">
            <param name="TRANSFORM" type="float4x4"/>
          </accessor>
        </technique_common>
      </source>
      <source id="node-Bip001_Spine1_matrix-interpolation">
        <Name_array id="node-Bip001_Spine1_matrix-interpolation-array" count="16">LINEAR LINEAR LINEAR LINEAR LINEAR LINEAR LINEAR LINEAR LINEAR LINEAR LINEAR LINEAR LINEAR LINEAR LINEAR LINEAR</Name_array>
        <technique_common>
          <accessor source="#node-Bip001_Spine1_matrix-interpolation-array" count="16" stride="1">
            <param name="INTERPOLATION" type="name"/>
          </accessor>
        </technique_common>
      </source>
      <source id="node-Bip001_Spine2_matrix-input">
        <float_array id="node-Bip001_Spine2_matrix-input-array" count="16">26.66667 26.7 26.73333 26.76667 26.8 26.83333 26.86667 26.9 26.93333 26.96667 27 27.03333 27.06667 27.1 27.13333 27.16667</float_array>
        <technique_common>
          <accessor source="#node-Bip001_Spine2_matrix-input-array" count="16" stride="1">
            <param name="TIME" type="float"/>
          </accessor>
        </technique_common>
      </source>
      <source id="node-Bip001_Spine2_matrix-output">
        <float_array id="node-Bip001_Spine2_matrix-output-array" count="256">0.9781342 -0.135043 -0.1581678 0.1110275 0.152882 0.9824771 0.1066114 -8.69334e-5 0.1409991 -0.1284613 0.9816399 1.13435e-5 0 0 0 1 0.9775715 -0.1377124 -0.1593412 0.1110278 0.1557581 0.9819949 0.1068896 -8.68738e-5 0.1417522 -0.1293109 0.9814199 1.1418e-5 0 0 0 1 0.9760336 -0.1447861 -0.1624665 0.1110284 0.1633854 0.9806771 0.1075987 -8.67248e-5 0.1437484 -0.1315646 0.9808298 1.16155e-5 0 0 0 1 0.9737041 -0.1549559 -0.1670003 0.1110293 0.1743645 0.9786803 0.108546 -8.65459e-5 0.14662 -0.1348106 0.9799637 1.19135e-5 0 0 0 1 0.9707639 -0.1669918 -0.1724273 0.1110302 0.1873793 0.9761591 0.1095556 -8.62479e-5 0.1500216 -0.1386619 0.9789109 1.22562e-5 0 0 0 1 0.967443 -0.1796928 -0.1782255 0.1110314 0.2011371 0.973312 0.1104874 -8.60691e-5 0.1536151 -0.1427381 0.9777668 1.26138e-5 0 0 0 1 0.9640908 -0.1917126 -0.1837795 0.1110324 0.2141803 0.9704391 0.1112406 -8.57115e-5 0.1570207 -0.1466079 0.9766528 1.29342e-5 0 0 0 1 0.9611297 -0.2017615 -0.188472 0.1110334 0.2251015 0.9679028 0.1117723 -8.55923e-5 0.1598712 -0.1498531 0.9756973 1.32397e-5 0 0 0 1 0.9589985 -0.2087048 -0.1917402 0.111034 0.2326562 0.9660786 0.1120871 -8.52346e-5 0.161843 -0.1521009 0.9750242 1.34632e-5 0 0 0 1 0.9581771 -0.2113205 -0.1929769 0.1110342 0.2355042 0.9653757 0.1121942 -8.53538e-5 0.1625863 -0.1529487 0.9747678 1.35005e-5 0 0 0 1 0.959811 -0.2060829 -0.1905067 0.1110339 0.2298022 0.9667752 0.1119676 -8.54731e-5 0.1611025 -0.1512466 0.9752798 1.33514e-5 0 0 0 1 0.9636977 -0.1930691 -0.184421 0.1110326 0.2156521 0.9701066 0.111298 -8.56519e-5 0.1574199 -0.1470284 0.9765253 1.30087e-5 0 0 0 1 0.9683866 -0.176157 -0.1766256 0.1110311 0.197302 0.9741287 0.1102048 -8.60691e-5 0.1526426 -0.1415694 0.9780892 1.2517e-5 0 0 0 1 0.9726946 -0.1591582 -0.1689205 0.1110296 0.1789023 0.977826 0.1088581 -8.63671e-5 0.1478492 -0.136106 0.9795998 1.20252e-5 0 0 0 1 0.9757653 -0.1459585 -0.1630288 0.1110286 0.164646 0.9804612 0.1076452 -8.67248e-5 0.1441317 -0.1318785 0.9807315 1.16453e-5 0 0 0 1 0.9769405 -0.1406177 -0.160668 0.1110279 0.1588857 0.9814695 0.1071136 -8.67844e-5 0.1426286 -0.1301714 0.9811792 1.15074e-5 0 0 0 1</float_array>
        <technique_common>
          <accessor source="#node-Bip001_Spine2_matrix-output-array" count="16" stride="16">
            <param name="TRANSFORM" type="float4x4"/>
          </accessor>
        </technique_common>
      </source>
      <source id="node-Bip001_Spine2_matrix-interpolation">
