<?xml version="1.0" encoding="utf-8"?>
<COLLADA xmlns="http://www.collada.org/2005/11/COLLADASchema" version="1.4.1">
  <asset>
    <contributor>
      <author>MattO</author>
      <authoring_tool>OpenCOLLADA for 3ds Max;  Version: 1.3.0;  Revision: 839M;  Platform: x64;  Configuration: Release_Max2012</authoring_tool>
      <source_data>file:///Z:/Art_Resources/WIP/Art_Pack/Alien_Pack/Kralmok/Mantis_TP_Kralmok_Animation_Master.max</source_data>
    </contributor>
    <created>2011-10-24T17:11:27</created>
    <modified>2011-10-24T17:11:27</modified>
    <unit name="meter" meter="1"/>
    <up_axis>Z_UP</up_axis>
  </asset>
  <library_effects>
    <effect id="ColorEffectR88G199B225">
      <profile_COMMON>
        <technique sid="common">
          <phong>
            <ambient>
              <color>0.345098 0.7803922 0.8823529 1</color>
            </ambient>
            <diffuse>
              <color>0.345098 0.7803922 0.8823529 1</color>
            </diffuse>
            <specular>
              <color>1 1 1 1</color>
            </specular>
            <shininess>
              <float>10</float>
            </shininess>
            <reflective>
              <color>0 0 0 1</color>
            </reflective>
            <transparent>
              <color>1 1 1 1</color>
            </transparent>
            <transparency>
              <float>1</float>
            </transparency>
          </phong>
        </technique>
      </profile_COMMON>
    </effect>
  </library_effects>
  <library_materials>
    <material id="ColorEffectR88G199B225-material" name="ColorEffectR88G199B225-material">
      <instance_effect url="#ColorEffectR88G199B225"/>
    </material>
  </library_materials>
  <library_geometries>
    <geometry id="geom-Bounds" name="Bounds">
      <mesh>
        <source id="geom-Bounds-positions">
          <float_array id="geom-Bounds-positions-array" count="24">-0.5 -0.5 0 0.5 -0.5 0 -0.5 0.5 0 0.5 0.5 0 -0.5 -0.5 2 0.5 -0.5 2 -0.5 0.5 2 0.5 0.5 2</float_array>
          <technique_common>
            <accessor source="#geom-Bounds-positions-array" count="8" stride="3">
              <param name="X" type="float"/>
              <param name="Y" type="float"/>
              <param name="Z" type="float"/>
            </accessor>
          </technique_common>
        </source>
        <source id="geom-Bounds-normals">
          <float_array id="geom-Bounds-normals-array" count="72">0 0 -1 0 0 -1 0 0 -1 0 0 -1 0 0 1 0 0 1 0 0 1 0 0 1 0 -1 0 0 -1 0 0 -1 0 0 -1 0 1 0 0 1 0 0 1 0 0 1 0 0 0 1 0 0 1 0 0 1 0 0 1 0 -1 0 0 -1 0 0 -1 0 0 -1 0 0</float_array>
          <technique_common>
            <accessor source="#geom-Bounds-normals-array" count="24" stride="3">
              <param name="X" type="float"/>
              <param name="Y" type="float"/>
              <param name="Z" type="float"/>
            </accessor>
          </technique_common>
        </source>
        <source id="geom-Bounds-map1">
          <float_array id="geom-Bounds-map1-array" count="36">0 0 0 1 0 0 0 1 0 1 1 0 0 0 0 1 0 0 0 1 0 1 1 0 0 0 0 1 0 0 0 1 0 1 1 0</float_array>
          <technique_common>
            <accessor source="#geom-Bounds-map1-array" count="12" stride="3">
              <param name="S" type="float"/>
              <param name="T" type="float"/>
              <param name="P" type="float"/>
            </accessor>
          </technique_common>
        </source>
        <vertices id="geom-Bounds-vertices">
          <input semantic="POSITION" source="#geom-Bounds-positions"/>
        </vertices>
        <triangles material="ColorMaterial" count="12">
          <input semantic="VERTEX" source="#geom-Bounds-vertices" offset="0"/>
          <input semantic="NORMAL" source="#geom-Bounds-normals" offset="1"/>
          <input semantic="TEXCOORD" source="#geom-Bounds-map1" offset="2" set="0"/>
          <p>0 0 9 2 1 11 3 2 10 3 2 10 1 3 8 0 0 9 4 4 8 5 5 9 7 6 11 7 6 11 6 7 10 4 4 8 0 8 4 1 9 5 5 10 7 5 10 7 4 11 6 0 8 4 1 12 0 3 13 1 7 14 3 7 14 3 5 15 2 1 12 0 3 16 4 2 17 5 6 18 7 6 18 7 7 19 6 3 16 4 2 20 0 0 21 1 4 22 3 4 22 3 6 23 2 2 20 0</p>
        </triangles>
      </mesh>
      <extra>
        <technique profile="OpenCOLLADA3dsMax">
          <max_box>
            <generateuvs>1</generateuvs>
            <height>2</height>
            <heightsegments>1</heightsegments>
            <length>1</length>
            <lengthsegments>1</lengthsegments>
            <width>1</width>
            <widthsegments>1</widthsegments>
          </max_box>
        </technique>
      </extra>
    </geometry>
  </library_geometries>
  <library_lights>
    <light id="EnvironmentAmbientLight" name="EnvironmentAmbientLight">
      <technique_common>
        <ambient>
          <color>0 0 0</color>
        </ambient>
      </technique_common>
    </light>
  </library_lights>
  <library_visual_scenes>
    <visual_scene id="MaxScene">
      <node name="EnvironmentAmbientLight">
        <instance_light url="#EnvironmentAmbientLight"/>
      </node>
      <node id="node-Bip001" name="Bip001">
        <matrix sid="matrix">0.4908427 -0.8335541 0.2534976 0 0.8299859 0.5358468 0.1548919 -4.37066e-8 -0.2649466 0.1343719 0.9548547 0.8529336 0 0 0 1</matrix>
        <node id="node-Bip001_Pelvis" name="Bip001_Pelvis">
          <matrix>1.49012e-8 1 -1.40816e-6 0 -0.1140869 1.39326e-6 0.9934708 0 0.9934707 1.78814e-7 0.114087 0 0 0 0 1</matrix>
          <node id="node-Bip001_Spine" name="Bip001_Spine">
            <matrix sid="matrix">0.9751359 -0.07331234 -0.2091303 0.09757131 0.05277595 0.9933681 -0.1021487 -8.78274e-5 0.2152321 0.08857177 0.9725382 0.01119617 0 0 0 1</matrix>
            <node id="node-Bip001_Spine1" name="Bip001_Spine1">
              <matrix sid="matrix">0.9235708 -0.3709309 -0.09709477 0.1110485 0.3695979 0.9286391 -0.03204072 -8.21352e-5 0.1020509 -0.006294116 0.9947591 5.55068e-7 0 0 0 1</matrix>
              <node id="node-Bip001_Spine2" name="Bip001_Spine2">
                <matrix sid="matrix">0.9833878 -0.1427242 -0.1121533 0.1110281 0.148766 0.9877337 0.04744568 -8.73804e-5 0.1040059 -0.06334209 0.9925576 5.58048e-6 0 0 0 1</matrix>
                <node id="node-Bip001_Spine3" name="Bip001_Spine3">
                  <matrix sid="matrix">0.9532421 -0.2413029 -0.1819402 0.111056 0.253619 0.966141 0.04742068 -1.62125e-4 0.1643372 -0.0913469 0.9821653 1.53333e-5 0 0 0 1</matrix>
                  <node id="node-Bip001_Neck" name="Bip001_Neck">
                    <matrix>0.9888969 -0.06419969 -0.1340206 0.2584252 0.04748258 0.9910948 -0.1244036 0.01280195 0.1408138 0.1166587 0.983139 -4.58956e-6 0 0 0 1</matrix>
                    <node id="node-Bip001_Neck1" name="Bip001_Neck1">
                      <matrix sid="matrix">0.987937 0.1545505 -0.009731472 0.04894269 -0.1547315 0.9826609 -0.1021558 -3.82662e-5 -0.006225511 0.1024293 0.9947208 -3.96371e-6 0 0 0 1</matrix>
                      <node id="node-Bip001_Neck2" name="Bip001_Neck2">
                        <matrix>0.9545162 0.2811763 -0.09918999 0.04893768 -0.28845 0.9550411 -0.06850655 -3.71337e-5 0.07546807 0.09400199 0.9927076 -3.63588e-6 0 0 0 1</matrix>
                        <node id="node-Bip001_Head" name="Bip001_Head">
                          <matrix sid="matrix">0.9726766 0.1759885 0.1514201 0.04894865 -0.1765331 0.9842443 -0.009945406 0 -0.1507845 -0.01705693 0.9884196 2.98023e-8 0 0 0 1</matrix>
                          <node id="node-Bip001_Ponytail1" name="Bip001_Ponytail1">
                            <matrix>-0.05999056 -0.9981991 -2.76882e-6 0.009580731 0.998199 -0.05999061 -2.93972e-6 0.1139534 2.76789e-6 -2.93832e-6 1 8.9407e-8 0 0 0 1</matrix>
                          </node>
                          <node id="node-ALTEYE" name="ALTEYE">
                            <matrix>-0.00948812 0.5772443 0.8165167 0.1153699 0.002645058 0.816565 -0.5772477 0.2046644 -0.9999516 -0.003317262 -0.00927451 -0.001006849 0 0 0 1</matrix>
                          </node>
                        </node>
                      </node>
                    </node>
                    <node id="node-Bip001_L_Clavicle" name="Bip001_L_Clavicle">
                      <matrix>0.3867266 0.04316638 0.9211835 -0.04311717 0.6360111 -0.7358132 -0.2325271 0.007412076 0.6677816 0.6758072 -0.312013 0.02784047 0 0 0 1</matrix>
                      <node id="node-Bip001_L_UpperArm" name="Bip001_L_UpperArm">
                        <matrix sid="matrix">0.9988595 0.03662431 0.03063342 0.07966626 -0.03772676 0.2121651 0.9765053 -5.96046e-8 0.0292646 -0.9765473 0.2133048 0 0 0 0 1</matrix>
                        <node id="node-Bip001_L_Forearm" name="Bip001_L_Forearm">
                          <matrix sid="matrix">0.07615706 0.9970958 2.98023e-8 0.4297334 -0.9970958 0.07615703 0 0 2.98023e-8 -2.98023e-8 1 5.96046e-8 0 0 0 1</matrix>
                          <node id="node-Bip001_L_Hand" name="Bip001_L_Hand">
                            <matrix sid="matrix">0.9739492 -0.131245 -0.1849258 0.3774394 0.2125112 0.2436853 0.9462857 1.19209e-7 -0.07913154 -0.960933 0.2652281 -1.19209e-7 0 0 0 1</matrix>
                            <node id="node-Bip001_L_Finger0" name="Bip001_L_Finger0">
                              <matrix sid="matrix">0.7373679 0.3989064 0.5451257 0.03908229 0.5702345 0.06501222 -0.8189055 0.0173853 -0.3621064 0.9146841 -0.1795323 -0.04049936 0 0 0 1</matrix>
                              <node id="node-Bip001_L_Finger01" name="Bip001_L_Finger01">
                                <matrix sid="matrix">0.5320405 -0.846719 2.23517e-8 0.1027657 0.8467189 0.5320405 2.98023e-8 -2.98023e-8 -5.96046e-8 1.49012e-8 1 0 0 0 0 1</matrix>
                                <node id="node-Bip001_L_Finger02" name="Bip001_L_Finger02">
                                  <matrix sid="matrix">0.7835937 -0.6212736 0 0.05252481 0.6212736 0.7835937 0 0 0 -5.96046e-8 0.9999999 1.19209e-7 0 0 0 1</matrix>
                                </node>
                              </node>
                            </node>
                            <node id="node-Bip001_L_Finger1" name="Bip001_L_Finger1">
                              <matrix sid="matrix">0.6375437 -0.7703908 0.005983979 0.1458857 0.7704015 0.6375586 7.96348e-4 -1.52588e-5 -0.00442867 0.004102379 0.9999818 -0.01919666 0 0 0 1</matrix>
                              <node id="node-Bip001_L_Finger11" name="Bip001_L_Finger11">
                                <matrix sid="matrix">-0.3951854 -0.9186017 -1.49012e-8 0.08578116 0.9186018 -0.3951853 -2.98023e-8 0 -8.9407e-8 -1.19209e-7 1 -8.9407e-8 0 0 0 1</matrix>
                                <node id="node-Bip001_L_Finger12" name="Bip001_L_Finger12">
                                  <matrix sid="matrix">0.9649358 -0.2624862 0 0.05549788 0.2624862 0.9649357 -2.98023e-8 -8.9407e-8 7.45058e-8 0 1 1.19209e-7 0 0 0 1</matrix>
                                </node>
                              </node>
                            </node>
                            <node id="node-Bip001_L_Finger2" name="Bip001_L_Finger2">
                              <matrix sid="matrix">0.5018926 -0.855015 -0.1305896 0.1437579 0.8647376 0.492844 0.09661075 0.003213346 -0.01824343 -0.1614141 0.9867182 0.02870393 0 0 0 1</matrix>
                              <node id="node-Bip001_L_Finger21" name="Bip001_L_Finger21">
                                <matrix sid="matrix">0.05968922 -0.9982171 0 0.07148439 0.9982171 0.05968907 2.98023e-8 0 0 -5.96046e-8 1 -5.96046e-8 0 0 0 1</matrix>
                                <node id="node-Bip001_L_Finger22" name="Bip001_L_Finger22">
                                  <matrix sid="matrix">0.8033118 -0.5955585 0 0.05113888 0.5955586 0.8033118 -5.96046e-8 -1.78814e-7 7.45058e-9 5.96046e-8 1 8.9407e-8 0 0 0 1</matrix>
                                </node>
                              </node>
                            </node>
                          </node>
                        </node>
                        <node id="node-Bip001_L_ForeTwist" name="Bip001_L_ForeTwist">
                          <matrix sid="matrix">0.07615706 0.992962 -0.09070036 0.4297334 -0.9970958 0.07584126 -0.00692758 0 2.98023e-8 0.0909645 0.9958541 5.96046e-8 0 0 0 1</matrix>
                          <node id="node-Bip001_L_ForeTwist1" name="Bip001_L_ForeTwist1">
                            <matrix sid="matrix">1 0 2.98023e-8 0.1887197 0 0.9958541 -0.09096456 1.19209e-7 0 0.09096459 0.9958541 -5.96046e-8 0 0 0 1</matrix>
                          </node>
                        </node>
                      </node>
                      <node id="node-Bip001_LUpArmTwist" name="Bip001_LUpArmTwist">
                        <matrix sid="matrix">0.9988595 0.03662431 0.03063342 0.07966626 -0.03772676 0.2121651 0.9765053 -5.96046e-8 0.0292646 -0.9765473 0.2133048 0 0 0 0 1</matrix>
                        <node id="node-Bip001_LUpArmTwist1" name="Bip001_LUpArmTwist1">
                          <matrix>0.9999999 0 2.98023e-8 0.2148667 -2.98023e-8 1 0 5.96046e-8 0 0 1 0 0 0 0 1</matrix>
                        </node>
                      </node>
                    </node>
                    <node id="node-Bip001_R_Clavicle" name="Bip001_R_Clavicle">
                      <matrix sid="matrix">-0.4125289 -0.1381767 -0.9004037 -0.04935795 0.6517028 -0.7353824 -0.1857317 0.002242088 -0.6364773 -0.6634154 0.3934167 -0.01573148 0 0 0 1</matrix>
                      <node id="node-Bip001_R_UpperArm" name="Bip001_R_UpperArm">
                        <matrix sid="matrix">0.8375874 0.2647077 -0.4778882 0.07966614 -0.5454561 0.3565287 -0.7585281 1.78814e-7 -0.03040743 0.8960007 0.4430103 0 0 0 0 1</matrix>
                        <node id="node-Bip001_R_Forearm" name="Bip001_R_Forearm">
                          <matrix sid="matrix">-0.6517624 0.7584234 -2.98023e-8 0.4297335 -0.7584233 -0.6517623 0 0 -2.98023e-8 2.98023e-8 1 0 0 0 0 1</matrix>
                          <node id="node-Bip001_R_Hand" name="Bip001_R_Hand">
                            <matrix sid="matrix">0.703279 0.2657438 0.6593776 0.3774393 0.7106553 -0.2878067 -0.6419783 -5.96046e-8 0.01917149 0.9200802 -0.3912607 0 0 0 0 1</matrix>
                            <node id="node-Bip001_R_Finger0" name="Bip001_R_Finger0">
                              <matrix>0.6486483 0.5772245 -0.4960517 0.03908241 0.6676159 -0.1185831 0.7350016 0.01738542 0.3654376 -0.8079293 -0.462283 0.04049921 0 0 0 1</matrix>
                              <node id="node-Bip001_R_Finger01" name="Bip001_R_Finger01">
                                <matrix>0.6155394 -0.7881062 -4.47035e-8 0.1027656 0.7881061 0.6155394 0 -5.96046e-8 4.47035e-8 -2.98023e-8 1 0 0 0 0 1</matrix>
                                <node id="node-Bip001_R_Finger02" name="Bip001_R_Finger02">
                                  <matrix>0.152335 -0.9883291 -1.49012e-8 0.05252492 0.9883291 0.1523349 2.98023e-8 -5.96046e-8 2.98023e-8 5.96046e-8 1 0 0 0 0 1</matrix>
                                </node>
                              </node>
                            </node>
                            <node id="node-Bip001_R_Finger1" name="Bip001_R_Finger1">
                              <matrix>0.7109717 -0.6323431 -0.3076713 0.1458856 0.6327783 0.7661361 -0.1123713 -1.52588e-5 0.3067753 -0.1147949 0.9448339 0.01919663 0 0 0 1</matrix>
                              <node id="node-Bip001_R_Finger11" name="Bip001_R_Finger11">
                                <matrix>-0.6406224 -0.7678561 2.98023e-8 0.08578128 0.7678561 -0.6406225 0 1.19209e-7 2.98023e-8 1.49012e-8 1 5.96046e-8 0 0 0 1</matrix>
                                <node id="node-Bip001_R_Finger12" name="Bip001_R_Finger12">
                                  <matrix>0.8432423 -0.5375336 -2.98023e-8 0.05549788 0.5375336 0.8432422 0 0 0 -1.11759e-8 1 -1.19209e-7 0 0 0 1</matrix>
                                </node>
                              </node>
                            </node>
                            <node id="node-Bip001_R_Finger2" name="Bip001_R_Finger2">
                              <matrix>0.2634969 -0.9557804 0.1305896 0.1437579 0.9628299 0.2522402 -0.09661078 0.003213376 0.05939874 0.1511922 0.9867182 -0.02870393 0 0 0 1</matrix>
                              <node id="node-Bip001_R_Finger21" name="Bip001_R_Finger21">
                                <matrix>-0.03544476 -0.9993716 7.45058e-9 0.0714844 0.9993717 -0.03544477 0 -5.96046e-8 0 -3.72529e-9 1 0 0 0 0 1</matrix>
                                <node id="node-Bip001_R_Finger22" name="Bip001_R_Finger22">
                                  <matrix>0.7483485 -0.6633058 0 0.05113894 0.6633058 0.7483485 -7.45058e-9 -3.72529e-9 2.23517e-8 -1.49012e-8 1 1.19209e-7 0 0 0 1</matrix>
                                </node>
                              </node>
                            </node>
                            <node id="node-mount0" name="mount0">
                              <matrix>-1.55924e-8 1 5.21075e-7 0.1088288 -1 -2.91031e-7 -7.45058e-8 0.03070411 1.24797e-7 -4.13042e-7 0.9999999 0.01333511 0 0 0 1</matrix>
                            </node>
                          </node>
                        </node>
                        <node id="node-Bip001_R_ForeTwist" name="Bip001_R_ForeTwist">
                          <matrix sid="matrix">-0.6517624 0.7458354 -0.1376072 0.4297335 -0.7584233 -0.6409445 0.1182548 0 -2.98023e-8 0.1814385 0.9834024 0 0 0 0 1</matrix>
                          <node id="node-Bip001_R_ForeTwist1" name="Bip001_R_ForeTwist1">
                            <matrix sid="matrix">1 -2.98023e-8 -1.49012e-8 0.1887197 2.98023e-8 0.9834023 -0.1814385 -2.98023e-8 0 0.1814385 0.9834023 -5.96046e-8 0 0 0 1</matrix>
                          </node>
                        </node>
                      </node>
                      <node id="node-Bip001_RUpArmTwist" name="Bip001_RUpArmTwist">
                        <matrix sid="matrix">0.8375874 0.2647077 -0.4778882 0.07966614 -0.5454561 0.3565287 -0.7585281 1.78814e-7 -0.03040743 0.8960007 0.4430103 0 0 0 0 1</matrix>
                        <node id="node-Bip001_RUpArmTwist1" name="Bip001_RUpArmTwist1">
                          <matrix>1 0 -2.98023e-8 0.2148667 0 1 0 0 0 3.72529e-9 1 -5.96046e-8 0 0 0 1</matrix>
                        </node>
                      </node>
                    </node>
                  </node>
                </node>
              </node>
            </node>
            <node id="node-Bip001_L_Thigh" name="Bip001_L_Thigh">
              <matrix sid="matrix">-0.5049047 0.86285 -0.02368166 -0.08190793 0.744449 0.4491795 0.4939973 0.01268604 0.4368829 0.2317918 -0.8691409 0.08018947 0 0 0 1</matrix>
              <node id="node-Bip001_L_Calf" name="Bip001_L_Calf">
                <matrix sid="matrix">0.198714 0.9800575 0 0.4541689 -0.9800575 0.198714 0 0 -1.49012e-8 1.49012e-8 1 0 0 0 0 1</matrix>
                <node id="node-Bip001_L_HorseLink" name="Bip001_L_HorseLink">
                  <matrix sid="matrix">0.04045328 -0.9991816 0 0.3208733 0.9991815 0.04045328 0 1.49012e-8 8.9407e-8 2.98023e-8 1 0 0 0 0 1</matrix>
                  <node id="node-Bip001_L_Foot" name="Bip001_L_Foot">
                    <matrix sid="matrix">0.5610954 0.8272892 0.02765095 0.3617601 -0.7938492 0.5283521 0.301077 0 0.2344682 -0.1908837 0.9531987 -2.98023e-8 0 0 0 1</matrix>
                    <node id="node-Bip001_L_Toe0" name="Bip001_L_Toe0">
                      <matrix>-0.2454681 -0.9694048 5.15554e-8 0.08654235 0.9569955 -0.2423259 0.1594924 0.1234713 -0.1546127 0.03915034 0.9871992 -0.02420594 0 0 0 1</matrix>
                      <node id="node-Bip001_L_Toe01" name="Bip001_L_Toe01">
                        <matrix>0.9623386 0.2718535 -7.38049e-9 0.045766 -0.2718535 0.9623386 9.94828e-9 0 -3.63718e-9 -6.6857e-9 1 -3.72529e-8 0 0 0 1</matrix>
                        <node id="node-Bip001_L_Toe02" name="Bip001_L_Toe02">
                          <matrix>0.9133543 0.4071654 2.40823e-8 0.03187382 -0.4071655 0.9133544 -3.08091e-10 0 -1.18335e-8 -9.1718e-9 1 3.35276e-8 0 0 0 1</matrix>
                        </node>
                      </node>
                    </node>
                    <node id="node-Bip001_L_Toe1" name="Bip001_L_Toe1">
                      <matrix>-0.2402829 -0.9707029 1.10078e-7 0.09280638 0.940452 -0.2327949 -0.2477028 0.1308167 0.2404459 -0.05951866 0.9688361 0.03696448 0 0 0 1</matrix>
                      <node id="node-Bip001_L_Toe11" name="Bip001_L_Toe11">
                        <matrix>0.9830522 0.1833258 -1.004e-10 0.04370606 -0.1833258 0.9830521 -3.72893e-11 1.49012e-8 -1.67972e-11 5.68434e-12 0.9999999 0 0 0 0 1</matrix>
                        <node id="node-Bip001_L_Toe12" name="Bip001_L_Toe12">
                          <matrix>0.9040335 0.4274615 -4.72404e-11 0.03796017 -0.4274614 0.9040334 2.16005e-12 -3.72529e-9 -8.85052e-11 -1.93268e-11 0.9999999 2.98023e-8 0 0 0 1</matrix>
                        </node>
                      </node>
                    </node>
                    <node id="node-Bip001_L_Toe2" name="Bip001_L_Toe2">
                      <matrix>0.04881953 -0.8895264 0.454268 0.06798327 0.1495167 -0.4431772 -0.8838772 0.002803922 0.9875534 0.1110711 0.1113633 0.04295145 0 0 0 1</matrix>
                      <node id="node-Bip001_L_Toe21" name="Bip001_L_Toe21">
                        <matrix>1 -2.6077e-8 -5.58794e-9 0.01451741 7.45058e-9 1 0 1.49012e-8 -2.6077e-8 0 1 0 0 0 0 1</matrix>
                        <node id="node-Bip001_L_Toe22" name="Bip001_L_Toe22">
                          <matrix>0.5236049 0.8519613 -5.58794e-9 0.03369504 -0.8519613 0.5236049 0 -2.98023e-8 -5.96046e-8 -2.98023e-8 1 -5.96046e-8 0 0 0 1</matrix>
                        </node>
                      </node>
                    </node>
                  </node>
                </node>
              </node>
            </node>
            <node id="node-Bip001_R_Thigh" name="Bip001_R_Thigh">
              <matrix sid="matrix">-0.7638813 0.3272629 0.5562232 -0.1131929 0.3475912 0.9348266 -0.07266089 -1.88619e-4 -0.5437514 0.137834 -0.8278502 -0.0611746 0 0 0 1</matrix>
              <node id="node-Bip001_R_Calf" name="Bip001_R_Calf">
                <matrix sid="matrix">0.07075128 0.997494 -2.98023e-8 0.4541689 -0.997494 0.07075123 6.51926e-9 -9.31323e-9 1.41561e-7 -5.96046e-8 0.9999999 -2.98023e-8 0 0 0 1</matrix>
                <node id="node-Bip001_R_HorseLink" name="Bip001_R_HorseLink">
                  <matrix sid="matrix">0.1141502 -0.9934634 -3.72529e-9 0.3208732 0.9934635 0.1141502 -2.98023e-8 0 2.68221e-7 1.15018e-7 0.9999999 2.98023e-8 0 0 0 1</matrix>
                  <node id="node-Bip001_R_Foot" name="Bip001_R_Foot">
                    <matrix sid="matrix">0.8694347 0.2156139 0.4445156 0.3617602 0.008155736 0.8933553 -0.449277 2.98023e-8 -0.493981 0.3942423 0.7749554 -2.98023e-8 0 0 0 1</matrix>
                    <node id="node-Bip001_R_Toe0" name="Bip001_R_Toe0">
                      <matrix>-0.2454691 -0.9694045 -5.63223e-7 0.08654235 0.9569952 -0.2423268 -0.1594934 0.1234714 0.1546135 -0.03915122 0.9871991 0.02420592 0 0 0 1</matrix>
                      <node id="node-Bip001_R_Toe01" name="Bip001_R_Toe01">
                        <matrix>0.9623385 0.2718535 1.59563e-8 0.04576601 -0.2718535 0.9623386 1.08609e-8 3.72529e-9 -1.83147e-9 -9.56348e-10 0.9999999 0 0 0 0 1</matrix>
                        <node id="node-Bip001_R_Toe02" name="Bip001_R_Toe02">
                          <matrix>0.9133544 0.4071654 2.80269e-8 0.03187376 -0.4071654 0.9133545 -1.14442e-9 1.86265e-9 3.06395e-8 -1.40292e-8 1 0 0 0 0 1</matrix>
                        </node>
                      </node>
                    </node>
                    <node id="node-Bip001_R_Toe1" name="Bip001_R_Toe1">
                      <matrix>-0.2402838 -0.9707026 -9.05211e-7 0.09280638 0.9404517 -0.2327959 0.2477027 0.1308167 -0.2404459 0.05951812 0.9688361 -0.0369646 0 0 0 1</matrix>
                      <node id="node-Bip001_R_Toe11" name="Bip001_R_Toe11">
                        <matrix>0.9830521 0.1833258 2.02577e-8 0.04370601 -0.1833258 0.9830522 -1.3057e-9 1.11759e-8 2.633e-8 -1.76142e-9 1 0 0 0 0 1</matrix>
                        <node id="node-Bip001_R_Toe12" name="Bip001_R_Toe12">
                          <matrix>0.9040335 0.4274614 -2.31405e-9 0.03796012 -0.4274614 0.9040336 1.3233e-9 0 -6.80923e-9 -2.72025e-8 1 -1.19209e-7 0 0 0 1</matrix>
                        </node>
                      </node>
                    </node>
                    <node id="node-Bip001_R_Toe2" name="Bip001_R_Toe2">
                      <matrix>0.04882013 -0.8895258 -0.4542691 0.06798327 0.1495176 -0.443178 0.8838766 0.002803996 -0.9875531 -0.1110722 0.1113637 -0.04295146 0 0 0 1</matrix>
                      <node id="node-Bip001_R_Toe21" name="Bip001_R_Toe21">
                        <matrix>1 -1.11759e-8 2.98023e-8 0.01451743 -1.86265e-8 1 0 -1.86265e-8 3.35276e-8 -2.98023e-8 1 5.7742e-8 0 0 0 1</matrix>
                        <node id="node-Bip001_R_Toe22" name="Bip001_R_Toe22">
                          <matrix>0.5236049 0.8519613 2.98023e-8 0.03369501 -0.8519613 0.5236048 0 1.86265e-9 5.96046e-8 5.96046e-8 1 -1.39698e-8 0 0 0 1</matrix>
                        </node>
                      </node>
                    </node>
                  </node>
                </node>
              </node>
            </node>
          </node>
        </node>
      </node>
      <node id="node-Bounds" name="Bounds">
        <matrix>1 0 0 0 0 1 0 0.411981 0 0 1 0 0 0 0 1</matrix>
        <instance_geometry url="#geom-Bounds">
          <bind_material>
            <technique_common>
              <instance_material symbol="ColorMaterial" target="#ColorEffectR88G199B225-material"/>
            </technique_common>
          </bind_material>
        </instance_geometry>
      </node>
      <node id="node-EYE" name="EYE">
        <matrix>-0.9993967 0.03472997 -9.04062e-8 4.09043e-8 -0.03472997 -0.9993967 8.43338e-8 0.411981 -8.74228e-8 8.74228e-8 1 1.6 0 0 0 1</matrix>
      </node>
      <node id="node-CAM" name="CAM">
        <matrix>-0.9999996 1.50996e-7 0 0 -1.50996e-7 -0.9999996 1.77636e-15 -0.009719968 0 1.77636e-15 1 1.928079 0 0 0 1</matrix>
      </node>
    </visual_scene>
  </library_visual_scenes>
  <library_animations>
    <animation>
      <source id="node-Bip001_matrix-input">
        <float_array id="node-Bip001_matrix-input-array" count="91">37.33333 37.36666 37.4 37.43333 37.46667 37.5 37.53333 37.56667 37.6 37.63334 37.66667 37.7 37.73333 37.76667 37.8 37.83333 37.86666 37.9 37.93333 37.96667 38 38.03333 38.06667 38.1 38.13334 38.16667 38.2 38.23333 38.26667 38.3 38.33333 38.36666 38.4 38.43333 38.46667 38.5 38.53333 38.56667 38.6 38.63334 38.66667 38.7 38.73333 38.76667 38.8 38.83333 38.86666 38.9 38.93333 38.96667 39 39.03333 39.06667 39.1 39.13334 39.16667 39.2 39.23333 39.26667 39.3 39.33333 39.36666 39.4 39.43333 39.46667 39.5 39.53333 39.56667 39.6 39.63334 39.66667 39.7 39.73333 39.76667 39.8 39.83333 39.86666 39.9 39.93333 39.96667 40 40.03333 40.06667 40.1 40.13334 40.16667 40.2 40.23333 40.26667 40.3 40.33333</float_array>
        <technique_common>
          <accessor source="#node-Bip001_matrix-input-array" count="91" stride="1">
            <param name="TIME" type="float"/>
          </accessor>
        </technique_common>
      </source>
      <source id="node-Bip001_matrix-output">
        <float_array id="node-Bip001_matrix-output-array" count="1456">0.4908427 -0.8335541 0.2534976 0 0.8299859 0.5358468 0.1548919 0 -0.2649466 0.1343718 0.9548547 0.8529337 0 0 0 1 0.4908427 -0.8335541 0.2534976 0 0.8299859 0.5358468 0.1548919 0 -0.2649466 0.1343718 0.9548547 0.853473 0 0 0 1 0.4908427 -0.8335541 0.2534976 0 0.8299859 0.5358468 0.1548919 0 -0.2649466 0.1343718 0.9548547 0.8539754 0 0 0 1 0.4908427 -0.8335541 0.2534976 0 0.8299859 0.5358468 0.1548919 0 -0.2649466 0.1343718 0.9548547 0.8544411 0 0 0 1 0.4908427 -0.8335541 0.2534976 0 0.8299859 0.5358468 0.1548919 0 -0.2649466 0.1343718 0.9548547 0.8548715 0 0 0 1 0.4908427 -0.8335541 0.2534976 0 0.8299859 0.5358468 0.1548919 0 -0.2649466 0.1343718 0.9548547 0.8552676 0 0 0 1 0.4908427 -0.8335541 0.2534976 0 0.8299859 0.5358468 0.1548919 0 -0.2649466 0.1343718 0.9548547 0.8556299 0 0 0 1 0.4908427 -0.8335541 0.2534976 0 0.8299859 0.5358468 0.1548919 0 -0.2649466 0.1343718 0.9548547 0.8559595 0 0 0 1 0.4908427 -0.8335541 0.2534976 0 0.8299859 0.5358468 0.1548919 0 -0.2649466 0.1343718 0.9548547 0.8562576 0 0 0 1 0.4908427 -0.8335541 0.2534976 0 0.8299859 0.5358468 0.1548919 0 -0.2649466 0.1343718 0.9548547 0.8565246 0 0 0 1 0.4908427 -0.8335541 0.2534976 0 0.8299859 0.5358468 0.1548919 0 -0.2649466 0.1343718 0.9548547 0.8567618 0 0 0 1 0.4908427 -0.8335541 0.2534976 0 0.8299859 0.5358468 0.1548919 0 -0.2649466 0.1343718 0.9548547 0.8569697 0 0 0 1 0.4908427 -0.8335541 0.2534976 0 0.8299859 0.5358468 0.1548919 0 -0.2649466 0.1343718 0.9548547 0.8571495 0 0 0 1 0.4908427 -0.8335541 0.2534976 0 0.8299859 0.5358468 0.1548919 0 -0.2649466 0.1343718 0.9548547 0.857302 0 0 0 1 0.4908427 -0.8335541 0.2534976 0 0.8299859 0.5358468 0.1548919 0 -0.2649466 0.1343718 0.9548547 0.857428 0 0 0 1 0.4908427 -0.8335541 0.2534976 0 0.8299859 0.5358468 0.1548919 0 -0.2649466 0.1343718 0.9548547 0.8575283 0 0 0 1 0.4908427 -0.8335541 0.2534976 0 0.8299859 0.5358468 0.1548919 0 -0.2649466 0.1343718 0.9548547 0.8576041 0 0 0 1 0.4908427 -0.8335541 0.2534976 0 0.8299859 0.5358468 0.1548919 0 -0.2649466 0.1343718 0.9548547 0.8576559 0 0 0 1 0.4908427 -0.8335541 0.2534976 0 0.8299859 0.5358468 0.1548919 0 -0.2649466 0.1343718 0.9548547 0.8576847 0 0 0 1 0.4908427 -0.8335541 0.2534976 0 0.8299859 0.5358468 0.1548919 0 -0.2649466 0.1343718 0.9548547 0.8576914 0 0 0 1 0.4908427 -0.8335541 0.2534976 0 0.8299859 0.5358468 0.1548919 0 -0.2649466 0.1343718 0.9548547 0.8576768 0 0 0 1 0.4908427 -0.8335541 0.2534976 0 0.8299859 0.5358468 0.1548919 0 -0.2649466 0.1343718 0.9548547 0.8576417 0 0 0 1 0.4908427 -0.8335541 0.2534976 0 0.8299859 0.5358468 0.1548919 0 -0.2649466 0.1343718 0.9548547 0.857587 0 0 0 1 0.4908427 -0.8335541 0.2534976 0 0.8299859 0.5358468 0.1548919 0 -0.2649466 0.1343718 0.9548547 0.8575137 0 0 0 1 0.4908427 -0.8335541 0.2534976 0 0.8299859 0.5358468 0.1548919 0 -0.2649466 0.1343718 0.9548547 0.8574223 0 0 0 1 0.4908427 -0.8335541 0.2534976 0 0.8299859 0.5358468 0.1548919 0 -0.2649466 0.1343718 0.9548547 0.8573139 0 0 0 1 0.4908427 -0.8335541 0.2534976 0 0.8299859 0.5358468 0.1548919 0 -0.2649466 0.1343718 0.9548547 0.8571892 0 0 0 1 0.4908427 -0.8335541 0.2534976 0 0.8299859 0.5358468 0.1548919 0 -0.2649466 0.1343718 0.9548547 0.8570491 0 0 0 1 0.4908427 -0.8335541 0.2534976 0 0.8299859 0.5358468 0.1548919 0 -0.2649466 0.1343718 0.9548547 0.8568945 0 0 0 1 0.4908427 -0.8335541 0.2534976 0 0.8299859 0.5358468 0.1548919 0 -0.2649466 0.1343718 0.9548547 0.8567261 0 0 0 1 0.4908427 -0.8335541 0.2534976 0 0.8299859 0.5358468 0.1548919 0 -0.2649466 0.1343718 0.9548547 0.8565447 0 0 0 1 0.4908427 -0.8335541 0.2534976 0 0.8299859 0.5358468 0.1548919 0 -0.2649466 0.1343718 0.9548547 0.8563513 0 0 0 1 0.4908427 -0.8335541 0.2534976 0 0.8299859 0.5358468 0.1548919 0 -0.2649466 0.1343718 0.9548547 0.8561466 0 0 0 1 0.4908427 -0.8335541 0.2534976 0 0.8299859 0.5358468 0.1548919 0 -0.2649466 0.1343718 0.9548547 0.8559313 0 0 0 1 0.4908427 -0.8335541 0.2534976 0 0.8299859 0.5358468 0.1548919 0 -0.2649466 0.1343718 0.9548547 0.8557065 0 0 0 1 0.4908427 -0.8335541 0.2534976 0 0.8299859 0.5358468 0.1548919 0 -0.2649466 0.1343718 0.9548547 0.8554729 0 0 0 1 0.4908427 -0.8335541 0.2534976 0 0.8299859 0.5358468 0.1548919 0 -0.2649466 0.1343718 0.9548547 0.8552311 0 0 0 1 0.4908427 -0.8335541 0.2534976 0 0.8299859 0.5358468 0.1548919 0 -0.2649466 0.1343718 0.9548547 0.8549823 0 0 0 1 0.4908427 -0.8335541 0.2534976 0 0.8299859 0.5358468 0.1548919 0 -0.2649466 0.1343718 0.9548547 0.8547269 0 0 0 1 0.4908427 -0.8335541 0.2534976 0 0.8299859 0.5358468 0.1548919 0 -0.2649466 0.1343718 0.9548547 0.8544661 0 0 0 1 0.4908427 -0.8335541 0.2534976 0 0.8299859 0.5358468 0.1548919 0 -0.2649466 0.1343718 0.9548547 0.8542006 0 0 0 1 0.4908427 -0.8335541 0.2534976 0 0.8299859 0.5358468 0.1548919 0 -0.2649466 0.1343718 0.9548547 0.8539308 0 0 0 1 0.4908427 -0.8335541 0.2534976 0 0.8299859 0.5358468 0.1548919 0 -0.2649466 0.1343718 0.9548547 0.8536583 0 0 0 1 0.4908427 -0.8335541 0.2534976 0 0.8299859 0.5358468 0.1548919 0 -0.2649466 0.1343718 0.9548547 0.8533833 0 0 0 1 0.4908427 -0.8335541 0.2534976 0 0.8299859 0.5358468 0.1548919 0 -0.2649466 0.1343718 0.9548547 0.8531066 0 0 0 1 0.4908427 -0.8335541 0.2534976 0 0.8299859 0.5358468 0.1548919 0 -0.2649466 0.1343718 0.9548547 0.8528295 0 0 0 1 0.4908427 -0.8335541 0.2534976 0 0.8299859 0.5358468 0.1548919 0 -0.2649466 0.1343718 0.9548547 0.8525524 0 0 0 1 0.4908427 -0.8335541 0.2534976 0 0.8299859 0.5358468 0.1548919 0 -0.2649466 0.1343718 0.9548547 0.852276 0 0 0 1 0.4908427 -0.8335541 0.2534976 0 0.8299859 0.5358468 0.1548919 0 -0.2649466 0.1343718 0.9548547 0.8520016 0 0 0 1 0.4908427 -0.8335541 0.2534976 0 0.8299859 0.5358468 0.1548919 0 -0.2649466 0.1343718 0.9548547 0.8517297 0 0 0 1 0.4908427 -0.8335541 0.2534976 0 0.8299859 0.5358468 0.1548919 0 -0.2649466 0.1343718 0.9548547 0.8514609 0 0 0 1 0.4908427 -0.8335541 0.2534976 0 0.8299859 0.5358468 0.1548919 0 -0.2649466 0.1343718 0.9548547 0.8511965 0 0 0 1 0.4908427 -0.8335541 0.2534976 0 0.8299859 0.5358468 0.1548919 0 -0.2649466 0.1343718 0.9548547 0.8509371 0 0 0 1 0.4908427 -0.8335541 0.2534976 0 0.8299859 0.5358468 0.1548919 0 -0.2649466 0.1343718 0.9548547 0.8506832 0 0 0 1 0.4908427 -0.8335541 0.2534976 0 0.8299859 0.5358468 0.1548919 0 -0.2649466 0.1343718 0.9548547 0.8504361 0 0 0 1 0.4908427 -0.8335541 0.2534976 0 0.8299859 0.5358468 0.1548919 0 -0.2649466 0.1343718 0.9548547 0.8501963 0 0 0 1 0.4908427 -0.8335541 0.2534976 0 0.8299859 0.5358468 0.1548919 0 -0.2649466 0.1343718 0.9548547 0.8499647 0 0 0 1 0.4908427 -0.8335541 0.2534976 0 0.8299859 0.5358468 0.1548919 0 -0.2649466 0.1343718 0.9548547 0.8497424 0 0 0 1 0.4908427 -0.8335541 0.2534976 0 0.8299859 0.5358468 0.1548919 0 -0.2649466 0.1343718 0.9548547 0.8495296 0 0 0 1 0.4908427 -0.8335541 0.2534976 0 0.8299859 0.5358468 0.1548919 0 -0.2649466 0.1343718 0.9548547 0.8493277 0 0 0 1 0.4908427 -0.8335541 0.2534976 0 0.8299859 0.5358468 0.1548919 0 -0.2649466 0.1343718 0.9548547 0.8491372 0 0 0 1 0.4908427 -0.8335541 0.2534976 0 0.8299859 0.5358468 0.1548919 0 -0.2649466 0.1343718 0.9548547 0.848959 0 0 0 1 0.4908427 -0.8335541 0.2534976 0 0.8299859 0.5358468 0.1548919 0 -0.2649466 0.1343718 0.9548547 0.8487939 0 0 0 1 0.4908427 -0.8335541 0.2534976 0 0.8299859 0.5358468 0.1548919 0 -0.2649466 0.1343718 0.9548547 0.8486429 0 0 0 1 0.4908427 -0.8335541 0.2534976 0 0.8299859 0.5358468 0.1548919 0 -0.2649466 0.1343718 0.9548547 0.8485066 0 0 0 1 0.4908427 -0.8335541 0.2534976 0 0.8299859 0.5358468 0.1548919 0 -0.2649466 0.1343718 0.9548547 0.8483859 0 0 0 1 0.4908427 -0.8335541 0.2534976 0 0.8299859 0.5358468 0.1548919 0 -0.2649466 0.1343718 0.9548547 0.8482817 0 0 0 1 0.4908427 -0.8335541 0.2534976 0 0.8299859 0.5358468 0.1548919 0 -0.2649466 0.1343718 0.9548547 0.8481947 0 0 0 1 0.4908427 -0.8335541 0.2534976 0 0.8299859 0.5358468 0.1548919 0 -0.2649466 0.1343718 0.9548547 0.8481259 0 0 0 1 0.4908427 -0.8335541 0.2534976 0 0.8299859 0.5358468 0.1548919 0 -0.2649466 0.1343718 0.9548547 0.8480761 0 0 0 1 0.4908427 -0.8335541 0.2534976 0 0.8299859 0.5358468 0.1548919 0 -0.2649466 0.1343718 0.9548547 0.8480461 0 0 0 1 0.4908427 -0.8335541 0.2534976 0 0.8299859 0.5358468 0.1548919 0 -0.2649466 0.1343718 0.9548547 0.8480367 0 0 0 1 0.4908427 -0.8335541 0.2534976 0 0.8299859 0.5358468 0.1548919 0 -0.2649466 0.1343718 0.9548547 0.8480488 0 0 0 1 0.4908427 -0.8335541 0.2534976 0 0.8299859 0.5358468 0.1548919 0 -0.2649466 0.1343718 0.9548547 0.8480833 0 0 0 1 0.4908427 -0.8335541 0.2534976 0 0.8299859 0.5358468 0.1548919 0 -0.2649466 0.1343718 0.9548547 0.848141 0 0 0 1 0.4908427 -0.8335541 0.2534976 0 0.8299859 0.5358468 0.1548919 0 -0.2649466 0.1343718 0.9548547 0.8482227 0 0 0 1 0.4908427 -0.8335541 0.2534976 0 0.8299859 0.5358468 0.1548919 0 -0.2649466 0.1343718 0.9548547 0.8483294 0 0 0 1 0.4908427 -0.8335541 0.2534976 0 0.8299859 0.5358468 0.1548919 0 -0.2649466 0.1343718 0.9548547 0.8484618 0 0 0 1 0.4908427 -0.8335541 0.2534976 0 0.8299859 0.5358468 0.1548919 0 -0.2649466 0.1343718 0.9548547 0.8486211 0 0 0 1 0.4908427 -0.8335541 0.2534976 0 0.8299859 0.5358468 0.1548919 0 -0.2649466 0.1343718 0.9548547 0.8488077 0 0 0 1 0.4908427 -0.8335541 0.2534976 0 0.8299859 0.5358468 0.1548919 0 -0.2649466 0.1343718 0.9548547 0.8490228 0 0 0 1 0.4908427 -0.8335541 0.2534976 0 0.8299859 0.5358468 0.1548919 0 -0.2649466 0.1343718 0.9548547 0.8492673 0 0 0 1 0.4908427 -0.833554 0.2534976 0 0.829986 0.5358468 0.1548919 0 -0.2649466 0.1343718 0.9548547 0.8495419 0 0 0 1 0.4908427 -0.833554 0.2534976 0 0.829986 0.5358468 0.1548919 0 -0.2649466 0.1343718 0.9548547 0.8498476 0 0 0 1 0.4908427 -0.833554 0.2534976 0 0.829986 0.5358468 0.1548919 0 -0.2649466 0.1343718 0.9548547 0.8501853 0 0 0 1 0.4908427 -0.833554 0.2534976 0 0.829986 0.5358468 0.1548919 0 -0.2649466 0.1343718 0.9548547 0.8505557 0 0 0 1 0.4908427 -0.833554 0.2534976 0 0.829986 0.5358468 0.1548919 0 -0.2649466 0.1343718 0.9548547 0.8509603 0 0 0 1 0.4908427 -0.833554 0.2534976 0 0.829986 0.5358468 0.1548919 0 -0.2649466 0.1343718 0.9548547 0.8513992 0 0 0 1 0.4908427 -0.833554 0.2534976 0 0.829986 0.5358468 0.1548919 0 -0.2649466 0.1343718 0.9548547 0.8518738 0 0 0 1 0.4908427 -0.833554 0.2534976 0 0.829986 0.5358468 0.1548919 0 -0.2649466 0.1343718 0.9548547 0.8523852 0 0 0 1 0.4908427 -0.8335541 0.2534976 0 0.8299859 0.5358468 0.1548919 0 -0.2649466 0.1343718 0.9548547 0.8529337 0 0 0 1</float_array>
        <technique_common>
          <accessor source="#node-Bip001_matrix-output-array" count="91" stride="16">
            <param name="TRANSFORM" type="float4x4"/>
          </accessor>
        </technique_common>
      </source>
      <source id="node-Bip001_matrix-interpolation">
        <Name_array id="node-Bip001_matrix-interpolation-array" count="91">LINEAR LINEAR LINEAR LINEAR LINEAR LINEAR LINEAR LINEAR LINEAR LINEAR LINEAR LINEAR LINEAR LINEAR LINEAR LINEAR LINEAR LINEAR LINEAR LINEAR LINEAR LINEAR LINEAR LINEAR LINEAR LINEAR LINEAR LINEAR LINEAR LINEAR LINEAR LINEAR LINEAR LINEAR LINEAR LINEAR LINEAR LINEAR LINEAR LINEAR LINEAR LINEAR LINEAR LINEAR LINEAR LINEAR LINEAR LINEAR LINEAR LINEAR LINEAR LINEAR LINEAR LINEAR LINEAR LINEAR LINEAR LINEAR LINEAR LINEAR LINEAR LINEAR LINEAR LINEAR LINEAR LINEAR LINEAR LINEAR LINEAR LINEAR LINEAR LINEAR LINEAR LINEAR LINEAR LINEAR LINEAR LINEAR LINEAR LINEAR LINEAR LINEAR LINEAR LINEAR LINEAR LINEAR LINEAR LINEAR LINEAR LINEAR LINEAR</Name_array>
        <technique_common>
          <accessor source="#node-Bip001_matrix-interpolation-array" count="91" stride="1">
            <param name="INTERPOLATION" type="name"/>
          </accessor>
        </technique_common>
      </source>
      <source id="node-Bip001_Spine_matrix-input">
