<?xml version="1.0" encoding="utf-8"?>
<COLLADA xmlns="http://www.collada.org/2005/11/COLLADASchema" version="1.4.1">
  <asset>
    <contributor>
      <author>MattO</author>
      <authoring_tool>OpenCOLLADA for 3ds Max;  Version: 1.3.0;  Revision: 839M;  Platform: x64;  Configuration: Release_Max2012</authoring_tool>
      <source_data>file:///Z:/Art_Resources/WIP/Art_Pack/Alien_Pack/Kralmok/Mantis_TP_Kralmok_Animation_Master.max</source_data>
    </contributor>
    <created>2011-10-24T17:11:31</created>
    <modified>2011-10-24T17:11:31</modified>
    <unit name="meter" meter="1"/>
    <up_axis>Z_UP</up_axis>
  </asset>
  <library_effects>
    <effect id="ColorEffectR88G199B225">
      <profile_COMMON>
        <technique sid="common">
          <phong>
            <ambient>
              <color>0.345098 0.7803922 0.8823529 1</color>
            </ambient>
            <diffuse>
              <color>0.345098 0.7803922 0.8823529 1</color>
            </diffuse>
            <specular>
              <color>1 1 1 1</color>
            </specular>
            <shininess>
              <float>10</float>
            </shininess>
            <reflective>
              <color>0 0 0 1</color>
            </reflective>
            <transparent>
              <color>1 1 1 1</color>
            </transparent>
            <transparency>
              <float>1</float>
            </transparency>
          </phong>
        </technique>
      </profile_COMMON>
    </effect>
  </library_effects>
  <library_materials>
    <material id="ColorEffectR88G199B225-material" name="ColorEffectR88G199B225-material">
      <instance_effect url="#ColorEffectR88G199B225"/>
    </material>
  </library_materials>
  <library_geometries>
    <geometry id="geom-Bounds" name="Bounds">
      <mesh>
        <source id="geom-Bounds-positions">
          <float_array id="geom-Bounds-positions-array" count="24">-0.5 -0.5 0 0.5 -0.5 0 -0.5 0.5 0 0.5 0.5 0 -0.5 -0.5 2 0.5 -0.5 2 -0.5 0.5 2 0.5 0.5 2</float_array>
          <technique_common>
            <accessor source="#geom-Bounds-positions-array" count="8" stride="3">
              <param name="X" type="float"/>
              <param name="Y" type="float"/>
              <param name="Z" type="float"/>
            </accessor>
          </technique_common>
        </source>
        <source id="geom-Bounds-normals">
          <float_array id="geom-Bounds-normals-array" count="72">0 0 -1 0 0 -1 0 0 -1 0 0 -1 0 0 1 0 0 1 0 0 1 0 0 1 0 -1 0 0 -1 0 0 -1 0 0 -1 0 1 0 0 1 0 0 1 0 0 1 0 0 0 1 0 0 1 0 0 1 0 0 1 0 -1 0 0 -1 0 0 -1 0 0 -1 0 0</float_array>
          <technique_common>
            <accessor source="#geom-Bounds-normals-array" count="24" stride="3">
              <param name="X" type="float"/>
              <param name="Y" type="float"/>
              <param name="Z" type="float"/>
            </accessor>
          </technique_common>
        </source>
        <source id="geom-Bounds-map1">
          <float_array id="geom-Bounds-map1-array" count="36">0 0 0 1 0 0 0 1 0 1 1 0 0 0 0 1 0 0 0 1 0 1 1 0 0 0 0 1 0 0 0 1 0 1 1 0</float_array>
          <technique_common>
            <accessor source="#geom-Bounds-map1-array" count="12" stride="3">
              <param name="S" type="float"/>
              <param name="T" type="float"/>
              <param name="P" type="float"/>
            </accessor>
          </technique_common>
        </source>
        <vertices id="geom-Bounds-vertices">
          <input semantic="POSITION" source="#geom-Bounds-positions"/>
        </vertices>
        <triangles material="ColorMaterial" count="12">
          <input semantic="VERTEX" source="#geom-Bounds-vertices" offset="0"/>
          <input semantic="NORMAL" source="#geom-Bounds-normals" offset="1"/>
          <input semantic="TEXCOORD" source="#geom-Bounds-map1" offset="2" set="0"/>
          <p>0 0 9 2 1 11 3 2 10 3 2 10 1 3 8 0 0 9 4 4 8 5 5 9 7 6 11 7 6 11 6 7 10 4 4 8 0 8 4 1 9 5 5 10 7 5 10 7 4 11 6 0 8 4 1 12 0 3 13 1 7 14 3 7 14 3 5 15 2 1 12 0 3 16 4 2 17 5 6 18 7 6 18 7 7 19 6 3 16 4 2 20 0 0 21 1 4 22 3 4 22 3 6 23 2 2 20 0</p>
        </triangles>
      </mesh>
      <extra>
        <technique profile="OpenCOLLADA3dsMax">
          <max_box>
            <generateuvs>1</generateuvs>
            <height>2</height>
            <heightsegments>1</heightsegments>
            <length>1</length>
            <lengthsegments>1</lengthsegments>
            <width>1</width>
            <widthsegments>1</widthsegments>
          </max_box>
        </technique>
      </extra>
    </geometry>
  </library_geometries>
  <library_lights>
    <light id="EnvironmentAmbientLight" name="EnvironmentAmbientLight">
      <technique_common>
        <ambient>
          <color>0 0 0</color>
        </ambient>
      </technique_common>
    </light>
  </library_lights>
  <library_visual_scenes>
    <visual_scene id="MaxScene">
      <node name="EnvironmentAmbientLight">
        <instance_light url="#EnvironmentAmbientLight"/>
      </node>
      <node id="node-Bip001" name="Bip001">
        <matrix sid="matrix">0.4908452 -0.8335521 0.2534995 0 0.8299838 0.5358499 0.1548928 -4.37066e-8 -0.2649489 0.134372 0.954854 0.946796 0 0 0 1</matrix>
        <node id="node-Bip001_Pelvis" name="Bip001_Pelvis">
          <matrix sid="matrix">-0.06006098 0.9981921 -0.002268121 0 -0.1512669 -0.006855609 0.9884692 0 0.9866666 0.05971153 0.1514051 0 0 0 0 1</matrix>
          <node id="node-Bip001_Spine" name="Bip001_Spine">
            <matrix sid="matrix">0.9613936 -0.1361308 -0.2391462 0.09690875 0.1112899 0.987166 -0.1145338 0.005776733 0.2516685 0.08349744 0.964205 0.01486149 0 0 0 1</matrix>
            <node id="node-Bip001_Spine1" name="Bip001_Spine1">
              <matrix sid="matrix">0.9117465 -0.3962545 -0.1081696 0.1110505 0.3955288 0.9179953 -0.0290078 -8.11517e-5 0.1107937 -0.01633639 0.9937091 1.44541e-6 0 0 0 1</matrix>
              <node id="node-Bip001_Spine2" name="Bip001_Spine2">
                <matrix sid="matrix">0.9769404 -0.1406179 -0.160668 0.1110283 0.1588856 0.9814694 0.1071137 -8.6844e-5 0.1426286 -0.1301715 0.9811791 1.15e-5 0 0 0 1</matrix>
                <node id="node-Bip001_Spine3" name="Bip001_Spine3">
                  <matrix sid="matrix">0.9138695 -0.3001341 -0.2734262 0.111066 0.3356065 0.9374303 0.09269705 -1.57297e-4 0.2284966 -0.1764767 0.9574159 2.96235e-5 0 0 0 1</matrix>
                  <node id="node-Bip001_Neck" name="Bip001_Neck">
                    <matrix sid="matrix">0.9550989 -0.2232759 -0.1947662 0.2584314 0.1978857 0.9699529 -0.1415368 0.01280296 0.2205158 0.09664017 0.9705842 -3.75509e-6 0 0 0 1</matrix>
                    <node id="node-Bip001_Neck1" name="Bip001_Neck1">
                      <matrix sid="matrix">0.9016954 0.4263064 0.07216932 0.04893196 -0.4193017 0.9029008 -0.09463692 -3.51667e-5 -0.105506 0.05507299 0.9928924 -2.08616e-6 0 0 0 1</matrix>
                      <node id="node-Bip001_Neck2" name="Bip001_Neck2">
                        <matrix sid="matrix">0.9545162 0.2811763 -0.09919003 0.04893768 -0.2884499 0.9550411 -0.06850679 -3.72529e-5 0.07546803 0.09400217 0.9927075 -3.66569e-6 0 0 0 1</matrix>
                        <node id="node-Bip001_Head" name="Bip001_Head">
                          <matrix sid="matrix">0.952575 0.1896546 0.2379743 0.04894865 -0.1647242 0.978916 -0.120784 5.96046e-8 -0.2558643 0.07585568 0.9637319 0 0 0 0 1</matrix>
                          <node id="node-Bip001_Ponytail1" name="Bip001_Ponytail1">
                            <matrix>-0.0599907 -0.998199 -2.76882e-6 0.009580731 0.9981991 -0.05999067 -2.94019e-6 0.1139535 2.76882e-6 -2.94112e-6 1 9.68575e-8 0 0 0 1</matrix>
                          </node>
                          <node id="node-ALTEYE" name="ALTEYE">
                            <matrix>-0.009488119 0.5772443 0.8165167 0.1153698 0.002645058 0.8165649 -0.5772478 0.2046644 -0.9999517 -0.003317262 -0.009274511 -0.001006842 0 0 0 1</matrix>
                          </node>
                        </node>
                      </node>
                    </node>
                    <node id="node-Bip001_L_Clavicle" name="Bip001_L_Clavicle">
                      <matrix sid="matrix">0.5258595 -0.03223359 0.8499604 -0.03949761 0.5682304 -0.730262 -0.379251 0.014382 0.6329185 0.6824061 -0.3656992 0.03037697 0 0 0 1</matrix>
                      <node id="node-Bip001_L_UpperArm" name="Bip001_L_UpperArm">
                        <matrix sid="matrix">0.8782253 -0.4761924 -0.0442825 0.07966608 0.1665789 0.2177865 0.9616758 0 -0.4482987 -0.8519448 0.2705891 1.19209e-7 0 0 0 1</matrix>
                        <node id="node-Bip001_L_Forearm" name="Bip001_L_Forearm">
                          <matrix sid="matrix">-0.06332201 0.9979931 8.9407e-8 0.4297335 -0.9979931 -0.06332199 -7.45058e-9 -2.98023e-8 9.9797e-8 -2.98023e-8 0.9999999 0 0 0 0 1</matrix>
                          <node id="node-Bip001_L_Hand" name="Bip001_L_Hand">
                            <matrix sid="matrix">0.9693838 -0.02727613 -0.2440313 0.3774393 0.2317872 0.4296969 0.8727173 0 0.08105511 -0.9025612 0.4228635 -5.96046e-8 0 0 0 1</matrix>
                            <node id="node-Bip001_L_Finger0" name="Bip001_L_Finger0">
                              <matrix>0.737368 0.3989065 0.5451257 0.03908253 0.5702345 0.06501231 -0.8189055 0.01738542 -0.3621064 0.9146842 -0.1795323 -0.04049927 0 0 0 1</matrix>
                              <node id="node-Bip001_L_Finger01" name="Bip001_L_Finger01">
                                <matrix>0.5320405 -0.846719 0 0.1027656 0.846719 0.5320405 0 -2.98023e-8 0 -1.49012e-8 1 -1.19209e-7 0 0 0 1</matrix>
                                <node id="node-Bip001_L_Finger02" name="Bip001_L_Finger02">
                                  <matrix>0.7835937 -0.6212736 2.98023e-8 0.05252498 0.6212736 0.7835937 -7.45058e-9 2.98023e-8 0 -2.98023e-8 1 0 0 0 0 1</matrix>
                                </node>
                              </node>
                            </node>
                            <node id="node-Bip001_L_Finger1" name="Bip001_L_Finger1">
                              <matrix>0.6375438 -0.770391 0.005983979 0.1458857 0.7704015 0.6375586 7.96318e-4 -1.52588e-5 -0.004428595 0.004102394 0.9999818 -0.01919666 0 0 0 1</matrix>
                              <node id="node-Bip001_L_Finger11" name="Bip001_L_Finger11">
                                <matrix>-0.3951853 -0.9186016 0 0.0857814 0.9186016 -0.3951852 -1.49012e-8 -1.19209e-7 1.11759e-8 -2.98023e-8 1 0 0 0 0 1</matrix>
                                <node id="node-Bip001_L_Finger12" name="Bip001_L_Finger12">
                                  <matrix>0.9649358 -0.2624862 0 0.05549777 0.2624862 0.9649357 0 0 0 0 1 0 0 0 0 1</matrix>
                                </node>
                              </node>
                            </node>
                            <node id="node-Bip001_L_Finger2" name="Bip001_L_Finger2">
                              <matrix>0.5018927 -0.855015 -0.1305896 0.1437581 0.8647377 0.492844 0.09661084 0.003213346 -0.01824334 -0.1614139 0.9867182 0.02870396 0 0 0 1</matrix>
                              <node id="node-Bip001_L_Finger21" name="Bip001_L_Finger21">
                                <matrix>0.05968913 -0.998217 -2.98023e-8 0.07148442 0.9982171 0.05968916 7.45058e-9 -1.19209e-7 2.98023e-8 -5.96046e-8 1 5.96046e-8 0 0 0 1</matrix>
                                <node id="node-Bip001_L_Finger22" name="Bip001_L_Finger22">
                                  <matrix>0.8033118 -0.5955586 0 0.051139 0.5955586 0.8033117 2.98023e-8 1.19209e-7 0 -2.98023e-8 1 0 0 0 0 1</matrix>
                                </node>
                              </node>
                            </node>
                          </node>
                        </node>
                        <node id="node-Bip001_L_ForeTwist" name="Bip001_L_ForeTwist">
                          <matrix sid="matrix">-0.06332201 0.986727 -0.149533 0.4297335 -0.9979931 -0.06260715 0.009487778 -2.98023e-8 9.9797e-8 0.1498338 0.9887112 0 0 0 0 1</matrix>
                          <node id="node-Bip001_L_ForeTwist1" name="Bip001_L_ForeTwist1">
                            <matrix sid="matrix">1 -8.46921e-9 -7.6252e-9 0.1887197 -2.96859e-9 0.9887112 -0.1498339 0 5.47152e-9 0.1498338 0.9887112 0 0 0 0 1</matrix>
                          </node>
                        </node>
                      </node>
                      <node id="node-Bip001_LUpArmTwist" name="Bip001_LUpArmTwist">
                        <matrix sid="matrix">0.8782253 -0.4761924 -0.0442825 0.07966608 0.1665789 0.2177865 0.9616758 0 -0.4482987 -0.8519448 0.2705891 1.19209e-7 0 0 0 1</matrix>
                        <node id="node-Bip001_LUpArmTwist1" name="Bip001_LUpArmTwist1">
                          <matrix>1 1.11759e-8 8.9407e-8 0.2148668 1.11759e-8 1 -7.45058e-9 -2.98023e-8 -2.98023e-8 0 0.9999999 0 0 0 0 1</matrix>
                        </node>
                      </node>
                    </node>
                    <node id="node-Bip001_R_Clavicle" name="Bip001_R_Clavicle">
                      <matrix sid="matrix">-0.3425454 -0.2967242 -0.8914132 -0.04927066 0.7069357 -0.7063332 -0.03653917 0.01009905 -0.6187927 -0.642688 0.4517162 -0.01263857 0 0 0 1</matrix>
                      <node id="node-Bip001_R_UpperArm" name="Bip001_R_UpperArm">
                        <matrix sid="matrix">0.7860181 0.2004084 -0.5848178 0.07966632 -0.5605655 0.6299181 -0.5375587 0 0.2606562 0.7503595 0.6074691 0 0 0 0 1</matrix>
                        <node id="node-Bip001_R_Forearm" name="Bip001_R_Forearm">
                          <matrix sid="matrix">-0.4294501 0.9030906 0 0.4297335 -0.9030906 -0.4294502 7.45058e-9 -2.98023e-8 4.00469e-8 2.98023e-8 1 0 0 0 0 1</matrix>
                          <node id="node-Bip001_R_Hand" name="Bip001_R_Hand">
                            <matrix sid="matrix">0.9224471 -0.08625834 0.3763652 0.3774394 0.2957408 -0.4688498 -0.8322964 0 0.2482512 0.8790561 -0.406979 -5.96046e-8 0 0 0 1</matrix>
                            <node id="node-Bip001_R_Finger0" name="Bip001_R_Finger0">
                              <matrix>0.6486482 0.5772245 -0.4960517 0.03908235 0.6676159 -0.1185831 0.7350015 0.01738542 0.3654375 -0.8079293 -0.462283 0.04049945 0 0 0 1</matrix>
                              <node id="node-Bip001_R_Finger01" name="Bip001_R_Finger01">
                                <matrix>0.6155393 -0.7881061 -1.11759e-8 0.1027657 0.7881061 0.6155393 0 5.96046e-8 7.45058e-8 2.23517e-8 1 0 0 0 0 1</matrix>
                                <node id="node-Bip001_R_Finger02" name="Bip001_R_Finger02">
                                  <matrix>0.152335 -0.988329 -7.45058e-9 0.05252492 0.9883292 0.1523349 7.45058e-9 -1.19209e-7 2.23517e-8 2.98023e-8 1 5.96046e-8 0 0 0 1</matrix>
                                </node>
                              </node>
                            </node>
                            <node id="node-Bip001_R_Finger1" name="Bip001_R_Finger1">
                              <matrix>0.7109715 -0.6323431 -0.3076713 0.1458857 0.6327783 0.7661361 -0.1123713 -1.52886e-5 0.3067753 -0.1147949 0.944834 0.01919675 0 0 0 1</matrix>
                              <node id="node-Bip001_R_Finger11" name="Bip001_R_Finger11">
                                <matrix>-0.6406224 -0.7678561 1.49012e-8 0.08578122 0.7678561 -0.6406224 -1.49012e-8 2.98023e-8 1.49012e-8 0 1 0 0 0 0 1</matrix>
                                <node id="node-Bip001_R_Finger12" name="Bip001_R_Finger12">
                                  <matrix>0.8432423 -0.5375336 7.45058e-9 0.05549777 0.5375336 0.8432423 0 1.49012e-8 -1.49012e-8 0 1 0 0 0 0 1</matrix>
                                </node>
                              </node>
                            </node>
                            <node id="node-Bip001_R_Finger2" name="Bip001_R_Finger2">
                              <matrix>0.2634971 -0.9557802 0.1305896 0.143758 0.9628297 0.2522405 -0.09661078 0.003213406 0.05939873 0.1511922 0.9867182 -0.02870381 0 0 0 1</matrix>
                              <node id="node-Bip001_R_Finger21" name="Bip001_R_Finger21">
                                <matrix>-0.03544472 -0.9993716 0 0.07148439 0.9993716 -0.03544474 5.96046e-8 8.9407e-8 0 1.49012e-8 1 0 0 0 0 1</matrix>
                                <node id="node-Bip001_R_Finger22" name="Bip001_R_Finger22">
                                  <matrix>0.7483485 -0.6633058 0 0.05113888 0.6633058 0.7483486 0 2.98023e-8 1.49012e-8 0 1 -1.19209e-7 0 0 0 1</matrix>
                                </node>
                              </node>
                            </node>
                            <node id="node-mount0" name="mount0">
                              <matrix>-6.33299e-8 1 5.66244e-7 0.1088289 -1 -2.57045e-7 -1.49012e-7 0.03070411 1.78814e-7 -4.76837e-7 0.9999998 0.01333499 0 0 0 1</matrix>
                            </node>
                          </node>
                        </node>
                        <node id="node-Bip001_R_ForeTwist" name="Bip001_R_ForeTwist">
                          <matrix sid="matrix">-0.4294501 0.892733 -0.1363834 0.4297335 -0.9030906 -0.4245248 0.06485491 -2.98023e-8 4.00469e-8 0.1510185 0.988531 0 0 0 0 1</matrix>
                          <node id="node-Bip001_R_ForeTwist1" name="Bip001_R_ForeTwist1">
                            <matrix sid="matrix">1 -7.45058e-9 9.48785e-9 0.1887197 3.72529e-9 0.9885311 -0.1510185 0 -2.79397e-9 0.1510185 0.988531 0 0 0 0 1</matrix>
                          </node>
                        </node>
                      </node>
                      <node id="node-Bip001_RUpArmTwist" name="Bip001_RUpArmTwist">
                        <matrix sid="matrix">0.7860181 0.2004084 -0.5848178 0.07966632 -0.5605655 0.6299181 -0.5375587 0 0.2606562 0.7503595 0.6074691 0 0 0 0 1</matrix>
                        <node id="node-Bip001_RUpArmTwist1" name="Bip001_RUpArmTwist1">
                          <matrix>1 0 0 0.2148667 0 1 7.45058e-9 0 0 1.49012e-8 1 -5.96046e-8 0 0 0 1</matrix>
                        </node>
                      </node>
                    </node>
                  </node>
                </node>
              </node>
            </node>
            <node id="node-Bip001_L_Thigh" name="Bip001_L_Thigh">
              <matrix sid="matrix">-0.6952005 0.7082477 0.1228062 -0.07925981 0.6810645 0.5943673 0.4276431 0.01231727 0.2298853 0.3809367 -0.8955668 0.07958381 0 0 0 1</matrix>
              <node id="node-Bip001_L_Calf" name="Bip001_L_Calf">
                <matrix sid="matrix">-0.8021194 0.5971637 0 0.4541689 -0.5971637 -0.8021195 0 -5.96046e-8 2.42144e-8 0 1 1.49012e-8 0 0 0 1</matrix>
                <node id="node-Bip001_L_HorseLink" name="Bip001_L_HorseLink">
                  <matrix sid="matrix">-0.8806152 -0.4738321 3.72529e-9 0.3208733 0.4738319 -0.8806152 0 -5.96046e-8 7.45058e-8 2.23517e-8 1 -1.49012e-8 0 0 0 1</matrix>
                  <node id="node-Bip001_L_Foot" name="Bip001_L_Foot">
                    <matrix sid="matrix">0.2004838 0.9757999 0.08729644 0.3617601 -0.9583409 0.1768298 0.2243069 -2.98023e-8 0.2034421 -0.1286297 0.9706007 -1.49012e-8 0 0 0 1</matrix>
                    <node id="node-Bip001_L_Toe0" name="Bip001_L_Toe0">
                      <matrix sid="matrix">0.6625897 -0.7481645 -0.0349986 0.08654237 0.747994 0.6585926 0.08222423 0.1234713 -0.03846746 -0.08065967 0.995999 -0.02420596 0 0 0 1</matrix>
                      <node id="node-Bip001_L_Toe01" name="Bip001_L_Toe01">
                        <matrix sid="matrix">0.6411613 0.767406 0 0.04576606 -0.7674061 0.6411613 -2.28174e-8 2.98023e-8 -1.30385e-8 -7.45058e-9 0.9999999 3.72529e-9 0 0 0 1</matrix>
                        <node id="node-Bip001_L_Toe02" name="Bip001_L_Toe02">
                          <matrix sid="matrix">0.2322099 0.9726657 1.11759e-8 0.03187376 -0.9726657 0.23221 5.58794e-9 2.98023e-8 -8.3819e-9 7.45058e-9 0.9999999 0 0 0 0 1</matrix>
                        </node>
                      </node>
                    </node>
                    <node id="node-Bip001_L_Toe1" name="Bip001_L_Toe1">
                      <matrix sid="matrix">0.7570086 -0.6476499 0.0865293 0.0928064 0.6528363 0.7552113 -0.05882601 0.1308167 -0.02724928 0.1010213 0.9945109 0.03696449 0 0 0 1</matrix>
                      <node id="node-Bip001_L_Toe11" name="Bip001_L_Toe11">
                        <matrix sid="matrix">0.7082108 0.706001 -1.86265e-9 0.04370603 -0.706001 0.7082108 2.73576e-9 2.98023e-8 2.23517e-8 -1.86265e-8 0.9999999 1.86265e-8 0 0 0 1</matrix>
                        <node id="node-Bip001_L_Toe12" name="Bip001_L_Toe12">
                          <matrix sid="matrix">0.21043 0.9776089 7.45058e-9 0.03796017 -0.9776089 0.21043 -1.11759e-8 -1.49012e-8 3.72529e-9 9.31323e-9 1 -3.72529e-9 0 0 0 1</matrix>
                        </node>
                      </node>
                    </node>
                    <node id="node-Bip001_L_Toe2" name="Bip001_L_Toe2">
                      <matrix sid="matrix">0.2574656 -0.7047858 0.661051 0.0679833 0.4526596 -0.5164372 -0.7269058 0.002804011 0.8537042 0.4863843 0.1860632 0.04295147 0 0 0 1</matrix>
                      <node id="node-Bip001_L_Toe21" name="Bip001_L_Toe21">
                        <matrix>1 0 3.72529e-9 0.01451743 -2.98023e-8 1 -3.72529e-9 0 4.09782e-8 3.72529e-9 1 0 0 0 0 1</matrix>
                        <node id="node-Bip001_L_Toe22" name="Bip001_L_Toe22">
                          <matrix>0.5236049 0.8519613 3.72529e-9 0.03369505 -0.8519613 0.5236049 -3.72529e-9 -2.98023e-8 1.11759e-8 1.88593e-8 1 1.49012e-8 0 0 0 1</matrix>
                        </node>
                      </node>
                    </node>
                  </node>
                </node>
              </node>
            </node>
            <node id="node-Bip001_R_Thigh" name="Bip001_R_Thigh">
              <matrix sid="matrix">-0.498419 0.8236942 0.2703818 -0.1158411 0.84391 0.5323841 -0.06620638 1.80185e-4 -0.1984808 0.1951793 -0.9604739 -0.06056897 0 0 0 1</matrix>
              <node id="node-Bip001_R_Calf" name="Bip001_R_Calf">
                <matrix sid="matrix">-0.7306808 0.6827189 -1.49012e-8 0.4541688 -0.6827189 -0.730681 -1.49012e-8 0 7.45058e-9 -2.98023e-8 0.9999999 0 0 0 0 1</matrix>
                <node id="node-Bip001_R_HorseLink" name="Bip001_R_HorseLink">
                  <matrix sid="matrix">0.06706108 -0.9977489 5.58794e-9 0.3208733 0.9977488 0.06706108 1.49012e-8 5.96046e-8 -1.49012e-8 -2.6077e-8 1 0 0 0 0 1</matrix>
                  <node id="node-Bip001_R_Foot" name="Bip001_R_Foot">
                    <matrix sid="matrix">0.5739505 0.8179403 0.03942813 0.36176 -0.8129207 0.5749089 -0.09295069 0 -0.09869567 0.0212972 0.9948898 0 0 0 0 1</matrix>
                    <node id="node-Bip001_R_Toe0" name="Bip001_R_Toe0">
                      <matrix sid="matrix">0.8511088 -0.4192201 0.3160191 0.08654233 0.4993359 0.8322937 -0.2407289 0.1234713 -0.1621024 0.3626863 0.9177044 0.02420592 0 0 0 1</matrix>
                      <node id="node-Bip001_R_Toe01" name="Bip001_R_Toe01">
                        <matrix sid="matrix">0.7469204 0.6649137 0 0.04576606 -0.6649135 0.7469203 -1.49012e-8 7.45058e-9 -1.49012e-8 0 1 2.98023e-8 0 0 0 1</matrix>
                        <node id="node-Bip001_R_Toe02" name="Bip001_R_Toe02">
                          <matrix sid="matrix">0.6437498 0.7652361 4.47035e-8 0.03187375 -0.7652361 0.6437497 1.49012e-8 3.72529e-9 -2.98023e-8 0 1 0 0 0 0 1</matrix>
                        </node>
                      </node>
                    </node>
                    <node id="node-Bip001_R_Toe1" name="Bip001_R_Toe1">
                      <matrix sid="matrix">0.8319163 -0.5174388 0.2004301 0.0928064 0.5313873 0.8469115 -0.01918284 0.1308166 -0.1598206 0.1224646 0.9795201 -0.03696454 0 0 0 1</matrix>
                      <node id="node-Bip001_R_Toe11" name="Bip001_R_Toe11">
                        <matrix sid="matrix">0.6455593 0.7637101 7.45058e-9 0.04370601 -0.7637102 0.6455593 -3.72529e-9 7.45058e-9 -2.98023e-8 -1.49012e-8 1 1.49012e-8 0 0 0 1</matrix>
                        <node id="node-Bip001_R_Toe12" name="Bip001_R_Toe12">
                          <matrix sid="matrix">0.411294 0.9115028 0 0.03796012 -0.9115028 0.4112939 -1.49012e-8 7.45058e-9 1.49012e-8 1.11759e-7 1 -1.49012e-8 0 0 0 1</matrix>
                        </node>
                      </node>
                    </node>
                    <node id="node-Bip001_R_Toe2" name="Bip001_R_Toe2">
                      <matrix sid="matrix">0.4094537 -0.7245054 -0.5544723 0.06798326 0.1790136 -0.5321381 0.827516 0.002804026 -0.8945959 -0.4380876 -0.08818953 -0.04295148 0 0 0 1</matrix>
                      <node id="node-Bip001_R_Toe21" name="Bip001_R_Toe21">
                        <matrix>1 0 2.98023e-8 0.01451744 0 1 2.98023e-8 -2.98023e-8 0 0 1 -2.98023e-8 0 0 0 1</matrix>
                        <node id="node-Bip001_R_Toe22" name="Bip001_R_Toe22">
                          <matrix>0.5236049 0.8519613 2.98023e-8 0.03369503 -0.8519614 0.5236049 2.98023e-8 2.98023e-8 0 2.98023e-8 1 1.49012e-8 0 0 0 1</matrix>
                        </node>
                      </node>
                    </node>
                  </node>
                </node>
              </node>
            </node>
          </node>
        </node>
      </node>
      <node id="node-Bounds" name="Bounds">
        <matrix>1 0 0 0 0 1 0 0.411981 0 0 1 0 0 0 0 1</matrix>
        <instance_geometry url="#geom-Bounds">
          <bind_material>
            <technique_common>
              <instance_material symbol="ColorMaterial" target="#ColorEffectR88G199B225-material"/>
            </technique_common>
          </bind_material>
        </instance_geometry>
      </node>
      <node id="node-EYE" name="EYE">
        <matrix sid="matrix">-0.9997149 0.02387938 -8.94855e-8 4.09043e-8 -0.02387938 -0.9997149 8.53102e-8 0.411981 -8.74228e-8 8.74228e-8 1 1.6 0 0 0 1</matrix>
      </node>
      <node id="node-CAM" name="CAM">
        <matrix>-0.9999996 1.50996e-7 0 0 -1.50996e-7 -0.9999996 1.77636e-15 -0.009719968 0 1.77636e-15 1 1.928079 0 0 0 1</matrix>
      </node>
    </visual_scene>
  </library_visual_scenes>
  <library_animations>
    <animation>
      <source id="node-Bip001_matrix-input">
        <float_array id="node-Bip001_matrix-input-array" count="16">30.33333 30.36667 30.4 30.43333 30.46667 30.5 30.53333 30.56667 30.6 30.63333 30.66667 30.7 30.73333 30.76667 30.8 30.83333</float_array>
        <technique_common>
          <accessor source="#node-Bip001_matrix-input-array" count="16" stride="1">
            <param name="TIME" type="float"/>
          </accessor>
        </technique_common>
      </source>
      <source id="node-Bip001_matrix-output">
        <float_array id="node-Bip001_matrix-output-array" count="256">0.4908452 -0.8335521 0.2534995 0 0.8299838 0.5358499 0.1548928 0 -0.2649489 0.134372 0.954854 0.946796 0 0 0 1 0.4908452 -0.8335521 0.2534994 0 0.8299838 0.5358499 0.1548928 0 -0.2649489 0.1343719 0.9548541 0.9339463 0 0 0 1 0.4908452 -0.8335521 0.2534993 0 0.8299838 0.5358498 0.1548928 0 -0.2649487 0.1343719 0.9548541 0.8988915 0 0 0 1 0.4908452 -0.8335522 0.2534991 0 0.8299839 0.5358498 0.1548927 0 -0.2649486 0.1343718 0.9548541 0.846428 0 0 0 1 0.4908451 -0.8335523 0.253499 0 0.829984 0.5358497 0.1548927 0 -0.2649486 0.1343718 0.9548542 0.7809526 0 0 0 1 0.4908449 -0.8335524 0.2534989 0 0.8299841 0.5358495 0.1548927 0 -0.2649484 0.1343718 0.9548542 0.7066742 0 0 0 1 0.4908449 -0.8335524 0.2534989 0 0.8299841 0.5358495 0.1548926 0 -0.2649484 0.1343718 0.9548542 0.6273578 0 0 0 1 0.4908448 -0.8335525 0.2534989 0 0.8299842 0.5358493 0.1548926 0 -0.2649484 0.1343718 0.9548542 0.5608123 0 0 0 1 0.4908447 -0.8335526 0.2534989 0 0.8299843 0.5358492 0.1548926 0 -0.2649483 0.1343718 0.9548543 0.5325592 0 0 0 1 0.4908444 -0.8335527 0.2534987 0 0.8299846 0.5358489 0.1548925 0 -0.2649481 0.1343719 0.9548543 0.5504435 0 0 0 1 0.490844 -0.833553 0.2534986 0 0.8299849 0.5358485 0.1548924 0 -0.2649479 0.1343719 0.9548543 0.5961863 0 0 0 1 0.4908437 -0.8335533 0.2534983 0 0.8299852 0.5358481 0.1548923 0 -0.2649476 0.1343719 0.9548544 0.658405 0 0 0 1 0.4908435 -0.8335535 0.2534981 0 0.8299853 0.5358478 0.1548922 0 -0.2649474 0.1343718 0.9548545 0.7261241 0 0 0 1 0.4908435 -0.8335536 0.2534978 0 0.8299854 0.5358477 0.1548921 0 -0.2649471 0.1343717 0.9548546 0.788502 0 0 0 1 0.4908433 -0.8335537 0.2534977 0 0.8299856 0.5358474 0.154892 0 -0.2649469 0.1343716 0.9548546 0.834565 0 0 0 1 0.4908432 -0.8335538 0.2534977 0 0.8299856 0.5358474 0.154892 0 -0.2649469 0.1343716 0.9548547 0.8529337 0 0 0 1</float_array>
        <technique_common>
          <accessor source="#node-Bip001_matrix-output-array" count="16" stride="16">
            <param name="TRANSFORM" type="float4x4"/>
          </accessor>
        </technique_common>
      </source>
      <source id="node-Bip001_matrix-interpolation">
        <Name_array id="node-Bip001_matrix-interpolation-array" count="16">LINEAR LINEAR LINEAR LINEAR LINEAR LINEAR LINEAR LINEAR LINEAR LINEAR LINEAR LINEAR LINEAR LINEAR LINEAR LINEAR</Name_array>
        <technique_common>
          <accessor source="#node-Bip001_matrix-interpolation-array" count="16" stride="1">
            <param name="INTERPOLATION" type="name"/>
          </accessor>
        </technique_common>
      </source>
      <source id="node-Bip001_Pelvis_matrix-input">
        <float_array id="node-Bip001_Pelvis_matrix-input-array" count="16">30.33333 30.36667 30.4 30.43333 30.46667 30.5 30.53333 30.56667 30.6 30.63333 30.66667 30.7 30.73333 30.76667 30.8 30.83333</float_array>
        <technique_common>
          <accessor source="#node-Bip001_Pelvis_matrix-input-array" count="16" stride="1">
            <param name="TIME" type="float"/>
          </accessor>
        </technique_common>
      </source>
      <source id="node-Bip001_Pelvis_matrix-output">
        <float_array id="node-Bip001_Pelvis_matrix-output-array" count="256">-0.06006097 0.9981921 -0.002268075 0 -0.1512668 -0.006855607 0.9884692 0 0.9866666 0.05971151 0.1514051 0 0 0 0 1 -0.06006097 0.9981921 -0.002268135 0 -0.1512668 -0.006855607 0.9884692 0 0.9866666 0.05971157 0.1514051 0 0 0 0 1 -0.06006091 0.9981921 -0.002268135 0 -0.1512668 -0.006855547 0.9884692 0 0.9866667 0.05971151 0.1514051 0 0 0 0 1 -0.06006097 0.9981921 -0.002268135 0 -0.1512668 -0.006855607 0.9884692 0 0.9866666 0.05971151 0.1514052 0 0 0 0 1 -0.06006097 0.9981921 -0.002268075 0 -0.1512669 -0.006855547 0.9884692 0 0.9866666 0.05971151 0.1514052 0 0 0 0 1 -0.06006097 0.9981923 -0.002268135 0 -0.1512668 -0.006855607 0.9884693 0 0.9866668 0.05971151 0.1514051 0 0 0 0 1 -0.06006097 0.9981921 -0.002268135 0 -0.1512668 -0.006855547 0.9884693 0 0.9866667 0.05971145 0.1514051 0 0 0 0 1 -0.06006097 0.9981921 -0.002268135 0 -0.1512668 -0.006855547 0.9884693 0 0.9866667 0.05971151 0.1514051 0 0 0 0 1 -0.06006097 0.9981921 -0.002268195 0 -0.1512668 -0.006855547 0.9884692 0 0.9866667 0.05971151 0.1514051 0 0 0 0 1 -0.05674016 0.9983869 -0.002083361 0 -0.1492238 -0.006417274 0.9887827 0 0.9871742 0.05641466 0.1493472 0 0 0 0 1 -0.04817175 0.9988376 -0.001638948 0 -0.1439452 -0.005318343 0.9895713 0 0.9884124 0.04790532 0.1440341 0 0 0 0 1 -0.03644639 0.9993351 -0.001106023 0 -0.1367059 -0.003889381 0.9906041 0 0.989941 0.03625518 0.1367568 0 0 0 0 1 -0.02366089 0.9997199 -6.23412e-4 0 -0.1287912 -0.002429664 0.9916688 0 0.9913896 0.02354407 0.1288127 0 0 0 0 1 -0.01192009 0.9999288 -2.70858e-4 0 -0.1215041 -0.001179516 0.9925903 0 0.9925194 0.0118646 0.1215095 0 0 0 0 1 -0.003330886 0.9999945 -6.76662e-5 0 -0.1161614 -3.19682e-4 0.9932304 0 0.9932248 0.003316223 0.1161618 0 0 0 0 1 0 1 -1.38581e-6 0 -0.1140869 1.40071e-6 0.9934707 0 0.9934707 1.49012e-7 0.1140869 0 0 0 0 1</float_array>
        <technique_common>
          <accessor source="#node-Bip001_Pelvis_matrix-output-array" count="16" stride="16">
            <param name="TRANSFORM" type="float4x4"/>
          </accessor>
        </technique_common>
      </source>
      <source id="node-Bip001_Pelvis_matrix-interpolation">
        <Name_array id="node-Bip001_Pelvis_matrix-interpolation-array" count="16">LINEAR LINEAR LINEAR LINEAR LINEAR LINEAR LINEAR LINEAR LINEAR LINEAR LINEAR LINEAR LINEAR LINEAR LINEAR LINEAR</Name_array>
        <technique_common>
          <accessor source="#node-Bip001_Pelvis_matrix-interpolation-array" count="16" stride="1">
            <param name="INTERPOLATION" type="name"/>
          </accessor>
        </technique_common>
      </source>
      <source id="node-Bip001_Spine_matrix-input">
        <float_array id="node-Bip001_Spine_matrix-input-array" count="16">30.33333 30.36667 30.4 30.43333 30.46667 30.5 30.53333 30.56667 30.6 30.63333 30.66667 30.7 30.73333 30.76667 30.8 30.83333</float_array>
        <technique_common>
          <accessor source="#node-Bip001_Spine_matrix-input-array" count="16" stride="1">
            <param name="TIME" type="float"/>
          </accessor>
        </technique_common>
      </source>
      <source id="node-Bip001_Spine_matrix-output">
        <float_array id="node-Bip001_Spine_matrix-output-array" count="256">0.9613936 -0.1361308 -0.2391461 0.09690874 0.1112899 0.987166 -0.1145338 0.005776703 0.2516685 0.0834974 0.964205 0.01486146 0 0 0 1 0.9613936 -0.1361308 -0.2391461 0.09690862 0.1112899 0.9871659 -0.1145338 0.005776703 0.2516685 0.0834974 0.964205 0.01486146 0 0 0 1 0.9613935 -0.1361308 -0.2391461 0.09690862 0.1112899 0.9871661 -0.1145337 0.005776703 0.2516684 0.08349734 0.964205 0.01486146 0 0 0 1 0.9613935 -0.1361308 -0.2391461 0.09690862 0.1112899 0.9871659 -0.1145337 0.005776703 0.2516685 0.08349728 0.964205 0.01486146 0 0 0 1 0.9613936 -0.1361308 -0.2391461 0.09690868 0.1112899 0.9871659 -0.1145337 0.005776703 0.2516685 0.08349728 0.964205 0.01486146 0 0 0 1 0.9613935 -0.1361308 -0.2391461 0.09690868 0.1112899 0.9871659 -0.1145337 0.005776703 0.2516684 0.08349728 0.964205 0.01486146 0 0 0 1 0.9613937 -0.1361308 -0.2391461 0.09690868 0.1112899 0.987166 -0.1145337 0.005776703 0.2516685 0.08349734 0.9642051 0.01486146 0 0 0 1 0.9613936 -0.1361308 -0.2391461 0.09690868 0.1112899 0.9871661 -0.1145336 0.005776703 0.2516685 0.08349728 0.964205 0.01486146 0 0 0 1 0.9613935 -0.1361308 -0.2391461 0.09690868 0.1112899 0.987166 -0.1145336 0.005776762 0.2516685 0.08349734 0.964205 0.01486146 0 0 0 1 0.9622825 -0.1326671 -0.2375117 0.09695822 0.1080703 0.9876084 -0.1138003 0.00545293 0.2496661 0.08384013 0.9646956 0.01465934 0 0 0 1 0.9645062 -0.1237244 -0.2332809 0.09707909 0.09975427 0.9886959 -0.1119346 0.004617154 0.2444928 0.0846908 0.9659455 0.0141375 0 0 0 1 0.967386 -0.1114752 -0.2274594 0.09722822 0.0883547 0.9900584 -0.1094428 0.003472864 0.2373983 0.08577632 0.967618 0.01342272 0 0 0 1 0.9703112 -0.09810268 -0.2210696 0.09736919 0.07589858 0.9913787 -0.1068064 0.002224445 0.2296418 0.08685648 0.9693917 0.0126425 0 0 0 1 0.972801 -0.08580839 -0.2151638 0.0974791 0.06443637 0.9924396 -0.1044593 0.001077353 0.2225006 0.08775365 0.9709753 0.01192516 0 0 0 1 0.9745028 -0.07680559 -0.21082 0.09754753 0.05603665 0.9931237 -0.1027871 2.37823e-4 0.217265 0.08835262 0.9721058 0.01139998 0 0 0 1 0.9751359 -0.07331234 -0.2091302 0.09757131 0.05277591 0.9933682 -0.1021487 -8.78274e-5 0.2152321 0.08857178 0.9725381 0.01119613 0 0 0 1</float_array>
        <technique_common>
          <accessor source="#node-Bip001_Spine_matrix-output-array" count="16" stride="16">
            <param name="TRANSFORM" type="float4x4"/>
          </accessor>
        </technique_common>
      </source>
      <source id="node-Bip001_Spine_matrix-interpolation">
        <Name_array id="node-Bip001_Spine_matrix-interpolation-array" count="16">LINEAR LINEAR LINEAR LINEAR LINEAR LINEAR LINEAR LINEAR LINEAR LINEAR LINEAR LINEAR LINEAR LINEAR LINEAR LINEAR</Name_array>
        <technique_common>
          <accessor source="#node-Bip001_Spine_matrix-interpolation-array" count="16" stride="1">
            <param name="INTERPOLATION" type="name"/>
          </accessor>
        </technique_common>
      </source>
      <source id="node-Bip001_Spine1_matrix-input">
        <float_array id="node-Bip001_Spine1_matrix-input-array" count="16">30.33333 30.36667 30.4 30.43333 30.46667 30.5 30.53333 30.56667 30.6 30.63333 30.66667 30.7 30.73333 30.76667 30.8 30.83333</float_array>
        <technique_common>
          <accessor source="#node-Bip001_Spine1_matrix-input-array" count="16" stride="1">
            <param name="TIME" type="float"/>
          </accessor>
        </technique_common>
      </source>
      <source id="node-Bip001_Spine1_matrix-output">
        <float_array id="node-Bip001_Spine1_matrix-output-array" count="256">0.9117465 -0.3962545 -0.1081695 0.1110505 0.3955288 0.9179953 -0.02900779 -8.11517e-5 0.1107937 -0.01633638 0.9937092 1.44541e-6 0 0 0 1 0.9236809 -0.370754 -0.09672242 0.1110485 0.3695122 0.9287047 -0.03111529 -8.21352e-5 0.1013627 -0.006999492 0.9948249 6.25849e-7 0 0 0 1 0.9466078 -0.3141303 -0.07249534 0.1110435 0.312109 0.949286 -0.03799748 -8.39531e-5 0.08075499 0.01334226 0.9966446 -1.18092e-6 0 0 0 1 0.9653376 -0.2562686 -0.04949492 0.1110383 0.2539929 0.9660186 -0.04791033 -8.54433e-5 0.06009095 0.03367829 0.9976245 -2.97278e-6 0 0 0 1 0.972541 -0.2293665 -0.0394271 0.1110358 0.2271645 0.9723892 -0.05343413 -8.59499e-5 0.0505945 0.04301041 0.9977926 -3.80725e-6 0 0 0 1 0.9665186 -0.2520737 -0.04796373 0.111038 0.249791 0.9670655 -0.04887586 -8.55029e-5 0.05870437 0.03525859 0.9976525 -3.11062e-6 0 0 0 1 0.9512343 -0.3010347 -0.0673151 0.1110422 0.2988687 0.9534363 -0.04045534 -8.43257e-5 0.07635915 0.01836419 0.9969112 -1.6205e-6 0 0 0 1 0.9329634 -0.3491609 -0.08755499 0.1110464 0.3474869 0.9370615 -0.03418034 -8.28505e-5 0.09397888 0.001464784 0.9955731 -1.35973e-7 0 0 0 1 0.9235708 -0.3709309 -0.09709477 0.1110484 0.369598 0.9286392 -0.03204077 -8.21054e-5 0.1020509 -0.006294071 0.9947592 5.55068e-7 0 0 0 1 0.9235709 -0.3709309 -0.09709483 0.1110483 0.369598 0.9286392 -0.03204077 -8.21054e-5 0.102051 -0.006294131 0.9947593 5.53206e-7 0 0 0 1 0.9235706 -0.3709309 -0.09709477 0.1110484 0.369598 0.9286391 -0.03204077 -8.21054e-5 0.1020509 -0.006294131 0.9947592 5.51343e-7 0 0 0 1 0.9235708 -0.3709309 -0.09709477 0.1110483 0.369598 0.9286392 -0.03204077 -8.20905e-5 0.1020509 -0.006294131 0.9947593 5.43892e-7 0 0 0 1 0.9235708 -0.3709309 -0.09709477 0.1110484 0.3695979 0.9286392 -0.03204071 -8.21352e-5 0.1020509 -0.006294071 0.9947593 5.47618e-7 0 0 0 1 0.9235708 -0.3709309 -0.09709477 0.1110483 0.369598 0.9286392 -0.03204071 -8.21054e-5 0.1020509 -0.006294131 0.9947593 5.55068e-7 0 0 0 1 0.9235707 -0.3709308 -0.09709477 0.1110482 0.369598 0.9286392 -0.03204071 -8.21352e-5 0.1020509 -0.006294071 0.9947592 5.36442e-7 0 0 0 1 0.9235706 -0.3709309 -0.09709477 0.1110484 0.369598 0.9286392 -0.03204071 -8.21352e-5 0.1020509 -0.006294071 0.9947592 5.62519e-7 0 0 0 1</float_array>
        <technique_common>
          <accessor source="#node-Bip001_Spine1_matrix-output-array" count="16" stride="16">
            <param name="TRANSFORM" type="float4x4"/>
          </accessor>
        </technique_common>
      </source>
      <source id="node-Bip001_Spine1_matrix-interpolation">
        <Name_array id="node-Bip001_Spine1_matrix-interpolation-array" count="16">LINEAR LINEAR LINEAR LINEAR LINEAR LINEAR LINEAR LINEAR LINEAR LINEAR LINEAR LINEAR LINEAR LINEAR LINEAR LINEAR</Name_array>
        <technique_common>
          <accessor source="#node-Bip001_Spine1_matrix-interpolation-array" count="16" stride="1">
            <param name="INTERPOLATION" type="name"/>
          </accessor>
        </technique_common>
      </source>
      <source id="node-Bip001_Spine2_matrix-input">
