<?xml version="1.0" encoding="utf-8"?>
<COLLADA xmlns="http://www.collada.org/2005/11/COLLADASchema" version="1.4.1">
  <asset>
    <contributor>
      <author>MattO</author>
      <authoring_tool>OpenCOLLADA for 3ds Max;  Version: 1.3.0;  Revision: 839M;  Platform: x64;  Configuration: Release_Max2012</authoring_tool>
      <source_data>file:///Z:/Art_Resources/WIP/Art_Pack/Alien_Pack/Kralmok/Mantis_TP_Kralmok_Animation_Master.max</source_data>
    </contributor>
    <created>2011-10-24T17:11:41</created>
    <modified>2011-10-24T17:11:41</modified>
    <unit name="meter" meter="1"/>
    <up_axis>Z_UP</up_axis>
  </asset>
  <library_effects>
    <effect id="ColorEffectR88G199B225">
      <profile_COMMON>
        <technique sid="common">
          <phong>
            <ambient>
              <color>0.345098 0.7803922 0.8823529 1</color>
            </ambient>
            <diffuse>
              <color>0.345098 0.7803922 0.8823529 1</color>
            </diffuse>
            <specular>
              <color>1 1 1 1</color>
            </specular>
            <shininess>
              <float>10</float>
            </shininess>
            <reflective>
              <color>0 0 0 1</color>
            </reflective>
            <transparent>
              <color>1 1 1 1</color>
            </transparent>
            <transparency>
              <float>1</float>
            </transparency>
          </phong>
        </technique>
      </profile_COMMON>
    </effect>
  </library_effects>
  <library_materials>
    <material id="ColorEffectR88G199B225-material" name="ColorEffectR88G199B225-material">
      <instance_effect url="#ColorEffectR88G199B225"/>
    </material>
  </library_materials>
  <library_geometries>
    <geometry id="geom-Bounds" name="Bounds">
      <mesh>
        <source id="geom-Bounds-positions">
          <float_array id="geom-Bounds-positions-array" count="24">-0.5 -0.5 0 0.5 -0.5 0 -0.5 0.5 0 0.5 0.5 0 -0.5 -0.5 2 0.5 -0.5 2 -0.5 0.5 2 0.5 0.5 2</float_array>
          <technique_common>
            <accessor source="#geom-Bounds-positions-array" count="8" stride="3">
              <param name="X" type="float"/>
              <param name="Y" type="float"/>
              <param name="Z" type="float"/>
            </accessor>
          </technique_common>
        </source>
        <source id="geom-Bounds-normals">
          <float_array id="geom-Bounds-normals-array" count="72">0 0 -1 0 0 -1 0 0 -1 0 0 -1 0 0 1 0 0 1 0 0 1 0 0 1 0 -1 0 0 -1 0 0 -1 0 0 -1 0 1 0 0 1 0 0 1 0 0 1 0 0 0 1 0 0 1 0 0 1 0 0 1 0 -1 0 0 -1 0 0 -1 0 0 -1 0 0</float_array>
          <technique_common>
            <accessor source="#geom-Bounds-normals-array" count="24" stride="3">
              <param name="X" type="float"/>
              <param name="Y" type="float"/>
              <param name="Z" type="float"/>
            </accessor>
          </technique_common>
        </source>
        <source id="geom-Bounds-map1">
          <float_array id="geom-Bounds-map1-array" count="36">0 0 0 1 0 0 0 1 0 1 1 0 0 0 0 1 0 0 0 1 0 1 1 0 0 0 0 1 0 0 0 1 0 1 1 0</float_array>
          <technique_common>
            <accessor source="#geom-Bounds-map1-array" count="12" stride="3">
              <param name="S" type="float"/>
              <param name="T" type="float"/>
              <param name="P" type="float"/>
            </accessor>
          </technique_common>
        </source>
        <vertices id="geom-Bounds-vertices">
          <input semantic="POSITION" source="#geom-Bounds-positions"/>
        </vertices>
        <triangles material="ColorMaterial" count="12">
          <input semantic="VERTEX" source="#geom-Bounds-vertices" offset="0"/>
          <input semantic="NORMAL" source="#geom-Bounds-normals" offset="1"/>
          <input semantic="TEXCOORD" source="#geom-Bounds-map1" offset="2" set="0"/>
          <p>0 0 9 2 1 11 3 2 10 3 2 10 1 3 8 0 0 9 4 4 8 5 5 9 7 6 11 7 6 11 6 7 10 4 4 8 0 8 4 1 9 5 5 10 7 5 10 7 4 11 6 0 8 4 1 12 0 3 13 1 7 14 3 7 14 3 5 15 2 1 12 0 3 16 4 2 17 5 6 18 7 6 18 7 7 19 6 3 16 4 2 20 0 0 21 1 4 22 3 4 22 3 6 23 2 2 20 0</p>
        </triangles>
      </mesh>
      <extra>
        <technique profile="OpenCOLLADA3dsMax">
          <max_box>
            <generateuvs>1</generateuvs>
            <height>2</height>
            <heightsegments>1</heightsegments>
            <length>1</length>
            <lengthsegments>1</lengthsegments>
            <width>1</width>
            <widthsegments>1</widthsegments>
          </max_box>
        </technique>
      </extra>
    </geometry>
  </library_geometries>
  <library_lights>
    <light id="EnvironmentAmbientLight" name="EnvironmentAmbientLight">
      <technique_common>
        <ambient>
          <color>0 0 0</color>
        </ambient>
      </technique_common>
    </light>
  </library_lights>
  <library_visual_scenes>
    <visual_scene id="MaxScene">
      <node name="EnvironmentAmbientLight">
        <instance_light url="#EnvironmentAmbientLight"/>
      </node>
      <node id="node-Bip001" name="Bip001">
        <matrix sid="matrix">0.1726207 -0.9794674 0.1041433 -0.014 0.9443109 0.1946352 0.265319 -8.2537e-8 -0.2801413 0.05254412 0.9585197 0.9088534 0 0 0 1</matrix>
        <node id="node-Bip001_Pelvis" name="Bip001_Pelvis">
          <matrix sid="matrix">-2.98023e-8 1 -1.40443e-6 0 -0.1140869 1.37649e-6 0.9934707 0 0.9934708 1.78814e-7 0.114087 0 0 0 0 1</matrix>
          <node id="node-Bip001_Spine" name="Bip001_Spine">
            <matrix sid="matrix">0.996829 -0.06539047 0.0453417 0.09757066 0.06663364 0.9974263 -0.02646987 -8.81851e-5 -0.04349415 0.02940723 0.9986207 0.01120143 0 0 0 1</matrix>
            <node id="node-Bip001_Spine1" name="Bip001_Spine1">
              <matrix sid="matrix">0.9202452 -0.3709279 -0.1247442 0.1110484 0.3684717 0.9286401 -0.04308298 -8.21352e-5 0.1318232 -0.006317809 0.9912531 5.51343e-7 0 0 0 1</matrix>
              <node id="node-Bip001_Spine2" name="Bip001_Spine2">
                <matrix sid="matrix">0.9873906 -0.1427275 -0.06847606 0.1110283 0.1465192 0.9877355 0.05395438 -8.73208e-5 0.05993547 -0.06330708 0.9961927 5.60284e-6 0 0 0 1</matrix>
                <node id="node-Bip001_Spine3" name="Bip001_Spine3">
                  <matrix sid="matrix">0.9602789 -0.2413088 -0.1401232 0.1110559 0.2513068 0.9661429 0.05841916 -1.62065e-4 0.121282 -0.09131265 0.9884092 1.53128e-5 0 0 0 1</matrix>
                  <node id="node-Bip001_Neck" name="Bip001_Neck">
                    <matrix sid="matrix">0.996275 -0.06420577 -0.05756485 0.2584253 0.05691218 0.9910874 -0.1204439 0.01280224 0.06478499 0.1167191 0.9910498 -4.54485e-6 0 0 0 1</matrix>
                    <node id="node-Bip001_Neck1" name="Bip001_Neck1">
                      <matrix sid="matrix">0.9876223 0.154551 -0.02676342 0.04894257 -0.1564701 0.9826622 -0.09945934 -3.82662e-5 0.01092787 0.1024159 0.9946817 -3.98606e-6 0 0 0 1</matrix>
                      <node id="node-Bip001_Neck2" name="Bip001_Neck2">
                        <matrix sid="matrix">0.9510024 0.3023925 -0.06444632 0.04893684 -0.2904412 0.9452001 0.149133 -3.68357e-5 0.1060114 -0.1231079 0.9867149 4.80562e-6 0 0 0 1</matrix>
                        <node id="node-Bip001_Head" name="Bip001_Head">
                          <matrix sid="matrix">0.9831143 0.01872531 0.1820316 0.04894865 -0.0280726 0.9984088 0.04890931 0 -0.180826 -0.05319357 0.9820753 0 0 0 0 1</matrix>
                          <node id="node-Bip001_Ponytail1" name="Bip001_Ponytail1">
                            <matrix>-0.05999067 -0.998199 -2.7623e-6 0.009580612 0.9981989 -0.05999064 -2.94298e-6 0.1139534 2.76463e-6 -2.94205e-6 1 9.49949e-8 0 0 0 1</matrix>
                          </node>
                          <node id="node-ALTEYE" name="ALTEYE">
                            <matrix>-0.009488137 0.5772443 0.8165166 0.1153699 0.002645045 0.8165649 -0.5772476 0.2046643 -0.9999516 -0.003317255 -0.009274507 -0.001006844 0 0 0 1</matrix>
                          </node>
                        </node>
                      </node>
                    </node>
                    <node id="node-Bip001_L_Clavicle" name="Bip001_L_Clavicle">
                      <matrix sid="matrix">0.3342247 -0.008938923 0.9424511 -0.04513067 0.6360527 -0.735772 -0.2325443 0.007413626 0.6955077 0.6771705 -0.2402275 0.02444145 0 0 0 1</matrix>
                      <node id="node-Bip001_L_UpperArm" name="Bip001_L_UpperArm">
                        <matrix sid="matrix">0.9197499 0.1139735 0.3755931 0.07966617 -0.3905774 0.1710429 0.9045408 1.19209e-7 0.03885126 -0.9786493 0.2018322 1.19209e-7 0 0 0 1</matrix>
                        <node id="node-Bip001_L_Forearm" name="Bip001_L_Forearm">
                          <matrix sid="matrix">0.08648661 0.9962533 2.98023e-8 0.4297336 -0.996253 0.08648658 0 0 -2.98023e-8 0 1 0 0 0 0 1</matrix>
                          <node id="node-Bip001_L_Hand" name="Bip001_L_Hand">
                            <matrix sid="matrix">0.9743444 -0.1609711 -0.1572948 0.3774394 0.2067629 0.3641641 0.9080936 8.9407e-8 -0.08889566 -0.9173185 0.3881041 5.96046e-8 0 0 0 1</matrix>
                            <node id="node-Bip001_L_Finger0" name="Bip001_L_Finger0">
                              <matrix sid="matrix">0.4919401 0.8244181 0.2798744 0.03908241 0.6521551 -0.1359659 -0.7457928 0.01738554 -0.5767918 0.5494069 -0.6045355 -0.04049909 0 0 0 1</matrix>
                              <node id="node-Bip001_L_Finger01" name="Bip001_L_Finger01">
                                <matrix sid="matrix">0.9511044 0.3088696 0 0.1027657 -0.3088696 0.9511044 0 -1.19209e-7 -7.45058e-9 9.31323e-10 1 1.19209e-7 0 0 0 1</matrix>
                                <node id="node-Bip001_L_Finger02" name="Bip001_L_Finger02">
                                  <matrix sid="matrix">0.8065711 -0.5911369 0 0.05252492 0.591137 0.8065712 9.31323e-10 0 -2.23517e-8 1.49012e-8 1 -1.19209e-7 0 0 0 1</matrix>
                                </node>
                              </node>
                            </node>
                            <node id="node-Bip001_L_Finger1" name="Bip001_L_Finger1">
                              <matrix>0.6375436 -0.7703909 0.005983986 0.1458857 0.7704014 0.6375586 7.96407e-4 -1.51992e-5 -0.00442864 0.004102349 0.9999816 -0.01919666 0 0 0 1</matrix>
                              <node id="node-Bip001_L_Finger11" name="Bip001_L_Finger11">
                                <matrix sid="matrix">0.5190607 -0.8547372 -1.49012e-8 0.08578122 0.8547372 0.5190608 2.98023e-8 1.19209e-7 0 2.04891e-8 0.9999999 -8.9407e-8 0 0 0 1</matrix>
                                <node id="node-Bip001_L_Finger12" name="Bip001_L_Finger12">
                                  <matrix>0.9649357 -0.2624862 0 0.05549788 0.2624861 0.9649357 1.86265e-9 -1.19209e-7 5.96046e-8 0 0.9999999 5.96046e-8 0 0 0 1</matrix>
                                </node>
                              </node>
                            </node>
                            <node id="node-Bip001_L_Finger2" name="Bip001_L_Finger2">
                              <matrix>0.5018925 -0.8550149 -0.1305896 0.1437581 0.8647376 0.492844 0.09661087 0.003213406 -0.01824334 -0.161414 0.9867182 0.02870387 0 0 0 1</matrix>
                              <node id="node-Bip001_L_Finger21" name="Bip001_L_Finger21">
                                <matrix sid="matrix">0.847759 -0.5303816 0 0.07148445 0.5303816 0.8477589 0 -1.19209e-7 -2.98023e-8 5.21541e-8 0.9999999 5.96046e-8 0 0 0 1</matrix>
                                <node id="node-Bip001_L_Finger22" name="Bip001_L_Finger22">
                                  <matrix>0.8033118 -0.5955588 0 0.05113882 0.5955587 0.8033118 2.23517e-8 0 5.96046e-8 -2.98023e-8 1 -2.98023e-8 0 0 0 1</matrix>
                                </node>
                              </node>
                            </node>
                          </node>
                        </node>
                        <node id="node-Bip001_L_ForeTwist" name="Bip001_L_ForeTwist">
                          <matrix sid="matrix">0.08648661 0.9872383 -0.13372 0.4297336 -0.996253 0.08570395 -0.01160848 0 -2.98023e-8 0.1342229 0.9909513 0 0 0 0 1</matrix>
                          <node id="node-Bip001_L_ForeTwist1" name="Bip001_L_ForeTwist1">
                            <matrix sid="matrix">1 -1.49012e-8 2.98023e-8 0.1887197 0 0.9909513 -0.1342228 0 0 0.1342228 0.9909511 -1.19209e-7 0 0 0 1</matrix>
                          </node>
                        </node>
                      </node>
                      <node id="node-Bip001_LUpArmTwist" name="Bip001_LUpArmTwist">
                        <matrix sid="matrix">0.9197499 0.1139735 0.3755931 0.07966617 -0.3905774 0.1710429 0.9045408 1.19209e-7 0.03885126 -0.9786493 0.2018322 1.19209e-7 0 0 0 1</matrix>
                        <node id="node-Bip001_LUpArmTwist1" name="Bip001_LUpArmTwist1">
                          <matrix>1 5.96046e-8 2.98023e-8 0.2148668 -5.96046e-8 1 0 1.19209e-7 -2.98023e-8 -2.98023e-8 1 0 0 0 0 1</matrix>
                        </node>
                      </node>
                    </node>
                    <node id="node-Bip001_R_Clavicle" name="Bip001_R_Clavicle">
                      <matrix sid="matrix">-0.3623546 -0.0867469 -0.9279947 -0.04800195 0.651663 -0.7354233 -0.1857095 0.002240896 -0.6663591 -0.6720325 0.3230138 -0.01948114 0 0 0 1</matrix>
                      <node id="node-Bip001_R_UpperArm" name="Bip001_R_UpperArm">
                        <matrix sid="matrix">0.9432456 0.03443318 -0.3303058 0.07966626 -0.327115 0.2679439 -0.906202 0 0.0572999 0.9628192 0.2640005 5.96046e-8 0 0 0 1</matrix>
                        <node id="node-Bip001_R_Forearm" name="Bip001_R_Forearm">
                          <matrix sid="matrix">-0.6930256 0.720913 -2.98023e-8 0.4297335 -0.7209128 -0.6930255 9.31323e-10 -2.98023e-8 0 0 0.9999999 0 0 0 0 1</matrix>
                          <node id="node-Bip001_R_Hand" name="Bip001_R_Hand">
                            <matrix sid="matrix">0.7159324 0.2378045 0.6564217 0.3774394 0.695128 -0.3304579 -0.6384314 2.98023e-8 0.06509796 0.9133709 -0.4018902 -5.96046e-8 0 0 0 1</matrix>
                            <node id="node-Bip001_R_Finger0" name="Bip001_R_Finger0">
                              <matrix>0.6486482 0.5772245 -0.4960516 0.03908247 0.667616 -0.1185831 0.7350016 0.01738539 0.3654376 -0.8079293 -0.462283 0.04049909 0 0 0 1</matrix>
                              <node id="node-Bip001_R_Finger01" name="Bip001_R_Finger01">
                                <matrix>0.6155393 -0.7881061 0 0.1027657 0.7881061 0.6155394 0 -5.96046e-8 4.47035e-8 -2.98023e-8 1 0 0 0 0 1</matrix>
                                <node id="node-Bip001_R_Finger02" name="Bip001_R_Finger02">
                                  <matrix>0.1523351 -0.9883289 0 0.05252486 0.9883289 0.1523351 2.98023e-8 -5.96046e-8 0 0 1 -1.19209e-7 0 0 0 1</matrix>
                                </node>
                              </node>
                            </node>
                            <node id="node-Bip001_R_Finger1" name="Bip001_R_Finger1">
                              <matrix>0.7109715 -0.6323431 -0.3076712 0.1458858 0.6327783 0.7661361 -0.1123713 -1.52737e-5 0.3067753 -0.1147949 0.9448339 0.01919651 0 0 0 1</matrix>
                              <node id="node-Bip001_R_Finger11" name="Bip001_R_Finger11">
                                <matrix>-0.6406226 -0.7678562 0 0.08578128 0.7678562 -0.6406226 -7.45058e-9 -5.96046e-8 0 2.98023e-8 1 5.96046e-8 0 0 0 1</matrix>
                                <node id="node-Bip001_R_Finger12" name="Bip001_R_Finger12">
                                  <matrix>0.8432423 -0.5375336 0 0.05549788 0.5375336 0.8432423 0 2.98023e-8 0 1.86265e-9 1 -2.38419e-7 0 0 0 1</matrix>
                                </node>
                              </node>
                            </node>
                            <node id="node-Bip001_R_Finger2" name="Bip001_R_Finger2">
                              <matrix>0.2634971 -0.9557803 0.1305896 0.1437581 0.9628297 0.2522404 -0.09661078 0.003213361 0.0593987 0.1511922 0.9867182 -0.02870393 0 0 0 1</matrix>
                              <node id="node-Bip001_R_Finger21" name="Bip001_R_Finger21">
                                <matrix>-0.03544477 -0.9993716 3.72529e-9 0.07148436 0.9993716 -0.03544473 0 5.96046e-8 1.49012e-8 3.72529e-9 1 0 0 0 0 1</matrix>
                                <node id="node-Bip001_R_Finger22" name="Bip001_R_Finger22">
                                  <matrix>0.7483487 -0.6633058 0 0.05113894 0.6633058 0.7483485 0 -7.45058e-9 7.45058e-9 0 1 1.19209e-7 0 0 0 1</matrix>
                                </node>
                              </node>
                            </node>
                            <node id="node-mount0" name="mount0">
                              <matrix>-4.25134e-8 1 5.07571e-7 0.1088289 -1 -3.09337e-7 -1.3411e-7 0.03070411 1.22935e-7 -4.28408e-7 0.9999999 0.01333511 0 0 0 1</matrix>
                            </node>
                          </node>
                        </node>
                        <node id="node-Bip001_R_ForeTwist" name="Bip001_R_ForeTwist">
                          <matrix sid="matrix">-0.6930256 0.708308 -0.1342215 0.4297335 -0.7209128 -0.6809081 0.1290293 -2.98023e-8 0 0.1861825 0.982515 0 0 0 0 1</matrix>
                          <node id="node-Bip001_R_ForeTwist1" name="Bip001_R_ForeTwist1">
                            <matrix sid="matrix">1 -2.98023e-8 -7.45058e-9 0.1887197 5.96046e-8 0.9825153 -0.1861826 2.98023e-8 -1.49012e-8 0.1861826 0.9825152 5.96046e-8 0 0 0 1</matrix>
                          </node>
                        </node>
                      </node>
                      <node id="node-Bip001_RUpArmTwist" name="Bip001_RUpArmTwist">
                        <matrix sid="matrix">0.9432456 0.03443318 -0.3303058 0.07966626 -0.327115 0.2679439 -0.906202 0 0.0572999 0.9628192 0.2640005 5.96046e-8 0 0 0 1</matrix>
                        <node id="node-Bip001_RUpArmTwist1" name="Bip001_RUpArmTwist1">
                          <matrix>0.9999999 -1.86265e-9 -2.98023e-8 0.2148668 0 0.9999998 9.31323e-10 0 0 3.72529e-9 0.9999999 0 0 0 0 1</matrix>
                        </node>
                      </node>
                    </node>
                  </node>
                </node>
              </node>
            </node>
            <node id="node-Bip001_L_Thigh" name="Bip001_L_Thigh">
              <matrix sid="matrix">-0.7653572 0.5726501 0.2937692 -0.09992939 0.6320773 0.7547861 0.1754326 0.008276075 -0.1212714 0.3199534 -0.9396398 0.05696531 0 0 0 1</matrix>
              <node id="node-Bip001_L_Calf" name="Bip001_L_Calf">
                <matrix sid="matrix">-0.3357896 0.941937 1.86265e-9 0.4541689 -0.9419369 -0.3357896 -4.19095e-9 0 9.68066e-9 6.51926e-9 1 2.23517e-8 0 0 0 1</matrix>
                <node id="node-Bip001_L_HorseLink" name="Bip001_L_HorseLink">
                  <matrix sid="matrix">-0.2832281 -0.9590527 -1.40062e-9 0.3208733 0.9590526 -0.2832281 0 2.98023e-8 2.14204e-8 2.86382e-8 1 -1.49012e-8 0 0 0 1</matrix>
                  <node id="node-Bip001_L_Foot" name="Bip001_L_Foot">
                    <matrix sid="matrix">0.6820038 0.7242845 0.1014034 0.36176 -0.7077835 0.6885666 -0.1578551 -1.11759e-8 -0.184155 0.03588606 0.9822419 0 0 0 0 1</matrix>
                    <node id="node-Bip001_L_Toe0" name="Bip001_L_Toe0">
                      <matrix sid="matrix">-0.6555853 -0.7201619 -0.2271018 0.08654236 0.7102289 -0.6902148 0.1384872 0.1234713 -0.2564821 -0.07050407 0.9639741 -0.02420596 0 0 0 1</matrix>
                      <node id="node-Bip001_L_Toe01" name="Bip001_L_Toe01">
                        <matrix sid="matrix">0.997908 -0.06465046 -1.64153e-8 0.04576608 0.06465055 0.9979081 2.79624e-9 1.86265e-9 -7.85735e-9 4.16003e-9 1 1.49012e-8 0 0 0 1</matrix>
                        <node id="node-Bip001_L_Toe02" name="Bip001_L_Toe02">
                          <matrix sid="matrix">0.08123684 0.9966949 -5.65183e-9 0.03187376 -0.9966948 0.08123678 -1.60298e-10 1.86265e-9 3.62479e-9 3.33084e-8 1 -7.45058e-9 0 0 0 1</matrix>
                        </node>
                      </node>
                    </node>
                    <node id="node-Bip001_L_Toe1" name="Bip001_L_Toe1">
                      <matrix sid="matrix">-0.8077233 -0.589046 -0.02465535 0.0928064 0.5797123 -0.7859217 -0.2150834 0.1308167 0.1073168 -0.1880209 0.9762843 0.03696452 0 0 0 1</matrix>
                      <node id="node-Bip001_L_Toe11" name="Bip001_L_Toe11">
                        <matrix sid="matrix">0.9879117 -0.155018 -1.362e-8 0.04370601 0.155018 0.9879117 3.10104e-9 3.72529e-9 1.93471e-8 -1.10421e-8 1 3.72529e-9 0 0 0 1</matrix>
                        <node id="node-Bip001_L_Toe12" name="Bip001_L_Toe12">
                          <matrix sid="matrix">0.0589577 0.9982607 -8.07438e-9 0.03796015 -0.9982606 0.05895779 6.15739e-9 1.11759e-8 -1.85287e-9 -1.87025e-8 1 -3.72529e-9 0 0 0 1</matrix>
                        </node>
                      </node>
                    </node>
                    <node id="node-Bip001_L_Toe2" name="Bip001_L_Toe2">
                      <matrix sid="matrix">0.0977775 -0.914925 0.3916019 0.06798328 0.1107247 -0.3810436 -0.917903 0.002804019 0.9890297 0.1331103 0.06404721 0.04295147 0 0 0 1</matrix>
                      <node id="node-Bip001_L_Toe21" name="Bip001_L_Toe21">
                        <matrix sid="matrix">1 -2.98023e-8 -1.86265e-9 0.01451743 0 1 0 7.45058e-9 -1.86265e-9 0 1 7.45058e-9 0 0 0 1</matrix>
                        <node id="node-Bip001_L_Toe22" name="Bip001_L_Toe22">
                          <matrix sid="matrix">0.5236049 0.8519613 -1.86265e-9 0.03369505 -0.8519613 0.5236049 0 -1.11759e-8 -1.49012e-8 -9.31323e-9 1 -7.45058e-9 0 0 0 1</matrix>
                        </node>
                      </node>
                    </node>
                  </node>
                </node>
              </node>
            </node>
            <node id="node-Bip001_R_Thigh" name="Bip001_R_Thigh">
              <matrix sid="matrix">-0.6694186 0.6615958 0.3378902 -0.09360707 0.6647319 0.736521 -0.1251745 0.004001349 -0.3316781 0.1408122 -0.9328244 -0.08819002 0 0 0 1</matrix>
              <node id="node-Bip001_R_Calf" name="Bip001_R_Calf">
                <matrix sid="matrix">-0.644226 0.7648353 -1.49012e-8 0.4541689 -0.7648351 -0.6442258 3.72529e-9 -5.96046e-8 -3.72529e-8 0 0.9999999 0 0 0 0 1</matrix>
                <node id="node-Bip001_R_HorseLink" name="Bip001_R_HorseLink">
                  <matrix sid="matrix">-0.7917317 -0.6108691 1.49012e-8 0.3208733 0.610869 -0.7917318 0 2.98023e-8 -6.70552e-8 7.45058e-9 1 0 0 0 0 1</matrix>
                  <node id="node-Bip001_R_Foot" name="Bip001_R_Foot">
                    <matrix sid="matrix">0.2211289 0.9732749 0.06195201 0.3617601 -0.9742783 0.2176368 0.05844312 -2.98023e-8 0.04339819 -0.07328193 0.9963667 -1.49012e-8 0 0 0 1</matrix>
                    <node id="node-Bip001_R_Toe0" name="Bip001_R_Toe0">
                      <matrix sid="matrix">0.5779279 -0.7961317 0.1793692 0.08654234 0.8104194 0.5857402 -0.01136028 0.1234713 -0.09601946 0.1519297 0.9837162 0.02420595 0 0 0 1</matrix>
                      <node id="node-Bip001_R_Toe01" name="Bip001_R_Toe01">
                        <matrix sid="matrix">0.4581301 0.8888853 2.79397e-9 0.04576607 -0.8888851 0.4581301 2.25846e-8 -1.49012e-8 4.14439e-8 -3.1665e-8 0.9999999 1.49012e-8 0 0 0 1</matrix>
                        <node id="node-Bip001_R_Toe02" name="Bip001_R_Toe02">
                          <matrix sid="matrix">0.3162257 0.948684 2.93367e-8 0.03187378 -0.948684 0.3162256 -9.31323e-9 7.45058e-9 -5.21541e-8 -8.3819e-9 1 -1.49012e-8 0 0 0 1</matrix>
                        </node>
                      </node>
                    </node>
                    <node id="node-Bip001_R_Toe1" name="Bip001_R_Toe1">
                      <matrix sid="matrix">0.5589359 -0.8254053 0.07935077 0.09280637 0.8283893 0.5600782 -0.009137321 0.1308167 -0.03690069 0.07084051 0.9968048 -0.03696451 0 0 0 1</matrix>
                      <node id="node-Bip001_R_Toe11" name="Bip001_R_Toe11">
                        <matrix sid="matrix">0.3875984 0.9218283 1.49012e-8 0.04370601 -0.9218283 0.3875983 -1.86265e-9 1.49012e-8 -3.72529e-9 0 1 1.49012e-8 0 0 0 1</matrix>
                        <node id="node-Bip001_R_Toe12" name="Bip001_R_Toe12">
                          <matrix sid="matrix">0.3049994 0.9523524 -7.45058e-9 0.03796014 -0.9523525 0.3049995 -1.49012e-8 -7.45058e-9 -5.58794e-8 -7.45058e-9 1 -2.98023e-8 0 0 0 1</matrix>
                        </node>
                      </node>
                    </node>
                    <node id="node-Bip001_R_Toe2" name="Bip001_R_Toe2">
                      <matrix sid="matrix">0.3976857 -0.4601779 -0.7937772 0.06798325 0.3496199 -0.7238593 0.5948055 0.002804026 -0.8482994 -0.514066 -0.1269812 -0.04295149 0 0 0 1</matrix>
                      <node id="node-Bip001_R_Toe21" name="Bip001_R_Toe21">
                        <matrix sid="matrix">0.9531195 0.3025945 0 0.0145174 -0.3025945 0.9531195 7.45058e-9 7.45058e-9 -4.47035e-8 2.98023e-8 1 0 0 0 0 1</matrix>
                        <node id="node-Bip001_R_Toe22" name="Bip001_R_Toe22">
                          <matrix sid="matrix">0.2743028 0.9616433 2.98023e-8 0.03369504 -0.9616433 0.2743028 7.45058e-9 -7.45058e-9 -7.45058e-9 7.45058e-9 1 3.72529e-9 0 0 0 1</matrix>
                        </node>
                      </node>
                    </node>
                  </node>
                </node>
              </node>
            </node>
          </node>
        </node>
      </node>
      <node id="node-Bounds" name="Bounds">
        <matrix sid="matrix">1 0 0 0 0 1 0 0.411981 0 0 1 0 0 0 0 1</matrix>
        <instance_geometry url="#geom-Bounds">
          <bind_material>
            <technique_common>
              <instance_material symbol="ColorMaterial" target="#ColorEffectR88G199B225-material"/>
            </technique_common>
          </bind_material>
        </instance_geometry>
      </node>
      <node id="node-EYE" name="EYE">
        <matrix sid="matrix">-0.9996784 0.02535699 -8.22774e-7 4.09043e-8 -0.02535699 -0.9996784 7.82067e-7 0.411981 -8.02679e-7 8.02679e-7 1 1.6 0 0 0 1</matrix>
      </node>
      <node id="node-CAM" name="CAM">
        <matrix sid="matrix">-0.9999996 1.50996e-7 0 0 -1.50996e-7 -0.9999996 1.77636e-15 -0.009719968 0 1.77636e-15 1 1.928079 0 0 0 1</matrix>
      </node>
    </visual_scene>
  </library_visual_scenes>
  <library_animations>
    <animation>
      <source id="node-Bip001_matrix-input">
        <float_array id="node-Bip001_matrix-input-array" count="20">11 11.03333 11.06667 11.1 11.13333 11.16667 11.2 11.23333 11.26667 11.3 11.33333 11.36667 11.4 11.43333 11.46667 11.5 11.53333 11.56667 11.6 11.63333</float_array>
        <technique_common>
          <accessor source="#node-Bip001_matrix-input-array" count="20" stride="1">
            <param name="TIME" type="float"/>
          </accessor>
        </technique_common>
      </source>
      <source id="node-Bip001_matrix-output">
        <float_array id="node-Bip001_matrix-output-array" count="320">0.1726206 -0.9794674 0.1041433 -0.01399999 0.9443109 0.1946351 0.2653191 0 -0.2801413 0.05254411 0.9585197 0.9088534 0 0 0 1 0.1605514 -0.9819874 0.09961909 -0.01112407 0.9441307 0.1822205 0.274614 0.1821907 -0.2878201 0.04996371 0.9563803 0.9219881 0 0 0 1 0.1243217 -0.9885607 0.08539128 -0.003418564 0.9451884 0.1441739 0.2929722 0.3661416 -0.301932 0.04428797 0.9523002 0.95221 0 0 0 1 0.06923353 -0.9956513 0.06233221 0.007835865 0.9471505 0.08522218 0.3092624 0.5533109 -0.3132296 0.03762668 0.9489318 0.987964 0 0 0 1 0.00259459 -0.9994579 0.03282076 0.02144467 0.949697 0.01274096 0.3129113 0.7451975 -0.3131598 0.03035789 0.9492151 1.017966 0 0 0 1 -0.06612229 -0.9978109 0.001199543 0.03624117 0.9525272 -0.06276333 0.2979143 0.9434128 -0.2971868 0.0208413 0.9545919 1.030657 0 0 0 1 -0.1273491 -0.9914698 -0.0277462 0.0510376 0.9553592 -0.1301337 0.2652434 1.149081 -0.2665916 0.007270872 0.9637822 1.018022 0 0 0 1 -0.1745376 -0.9833418 -0.05075359 0.0646463 0.9579385 -0.1815016 0.2222863 1.360838 -0.2277953 -0.009821474 0.9736595 0.9881858 0 0 0 1 -0.205699 -0.9763207 -0.06697762 0.07590067 0.9600434 -0.2145925 0.1796297 1.576835 -0.1897491 -0.02735179 0.9814516 0.9527067 0 0 0 1 -0.2225443 -0.9718937 -0.07678991 0.08360606 0.9614685 -0.2318316 0.1477581 1.795329 -0.1614075 -0.04094833 0.986038 0.9228705 0 0 0 1 -0.2278568 -0.9703833 -0.08023393 0.08648198 0.9619978 -0.237088 0.1354604 2.014601 -0.150471 -0.0463193 0.9875288 0.9102354 0 0 0 1 -0.2223169 -0.9719226 -0.07708233 0.08361524 0.9615374 -0.2316473 0.1475989 2.233026 -0.1613106 -0.04130381 0.986039 0.9229065 0 0 0 1 -0.2049511 -0.9764107 -0.06794744 0.07593435 0.9602901 -0.2140229 0.1789879 2.449531 -0.1893081 -0.02856546 0.9815022 0.9528277 0 0 0 1 -0.1732666 -0.9834736 -0.05252051 0.06471586 0.9584339 -0.1806488 0.2208405 2.663187 -0.2266786 -0.01207315 0.9738948 0.9884078 0 0 0 1 -0.1258689 -0.9915862 -0.03023046 0.0511505 0.9561339 -0.129381 0.2628094 2.873023 -0.2645094 0.004175126 0.9643741 1.018329 0 0 0 1 -0.06498265 -0.9978849 -0.00173515 0.03640127 0.9535644 -0.06260871 0.29461 3.077982 -0.2940955 0.01748996 0.955616 1.031 0 0 0 1 0.002853274 -0.9995489 0.02989727 0.0216521 0.9509238 0.01196271 0.3091939 3.277 -0.309412 0.02754783 0.950529 1.019179 0 0 0 1 0.06846606 -0.9958571 0.05984163 0.00808686 0.9484325 0.083579 0.3057621 3.469416 -0.3094968 0.03582143 0.9502255 0.9908846 0 0 0 1 0.1229205 -0.9888834 0.08366709 -0.003131508 0.9463269 0.1421884 0.290255 3.654592 -0.2989249 0.04349809 0.9532848 0.9563705 0 0 0 1 0.1593432 -0.9822653 0.09881675 -0.01081228 0.9448617 0.1807466 0.2730699 3.831763 -0.2860879 0.04985624 0.9569055 0.9256248 0 0 0 1</float_array>
        <technique_common>
          <accessor source="#node-Bip001_matrix-output-array" count="20" stride="16">
            <param name="TRANSFORM" type="float4x4"/>
          </accessor>
        </technique_common>
      </source>
      <source id="node-Bip001_matrix-interpolation">
        <Name_array id="node-Bip001_matrix-interpolation-array" count="20">LINEAR LINEAR LINEAR LINEAR LINEAR LINEAR LINEAR LINEAR LINEAR LINEAR LINEAR LINEAR LINEAR LINEAR LINEAR LINEAR LINEAR LINEAR LINEAR LINEAR</Name_array>
        <technique_common>
          <accessor source="#node-Bip001_matrix-interpolation-array" count="20" stride="1">
            <param name="INTERPOLATION" type="name"/>
          </accessor>
        </technique_common>
      </source>
      <source id="node-Bip001_Pelvis_matrix-input">
        <float_array id="node-Bip001_Pelvis_matrix-input-array" count="20">11 11.03333 11.06667 11.1 11.13333 11.16667 11.2 11.23333 11.26667 11.3 11.33333 11.36667 11.4 11.43333 11.46667 11.5 11.53333 11.56667 11.6 11.63333</float_array>
        <technique_common>
          <accessor source="#node-Bip001_Pelvis_matrix-input-array" count="20" stride="1">
            <param name="TIME" type="float"/>
          </accessor>
        </technique_common>
      </source>
      <source id="node-Bip001_Pelvis_matrix-output">
        <float_array id="node-Bip001_Pelvis_matrix-output-array" count="320">0 1 -1.40443e-6 0 -0.1140869 1.37649e-6 0.9934707 0 0.9934708 1.78814e-7 0.1140869 0 0 0 0 1 0.00148487 0.9999417 -0.01070529 0 -0.04798269 0.01076424 0.9987903 0 0.9988473 -9.6944e-4 0.04799586 0 0 0 0 1 0.002197086 0.9994047 -0.03442811 0 0.1000912 0.0340355 0.9943959 0 0.9949759 -0.005630731 -0.09995681 0 0 0 0 1 -7.69198e-4 0.9983201 -0.05793648 0 0.2514866 0.05626755 0.9662238 0 0.9678605 -0.01382702 -0.2511073 0 0 0 0 1 -0.003765046 0.9976568 -0.06831455 0 0.3312931 0.06570148 0.9412378 0 0.9435206 -0.01908832 -0.3307641 0 0 0 0 1 -0.005942225 0.9976493 -0.06826651 0 0.3387064 0.06624037 0.9385576 0 0.9408733 -0.01754516 -0.3383038 0 0 0 0 1 -0.009446918 0.9977156 -0.06689089 0 0.3215988 0.06637138 0.9445471 0 0.946829 -0.01258891 -0.3214911 0 0 0 0 1 -0.01219505 0.9980054 -0.06193923 0 0.2852779 0.06284189 0.9563825 0 0.9583673 -0.006006717 -0.2854753 0 0 0 0 1 -0.01241135 0.9986224 -0.05098372 0 0.2349482 0.05247259 0.9705905 0 0.9719287 6.7845e-5 -0.2352758 0 0 0 0 1 -0.008702158 0.9994717 -0.03131943 0 0.1760098 0.03236263 0.9838565 0 0.98435 0.003049135 -0.1761985 0 0 0 0 1 0 1 -1.39512e-6 0 0.1140842 1.3914e-6 0.9934711 0 0.9934712 -1.63913e-7 -0.1140842 0 0 0 0 1 0.02173316 0.9972124 0.071379 0 0.02111238 -0.07183772 0.9971928 0 0.9995408 -0.02016514 -0.02261477 0 0 0 0 1 0.04535412 0.9825651 0.1803023 0 -0.1075263 -0.1746379 0.9787439 0 0.9931671 -0.06377732 0.09773093 0 0 0 0 1 0.05482095 0.9585967 0.2794408 0 -0.2262145 -0.2606611 0.9385536 0 0.9725336 -0.114666 0.2025588 0 0 0 0 1 0.05309462 0.9451584 0.3222674 0 -0.2895032 -0.2942936 0.9108124 0 0.9557033 -0.1416566 0.258001 0 0 0 0 1 0.04875367 0.9529947 0.2990387 0 -0.2914908 -0.2727859 0.9168539 0 0.9553304 -0.131867 0.2644899 0 0 0 0 1 0.04251295 0.9698469 0.2399785 0 -0.2630368 -0.2208569 0.9391666 0 0.9638487 -0.1030499 0.2457162 0 0 0 0 1 0.03246897 0.9862248 0.1621925 0 -0.2175311 -0.1514148 0.9642375 0 0.9755132 -0.06658965 0.2096182 0 0 0 0 1 0.0189144 0.9962909 0.08394408 0 -0.1686193 -0.07957786 0.9824637 0 0.9854997 -0.03273731 0.1664887 0 0 0 0 1 0.005870282 0.9996972 0.0238955 0 -0.1298327 -0.02293169 0.9912706 0 0.9915186 -0.008921444 0.1296588 0 0 0 0 1</float_array>
        <technique_common>
          <accessor source="#node-Bip001_Pelvis_matrix-output-array" count="20" stride="16">
            <param name="TRANSFORM" type="float4x4"/>
          </accessor>
        </technique_common>
      </source>
      <source id="node-Bip001_Pelvis_matrix-interpolation">
        <Name_array id="node-Bip001_Pelvis_matrix-interpolation-array" count="20">LINEAR LINEAR LINEAR LINEAR LINEAR LINEAR LINEAR LINEAR LINEAR LINEAR LINEAR LINEAR LINEAR LINEAR LINEAR LINEAR LINEAR LINEAR LINEAR LINEAR</Name_array>
        <technique_common>
          <accessor source="#node-Bip001_Pelvis_matrix-interpolation-array" count="20" stride="1">
            <param name="INTERPOLATION" type="name"/>
          </accessor>
        </technique_common>
      </source>
      <source id="node-Bip001_Spine_matrix-input">
        <float_array id="node-Bip001_Spine_matrix-input-array" count="20">11 11.03333 11.06667 11.1 11.13333 11.16667 11.2 11.23333 11.26667 11.3 11.33333 11.36667 11.4 11.43333 11.46667 11.5 11.53333 11.56667 11.6 11.63333</float_array>
        <technique_common>
          <accessor source="#node-Bip001_Spine_matrix-input-array" count="20" stride="1">
            <param name="TIME" type="float"/>
          </accessor>
        </technique_common>
      </source>
      <source id="node-Bip001_Spine_matrix-output">
        <float_array id="node-Bip001_Spine_matrix-output-array" count="320">0.996829 -0.06539046 0.04534167 0.09757065 0.06663364 0.9974263 -0.02646982 -8.81851e-5 -0.0434941 0.0294072 0.9986207 0.01120138 0 0 0 1 0.9923827 -0.06475967 0.1047985 0.09809851 0.06573009 0.9978204 -0.00582844 -1.83463e-4 -0.1041926 0.01267248 0.9944763 0.004712343 0 0 0 1 0.9697639 -0.07088464 0.2335236 0.09771907 0.06450659 0.9973088 0.03484773 -6.41197e-4 -0.2353653 -0.01873022 0.9717266 -0.009814679 0 0 0 1 0.9303664 -0.08969283 0.3554909 0.09505784 0.06537663 0.9946598 0.07986038 -0.001445889 -0.3607555 -0.05105865 0.9312618 -0.02465575 0 0 0 1 0.9080808 -0.1163013 0.4023224 0.09266972 0.0755732 0.9904022 0.1157242 -0.001962125 -0.4119199 -0.07468211 0.9081544 -0.03247642 0 0 0 1 0.9153638 -0.1448335 0.3756759 0.09241235 0.09685754 0.9848707 0.1436942 -0.001810252 -0.390804 -0.0951454 0.9155433 -0.0332151 0 0 0 1 0.9303376 -0.1732838 0.3231785 0.09299957 0.123339 0.9778268 0.1692396 -0.001322805 -0.3453392 -0.1175895 0.931082 -0.03156197 0 0 0 1 0.9474367 -0.1962408 0.2526918 0.09413504 0.1511471 0.970644 0.1870962 -6.75797e-4 -0.2819896 -0.1390682 0.949285 -0.02802318 0 0 0 1 0.9623704 -0.2094176 0.1731689 0.0954678 0.1753612 0.9654125 0.1929438 -7.89165e-5 -0.2075852 -0.1553162 0.965808 -0.02309173 0 0 0 1 0.9731239 -0.2100255 0.09444111 0.09668779 0.1903464 0.9644275 0.1834338 2.14219e-4 -0.1296073 -0.1605274 0.9784849 -0.01728963 0 0 0 1 0.9800884 -0.1967872 0.02649265 0.09758234 0.1904107 0.9692864 0.1556536 -8.55923e-5 -0.05630964 -0.1475098 0.9874566 -0.01119077 0 0 0 1 0.9859532 -0.1577902 -0.05475884 0.09817516 0.1619476 0.9833589 0.08233064 -0.002067565 0.04085665 -0.09004223 0.9950996 -0.002212882 0 0 0 1 0.9817246 -0.1055034 -0.1583858 0.09754467 0.1020602 0.9943336 -0.02974057 -0.006351232 0.1606261 0.01303213 0.9869293 0.009596586 0 0 0 1 0.9667708 -0.06718355 -0.2466592 0.09551477 0.03439974 0.9902629 -0.1348931 -0.01134824 0.25332 0.1219257 0.9596683 0.01988178 0 0 0 1 0.959212 -0.05040651 -0.2781579 0.09386062 -0.004932641 0.9808399 -0.1947536 -0.01399803 0.2826452 0.1881821 0.9405845 0.0253207 0 0 0 1 0.967873 -0.0460695 -0.2471827 0.09382343 -0.004768729 0.9795312 -0.201236 -0.01303648 0.251394 0.1959496 0.9478421 0.02595734 0 0 0 1 0.9815567 -0.04612177 -0.1855245 0.09466004 0.01291137 0.9842388 -0.1763733 -0.01020741 0.190735 0.1707249 0.9666815 0.0241158 0 0 0 1 0.9928125 -0.04953283 -0.1089475 0.09580564 0.03500634 0.9907085 -0.1314193 -0.006627321 0.1144448 0.1266609 0.9853218 0.02057456 0 0 0 1 0.9978761 -0.05554705 -0.03402954 0.09678721 0.05266672 0.9953722 -0.08037686 -0.003302812 0.03833681 0.0784139 0.9961835 0.01634335 0 0 0 1 0.9978185 -0.06199413 0.02268767 0.09737884 0.06286019 0.9972327 -0.03969079 -9.64165e-4 -0.02016431 0.04103028 0.9989544 0.01272964 0 0 0 1</float_array>
        <technique_common>
          <accessor source="#node-Bip001_Spine_matrix-output-array" count="20" stride="16">
            <param name="TRANSFORM" type="float4x4"/>
          </accessor>
        </technique_common>
      </source>
      <source id="node-Bip001_Spine_matrix-interpolation">
        <Name_array id="node-Bip001_Spine_matrix-interpolation-array" count="20">LINEAR LINEAR LINEAR LINEAR LINEAR LINEAR LINEAR LINEAR LINEAR LINEAR LINEAR LINEAR LINEAR LINEAR LINEAR LINEAR LINEAR LINEAR LINEAR LINEAR</Name_array>
        <technique_common>
          <accessor source="#node-Bip001_Spine_matrix-interpolation-array" count="20" stride="1">
            <param name="INTERPOLATION" type="name"/>
          </accessor>
        </technique_common>
      </source>
      <source id="node-Bip001_Spine1_matrix-input">
        <float_array id="node-Bip001_Spine1_matrix-input-array" count="20">11 11.03333 11.06667 11.1 11.13333 11.16667 11.2 11.23333 11.26667 11.3 11.33333 11.36667 11.4 11.43333 11.46667 11.5 11.53333 11.56667 11.6 11.63333</float_array>
        <technique_common>
          <accessor source="#node-Bip001_Spine1_matrix-input-array" count="20" stride="1">
            <param name="TIME" type="float"/>
          </accessor>
        </technique_common>
      </source>
      <source id="node-Bip001_Spine1_matrix-output">
