<?xml version="1.0" encoding="utf-8"?>
<COLLADA xmlns="http://www.collada.org/2005/11/COLLADASchema" version="1.4.1">
  <asset>
    <contributor>
      <author>MattO</author>
      <authoring_tool>OpenCOLLADA for 3ds Max;  Version: 1.3.0;  Revision: 839M;  Platform: x64;  Configuration: Release_Max2012</authoring_tool>
      <source_data>file:///Z:/Art_Resources/WIP/Art_Pack/Alien_Pack/Kralmok/Mantis_TP_Kralmok_Animation_Master.max</source_data>
    </contributor>
    <created>2011-10-24T17:11:49</created>
    <modified>2011-10-24T17:11:49</modified>
    <unit name="meter" meter="1"/>
    <up_axis>Z_UP</up_axis>
  </asset>
  <library_effects>
    <effect id="ColorEffectR88G199B225">
      <profile_COMMON>
        <technique sid="common">
          <phong>
            <ambient>
              <color>0.345098 0.7803922 0.8823529 1</color>
            </ambient>
            <diffuse>
              <color>0.345098 0.7803922 0.8823529 1</color>
            </diffuse>
            <specular>
              <color>1 1 1 1</color>
            </specular>
            <shininess>
              <float>10</float>
            </shininess>
            <reflective>
              <color>0 0 0 1</color>
            </reflective>
            <transparent>
              <color>1 1 1 1</color>
            </transparent>
            <transparency>
              <float>1</float>
            </transparency>
          </phong>
        </technique>
      </profile_COMMON>
    </effect>
  </library_effects>
  <library_materials>
    <material id="ColorEffectR88G199B225-material" name="ColorEffectR88G199B225-material">
      <instance_effect url="#ColorEffectR88G199B225"/>
    </material>
  </library_materials>
  <library_geometries>
    <geometry id="geom-Bounds" name="Bounds">
      <mesh>
        <source id="geom-Bounds-positions">
          <float_array id="geom-Bounds-positions-array" count="24">-0.5 -0.5 0 0.5 -0.5 0 -0.5 0.5 0 0.5 0.5 0 -0.5 -0.5 2 0.5 -0.5 2 -0.5 0.5 2 0.5 0.5 2</float_array>
          <technique_common>
            <accessor source="#geom-Bounds-positions-array" count="8" stride="3">
              <param name="X" type="float"/>
              <param name="Y" type="float"/>
              <param name="Z" type="float"/>
            </accessor>
          </technique_common>
        </source>
        <source id="geom-Bounds-normals">
          <float_array id="geom-Bounds-normals-array" count="72">0 0 -1 0 0 -1 0 0 -1 0 0 -1 0 0 1 0 0 1 0 0 1 0 0 1 0 -1 0 0 -1 0 0 -1 0 0 -1 0 1 0 0 1 0 0 1 0 0 1 0 0 0 1 0 0 1 0 0 1 0 0 1 0 -1 0 0 -1 0 0 -1 0 0 -1 0 0</float_array>
          <technique_common>
            <accessor source="#geom-Bounds-normals-array" count="24" stride="3">
              <param name="X" type="float"/>
              <param name="Y" type="float"/>
              <param name="Z" type="float"/>
            </accessor>
          </technique_common>
        </source>
        <source id="geom-Bounds-map1">
          <float_array id="geom-Bounds-map1-array" count="36">0 0 0 1 0 0 0 1 0 1 1 0 0 0 0 1 0 0 0 1 0 1 1 0 0 0 0 1 0 0 0 1 0 1 1 0</float_array>
          <technique_common>
            <accessor source="#geom-Bounds-map1-array" count="12" stride="3">
              <param name="S" type="float"/>
              <param name="T" type="float"/>
              <param name="P" type="float"/>
            </accessor>
          </technique_common>
        </source>
        <vertices id="geom-Bounds-vertices">
          <input semantic="POSITION" source="#geom-Bounds-positions"/>
        </vertices>
        <triangles material="ColorMaterial" count="12">
          <input semantic="VERTEX" source="#geom-Bounds-vertices" offset="0"/>
          <input semantic="NORMAL" source="#geom-Bounds-normals" offset="1"/>
          <input semantic="TEXCOORD" source="#geom-Bounds-map1" offset="2" set="0"/>
          <p>0 0 9 2 1 11 3 2 10 3 2 10 1 3 8 0 0 9 4 4 8 5 5 9 7 6 11 7 6 11 6 7 10 4 4 8 0 8 4 1 9 5 5 10 7 5 10 7 4 11 6 0 8 4 1 12 0 3 13 1 7 14 3 7 14 3 5 15 2 1 12 0 3 16 4 2 17 5 6 18 7 6 18 7 7 19 6 3 16 4 2 20 0 0 21 1 4 22 3 4 22 3 6 23 2 2 20 0</p>
        </triangles>
      </mesh>
      <extra>
        <technique profile="OpenCOLLADA3dsMax">
          <max_box>
            <generateuvs>1</generateuvs>
            <height>2</height>
            <heightsegments>1</heightsegments>
            <length>1</length>
            <lengthsegments>1</lengthsegments>
            <width>1</width>
            <widthsegments>1</widthsegments>
          </max_box>
        </technique>
      </extra>
    </geometry>
  </library_geometries>
  <library_lights>
    <light id="EnvironmentAmbientLight" name="EnvironmentAmbientLight">
      <technique_common>
        <ambient>
          <color>0 0 0</color>
        </ambient>
      </technique_common>
    </light>
  </library_lights>
  <library_visual_scenes>
    <visual_scene id="MaxScene">
      <node name="EnvironmentAmbientLight">
        <instance_light url="#EnvironmentAmbientLight"/>
      </node>
      <node id="node-Bip001" name="Bip001">
        <matrix sid="matrix">0.4908427 -0.8335543 0.253497 0 0.8299861 0.5358466 0.1548918 -4.37066e-8 -0.2649463 0.1343715 0.9548548 0.8529336 0 0 0 1</matrix>
        <node id="node-Bip001_Pelvis" name="Bip001_Pelvis">
          <matrix>1.49012e-8 1 -1.34856e-6 0 -0.1140869 1.38208e-6 0.9934707 0 0.9934708 1.49012e-7 0.114087 0 0 0 0 1</matrix>
          <node id="node-Bip001_Spine" name="Bip001_Spine">
            <matrix>0.975136 -0.07331233 -0.2091303 0.09757125 0.05277598 0.9933682 -0.1021486 -8.77976e-5 0.2152321 0.08857177 0.9725381 0.01119617 0 0 0 1</matrix>
            <node id="node-Bip001_Spine1" name="Bip001_Spine1">
              <matrix>0.9235707 -0.3709308 -0.09709477 0.1110485 0.3695981 0.9286391 -0.03204076 -8.21352e-5 0.1020509 -0.00629409 0.9947593 5.40167e-7 0 0 0 1</matrix>
              <node id="node-Bip001_Spine2" name="Bip001_Spine2">
                <matrix>0.9833878 -0.1427243 -0.1121533 0.1110282 0.1487661 0.9877338 0.04744573 -8.72612e-5 0.1040058 -0.06334215 0.9925576 5.59911e-6 0 0 0 1</matrix>
                <node id="node-Bip001_Spine3" name="Bip001_Spine3">
                  <matrix>0.9532422 -0.2413031 -0.1819402 0.1110561 0.2536192 0.966141 0.04742062 -1.62244e-4 0.1643372 -0.09134686 0.9821655 1.53184e-5 0 0 0 1</matrix>
                  <node id="node-Bip001_Neck" name="Bip001_Neck">
                    <matrix>0.9888968 -0.0641996 -0.1340206 0.2584253 0.04748258 0.9910948 -0.1244035 0.01280206 0.1408138 0.1166585 0.9831389 -4.58956e-6 0 0 0 1</matrix>
                    <node id="node-Bip001_Neck1" name="Bip001_Neck1">
                      <matrix>0.9879369 0.1545504 -0.009731662 0.04894263 -0.1547313 0.9826609 -0.1021558 -3.82662e-5 -0.00622531 0.1024294 0.9947207 -4.02331e-6 0 0 0 1</matrix>
                      <node id="node-Bip001_Neck2" name="Bip001_Neck2">
                        <matrix>0.9545162 0.2811761 -0.09918994 0.04893756 -0.2884499 0.9550411 -0.06850658 -3.71337e-5 0.07546809 0.0940019 0.9927076 -3.63588e-6 0 0 0 1</matrix>
                        <node id="node-Bip001_Head" name="Bip001_Head">
                          <matrix sid="matrix">0.9726763 0.1759888 0.1514201 0.04894876 -0.1765335 0.9842443 -0.009945499 5.96046e-8 -0.1507847 -0.01705693 0.9884195 0 0 0 0 1</matrix>
                          <node id="node-Bip001_Ponytail1" name="Bip001_Ponytail1">
                            <matrix sid="matrix">-0.05999064 -0.9981991 -2.76882e-6 0.009580731 0.998199 -0.05999058 -2.93972e-6 0.1139533 2.76836e-6 -2.94019e-6 1 9.68575e-8 0 0 0 1</matrix>
                          </node>
                          <node id="node-ALTEYE" name="ALTEYE">
                            <matrix>-0.009488119 0.5772442 0.8165166 0.1153698 0.002645058 0.816565 -0.5772477 0.2046644 -0.9999516 -0.003317261 -0.009274509 -0.001006842 0 0 0 1</matrix>
                          </node>
                        </node>
                      </node>
                    </node>
                    <node id="node-Bip001_L_Clavicle" name="Bip001_L_Clavicle">
                      <matrix>0.3867267 0.04316634 0.9211835 -0.04311728 0.6360109 -0.7358133 -0.2325271 0.007412195 0.6677817 0.6758071 -0.312013 0.0278405 0 0 0 1</matrix>
                      <node id="node-Bip001_L_UpperArm" name="Bip001_L_UpperArm">
                        <matrix sid="matrix">0.9982916 0.03593111 0.04607603 0.0796662 -0.0522103 0.1945185 0.9795084 5.96046e-8 0.02623224 -0.9802403 0.1960621 0 0 0 0 1</matrix>
                        <node id="node-Bip001_L_Forearm" name="Bip001_L_Forearm">
                          <matrix sid="matrix">0.07616901 0.9970949 0 0.4297335 -0.9970949 0.07616895 2.98023e-8 -5.96046e-8 0 5.96046e-8 1 5.96046e-8 0 0 0 1</matrix>
                          <node id="node-Bip001_L_Hand" name="Bip001_L_Hand">
                            <matrix sid="matrix">0.9722521 -0.1498383 -0.1796512 0.3774394 0.2143041 0.2625313 0.9408247 5.96046e-8 -0.09380749 -0.9532187 0.2873576 -5.96046e-8 0 0 0 1</matrix>
                            <node id="node-Bip001_L_Finger0" name="Bip001_L_Finger0">
                              <matrix>0.737368 0.3989065 0.5451258 0.03908241 0.5702345 0.06501228 -0.8189055 0.01738536 -0.3621066 0.9146841 -0.1795323 -0.0404993 0 0 0 1</matrix>
                              <node id="node-Bip001_L_Finger01" name="Bip001_L_Finger01">
                                <matrix>0.5320405 -0.846719 1.49012e-8 0.1027657 0.846719 0.5320405 0 -8.9407e-8 -8.9407e-8 -1.49012e-8 1 0 0 0 0 1</matrix>
                                <node id="node-Bip001_L_Finger02" name="Bip001_L_Finger02">
                                  <matrix>0.7835936 -0.6212736 -2.98023e-8 0.05252492 0.6212736 0.7835937 0 -2.98023e-8 0 -2.98023e-8 1 0 0 0 0 1</matrix>
                                </node>
                              </node>
                            </node>
                            <node id="node-Bip001_L_Finger1" name="Bip001_L_Finger1">
                              <matrix>0.6375437 -0.770391 0.005983949 0.1458857 0.7704015 0.6375587 7.96378e-4 -1.52588e-5 -0.004428655 0.004102379 0.9999819 -0.01919678 0 0 0 1</matrix>
                              <node id="node-Bip001_L_Finger11" name="Bip001_L_Finger11">
                                <matrix>-0.3951853 -0.9186018 4.47035e-8 0.08578128 0.9186016 -0.3951853 0 0 -2.98023e-8 0 1 0 0 0 0 1</matrix>
                                <node id="node-Bip001_L_Finger12" name="Bip001_L_Finger12">
                                  <matrix>0.9649357 -0.2624862 -1.49012e-8 0.05549788 0.2624862 0.9649357 0 -2.98023e-8 7.45058e-8 0 1 0 0 0 0 1</matrix>
                                </node>
                              </node>
                            </node>
                            <node id="node-Bip001_L_Finger2" name="Bip001_L_Finger2">
                              <matrix>0.5018926 -0.855015 -0.1305896 0.1437579 0.8647376 0.492844 0.09661081 0.003213346 -0.0182434 -0.161414 0.9867182 0.02870384 0 0 0 1</matrix>
                              <node id="node-Bip001_L_Finger21" name="Bip001_L_Finger21">
                                <matrix>0.05968916 -0.9982171 5.96046e-8 0.07148433 0.9982172 0.05968907 2.98023e-8 1.19209e-7 0 -2.98023e-8 1 -2.98023e-8 0 0 0 1</matrix>
                                <node id="node-Bip001_L_Finger22" name="Bip001_L_Finger22">
                                  <matrix>0.8033118 -0.5955586 5.96046e-8 0.051139 0.5955587 0.8033118 -2.98023e-8 1.19209e-7 1.49012e-8 -2.98023e-8 1 -2.98023e-8 0 0 0 1</matrix>
                                </node>
                              </node>
                            </node>
                          </node>
                        </node>
                        <node id="node-Bip001_L_ForeTwist" name="Bip001_L_ForeTwist">
                          <matrix sid="matrix">0.07616901 0.9922312 -0.09836349 0.4297335 -0.9970949 0.07579745 -0.00751406 -5.96046e-8 0 0.09865019 0.9951222 5.96046e-8 0 0 0 1</matrix>
                          <node id="node-Bip001_L_ForeTwist1" name="Bip001_L_ForeTwist1">
                            <matrix sid="matrix">1 8.9407e-8 2.98023e-8 0.1887197 -5.96046e-8 0.9951222 -0.09865013 0 0 0.09865004 0.9951221 -5.96046e-8 0 0 0 1</matrix>
                          </node>
                        </node>
                      </node>
                      <node id="node-Bip001_LUpArmTwist" name="Bip001_LUpArmTwist">
                        <matrix sid="matrix">0.9982916 0.03593111 0.04607603 0.0796662 -0.0522103 0.1945185 0.9795084 5.96046e-8 0.02623224 -0.9802403 0.1960621 0 0 0 0 1</matrix>
                        <node id="node-Bip001_LUpArmTwist1" name="Bip001_LUpArmTwist1">
                          <matrix>1 0 0 0.2148667 0 0.9999999 2.98023e-8 -5.96046e-8 0 2.98023e-8 1 5.96046e-8 0 0 0 1</matrix>
                        </node>
                      </node>
                    </node>
                    <node id="node-Bip001_R_Clavicle" name="Bip001_R_Clavicle">
                      <matrix>-0.4125288 -0.1381767 -0.9004037 -0.04935789 0.6517029 -0.7353823 -0.1857317 0.002241969 -0.6364772 -0.6634154 0.3934166 -0.01573151 0 0 0 1</matrix>
                      <node id="node-Bip001_R_UpperArm" name="Bip001_R_UpperArm">
                        <matrix sid="matrix">0.8375874 0.2647075 -0.477888 0.07966626 -0.545456 0.3565291 -0.7585278 0 -0.03040712 0.8960003 0.4430105 0 0 0 0 1</matrix>
                        <node id="node-Bip001_R_Forearm" name="Bip001_R_Forearm">
                          <matrix sid="matrix">-0.6517621 0.7584235 0 0.4297334 -0.7584234 -0.6517622 -1.86265e-9 -2.98023e-8 -5.96046e-8 5.96046e-8 1 0 0 0 0 1</matrix>
                          <node id="node-Bip001_R_Hand" name="Bip001_R_Hand">
                            <matrix sid="matrix">0.7032789 0.2657448 0.6593774 0.3774394 0.7106556 -0.2878058 -0.6419787 -8.9407e-8 0.01917011 0.9200802 -0.3912607 0 0 0 0 1</matrix>
                            <node id="node-Bip001_R_Finger0" name="Bip001_R_Finger0">
                              <matrix>0.6486482 0.5772245 -0.4960516 0.03908241 0.6676158 -0.118583 0.7350015 0.01738539 0.3654375 -0.8079293 -0.462283 0.04049921 0 0 0 1</matrix>
                              <node id="node-Bip001_R_Finger01" name="Bip001_R_Finger01">
                                <matrix>0.6155394 -0.7881062 1.49012e-8 0.1027657 0.7881061 0.6155394 0 0 0 2.98023e-8 1 0 0 0 0 1</matrix>
                                <node id="node-Bip001_R_Finger02" name="Bip001_R_Finger02">
                                  <matrix>0.1523352 -0.9883289 -1.49012e-8 0.05252498 0.9883291 0.1523351 2.98023e-8 5.96046e-8 0 -7.45058e-8 1 1.19209e-7 0 0 0 1</matrix>
                                </node>
                              </node>
                            </node>
                            <node id="node-Bip001_R_Finger1" name="Bip001_R_Finger1">
                              <matrix>0.7109716 -0.6323431 -0.3076712 0.1458858 0.6327782 0.766136 -0.1123713 -1.52588e-5 0.3067753 -0.1147949 0.9448338 0.01919675 0 0 0 1</matrix>
                              <node id="node-Bip001_R_Finger11" name="Bip001_R_Finger11">
                                <matrix>-0.6406225 -0.7678562 0 0.08578128 0.7678562 -0.6406225 1.49012e-8 0 2.98023e-8 4.47035e-8 1 1.19209e-7 0 0 0 1</matrix>
                                <node id="node-Bip001_R_Finger12" name="Bip001_R_Finger12">
                                  <matrix>0.8432422 -0.5375336 0 0.05549788 0.5375336 0.8432422 -1.49012e-8 3.72529e-8 0 -9.31323e-9 1 -1.19209e-7 0 0 0 1</matrix>
                                </node>
                              </node>
                            </node>
                            <node id="node-Bip001_R_Finger2" name="Bip001_R_Finger2">
                              <matrix>0.2634968 -0.9557803 0.1305896 0.143758 0.9628298 0.2522402 -0.09661078 0.003213346 0.05939874 0.1511922 0.9867181 -0.02870381 0 0 0 1</matrix>
                              <node id="node-Bip001_R_Finger21" name="Bip001_R_Finger21">
                                <matrix>-0.03544478 -0.9993716 3.72529e-9 0.0714844 0.9993716 -0.03544474 1.49012e-8 0 0 3.72529e-9 0.9999999 1.19209e-7 0 0 0 1</matrix>
                                <node id="node-Bip001_R_Finger22" name="Bip001_R_Finger22">
                                  <matrix>0.7483485 -0.6633058 0 0.051139 0.6633058 0.7483484 -7.45058e-9 -2.6077e-8 -1.49012e-8 -1.49012e-8 1 -1.19209e-7 0 0 0 1</matrix>
                                </node>
                              </node>
                            </node>
                            <node id="node-mount0" name="mount0">
                              <matrix>-5.36384e-8 0.9999999 5.06639e-7 0.1088288 -1 -3.20426e-7 -1.17347e-7 0.03070411 1.84402e-7 -4.36325e-7 0.9999997 0.01333511 0 0 0 1</matrix>
                            </node>
                          </node>
                        </node>
                        <node id="node-Bip001_R_ForeTwist" name="Bip001_R_ForeTwist">
                          <matrix sid="matrix">-0.6517621 0.7458354 -0.1376071 0.4297334 -0.7584234 -0.6409445 0.1182547 -2.98023e-8 -5.96046e-8 0.1814384 0.9834023 0 0 0 0 1</matrix>
                          <node id="node-Bip001_R_ForeTwist1" name="Bip001_R_ForeTwist1">
                            <matrix sid="matrix">1 -2.98023e-8 -7.45058e-9 0.1887197 0 0.9834024 -0.1814384 -2.98023e-8 0 0.1814385 0.9834024 0 0 0 0 1</matrix>
                          </node>
                        </node>
                      </node>
                      <node id="node-Bip001_RUpArmTwist" name="Bip001_RUpArmTwist">
                        <matrix sid="matrix">0.8375874 0.2647075 -0.477888 0.07966626 -0.545456 0.3565291 -0.7585278 0 -0.03040712 0.8960003 0.4430105 0 0 0 0 1</matrix>
                        <node id="node-Bip001_RUpArmTwist1" name="Bip001_RUpArmTwist1">
                          <matrix>0.9999999 -7.45058e-9 0 0.2148666 0 1 -1.86265e-9 -5.96046e-8 2.98023e-8 1.86265e-9 1 0 0 0 0 1</matrix>
                        </node>
                      </node>
                    </node>
                  </node>
                </node>
              </node>
            </node>
            <node id="node-Bip001_L_Thigh" name="Bip001_L_Thigh">
              <matrix sid="matrix">-0.5047783 0.8628639 -0.02577493 -0.08190787 0.7449514 0.4504969 0.4920363 0.01268601 0.4361719 0.2291682 -0.8701932 0.08018947 0 0 0 1</matrix>
              <node id="node-Bip001_L_Calf" name="Bip001_L_Calf">
                <matrix sid="matrix">0.1985097 0.9800991 0 0.4541689 -0.980099 0.1985098 0 -5.96046e-8 -4.47035e-8 1.3411e-7 1 0 0 0 0 1</matrix>
                <node id="node-Bip001_L_HorseLink" name="Bip001_L_HorseLink">
                  <matrix sid="matrix">0.04062659 -0.9991745 0 0.3208733 0.9991745 0.04062667 0 4.47035e-8 2.98023e-8 0 1 0 0 0 0 1</matrix>
                  <node id="node-Bip001_L_Foot" name="Bip001_L_Foot">
                    <matrix sid="matrix">0.5615733 0.826924 0.02884088 0.36176 -0.7930819 0.527998 0.3037091 2.98023e-8 0.2359164 -0.1934281 0.9523281 0 0 0 0 1</matrix>
                    <node id="node-Bip001_L_Toe0" name="Bip001_L_Toe0">
                      <matrix>-0.2454681 -0.9694049 5.17337e-8 0.08654235 0.9569956 -0.2423258 0.1594925 0.1234714 -0.1546127 0.03915034 0.9871992 -0.02420595 0 0 0 1</matrix>
                      <node id="node-Bip001_L_Toe01" name="Bip001_L_Toe01">
                        <matrix>0.9623385 0.2718535 1.66301e-8 0.04576612 -0.2718536 0.9623385 -1.01176e-8 -1.49012e-8 -2.93867e-9 6.88647e-9 0.9999999 -1.11759e-8 0 0 0 1</matrix>
                        <node id="node-Bip001_L_Toe02" name="Bip001_L_Toe02">
                          <matrix>0.9133543 0.4071655 -1.80578e-9 0.03187376 -0.4071655 0.9133544 8.16044e-10 3.72529e-9 4.10148e-8 1.44217e-8 0.9999999 -4.47035e-8 0 0 0 1</matrix>
                        </node>
                      </node>
                    </node>
                    <node id="node-Bip001_L_Toe1" name="Bip001_L_Toe1">
                      <matrix>-0.2402829 -0.9707029 1.09983e-7 0.09280638 0.9404519 -0.2327949 -0.2477028 0.1308167 0.2404459 -0.05951866 0.9688361 0.03696455 0 0 0 1</matrix>
                      <node id="node-Bip001_L_Toe11" name="Bip001_L_Toe11">
                        <matrix>0.9830521 0.1833258 3.21313e-10 0.043706 -0.1833258 0.9830521 -2.59703e-11 -1.49012e-8 1.85277e-10 6.24212e-11 1 -5.96046e-8 0 0 0 1</matrix>
                        <node id="node-Bip001_L_Toe12" name="Bip001_L_Toe12">
                          <matrix>0.9040335 0.4274615 2.04535e-10 0.03796017 -0.4274615 0.9040335 -1.76428e-11 -3.72529e-9 -1.06148e-10 -1.45356e-10 1 0 0 0 0 1</matrix>
                        </node>
                      </node>
                    </node>
                    <node id="node-Bip001_L_Toe2" name="Bip001_L_Toe2">
                      <matrix>0.04881953 -0.8895264 0.454268 0.06798328 0.1495167 -0.4431772 -0.8838772 0.002804041 0.9875534 0.1110711 0.1113633 0.04295147 0 0 0 1</matrix>
                      <node id="node-Bip001_L_Toe21" name="Bip001_L_Toe21">
                        <matrix>1 3.72529e-9 -1.11759e-8 0.01451743 -3.72529e-9 1 0 0 2.79397e-8 0 1 0 0 0 0 1</matrix>
                        <node id="node-Bip001_L_Toe22" name="Bip001_L_Toe22">
                          <matrix>0.5236048 0.8519613 -1.11759e-8 0.03369503 -0.8519614 0.5236049 0 -1.49012e-8 -5.96046e-8 0 1 0 0 0 0 1</matrix>
                        </node>
                      </node>
                    </node>
                  </node>
                </node>
              </node>
            </node>
            <node id="node-Bip001_R_Thigh" name="Bip001_R_Thigh">
              <matrix sid="matrix">-0.7638122 0.3274372 0.5562153 -0.113193 0.3475772 0.934805 -0.07300466 -1.88619e-4 -0.5438573 0.1375659 -0.8278254 -0.0611746 0 0 0 1</matrix>
              <node id="node-Bip001_R_Calf" name="Bip001_R_Calf">
                <matrix sid="matrix">0.07075953 0.9974934 2.98023e-8 0.4541689 -0.9974934 0.07075958 1.67638e-8 -2.14204e-8 -6.70552e-8 0 1 0 0 0 0 1</matrix>
                <node id="node-Bip001_R_HorseLink" name="Bip001_R_HorseLink">
                  <matrix sid="matrix">0.1141483 -0.9934639 3.72529e-9 0.3208733 0.9934637 0.1141483 0 -1.49012e-8 0 -5.40167e-8 1 -2.98023e-8 0 0 0 1</matrix>
                  <node id="node-Bip001_R_Foot" name="Bip001_R_Foot">
                    <matrix sid="matrix">0.8693788 0.2156638 0.4446006 0.3617601 0.007989427 0.8934824 -0.4490268 2.98023e-8 -0.4940816 0.3939266 0.7750517 0 0 0 0 1</matrix>
                    <node id="node-Bip001_R_Toe0" name="Bip001_R_Toe0">
                      <matrix>-0.2454693 -0.9694044 3.30557e-8 0.08654235 0.9569951 -0.242327 -0.1594941 0.1234714 0.1546143 -0.03915088 0.9871989 0.02420598 0 0 0 1</matrix>
                      <node id="node-Bip001_R_Toe01" name="Bip001_R_Toe01">
                        <matrix>0.9623385 0.2718535 1.15731e-8 0.04576606 -0.2718535 0.9623386 6.93838e-9 0 -4.68047e-9 -6.39773e-11 1 0 0 0 0 1</matrix>
                        <node id="node-Bip001_R_Toe02" name="Bip001_R_Toe02">
                          <matrix>0.9133544 0.4071654 -4.60382e-9 0.03187376 -0.4071654 0.9133543 8.56687e-10 5.58794e-9 -1.44175e-8 2.04409e-8 1 0 0 0 0 1</matrix>
                        </node>
                      </node>
                    </node>
                    <node id="node-Bip001_R_Toe1" name="Bip001_R_Toe1">
                      <matrix>-0.2402843 -0.9707026 -7.09642e-7 0.09280638 0.9404515 -0.2327963 0.2477034 0.1308166 -0.2404465 0.05951861 0.9688359 -0.03696454 0 0 0 1</matrix>
                      <node id="node-Bip001_R_Toe11" name="Bip001_R_Toe11">
                        <matrix>0.983052 0.1833258 -1.04515e-9 0.04370599 -0.1833258 0.9830522 -1.84792e-9 0 -1.5045e-8 -4.30248e-10 1 0 0 0 0 1</matrix>
                        <node id="node-Bip001_R_Toe12" name="Bip001_R_Toe12">
                          <matrix>0.9040335 0.4274614 -1.56048e-8 0.03796012 -0.4274614 0.9040335 1.1529e-9 -3.72529e-9 2.44498e-8 -3.4898e-9 1 0 0 0 0 1</matrix>
                        </node>
                      </node>
                    </node>
                    <node id="node-Bip001_R_Toe2" name="Bip001_R_Toe2">
                      <matrix>0.04881958 -0.8895259 -0.4542691 0.06798327 0.1495174 -0.443178 0.8838766 0.002803981 -0.9875532 -0.1110716 0.1113638 -0.04295146 0 0 0 1</matrix>
                      <node id="node-Bip001_R_Toe21" name="Bip001_R_Toe21">
                        <matrix>1 1.49012e-8 1.11759e-8 0.01451743 -7.45058e-9 1 0 -9.31323e-9 1.30385e-8 2.98023e-8 1 1.30385e-8 0 0 0 1</matrix>
                        <node id="node-Bip001_R_Toe22" name="Bip001_R_Toe22">
                          <matrix>0.5236049 0.8519613 1.11759e-8 0.03369507 -0.8519613 0.5236049 0 0 2.98023e-8 0 1 -3.25963e-8 0 0 0 1</matrix>
                        </node>
                      </node>
                    </node>
                  </node>
                </node>
              </node>
            </node>
          </node>
        </node>
      </node>
      <node id="node-Bounds" name="Bounds">
        <matrix>1 0 0 0 0 1 0 0.411981 0 0 1 0 0 0 0 1</matrix>
        <instance_geometry url="#geom-Bounds">
          <bind_material>
            <technique_common>
              <instance_material symbol="ColorMaterial" target="#ColorEffectR88G199B225-material"/>
            </technique_common>
          </bind_material>
        </instance_geometry>
      </node>
      <node id="node-EYE" name="EYE">
        <matrix sid="matrix">-1 -7.64274e-15 -8.74228e-8 4.09043e-8 0 -1 8.74228e-8 0.411981 -8.74228e-8 8.74228e-8 1 1.6 0 0 0 1</matrix>
      </node>
      <node id="node-CAM" name="CAM">
        <matrix>0.9999996 -3.01991e-7 0 0 3.01991e-7 0.9999996 -1.77636e-15 -0.009719968 0 1.77636e-15 1 1.928079 0 0 0 1</matrix>
      </node>
    </visual_scene>
  </library_visual_scenes>
  <library_animations>
    <animation>
      <source id="node-Bip001_matrix-input">
        <float_array id="node-Bip001_matrix-input-array" count="90">0.3333333 0.3666667 0.4 0.4333333 0.4666667 0.5 0.5333334 0.5666667 0.6 0.6333333 0.6666667 0.7 0.7333333 0.7666667 0.8 0.8333333 0.8666667 0.9 0.9333333 0.9666666 1 1.033333 1.066667 1.1 1.133333 1.166667 1.2 1.233333 1.266667 1.3 1.333333 1.366667 1.4 1.433333 1.466667 1.5 1.533333 1.566667 1.6 1.633333 1.666667 1.7 1.733333 1.766667 1.8 1.833333 1.866667 1.9 1.933333 1.966667 2 2.033333 2.066667 2.1 2.133333 2.166667 2.2 2.233333 2.266667 2.3 2.333333 2.366667 2.4 2.433333 2.466667 2.5 2.533333 2.566667 2.6 2.633333 2.666667 2.7 2.733333 2.766667 2.8 2.833333 2.866667 2.9 2.933333 2.966667 3 3.033333 3.066667 3.1 3.133333 3.166667 3.2 3.233333 3.266667 3.3</float_array>
        <technique_common>
          <accessor source="#node-Bip001_matrix-input-array" count="90" stride="1">
            <param name="TIME" type="float"/>
          </accessor>
        </technique_common>
      </source>
      <source id="node-Bip001_matrix-output">
        <float_array id="node-Bip001_matrix-output-array" count="1440">0.4908427 -0.8335543 0.253497 0 0.8299861 0.5358466 0.1548918 0 -0.2649463 0.1343715 0.9548549 0.8529337 0 0 0 1 0.4909444 -0.8334781 0.2535507 0 0.8299015 0.5359677 0.1549268 0 -0.2650231 0.1343616 0.9548349 0.8533846 0 0 0 1 0.491031 -0.8334134 0.2535957 0 0.8298295 0.5360705 0.1549566 0 -0.2650881 0.1343526 0.9548181 0.8538139 0 0 0 1 0.4911035 -0.8333594 0.2536328 0 0.8297693 0.5361564 0.1549814 0 -0.2651421 0.1343447 0.9548043 0.8542219 0 0 0 1 0.4911627 -0.8333155 0.2536624 0 0.8297204 0.5362264 0.1550016 0 -0.2651857 0.1343378 0.9547931 0.8546091 0 0 0 1 0.4912094 -0.833281 0.2536852 0 0.8296818 0.5362815 0.1550176 0 -0.2652199 0.1343318 0.9547845 0.8549757 0 0 0 1 0.4912449 -0.8332551 0.2537016 0 0.8296527 0.5363231 0.1550295 0 -0.2652451 0.1343266 0.9547782 0.855322 0 0 0 1 0.4912697 -0.8332372 0.2537122 0 0.8296325 0.5363518 0.1550378 0 -0.2652623 0.1343224 0.954774 0.8556482 0 0 0 1 0.4912849 -0.8332266 0.2537176 0 0.8296204 0.5363691 0.1550428 0 -0.2652721 0.1343191 0.9547718 0.8559548 0 0 0 1 0.4912908 -0.8332229 0.2537182 0 0.8296159 0.5363755 0.1550447 0 -0.265275 0.1343166 0.9547713 0.856242 0 0 0 1 0.4912889 -0.8332252 0.2537147 0 0.829618 0.5363724 0.1550439 0 -0.265272 0.1343149 0.9547724 0.8565099 0 0 0 1 0.4912798 -0.8332327 0.2537074 0 0.829626 0.5363609 0.1550405 0 -0.2652635 0.134314 0.9547749 0.8567589 0 0 0 1 0.4912642 -0.8332452 0.2536969 0 0.8296396 0.5363417 0.1550349 0 -0.2652503 0.1343138 0.9547786 0.856989 0 0 0 1 0.491243 -0.8332616 0.2536837 0 0.8296576 0.5363159 0.1550275 0 -0.265233 0.1343144 0.9547833 0.8572006 0 0 0 1 0.491217 -0.8332816 0.2536683 0 0.8296796 0.5362845 0.1550184 0 -0.2652124 0.1343157 0.9547888 0.8573938 0 0 0 1 0.4911869 -0.8333045 0.2536512 0 0.8297049 0.5362483 0.155008 0 -0.2651889 0.1343178 0.9547951 0.8575688 0 0 0 1 0.4911537 -0.8333297 0.2536329 0 0.8297328 0.5362085 0.1549965 0 -0.2651633 0.1343204 0.9548018 0.8577256 0 0 0 1 0.491118 -0.8333566 0.2536139 0 0.8297625 0.5361661 0.1549842 0 -0.2651363 0.1343237 0.9548088 0.8578645 0 0 0 1 0.4910807 -0.8333843 0.2535947 0 0.8297935 0.5361217 0.1549714 0 -0.2651084 0.1343278 0.954816 0.8579856 0 0 0 1 0.4910426 -0.8334125 0.2535758 0 0.8298251 0.5360768 0.1549584 0 -0.2650804 0.1343324 0.9548231 0.858089 0 0 0 1 0.4910047 -0.8334404 0.2535578 0 0.8298562 0.5360323 0.1549454 0 -0.2650529 0.1343375 0.95483 0.8581748 0 0 0 1 0.4909673 -0.8334675 0.253541 0 0.8298867 0.5359887 0.1549329 0 -0.2650266 0.1343433 0.9548365 0.8582431 0 0 0 1 0.4909316 -0.8334931 0.2535261 0 0.8299157 0.5359472 0.1549209 0 -0.2650022 0.1343497 0.9548424 0.858294 0 0 0 1 0.4908985 -0.8335164 0.2535135 0 0.8299423 0.5359093 0.1549099 0 -0.2649802 0.1343564 0.9548475 0.8583275 0 0 0 1 0.4908686 -0.833537 0.2535038 0 0.829966 0.5358754 0.1549001 0 -0.2649615 0.1343638 0.9548517 0.8583436 0 0 0 1 0.4908428 -0.8335541 0.2534976 0 0.8299859 0.535847 0.1548919 0 -0.2649467 0.1343718 0.9548547 0.8583425 0 0 0 1 0.4908207 -0.8335683 0.2534934 0 0.8300028 0.5358228 0.1548849 0 -0.2649347 0.1343795 0.9548569 0.858301 0 0 0 1 0.4908009 -0.8335811 0.2534898 0 0.8300179 0.5358012 0.1548787 0 -0.2649241 0.1343864 0.9548589 0.8581902 0 0 0 1 0.4907836 -0.8335922 0.2534865 0 0.8300311 0.5357823 0.1548732 0 -0.2649147 0.1343924 0.9548606 0.8580146 0 0 0 1 0.4907684 -0.8336021 0.2534837 0 0.8300427 0.5357657 0.1548684 0 -0.2649065 0.1343977 0.9548622 0.8577781 0 0 0 1 0.4907553 -0.8336105 0.2534812 0 0.8300527 0.5357514 0.1548643 0 -0.2648994 0.1344023 0.9548635 0.8574847 0 0 0 1 0.4907441 -0.8336178 0.2534791 0 0.8300613 0.5357392 0.1548607 0 -0.2648934 0.1344062 0.9548646 0.8571386 0 0 0 1 0.4907349 -0.8336238 0.2534775 0 0.8300684 0.5357291 0.1548579 0 -0.2648885 0.1344094 0.9548656 0.8567436 0 0 0 1 0.4907273 -0.8336286 0.253476 0 0.8300741 0.5357208 0.1548555 0 -0.2648844 0.134412 0.9548663 0.8563038 0 0 0 1 0.4907215 -0.8336324 0.253475 0 0.8300785 0.5357145 0.1548537 0 -0.2648813 0.134414 0.9548669 0.8558229 0 0 0 1 0.4907173 -0.833635 0.2534741 0 0.8300817 0.5357099 0.1548523 0 -0.2648789 0.1344155 0.9548674 0.8553048 0 0 0 1 0.4907145 -0.8336369 0.2534736 0 0.8300839 0.5357068 0.1548514 0 -0.2648774 0.1344165 0.9548676 0.8547533 0 0 0 1 0.4907131 -0.8336378 0.2534734 0 0.830085 0.5357052 0.154851 0 -0.2648766 0.134417 0.9548678 0.8541723 0 0 0 1 0.4907128 -0.833638 0.2534733 0 0.8300852 0.535705 0.1548509 0 -0.2648766 0.1344171 0.9548678 0.8535655 0 0 0 1 0.4907139 -0.8336372 0.2534735 0 0.8300843 0.5357062 0.1548513 0 -0.2648771 0.1344167 0.9548677 0.8529366 0 0 0 1 0.490716 -0.8336359 0.2534739 0 0.8300828 0.5357084 0.1548519 0 -0.2648783 0.1344159 0.9548674 0.8522893 0 0 0 1 0.4907191 -0.833634 0.2534745 0 0.8300805 0.5357118 0.1548529 0 -0.2648799 0.1344149 0.9548671 0.8516275 0 0 0 1 0.4907231 -0.8336313 0.2534752 0 0.8300773 0.5357162 0.1548541 0 -0.264882 0.1344135 0.9548668 0.8509547 0 0 0 1 0.4907279 -0.8336283 0.2534761 0 0.8300737 0.5357214 0.1548556 0 -0.2648846 0.1344118 0.9548663 0.8502746 0 0 0 1 0.4907333 -0.8336247 0.2534772 0 0.8300696 0.5357274 0.1548573 0 -0.2648876 0.1344099 0.9548657 0.849591 0 0 0 1 0.4907393 -0.8336209 0.2534782 0 0.830065 0.5357339 0.1548593 0 -0.2648909 0.1344078 0.9548651 0.8489074 0 0 0 1 0.4907459 -0.8336166 0.2534795 0 0.8300599 0.5357411 0.1548613 0 -0.2648944 0.1344055 0.9548645 0.8482277 0 0 0 1 0.4907529 -0.8336121 0.2534808 0 0.8300545 0.5357488 0.1548635 0 -0.2648982 0.1344031 0.9548637 0.8475555 0 0 0 1 0.4907603 -0.8336073 0.2534822 0 0.8300489 0.5357568 0.1548659 0 -0.2649021 0.1344006 0.954863 0.8468944 0 0 0 1 0.4907678 -0.8336024 0.2534835 0 0.8300432 0.5357651 0.1548683 0 -0.2649062 0.1343979 0.9548622 0.8462482 0 0 0 1 0.4907755 -0.8335975 0.253485 0 0.8300373 0.5357734 0.1548706 0 -0.2649103 0.1343953 0.9548615 0.8456205 0 0 0 1 0.4907832 -0.8335926 0.2534864 0 0.8300315 0.5357818 0.1548731 0 -0.2649145 0.1343926 0.9548607 0.8450151 0 0 0 1 0.4907907 -0.8335877 0.2534878 0 0.8300257 0.5357901 0.1548755 0 -0.2649186 0.1343899 0.9548599 0.8444358 0 0 0 1 0.4907983 -0.8335828 0.2534893 0 0.8300199 0.5357983 0.1548779 0 -0.2649226 0.1343873 0.9548592 0.8438863 0 0 0 1 0.4908055 -0.8335781 0.2534906 0 0.8300144 0.5358062 0.1548802 0 -0.2649266 0.1343848 0.9548584 0.8433703 0 0 0 1 0.4908125 -0.8335737 0.2534919 0 0.8300091 0.5358138 0.1548823 0 -0.2649303 0.1343824 0.9548578 0.8428918 0 0 0 1 0.4908189 -0.8335695 0.2534931 0 0.8300042 0.5358209 0.1548843 0 -0.2649338 0.1343801 0.9548571 0.8424546 0 0 0 1 0.4908248 -0.8335657 0.2534942 0 0.8299996 0.5358273 0.1548862 0 -0.264937 0.134378 0.9548565 0.8420624 0 0 0 1 0.4908301 -0.8335623 0.2534952 0 0.8299956 0.535833 0.1548879 0 -0.2649398 0.1343762 0.954856 0.8417193 0 0 0 1 0.4908347 -0.8335593 0.2534961 0 0.8299921 0.535838 0.1548894 0 -0.2649423 0.1343746 0.9548555 0.8414293 0 0 0 1 0.4908384 -0.8335569 0.2534967 0 0.8299893 0.5358421 0.1548905 0 -0.2649443 0.1343733 0.9548552 0.8411963 0 0 0 1 0.4908412 -0.8335551 0.2534973 0 0.8299871 0.5358452 0.1548914 0 -0.2649458 0.1343724 0.9548549 0.8410244 0 0 0 1 0.4908428 -0.8335541 0.2534976 0 0.8299859 0.535847 0.1548919 0 -0.2649467 0.1343718 0.9548547 0.8409177 0 0 0 1 0.4908435 -0.8335536 0.2534977 0 0.8299854 0.5358477 0.1548922 0 -0.2649471 0.1343715 0.9548546 0.8408802 0 0 0 1 0.4908435 -0.8335536 0.2534977 0 0.8299854 0.5358477 0.1548922 0 -0.2649471 0.1343715 0.9548546 0.8409105 0 0 0 1 0.4908435 -0.8335536 0.2534977 0 0.8299854 0.5358477 0.1548921 0 -0.264947 0.1343715 0.9548546 0.8409962 0 0 0 1 0.4908435 -0.8335536 0.2534977 0 0.8299854 0.5358477 0.1548921 0 -0.264947 0.1343715 0.9548546 0.8411341 0 0 0 1 0.4908434 -0.8335537 0.2534977 0 0.8299855 0.5358475 0.1548921 0 -0.264947 0.1343715 0.9548546 0.8413213 0 0 0 1 0.4908434 -0.8335537 0.2534976 0 0.8299855 0.5358475 0.1548921 0 -0.2649469 0.1343715 0.9548547 0.8415548 0 0 0 1 0.4908434 -0.8335537 0.2534976 0 0.8299855 0.5358475 0.154892 0 -0.2649469 0.1343715 0.9548547 0.8418319 0 0 0 1 0.4908433 -0.8335538 0.2534976 0 0.8299856 0.5358474 0.154892 0 -0.2649469 0.1343715 0.9548547 0.8421494 0 0 0 1 0.4908433 -0.8335538 0.2534976 0 0.8299856 0.5358474 0.154892 0 -0.2649468 0.1343716 0.9548547 0.8425049 0 0 0 1 0.4908431 -0.8335539 0.2534975 0 0.8299857 0.5358472 0.154892 0 -0.2649468 0.1343716 0.9548547 0.8428955 0 0 0 1 0.4908431 -0.8335539 0.2534974 0 0.8299857 0.5358472 0.154892 0 -0.2649467 0.1343716 0.9548547 0.8433184 0 0 0 1 0.4908429 -0.833554 0.2534974 0 0.8299859 0.535847 0.154892 0 -0.2649466 0.1343716 0.9548547 0.843771 0 0 0 1 0.4908429 -0.8335541 0.2534974 0 0.8299859 0.535847 0.1548919 0 -0.2649466 0.1343716 0.9548547 0.8442507 0 0 0 1 0.4908428 -0.8335541 0.2534973 0 0.8299859 0.5358468 0.1548919 0 -0.2649465 0.1343716 0.9548547 0.8447548 0 0 0 1 0.4908428 -0.8335541 0.2534973 0 0.8299859 0.5358468 0.1548919 0 -0.2649465 0.1343716 0.9548548 0.8452808 0 0 0 1 0.4908427 -0.8335542 0.2534973 0 0.829986 0.5358467 0.1548919 0 -0.2649464 0.1343716 0.9548548 0.8458261 0 0 0 1 0.4908427 -0.8335543 0.2534973 0 0.8299861 0.5358466 0.1548919 0 -0.2649464 0.1343716 0.9548548 0.8463881 0 0 0 1 0.4908425 -0.8335544 0.2534972 0 0.8299862 0.5358465 0.1548918 0 -0.2649464 0.1343716 0.9548548 0.8469641 0 0 0 1 0.4908425 -0.8335544 0.2534971 0 0.8299862 0.5358464 0.1548918 0 -0.2649463 0.1343716 0.9548548 0.8475517 0 0 0 1 0.4908424 -0.8335545 0.2534971 0 0.8299863 0.5358463 0.1548918 0 -0.2649462 0.1343716 0.9548549 0.8481484 0 0 0 1 0.4908422 -0.8335545 0.2534971 0 0.8299865 0.5358462 0.1548917 0 -0.2649462 0.1343717 0.9548549 0.8487514 0 0 0 1 0.4908421 -0.8335546 0.253497 0 0.8299866 0.535846 0.1548917 0 -0.2649461 0.1343717 0.9548549 0.8493583 0 0 0 1 0.4908421 -0.8335546 0.253497 0 0.8299866 0.535846 0.1548917 0 -0.2649461 0.1343717 0.9548549 0.8499665 0 0 0 1 0.4908421 -0.8335546 0.253497 0 0.8299866 0.535846 0.1548917 0 -0.2649461 0.1343717 0.9548549 0.8505733 0 0 0 1 0.4908421 -0.8335546 0.253497 0 0.8299866 0.535846 0.1548916 0 -0.264946 0.1343717 0.9548549 0.8511761 0 0 0 1 0.4908421 -0.8335546 0.2534969 0 0.8299866 0.5358459 0.1548916 0 -0.2649459 0.1343717 0.9548549 0.8517722 0 0 0 1 0.4908421 -0.8335546 0.2534969 0 0.8299866 0.5358459 0.1548916 0 -0.2649459 0.1343717 0.9548549 0.852359 0 0 0 1</float_array>
        <technique_common>
          <accessor source="#node-Bip001_matrix-output-array" count="90" stride="16">
            <param name="TRANSFORM" type="float4x4"/>
          </accessor>
        </technique_common>
      </source>
      <source id="node-Bip001_matrix-interpolation">
        <Name_array id="node-Bip001_matrix-interpolation-array" count="90">LINEAR LINEAR LINEAR LINEAR LINEAR LINEAR LINEAR LINEAR LINEAR LINEAR LINEAR LINEAR LINEAR LINEAR LINEAR LINEAR LINEAR LINEAR LINEAR LINEAR LINEAR LINEAR LINEAR LINEAR LINEAR LINEAR LINEAR LINEAR LINEAR LINEAR LINEAR LINEAR LINEAR LINEAR LINEAR LINEAR LINEAR LINEAR LINEAR LINEAR LINEAR LINEAR LINEAR LINEAR LINEAR LINEAR LINEAR LINEAR LINEAR LINEAR LINEAR LINEAR LINEAR LINEAR LINEAR LINEAR LINEAR LINEAR LINEAR LINEAR LINEAR LINEAR LINEAR LINEAR LINEAR LINEAR LINEAR LINEAR LINEAR LINEAR LINEAR LINEAR LINEAR LINEAR LINEAR LINEAR LINEAR LINEAR LINEAR LINEAR LINEAR LINEAR LINEAR LINEAR LINEAR LINEAR LINEAR LINEAR LINEAR LINEAR</Name_array>
        <technique_common>
          <accessor source="#node-Bip001_matrix-interpolation-array" count="90" stride="1">
            <param name="INTERPOLATION" type="name"/>
          </accessor>
        </technique_common>
      </source>
      <source id="node-Bip001_Head_matrix-input">
        <float_array id="node-Bip001_Head_matrix-input-array" count="90">0.3333333 0.3666667 0.4 0.4333333 0.4666667 0.5 0.5333334 0.5666667 0.6 0.6333333 0.6666667 0.7 0.7333333 0.7666667 0.8 0.8333333 0.8666667 0.9 0.9333333 0.9666666 1 1.033333 1.066667 1.1 1.133333 1.166667 1.2 1.233333 1.266667 1.3 1.333333 1.366667 1.4 1.433333 1.466667 1.5 1.533333 1.566667 1.6 1.633333 1.666667 1.7 1.733333 1.766667 1.8 1.833333 1.866667 1.9 1.933333 1.966667 2 2.033333 2.066667 2.1 2.133333 2.166667 2.2 2.233333 2.266667 2.3 2.333333 2.366667 2.4 2.433333 2.466667 2.5 2.533333 2.566667 2.6 2.633333 2.666667 2.7 2.733333 2.766667 2.8 2.833333 2.866667 2.9 2.933333 2.966667 3 3.033333 3.066667 3.1 3.133333 3.166667 3.2 3.233333 3.266667 3.3</float_array>
        <technique_common>
          <accessor source="#node-Bip001_Head_matrix-input-array" count="90" stride="1">
            <param name="TIME" type="float"/>
          </accessor>
        </technique_common>
      </source>
      <source id="node-Bip001_Head_matrix-output">
