<?xml version="1.0" encoding="utf-8"?>
<COLLADA xmlns="http://www.collada.org/2005/11/COLLADASchema" version="1.4.1">
  <asset>
    <contributor>
      <author>MattO</author>
      <authoring_tool>OpenCOLLADA for 3ds Max;  Version: 1.3.0;  Revision: 839M;  Platform: x64;  Configuration: Release_Max2012</authoring_tool>
      <source_data>file:///Z:/Art_Resources/WIP/Art_Pack/Alien_Pack/Kralmok/Mantis_TP_Kralmok_Animation_Master.max</source_data>
    </contributor>
    <created>2011-10-24T17:11:34</created>
    <modified>2011-10-24T17:11:34</modified>
    <unit name="meter" meter="1"/>
    <up_axis>Z_UP</up_axis>
  </asset>
  <library_effects>
    <effect id="ColorEffectR88G199B225">
      <profile_COMMON>
        <technique sid="common">
          <phong>
            <ambient>
              <color>0.345098 0.7803922 0.8823529 1</color>
            </ambient>
            <diffuse>
              <color>0.345098 0.7803922 0.8823529 1</color>
            </diffuse>
            <specular>
              <color>1 1 1 1</color>
            </specular>
            <shininess>
              <float>10</float>
            </shininess>
            <reflective>
              <color>0 0 0 1</color>
            </reflective>
            <transparent>
              <color>1 1 1 1</color>
            </transparent>
            <transparency>
              <float>1</float>
            </transparency>
          </phong>
        </technique>
      </profile_COMMON>
    </effect>
  </library_effects>
  <library_materials>
    <material id="ColorEffectR88G199B225-material" name="ColorEffectR88G199B225-material">
      <instance_effect url="#ColorEffectR88G199B225"/>
    </material>
  </library_materials>
  <library_geometries>
    <geometry id="geom-Bounds" name="Bounds">
      <mesh>
        <source id="geom-Bounds-positions">
          <float_array id="geom-Bounds-positions-array" count="24">-0.5 -0.5 0 0.5 -0.5 0 -0.5 0.5 0 0.5 0.5 0 -0.5 -0.5 2 0.5 -0.5 2 -0.5 0.5 2 0.5 0.5 2</float_array>
          <technique_common>
            <accessor source="#geom-Bounds-positions-array" count="8" stride="3">
              <param name="X" type="float"/>
              <param name="Y" type="float"/>
              <param name="Z" type="float"/>
            </accessor>
          </technique_common>
        </source>
        <source id="geom-Bounds-normals">
          <float_array id="geom-Bounds-normals-array" count="72">0 0 -1 0 0 -1 0 0 -1 0 0 -1 0 0 1 0 0 1 0 0 1 0 0 1 0 -1 0 0 -1 0 0 -1 0 0 -1 0 1 0 0 1 0 0 1 0 0 1 0 0 0 1 0 0 1 0 0 1 0 0 1 0 -1 0 0 -1 0 0 -1 0 0 -1 0 0</float_array>
          <technique_common>
            <accessor source="#geom-Bounds-normals-array" count="24" stride="3">
              <param name="X" type="float"/>
              <param name="Y" type="float"/>
              <param name="Z" type="float"/>
            </accessor>
          </technique_common>
        </source>
        <source id="geom-Bounds-map1">
          <float_array id="geom-Bounds-map1-array" count="36">0 0 0 1 0 0 0 1 0 1 1 0 0 0 0 1 0 0 0 1 0 1 1 0 0 0 0 1 0 0 0 1 0 1 1 0</float_array>
          <technique_common>
            <accessor source="#geom-Bounds-map1-array" count="12" stride="3">
              <param name="S" type="float"/>
              <param name="T" type="float"/>
              <param name="P" type="float"/>
            </accessor>
          </technique_common>
        </source>
        <vertices id="geom-Bounds-vertices">
          <input semantic="POSITION" source="#geom-Bounds-positions"/>
        </vertices>
        <triangles material="ColorMaterial" count="12">
          <input semantic="VERTEX" source="#geom-Bounds-vertices" offset="0"/>
          <input semantic="NORMAL" source="#geom-Bounds-normals" offset="1"/>
          <input semantic="TEXCOORD" source="#geom-Bounds-map1" offset="2" set="0"/>
          <p>0 0 9 2 1 11 3 2 10 3 2 10 1 3 8 0 0 9 4 4 8 5 5 9 7 6 11 7 6 11 6 7 10 4 4 8 0 8 4 1 9 5 5 10 7 5 10 7 4 11 6 0 8 4 1 12 0 3 13 1 7 14 3 7 14 3 5 15 2 1 12 0 3 16 4 2 17 5 6 18 7 6 18 7 7 19 6 3 16 4 2 20 0 0 21 1 4 22 3 4 22 3 6 23 2 2 20 0</p>
        </triangles>
      </mesh>
      <extra>
        <technique profile="OpenCOLLADA3dsMax">
          <max_box>
            <generateuvs>1</generateuvs>
            <height>2</height>
            <heightsegments>1</heightsegments>
            <length>1</length>
            <lengthsegments>1</lengthsegments>
            <width>1</width>
            <widthsegments>1</widthsegments>
          </max_box>
        </technique>
      </extra>
    </geometry>
  </library_geometries>
  <library_lights>
    <light id="EnvironmentAmbientLight" name="EnvironmentAmbientLight">
      <technique_common>
        <ambient>
          <color>0 0 0</color>
        </ambient>
      </technique_common>
    </light>
  </library_lights>
  <library_visual_scenes>
    <visual_scene id="MaxScene">
      <node name="EnvironmentAmbientLight">
        <instance_light url="#EnvironmentAmbientLight"/>
      </node>
      <node id="node-Bip001" name="Bip001">
        <matrix sid="matrix">0.4908449 -0.8335524 0.2534989 0 0.8299841 0.5358495 0.1548927 -4.37066e-8 -0.2649485 0.1343718 0.9548542 0.600289 0 0 0 1</matrix>
        <node id="node-Bip001_Pelvis" name="Bip001_Pelvis">
          <matrix sid="matrix">-0.06006099 0.9981923 -0.002268143 0 -0.1512669 -0.006855613 0.9884692 0 0.9866668 0.05971153 0.1514052 0 0 0 0 1</matrix>
          <node id="node-Bip001_Spine" name="Bip001_Spine">
            <matrix sid="matrix">0.9210865 -0.05133525 -0.3859589 0.09690124 0.02174339 0.9965051 -0.08065192 0.005775914 0.3887504 0.06589531 0.9189838 0.01486306 0 0 0 1</matrix>
            <node id="node-Bip001_Spine1" name="Bip001_Spine1">
              <matrix>0.9235708 -0.3709309 -0.09709481 0.1110483 0.369598 0.9286392 -0.03204076 -8.20607e-5 0.1020509 -0.00629415 0.9947594 5.58794e-7 0 0 0 1</matrix>
              <node id="node-Bip001_Spine2" name="Bip001_Spine2">
                <matrix sid="matrix">0.9781343 -0.1350432 -0.1581679 0.1110275 0.1528821 0.9824771 0.1066114 -8.69036e-5 0.1409992 -0.1284613 0.98164 1.13398e-5 0 0 0 1</matrix>
                <node id="node-Bip001_Spine3" name="Bip001_Spine3">
                  <matrix sid="matrix">0.9451491 -0.22882 -0.233098 0.111054 0.2576066 0.960933 0.1012271 -1.61409e-4 0.2008287 -0.1557221 0.9671704 2.61366e-5 0 0 0 1</matrix>
                  <node id="node-Bip001_Neck" name="Bip001_Neck">
                    <matrix>0.9888968 -0.06419969 -0.1340206 0.2584252 0.04748259 0.9910949 -0.1244033 0.01280218 0.1408138 0.1166585 0.9831389 -4.58956e-6 0 0 0 1</matrix>
                    <node id="node-Bip001_Neck1" name="Bip001_Neck1">
                      <matrix>0.9879368 0.1545504 -0.009731442 0.04894269 -0.1547313 0.9826607 -0.1021559 -3.83258e-5 -0.006225497 0.1024293 0.9947208 -4.05312e-6 0 0 0 1</matrix>
                      <node id="node-Bip001_Neck2" name="Bip001_Neck2">
                        <matrix>0.9545162 0.2811763 -0.09919003 0.04893774 -0.2884499 0.9550411 -0.06850681 -3.71933e-5 0.07546806 0.09400216 0.9927074 -3.63588e-6 0 0 0 1</matrix>
                        <node id="node-Bip001_Head" name="Bip001_Head">
                          <matrix sid="matrix">0.8997803 0.2683106 0.3440999 0.04894865 -0.1892874 0.9505494 -0.2462234 2.98023e-8 -0.3931482 0.1564133 0.9060737 0 0 0 0 1</matrix>
                          <node id="node-Bip001_Ponytail1" name="Bip001_Ponytail1">
                            <matrix>-0.05999058 -0.9981991 -2.76836e-6 0.009580612 0.998199 -0.05999053 -2.93972e-6 0.1139534 2.76789e-6 -2.93925e-6 1 9.31323e-8 0 0 0 1</matrix>
                          </node>
                          <node id="node-ALTEYE" name="ALTEYE">
                            <matrix>-0.00948812 0.5772443 0.8165167 0.1153698 0.002645059 0.816565 -0.5772478 0.2046644 -0.9999517 -0.003317262 -0.00927451 -0.001006845 0 0 0 1</matrix>
                          </node>
                        </node>
                      </node>
                    </node>
                    <node id="node-Bip001_L_Clavicle" name="Bip001_L_Clavicle">
                      <matrix>0.3867267 0.04316633 0.9211834 -0.04311705 0.6360108 -0.7358134 -0.232527 0.007411897 0.6677818 0.6758071 -0.312013 0.02784044 0 0 0 1</matrix>
                      <node id="node-Bip001_L_UpperArm" name="Bip001_L_UpperArm">
                        <matrix sid="matrix">0.9730997 0.0963456 -0.2092711 0.07966626 0.165797 0.3378426 0.9264846 -1.49012e-8 0.1599633 -0.9362583 0.3127808 0 0 0 0 1</matrix>
                        <node id="node-Bip001_L_Forearm" name="Bip001_L_Forearm">
                          <matrix sid="matrix">0.1230719 0.9923977 0 0.4297335 -0.9923978 0.1230719 -2.98023e-8 0 0 2.98023e-8 0.9999999 0 0 0 0 1</matrix>
                          <node id="node-Bip001_L_Hand" name="Bip001_L_Hand">
                            <matrix sid="matrix">0.9679002 -0.182363 -0.172954 0.3774394 0.2198869 0.2811131 0.9341441 -2.98023e-8 -0.1217336 -0.9421886 0.3121886 5.96046e-8 0 0 0 1</matrix>
                            <node id="node-Bip001_L_Finger0" name="Bip001_L_Finger0">
                              <matrix>0.7373679 0.3989063 0.5451256 0.03908241 0.5702345 0.06501222 -0.8189054 0.01738536 -0.3621064 0.914684 -0.1795322 -0.04049927 0 0 0 1</matrix>
                              <node id="node-Bip001_L_Finger01" name="Bip001_L_Finger01">
                                <matrix>0.5320405 -0.846719 -2.23517e-8 0.1027656 0.846719 0.5320405 -2.98023e-8 -1.19209e-7 0 1.49012e-8 1 0 0 0 0 1</matrix>
                                <node id="node-Bip001_L_Finger02" name="Bip001_L_Finger02">
                                  <matrix>0.7835936 -0.6212736 0 0.05252492 0.6212736 0.7835937 0 -2.98023e-8 -2.98023e-8 -2.98023e-8 1 0 0 0 0 1</matrix>
                                </node>
                              </node>
                            </node>
                            <node id="node-Bip001_L_Finger1" name="Bip001_L_Finger1">
                              <matrix>0.6375436 -0.7703909 0.005983941 0.1458856 0.7704015 0.6375586 7.96288e-4 -1.52588e-5 -0.00442861 0.004102379 0.9999818 -0.01919666 0 0 0 1</matrix>
                              <node id="node-Bip001_L_Finger11" name="Bip001_L_Finger11">
                                <matrix>-0.3951852 -0.9186015 0 0.08578122 0.9186016 -0.395185 0 1.19209e-7 -8.9407e-8 2.98023e-8 1 0 0 0 0 1</matrix>
                                <node id="node-Bip001_L_Finger12" name="Bip001_L_Finger12">
                                  <matrix>0.9649357 -0.2624862 0 0.05549777 0.2624862 0.9649358 0 -2.98023e-8 0 2.98023e-8 1 2.98023e-8 0 0 0 1</matrix>
                                </node>
                              </node>
                            </node>
                            <node id="node-Bip001_L_Finger2" name="Bip001_L_Finger2">
                              <matrix>0.5018924 -0.8550149 -0.1305896 0.1437581 0.8647375 0.492844 0.09661078 0.003213346 -0.01824337 -0.1614139 0.9867182 0.02870396 0 0 0 1</matrix>
                              <node id="node-Bip001_L_Finger21" name="Bip001_L_Finger21">
                                <matrix>0.05968934 -0.9982172 5.96046e-8 0.0714843 0.9982172 0.05968919 0 1.19209e-7 5.96046e-8 -2.98023e-8 1 2.98023e-8 0 0 0 1</matrix>
                                <node id="node-Bip001_L_Finger22" name="Bip001_L_Finger22">
                                  <matrix>0.8033118 -0.5955585 -5.96046e-8 0.05113876 0.5955586 0.8033117 -2.98023e-8 -2.98023e-8 1.49012e-8 2.98023e-8 1 0 0 0 0 1</matrix>
                                </node>
                              </node>
                            </node>
                          </node>
                        </node>
                        <node id="node-Bip001_L_ForeTwist" name="Bip001_L_ForeTwist">
                          <matrix sid="matrix">0.1230719 0.9866681 -0.1064866 0.4297335 -0.9923978 0.1223613 -0.01320589 0 0 0.1073024 0.9942264 0 0 0 0 1</matrix>
                          <node id="node-Bip001_L_ForeTwist1" name="Bip001_L_ForeTwist1">
                            <matrix sid="matrix">0.9999999 -1.49012e-8 2.98023e-8 0.1887197 2.98023e-8 0.9942263 -0.1073024 -5.96046e-8 2.98023e-8 0.1073023 0.9942264 5.96046e-8 0 0 0 1</matrix>
                          </node>
                        </node>
                      </node>
                      <node id="node-Bip001_LUpArmTwist" name="Bip001_LUpArmTwist">
                        <matrix sid="matrix">0.9730997 0.0963456 -0.2092711 0.07966626 0.165797 0.3378426 0.9264846 -1.49012e-8 0.1599633 -0.9362583 0.3127808 0 0 0 0 1</matrix>
                        <node id="node-Bip001_LUpArmTwist1" name="Bip001_LUpArmTwist1">
                          <matrix>0.9999999 2.98023e-8 0 0.2148668 5.96046e-8 0.9999999 -2.98023e-8 0 0 0 0.9999999 0 0 0 0 1</matrix>
                        </node>
                      </node>
                    </node>
                    <node id="node-Bip001_R_Clavicle" name="Bip001_R_Clavicle">
                      <matrix>-0.4125289 -0.1381768 -0.9004037 -0.04935789 0.6517029 -0.7353821 -0.1857318 0.002241969 -0.6364771 -0.6634156 0.3934166 -0.01573151 0 0 0 1</matrix>
                      <node id="node-Bip001_R_UpperArm" name="Bip001_R_UpperArm">
                        <matrix sid="matrix">0.7421805 0.3146593 -0.5917413 0.07966617 -0.6693434 0.3926352 -0.6307273 2.38419e-7 0.03387427 0.8641915 0.5020213 -5.96046e-8 0 0 0 1</matrix>
                        <node id="node-Bip001_R_Forearm" name="Bip001_R_Forearm">
                          <matrix sid="matrix">-0.5804823 0.8142729 0 0.4297335 -0.8142729 -0.5804822 7.10133e-9 -2.98023e-8 8.9407e-8 -8.9407e-8 1 0 0 0 0 1</matrix>
                          <node id="node-Bip001_R_Hand" name="Bip001_R_Hand">
                            <matrix sid="matrix">0.783902 0.3688285 0.4994628 0.3774393 0.617524 -0.3795651 -0.688908 -1.19209e-7 -0.06451026 0.8484668 -0.5253024 -5.96046e-8 0 0 0 1</matrix>
                            <node id="node-Bip001_R_Finger0" name="Bip001_R_Finger0">
                              <matrix>0.6486482 0.5772245 -0.4960517 0.03908235 0.667616 -0.1185831 0.7350016 0.01738536 0.3654375 -0.8079293 -0.462283 0.04049921 0 0 0 1</matrix>
                              <node id="node-Bip001_R_Finger01" name="Bip001_R_Finger01">
                                <matrix>0.6155393 -0.7881061 0 0.1027657 0.7881061 0.6155394 2.98023e-8 5.96046e-8 -2.98023e-8 0 1 0 0 0 0 1</matrix>
                                <node id="node-Bip001_R_Finger02" name="Bip001_R_Finger02">
                                  <matrix>0.1523352 -0.9883289 -1.49012e-8 0.05252495 0.9883289 0.1523352 0 0 5.96046e-8 1.49012e-8 1 0 0 0 0 1</matrix>
                                </node>
                              </node>
                            </node>
                            <node id="node-Bip001_R_Finger1" name="Bip001_R_Finger1">
                              <matrix>0.7109716 -0.6323431 -0.3076713 0.1458857 0.6327783 0.7661361 -0.1123713 -1.53035e-5 0.3067753 -0.1147949 0.9448339 0.01919663 0 0 0 1</matrix>
                              <node id="node-Bip001_R_Finger11" name="Bip001_R_Finger11">
                                <matrix>-0.6406224 -0.7678562 2.98023e-8 0.08578122 0.7678561 -0.6406224 -7.45058e-9 0 0 1.49012e-8 0.9999999 -5.96046e-8 0 0 0 1</matrix>
                                <node id="node-Bip001_R_Finger12" name="Bip001_R_Finger12">
                                  <matrix>0.8432423 -0.5375337 0 0.05549788 0.5375336 0.8432423 -1.49012e-8 -1.49012e-8 0 0 0.9999999 1.19209e-7 0 0 0 1</matrix>
                                </node>
                              </node>
                            </node>
                            <node id="node-Bip001_R_Finger2" name="Bip001_R_Finger2">
                              <matrix>0.2634971 -0.9557803 0.1305896 0.1437581 0.9628298 0.2522404 -0.09661078 0.003213361 0.0593987 0.1511922 0.9867182 -0.02870393 0 0 0 1</matrix>
                              <node id="node-Bip001_R_Finger21" name="Bip001_R_Finger21">
                                <matrix>-0.03544474 -0.9993716 3.72529e-9 0.07148442 0.9993717 -0.03544476 2.98023e-8 5.96046e-8 0 7.45058e-9 1 0 0 0 0 1</matrix>
                                <node id="node-Bip001_R_Finger22" name="Bip001_R_Finger22">
                                  <matrix>0.7483485 -0.6633058 1.49012e-8 0.05113888 0.6633058 0.7483485 -3.72529e-9 -7.45058e-9 7.45058e-9 -2.98023e-8 1 0 0 0 0 1</matrix>
                                </node>
                              </node>
                            </node>
                            <node id="node-mount0" name="mount0">
                              <matrix>-2.67391e-8 1 5.22938e-7 0.1088288 -1 -3.02782e-7 -1.15484e-7 0.03070411 1.52737e-7 -4.13973e-7 0.9999998 0.01333505 0 0 0 1</matrix>
                            </node>
                          </node>
                        </node>
                        <node id="node-Bip001_R_ForeTwist" name="Bip001_R_ForeTwist">
                          <matrix sid="matrix">-0.5804823 0.7951493 -0.1754363 0.4297335 -0.8142729 -0.5668492 0.1250657 -2.98023e-8 8.9407e-8 0.2154514 0.9765145 0 0 0 0 1</matrix>
                          <node id="node-Bip001_R_ForeTwist1" name="Bip001_R_ForeTwist1">
                            <matrix sid="matrix">1 -2.98023e-8 0 0.1887197 0 0.9765146 -0.2154515 5.96046e-8 0 0.2154515 0.9765146 0 0 0 0 1</matrix>
                          </node>
                        </node>
                      </node>
                      <node id="node-Bip001_RUpArmTwist" name="Bip001_RUpArmTwist">
                        <matrix sid="matrix">0.7421805 0.3146593 -0.5917413 0.07966617 -0.6693434 0.3926352 -0.6307273 2.38419e-7 0.03387427 0.8641915 0.5020213 -5.96046e-8 0 0 0 1</matrix>
                        <node id="node-Bip001_RUpArmTwist1" name="Bip001_RUpArmTwist1">
                          <matrix>1 1.92085e-9 0 0.2148668 -1.74623e-9 1 7.10133e-9 0 0 5.52973e-9 1 0 0 0 0 1</matrix>
                        </node>
                      </node>
                    </node>
                  </node>
                </node>
              </node>
            </node>
            <node id="node-Bip001_L_Thigh" name="Bip001_L_Thigh">
              <matrix sid="matrix">-0.9776028 0.2104555 0.001176521 -0.06690449 0.1629269 0.7532614 0.6372223 0.003028527 0.1332207 0.623142 -0.7706794 0.09099667 0 0 0 1</matrix>
              <node id="node-Bip001_L_Calf" name="Bip001_L_Calf">
                <matrix sid="matrix">-0.8599536 0.5103721 0 0.4541689 -0.5103722 -0.8599538 -4.42378e-9 -3.72529e-9 4.47035e-8 -1.49012e-8 0.9999999 7.45058e-9 0 0 0 1</matrix>
                <node id="node-Bip001_L_HorseLink" name="Bip001_L_HorseLink">
                  <matrix sid="matrix">-0.9623387 -0.2718529 1.49012e-8 0.3208733 0.271853 -0.9623387 1.11759e-8 -7.45058e-9 9.68575e-8 1.67638e-8 1 -2.23517e-8 0 0 0 1</matrix>
                  <node id="node-Bip001_L_Foot" name="Bip001_L_Foot">
                    <matrix sid="matrix">0.9706799 0.2288473 -0.07355256 0.3617601 -0.2262845 0.9731733 0.04158064 -1.11759e-8 0.08109492 -0.02371771 0.9964242 0 0 0 0 1</matrix>
                    <node id="node-Bip001_L_Toe0" name="Bip001_L_Toe0">
                      <matrix sid="matrix">-0.2454681 -0.9694048 5.10715e-8 0.08654235 0.9569955 -0.2423259 0.1594924 0.1234713 -0.1546127 0.03915034 0.9871992 -0.02420598 0 0 0 1</matrix>
                      <node id="node-Bip001_L_Toe01" name="Bip001_L_Toe01">
                        <matrix sid="matrix">0.9623387 0.2718536 2.18549e-8 0.04576608 -0.2718536 0.9623386 -1.30601e-8 -5.58794e-9 -1.42987e-8 5.68298e-9 1 7.45058e-9 0 0 0 1</matrix>
                        <node id="node-Bip001_L_Toe02" name="Bip001_L_Toe02">
                          <matrix sid="matrix">0.9133543 0.4071655 4.4055e-8 0.03187378 -0.4071655 0.9133544 -6.96673e-10 1.86265e-9 -2.09104e-9 1.88218e-8 1 1.49012e-8 0 0 0 1</matrix>
                        </node>
                      </node>
                    </node>
                    <node id="node-Bip001_L_Toe1" name="Bip001_L_Toe1">
                      <matrix sid="matrix">-0.2402829 -0.9707029 1.09993e-7 0.09280638 0.9404519 -0.2327948 -0.2477028 0.1308167 0.2404459 -0.05951866 0.9688361 0.03696451 0 0 0 1</matrix>
                      <node id="node-Bip001_L_Toe11" name="Bip001_L_Toe11">
                        <matrix sid="matrix">0.9830521 0.1833258 1.09686e-10 0.04370602 -0.1833258 0.9830521 3.65645e-11 -3.72529e-9 -5.68043e-11 -2.54374e-11 0.9999999 7.45058e-9 0 0 0 1</matrix>
                        <node id="node-Bip001_L_Toe12" name="Bip001_L_Toe12">
                          <matrix sid="matrix">0.9040334 0.4274614 2.38235e-10 0.03796012 -0.4274614 0.9040334 -1.44098e-11 9.31323e-10 3.43908e-10 -4.75282e-11 0.9999999 7.45058e-9 0 0 0 1</matrix>
                        </node>
                      </node>
                    </node>
                    <node id="node-Bip001_L_Toe2" name="Bip001_L_Toe2">
                      <matrix sid="matrix">0.04881953 -0.8895264 0.4542679 0.06798328 0.1495167 -0.4431771 -0.8838772 0.002804009 0.9875534 0.1110711 0.1113633 0.04295148 0 0 0 1</matrix>
                      <node id="node-Bip001_L_Toe21" name="Bip001_L_Toe21">
                        <matrix>0.9999999 1.49012e-8 1.67638e-8 0.01451743 1.49012e-8 1 0 0 -2.42144e-8 0 1 -3.72529e-9 0 0 0 1</matrix>
                        <node id="node-Bip001_L_Toe22" name="Bip001_L_Toe22">
                          <matrix sid="matrix">0.5236048 0.8519613 1.67638e-8 0.03369504 -0.8519613 0.5236049 0 3.72529e-9 -2.98023e-8 -1.49012e-8 1 3.72529e-9 0 0 0 1</matrix>
                        </node>
                      </node>
                    </node>
                  </node>
                </node>
              </node>
            </node>
            <node id="node-Bip001_R_Thigh" name="Bip001_R_Thigh">
              <matrix sid="matrix">-0.1661519 0.9663289 0.1964742 -0.1234115 0.9423319 0.09689273 0.3203474 -0.006549925 0.2905241 0.2383702 -0.9267015 -0.04258303 0 0 0 1</matrix>
              <node id="node-Bip001_R_Calf" name="Bip001_R_Calf">
                <matrix sid="matrix">-0.9623785 0.2717125 -7.45058e-9 0.4541689 -0.2717124 -0.9623786 -1.49012e-8 -2.98023e-8 2.79397e-8 -5.96046e-8 1 -1.49012e-8 0 0 0 1</matrix>
                <node id="node-Bip001_R_HorseLink" name="Bip001_R_HorseLink">
                  <matrix sid="matrix">-0.9686265 -0.2485214 -5.58794e-9 0.3208733 0.2485213 -0.9686265 -1.49012e-8 -2.98023e-8 2.23517e-8 -2.98023e-8 1 1.49012e-8 0 0 0 1</matrix>
                  <node id="node-Bip001_R_Foot" name="Bip001_R_Foot">
                    <matrix sid="matrix">-0.34915 0.9352188 0.05882362 0.36176 -0.9331611 -0.3412835 -0.1128535 -2.98023e-8 -0.08546729 -0.0942947 0.9918689 0 0 0 0 1</matrix>
                    <node id="node-Bip001_R_Toe0" name="Bip001_R_Toe0">
                      <matrix sid="matrix">0.3236805 -0.9395935 0.1113341 0.08654237 0.9433746 0.3114505 -0.1142064 0.1234713 0.0726326 0.1419961 0.9871989 0.02420598 0 0 0 1</matrix>
                      <node id="node-Bip001_R_Toe01" name="Bip001_R_Toe01">
                        <matrix sid="matrix">0.4002057 0.9164253 0 0.04576606 -0.9164253 0.4002056 0 -2.98023e-8 -1.11759e-8 -2.23517e-8 1 0 0 0 0 1</matrix>
                        <node id="node-Bip001_R_Toe02" name="Bip001_R_Toe02">
                          <matrix sid="matrix">0.2645249 0.9643789 0 0.03187376 -0.964379 0.264525 0 0 -1.30385e-8 3.72529e-8 1 7.45058e-9 0 0 0 1</matrix>
                        </node>
                      </node>
                    </node>
                    <node id="node-Bip001_R_Toe1" name="Bip001_R_Toe1">
                      <matrix sid="matrix">0.3344743 -0.9264071 -0.1729073 0.09280646 0.9357712 0.3047505 0.177369 0.1308167 -0.1116223 -0.221127 0.9688362 -0.03696451 0 0 0 1</matrix>
                      <node id="node-Bip001_R_Toe11" name="Bip001_R_Toe11">
                        <matrix sid="matrix">0.4817855 0.8762889 0 0.04370604 -0.876289 0.4817855 1.11759e-8 5.96046e-8 0 1.11759e-8 0.9999999 4.47035e-8 0 0 0 1</matrix>
                        <node id="node-Bip001_R_Toe12" name="Bip001_R_Toe12">
                          <matrix sid="matrix">0.242922 0.9700459 0 0.03796017 -0.970046 0.2429218 7.45058e-9 -5.96046e-8 1.49012e-8 -1.49012e-8 1 -2.98023e-8 0 0 0 1</matrix>
                        </node>
                      </node>
                    </node>
                    <node id="node-Bip001_R_Toe2" name="Bip001_R_Toe2">
                      <matrix sid="matrix">-0.06941281 -0.3275928 -0.942266 0.06798333 0.1411414 -0.9382677 0.3158054 0.002803996 -0.9875532 -0.1110718 0.1113647 -0.04295146 0 0 0 1</matrix>
                      <node id="node-Bip001_R_Toe21" name="Bip001_R_Toe21">
                        <matrix>1 -7.45058e-9 3.72529e-9 0.01451743 2.23517e-8 1 0 -1.49012e-8 -1.11759e-8 2.98023e-8 1 2.98023e-8 0 0 0 1</matrix>
                        <node id="node-Bip001_R_Toe22" name="Bip001_R_Toe22">
                          <matrix>0.5236049 0.8519613 3.72529e-9 0.03369504 -0.8519613 0.5236049 0 -1.49012e-8 -5.96046e-8 -1.49012e-8 1 -2.98023e-8 0 0 0 1</matrix>
                        </node>
                      </node>
                    </node>
                  </node>
                </node>
              </node>
            </node>
          </node>
        </node>
      </node>
      <node id="node-Bounds" name="Bounds">
        <matrix sid="matrix">1 0 0 0 0 1 0 0.411981 0 0 1 0 0 0 0 1</matrix>
        <instance_geometry url="#geom-Bounds">
          <bind_material>
            <technique_common>
              <instance_material symbol="ColorMaterial" target="#ColorEffectR88G199B225-material"/>
            </technique_common>
          </bind_material>
        </instance_geometry>
      </node>
      <node id="node-EYE" name="EYE">
        <matrix sid="matrix">-1 -7.64274e-15 -8.74228e-8 4.09043e-8 0 -1 8.74228e-8 0.411981 -8.74228e-8 8.74228e-8 1 1.111179 0 0 0 1</matrix>
      </node>
      <node id="node-CAM" name="CAM">
        <matrix sid="matrix">-0.9999996 1.50996e-7 0 0 -1.50996e-7 -0.9999996 1.77636e-15 -0.009719968 0 1.77636e-15 1 1.474 0 0 0 1</matrix>
      </node>
    </visual_scene>
  </library_visual_scenes>
  <library_animations>
    <animation>
      <source id="node-Bip001_matrix-input">
        <float_array id="node-Bip001_matrix-input-array" count="30">22.66667 22.7 22.73333 22.76667 22.8 22.83333 22.86667 22.9 22.93333 22.96667 23 23.03333 23.06667 23.1 23.13333 23.16667 23.2 23.23333 23.26667 23.3 23.33333 23.36667 23.4 23.43333 23.46667 23.5 23.53333 23.56667 23.6 23.63333</float_array>
        <technique_common>
          <accessor source="#node-Bip001_matrix-input-array" count="30" stride="1">
            <param name="TIME" type="float"/>
          </accessor>
        </technique_common>
      </source>
      <source id="node-Bip001_matrix-output">
        <float_array id="node-Bip001_matrix-output-array" count="480">0.4908449 -0.8335524 0.2534989 0 0.8299841 0.5358495 0.1548927 0 -0.2649484 0.1343718 0.9548542 0.600289 0 0 0 1 0.4908446 -0.8335526 0.253499 0 0.8299843 0.5358491 0.1548926 0.06033343 -0.2649484 0.1343719 0.9548542 0.6094782 0 0 0 1 0.4908441 -0.8335529 0.2534989 -1.60707e-7 0.8299847 0.5358486 0.1548924 0.1233023 -0.264948 0.1343721 0.9548543 0.6247152 0 0 0 1 0.4908431 -0.8335534 0.2534988 -3.34903e-7 0.8299854 0.5358476 0.1548922 0.1883535 -0.2649476 0.1343725 0.9548543 0.6432284 0 0 0 1 0.4908421 -0.8335542 0.2534987 -5.49297e-7 0.8299862 0.5358465 0.1548919 0.2549662 -0.2649472 0.134373 0.9548544 0.6623383 0 0 0 1 0.4908413 -0.8335546 0.2534987 -7.87859e-7 0.8299868 0.5358456 0.1548916 0.3226382 -0.2649468 0.1343733 0.9548544 0.679391 0 0 0 1 0.4908407 -0.833555 0.2534986 -1.03467e-6 0.8299873 0.535845 0.1548914 0.3908743 -0.2649465 0.1343736 0.9548545 0.6916929 0 0 0 1 0.4908404 -0.8335552 0.2534986 -1.27358e-6 0.8299875 0.5358446 0.1548913 0.4591802 -0.2649463 0.1343737 0.9548546 0.6964439 0 0 0 1 0.4908404 -0.8335552 0.2534986 -1.49584e-6 0.8299875 0.5358447 0.1548913 0.5272098 -0.2649463 0.1343737 0.9548545 0.6937054 0 0 0 1 0.4908406 -0.8335551 0.2534986 -1.70512e-6 0.8299874 0.5358449 0.1548913 0.5949795 -0.2649464 0.1343736 0.9548545 0.6864209 0 0 0 1 0.4908407 -0.833555 0.2534986 -1.9032e-6 0.8299873 0.535845 0.1548914 0.6624984 -0.2649465 0.1343736 0.9548545 0.6759369 0 0 0 1 0.4908409 -0.8335549 0.2534986 -2.09179e-6 0.8299871 0.5358453 0.1548915 0.7297734 -0.2649466 0.1343735 0.9548545 0.6635521 0 0 0 1 0.4908413 -0.8335546 0.2534987 -2.27249e-6 0.8299868 0.5358456 0.1548916 0.79681 -0.2649468 0.1343734 0.9548544 0.6505368 0 0 0 1 0.4908416 -0.8335544 0.2534988 -2.44687e-6 0.8299866 0.535846 0.1548917 0.8636127 -0.264947 0.1343733 0.9548544 0.6381522 0 0 0 1 0.4908421 -0.8335542 0.2534989 -2.61645e-6 0.8299862 0.5358465 0.1548919 0.9301842 -0.2649472 0.1343731 0.9548544 0.6276683 0 0 0 1 0.4908428 -0.8335536 0.253499 -2.78276e-6 0.8299857 0.5358472 0.1548919 0.996526 -0.2649475 0.1343729 0.9548543 0.6203836 0 0 0 1 0.4908433 -0.8335533 0.2534991 -2.94737e-6 0.8299853 0.5358479 0.1548922 1.062651 -0.2649478 0.1343727 0.9548543 0.6176444 0 0 0 1 0.4908437 -0.8335531 0.2534992 -3.11186e-6 0.8299849 0.5358484 0.1548925 1.128543 -0.2649482 0.1343725 0.9548542 0.6205444 0 0 0 1 0.4908446 -0.8335525 0.2534993 -3.27827e-6 0.8299843 0.5358492 0.1548926 1.194357 -0.2649486 0.1343722 0.9548541 0.628129 0 0 0 1 0.4908452 -0.8335521 0.2534995 -3.44869e-6 0.8299838 0.5358499 0.1548928 1.260296 -0.2649489 0.134372 0.954854 0.638788 0 0 0 1 0.4908459 -0.8335516 0.2534996 -3.6252e-6 0.8299833 0.5358507 0.154893 1.326564 -0.2649493 0.1343718 0.954854 0.6509701 0 0 0 1 0.4908465 -0.8335512 0.2534997 -3.80988e-6 0.8299828 0.5358513 0.1548932 1.393362 -0.2649496 0.1343716 0.9548539 0.6631522 0 0 0 1 0.4908469 -0.8335509 0.2534998 -4.0049e-6 0.8299825 0.5358517 0.1548933 1.460897 -0.2649497 0.1343715 0.9548539 0.6738113 0 0 0 1 0.4908473 -0.8335507 0.2534998 -4.21251e-6 0.8299822 0.5358522 0.1548934 1.529383 -0.2649499 0.1343713 0.9548538 0.6813958 0 0 0 1 0.4908474 -0.8335507 0.2534998 -4.43509e-6 0.8299822 0.5358522 0.1548934 1.599038 -0.26495 0.1343712 0.9548538 0.6842954 0 0 0 1 0.4908473 -0.8335507 0.2534998 -4.67763e-6 0.8299822 0.5358522 0.1548934 1.670304 -0.2649499 0.1343713 0.9548538 0.6780076 0 0 0 1 0.4908471 -0.8335509 0.2534998 -4.92774e-6 0.8299823 0.535852 0.1548933 1.74221 -0.2649499 0.1343713 0.9548538 0.662433 0 0 0 1 0.4908467 -0.8335511 0.2534997 -5.16263e-6 0.8299827 0.5358515 0.1548933 1.812947 -0.2649497 0.1343715 0.9548539 0.6422917 0 0 0 1 0.4908465 -0.8335512 0.2534997 -5.35974e-6 0.8299828 0.5358513 0.1548932 1.880728 -0.2649496 0.1343716 0.9548539 0.6221502 0 0 0 1 0.4908462 -0.8335514 0.2534997 -5.49604e-6 0.829983 0.535851 0.1548931 1.943725 -0.2649495 0.1343716 0.954854 0.6065755 0 0 0 1</float_array>
        <technique_common>
          <accessor source="#node-Bip001_matrix-output-array" count="30" stride="16">
            <param name="TRANSFORM" type="float4x4"/>
          </accessor>
        </technique_common>
      </source>
      <source id="node-Bip001_matrix-interpolation">
        <Name_array id="node-Bip001_matrix-interpolation-array" count="30">LINEAR LINEAR LINEAR LINEAR LINEAR LINEAR LINEAR LINEAR LINEAR LINEAR LINEAR LINEAR LINEAR LINEAR LINEAR LINEAR LINEAR LINEAR LINEAR LINEAR LINEAR LINEAR LINEAR LINEAR LINEAR LINEAR LINEAR LINEAR LINEAR LINEAR</Name_array>
        <technique_common>
          <accessor source="#node-Bip001_matrix-interpolation-array" count="30" stride="1">
            <param name="INTERPOLATION" type="name"/>
          </accessor>
        </technique_common>
      </source>
      <source id="node-Bip001_Pelvis_matrix-input">
        <float_array id="node-Bip001_Pelvis_matrix-input-array" count="30">22.66667 22.7 22.73333 22.76667 22.8 22.83333 22.86667 22.9 22.93333 22.96667 23 23.03333 23.06667 23.1 23.13333 23.16667 23.2 23.23333 23.26667 23.3 23.33333 23.36667 23.4 23.43333 23.46667 23.5 23.53333 23.56667 23.6 23.63333</float_array>
        <technique_common>
          <accessor source="#node-Bip001_Pelvis_matrix-input-array" count="30" stride="1">
            <param name="TIME" type="float"/>
          </accessor>
        </technique_common>
      </source>
      <source id="node-Bip001_Pelvis_matrix-output">
        <float_array id="node-Bip001_Pelvis_matrix-output-array" count="480">-0.06006097 0.9981923 -0.002268135 0 -0.1512668 -0.006855607 0.9884693 0 0.9866668 0.05971151 0.1514051 0 0 0 0 1 -0.05482476 0.9975624 -0.04317075 0 -0.1482199 0.034626 0.988348 0 0.9874336 0.06058472 0.1459602 0 0 0 0 1 -0.04173314 0.9877146 -0.1505931 0 -0.1380924 0.1435757 0.9799575 0 0.9895398 0.06169241 0.1304041 0 0 0 0 1 -0.02556681 0.9537715 -0.299443 0 -0.1192958 0.2944894 0.9481795 0 0.9925296 0.05996417 0.1062518 0 0 0 0 1 -0.01159989 0.8870095 -0.4616054 0 -0.09159082 0.4587533 0.8838306 0 0.9957292 0.05253112 0.0759204 0 0 0 0 1 -0.004280745 0.7924984 -0.6098592 0 -0.05690699 0.6086835 0.7913697 0 0.9983703 0.03809291 0.0424931 0 0 0 0 1 -0.005850851 0.6896412 -0.7241278 0 -0.01882565 0.7239359 0.6896104 0 0.9998058 0.01766699 0.008747398 0 0 0 0 1 -0.01566237 0.6066815 -0.7947906 0 0.01876837 0.7949266 0.6064153 0 0.9997012 -0.005419015 -0.02383685 0 0 0 0 1 -0.03045731 0.5728849 -0.8190699 0 0.0528599 0.8192265 0.5710288 0 0.9981375 -0.02590394 -0.05523401 0 0 0 0 1 -0.05036908 0.611978 -0.7892692 0 0.09246683 0.7897354 0.6064386 0 0.994441 -0.04243546 -0.09636592 0 0 0 0 1 -0.07143682 0.7077504 -0.7028415 0 0.1448473 0.7045333 0.6947318 0 0.986872 -0.05217534 -0.1528454 0 0 0 0 1 -0.08429312 0.8211731 -0.5644194 0 0.2040386 0.5686574 0.796867 0 0.9753271 -0.04799294 -0.2154849 0 0 0 0 1 -0.0842427 0.9166306 -0.3907576 0 0.2617636 0.3987362 0.8789137 0 0.9614484 -0.02824395 -0.2735312 0 0 0 0 1 -0.07317239 0.9742195 -0.2134062 0 0.3092316 0.2255966 0.9238408 0 0.9481675 0.001607656 -0.3177669 0 0 0 0 1 -0.0586065 0.9957805 -0.07061487 0 0.3400046 0.08641809 0.9364447 0 0.9385958 0.0308724 -0.3436346 0 0 0 0 1 -0.0501911 0.9987381 0.001822054 0 0.3508527 0.01592379 0.9362954 0 0.9350847 0.04763293 -0.3512091 0 0 0 0 1 -0.05213063 0.9986388 -0.001702427 0 0.3429617 0.01950418 0.9391469 0 0.9379017 0.04837441 -0.3435117 0 0 0 0 1 -0.06052088 0.9966385 -0.0552172 0 0.3206858 0.07179999 0.9444603 0 0.9452502 0.03945219 -0.3239532 0 0 0 0 1 -0.07082992 0.9871792 -0.1430387 0 0.2863525 0.1574863 0.9450926 0 0.9555026 0.0259813 -0.293836 0 0 0 0 1 -0.07858979 0.9654328 -0.2485222 0 0.242791 0.2603228 0.9344969 0 0.9668899 0.01310288 -0.2548571 0 0 0 0 1 -0.08075362 0.9315221 -0.3546058 0 0.193847 0.3636523 0.9111424 0 0.9777026 0.004838705 -0.2099391 0 0 0 0 1 -0.07657355 0.8919995 -0.4455036 0 0.1440699 0.452025 0.8802938 0 0.9866003 0.003223598 -0.1631234 0 0 0 0 1 -0.0677672 0.8586134 -0.5081247 0 0.09799814 0.5125611 0.8530401 0 0.9928767 0.008012831 -0.1188774 0 0 0 0 1 -0.05793225 0.8449876 -0.531639 0 0.05967533 0.5345123 0.8430514 0 0.9965353 0.0171141 -0.08139038 0 0 0 0 1 -0.04870784 0.8614089 -0.5055713 0 0.02336251 0.5070162 0.8616199 0 0.9985398 0.03015625 -0.04482036 0 0 0 0 1 -0.04153805 0.8993182 -0.4353178 0 -0.01703524 0.434993 0.9002727 0 0.9989918 0.04481136 -0.002748608 0 0 0 0 1 -0.0392878 0.9415631 -0.3345373 0 -0.05790442 0.3320878 0.9414694 0 0.9975487 0.05635946 0.04147368 0 0 0 0 1 -0.04259103 0.9745268 -0.2201895 0 -0.0951724 0.2154298 0.9718705 0 0.9945493 0.0623489 0.08357268 0 0 0 0 1 -0.04965072 0.9923996 -0.1125957 0 -0.1249802 0.1056752 0.9865154 0 0.9909161 0.06305348 0.1187835 0 0 0 0 1 -0.05685776 0.9978325 -0.03312826 0 -0.1443719 0.02461564 0.9892173 0 0.9878886 0.06102746 0.1426594 0 0 0 0 1</float_array>
        <technique_common>
          <accessor source="#node-Bip001_Pelvis_matrix-output-array" count="30" stride="16">
            <param name="TRANSFORM" type="float4x4"/>
          </accessor>
        </technique_common>
      </source>
      <source id="node-Bip001_Pelvis_matrix-interpolation">
        <Name_array id="node-Bip001_Pelvis_matrix-interpolation-array" count="30">LINEAR LINEAR LINEAR LINEAR LINEAR LINEAR LINEAR LINEAR LINEAR LINEAR LINEAR LINEAR LINEAR LINEAR LINEAR LINEAR LINEAR LINEAR LINEAR LINEAR LINEAR LINEAR LINEAR LINEAR LINEAR LINEAR LINEAR LINEAR LINEAR LINEAR</Name_array>
        <technique_common>
          <accessor source="#node-Bip001_Pelvis_matrix-interpolation-array" count="30" stride="1">
            <param name="INTERPOLATION" type="name"/>
          </accessor>
        </technique_common>
      </source>
      <source id="node-Bip001_Spine_matrix-input">
        <float_array id="node-Bip001_Spine_matrix-input-array" count="30">22.66667 22.7 22.73333 22.76667 22.8 22.83333 22.86667 22.9 22.93333 22.96667 23 23.03333 23.06667 23.1 23.13333 23.16667 23.2 23.23333 23.26667 23.3 23.33333 23.36667 23.4 23.43333 23.46667 23.5 23.53333 23.56667 23.6 23.63333</float_array>
        <technique_common>
          <accessor source="#node-Bip001_Spine_matrix-input-array" count="30" stride="1">
            <param name="TIME" type="float"/>
          </accessor>
        </technique_common>
      </source>
      <source id="node-Bip001_Spine_matrix-output">
