<?xml version="1.0" encoding="utf-8"?>
<COLLADA xmlns="http://www.collada.org/2005/11/COLLADASchema" version="1.4.1">
  <asset>
    <contributor>
      <author>MattO</author>
      <authoring_tool>OpenCOLLADA for 3ds Max;  Version: 1.3.0;  Revision: 839M;  Platform: x64;  Configuration: Release_Max2012</authoring_tool>
      <source_data>file:///Z:/Art_Resources/WIP/Art_Pack/Alien_Pack/Kralmok/Mantis_TP_Kralmok_Animation_Master.max</source_data>
    </contributor>
    <created>2011-10-24T17:11:39</created>
    <modified>2011-10-24T17:11:39</modified>
    <unit name="meter" meter="1"/>
    <up_axis>Z_UP</up_axis>
  </asset>
  <library_effects>
    <effect id="ColorEffectR88G199B225">
      <profile_COMMON>
        <technique sid="common">
          <phong>
            <ambient>
              <color>0.345098 0.7803922 0.8823529 1</color>
            </ambient>
            <diffuse>
              <color>0.345098 0.7803922 0.8823529 1</color>
            </diffuse>
            <specular>
              <color>1 1 1 1</color>
            </specular>
            <shininess>
              <float>10</float>
            </shininess>
            <reflective>
              <color>0 0 0 1</color>
            </reflective>
            <transparent>
              <color>1 1 1 1</color>
            </transparent>
            <transparency>
              <float>1</float>
            </transparency>
          </phong>
        </technique>
      </profile_COMMON>
    </effect>
  </library_effects>
  <library_materials>
    <material id="ColorEffectR88G199B225-material" name="ColorEffectR88G199B225-material">
      <instance_effect url="#ColorEffectR88G199B225"/>
    </material>
  </library_materials>
  <library_geometries>
    <geometry id="geom-Bounds" name="Bounds">
      <mesh>
        <source id="geom-Bounds-positions">
          <float_array id="geom-Bounds-positions-array" count="24">-0.5 -0.5 0 0.5 -0.5 0 -0.5 0.5 0 0.5 0.5 0 -0.5 -0.5 2 0.5 -0.5 2 -0.5 0.5 2 0.5 0.5 2</float_array>
          <technique_common>
            <accessor source="#geom-Bounds-positions-array" count="8" stride="3">
              <param name="X" type="float"/>
              <param name="Y" type="float"/>
              <param name="Z" type="float"/>
            </accessor>
          </technique_common>
        </source>
        <source id="geom-Bounds-normals">
          <float_array id="geom-Bounds-normals-array" count="72">0 0 -1 0 0 -1 0 0 -1 0 0 -1 0 0 1 0 0 1 0 0 1 0 0 1 0 -1 0 0 -1 0 0 -1 0 0 -1 0 1 0 0 1 0 0 1 0 0 1 0 0 0 1 0 0 1 0 0 1 0 0 1 0 -1 0 0 -1 0 0 -1 0 0 -1 0 0</float_array>
          <technique_common>
            <accessor source="#geom-Bounds-normals-array" count="24" stride="3">
              <param name="X" type="float"/>
              <param name="Y" type="float"/>
              <param name="Z" type="float"/>
            </accessor>
          </technique_common>
        </source>
        <source id="geom-Bounds-map1">
          <float_array id="geom-Bounds-map1-array" count="36">0 0 0 1 0 0 0 1 0 1 1 0 0 0 0 1 0 0 0 1 0 1 1 0 0 0 0 1 0 0 0 1 0 1 1 0</float_array>
          <technique_common>
            <accessor source="#geom-Bounds-map1-array" count="12" stride="3">
              <param name="S" type="float"/>
              <param name="T" type="float"/>
              <param name="P" type="float"/>
            </accessor>
          </technique_common>
        </source>
        <vertices id="geom-Bounds-vertices">
          <input semantic="POSITION" source="#geom-Bounds-positions"/>
        </vertices>
        <triangles material="ColorMaterial" count="12">
          <input semantic="VERTEX" source="#geom-Bounds-vertices" offset="0"/>
          <input semantic="NORMAL" source="#geom-Bounds-normals" offset="1"/>
          <input semantic="TEXCOORD" source="#geom-Bounds-map1" offset="2" set="0"/>
          <p>0 0 9 2 1 11 3 2 10 3 2 10 1 3 8 0 0 9 4 4 8 5 5 9 7 6 11 7 6 11 6 7 10 4 4 8 0 8 4 1 9 5 5 10 7 5 10 7 4 11 6 0 8 4 1 12 0 3 13 1 7 14 3 7 14 3 5 15 2 1 12 0 3 16 4 2 17 5 6 18 7 6 18 7 7 19 6 3 16 4 2 20 0 0 21 1 4 22 3 4 22 3 6 23 2 2 20 0</p>
        </triangles>
      </mesh>
      <extra>
        <technique profile="OpenCOLLADA3dsMax">
          <max_box>
            <generateuvs>1</generateuvs>
            <height>2</height>
            <heightsegments>1</heightsegments>
            <length>1</length>
            <lengthsegments>1</lengthsegments>
            <width>1</width>
            <widthsegments>1</widthsegments>
          </max_box>
        </technique>
      </extra>
    </geometry>
  </library_geometries>
  <library_lights>
    <light id="EnvironmentAmbientLight" name="EnvironmentAmbientLight">
      <technique_common>
        <ambient>
          <color>0 0 0</color>
        </ambient>
      </technique_common>
    </light>
  </library_lights>
  <library_visual_scenes>
    <visual_scene id="MaxScene">
      <node name="EnvironmentAmbientLight">
        <instance_light url="#EnvironmentAmbientLight"/>
      </node>
      <node id="node-Bip001" name="Bip001">
        <matrix sid="matrix">0.1726223 -0.979467 0.1041443 -0.013679 0.9443098 0.1946372 0.2653216 4 -0.2801441 0.05254402 0.9585189 0.9088534 0 0 0 1</matrix>
        <node id="node-Bip001_Pelvis" name="Bip001_Pelvis">
          <matrix sid="matrix">0 1 -1.37836e-6 0 -0.1140869 1.34204e-6 0.9934707 0 0.9934708 1.49012e-7 0.114087 0 0 0 0 1</matrix>
          <node id="node-Bip001_Spine" name="Bip001_Spine">
            <matrix sid="matrix">0.977772 0.1956307 0.07543609 0.09754777 -0.1877238 0.9770541 -0.100624 -8.60691e-5 -0.09339024 0.08422615 0.9920607 0.01119673 0 0 0 1</matrix>
            <node id="node-Bip001_Spine1" name="Bip001_Spine1">
              <matrix sid="matrix">0.9922554 -0.06778979 -0.1040845 0.1110215 0.05799838 0.9938455 -0.09437847 -8.89301e-5 0.1098418 0.08761084 0.9900803 -7.98702e-6 0 0 0 1</matrix>
              <node id="node-Bip001_Spine2" name="Bip001_Spine2">
                <matrix sid="matrix">0.9968467 0.05792473 -0.05423471 0.1110108 -0.056252 0.9979075 0.03187802 -8.7738e-5 0.05596778 -0.02872669 0.9980193 2.563e-6 0 0 0 1</matrix>
                <node id="node-Bip001_Spine3" name="Bip001_Spine3">
                  <matrix sid="matrix">0.9883742 -0.09209612 -0.1209754 0.1110308 0.1000515 0.9930855 0.06140872 -1.66655e-4 0.1144834 -0.07279852 0.9907542 1.21891e-5 0 0 0 1</matrix>
                  <node id="node-Bip001_Neck" name="Bip001_Neck">
                    <matrix sid="matrix">0.9603829 -0.2726586 -0.05763617 0.2584336 0.2633846 0.9556184 -0.1319921 0.01280355 0.09106694 0.1115824 0.9895737 -4.32134e-6 0 0 0 1</matrix>
                    <node id="node-Bip001_Neck1" name="Bip001_Neck1">
                      <matrix sid="matrix">0.9958679 0.0884513 -0.02057872 0.04894519 -0.09012973 0.9904156 -0.1046616 -3.86238e-5 0.01112401 0.1060839 0.9942948 -4.12762e-6 0 0 0 1</matrix>
                      <node id="node-Bip001_Neck2" name="Bip001_Neck2">
                        <matrix sid="matrix">0.9960474 0.05137461 -0.07245745 0.04894662 -0.04283786 0.9924632 0.1148109 -3.88622e-5 0.07780976 -0.1112532 0.9907414 4.41074e-6 0 0 0 1</matrix>
                        <node id="node-Bip001_Head" name="Bip001_Head">
                          <matrix sid="matrix">0.9818189 0.04757312 0.183762 0.04894876 -0.05724129 0.9972218 0.04766782 0 -0.1809838 -0.05731998 0.9818141 0 0 0 0 1</matrix>
                          <node id="node-Bip001_Ponytail1" name="Bip001_Ponytail1">
                            <matrix>-0.05999064 -0.998199 -2.77348e-6 0.009580612 0.998199 -0.0599906 -2.93367e-6 0.1139536 2.77162e-6 -2.94484e-6 1 8.9407e-8 0 0 0 1</matrix>
                          </node>
                          <node id="node-ALTEYE" name="ALTEYE">
                            <matrix>-0.009488121 0.5772442 0.8165166 0.1153698 0.002645063 0.8165649 -0.5772477 0.2046645 -0.9999516 -0.003317257 -0.009274516 -0.001006871 0 0 0 1</matrix>
                          </node>
                        </node>
                      </node>
                    </node>
                    <node id="node-Bip001_L_Clavicle" name="Bip001_L_Clavicle">
                      <matrix sid="matrix">0.4626002 -0.1610577 0.871815 -0.04249597 0.5594052 -0.709865 -0.4279693 0.0170002 0.6877986 0.6856763 -0.2382872 0.02439134 0 0 0 1</matrix>
                      <node id="node-Bip001_L_UpperArm" name="Bip001_L_UpperArm">
                        <matrix sid="matrix">0.6485934 -0.3086811 0.6957313 0.07966614 -0.3200603 0.7187188 0.6172556 -2.38419e-7 -0.6905705 -0.6230241 0.3673598 0 0 0 0 1</matrix>
                        <node id="node-Bip001_L_Forearm" name="Bip001_L_Forearm">
                          <matrix sid="matrix">0.3200326 0.9474066 0 0.4297339 -0.9474065 0.3200325 2.98023e-8 -2.38419e-7 5.96046e-8 0 1 0 0 0 0 1</matrix>
                          <node id="node-Bip001_L_Hand" name="Bip001_L_Hand">
                            <matrix sid="matrix">0.9919477 -0.1265975 0.003541231 0.377439 0.04373015 0.3686197 0.9285511 -2.38419e-7 -0.1188576 -0.9209194 0.3711877 0 0 0 0 1</matrix>
                            <node id="node-Bip001_L_Finger0" name="Bip001_L_Finger0">
                              <matrix>0.737368 0.3989064 0.5451257 0.03908205 0.5702345 0.06501228 -0.8189054 0.01738536 -0.3621065 0.9146841 -0.1795323 -0.04049921 0 0 0 1</matrix>
                              <node id="node-Bip001_L_Finger01" name="Bip001_L_Finger01">
                                <matrix>0.5320405 -0.846719 -7.45058e-9 0.1027651 0.8467191 0.5320405 0 -4.76837e-7 -2.98023e-8 1.49012e-8 1 -2.38419e-7 0 0 0 1</matrix>
                                <node id="node-Bip001_L_Finger02" name="Bip001_L_Finger02">
                                  <matrix>0.7835937 -0.6212737 0 0.05252552 0.6212736 0.7835937 0 -5.96046e-8 -2.98023e-8 -1.49012e-8 1 2.38419e-7 0 0 0 1</matrix>
                                </node>
                              </node>
                            </node>
                            <node id="node-Bip001_L_Finger1" name="Bip001_L_Finger1">
                              <matrix>0.6375437 -0.7703909 0.005983926 0.1458855 0.7704015 0.6375586 7.96318e-4 -1.52588e-5 -0.00442861 0.004102379 0.9999818 -0.01919675 0 0 0 1</matrix>
                              <node id="node-Bip001_L_Finger11" name="Bip001_L_Finger11">
                                <matrix>-0.3951851 -0.9186015 -4.47035e-8 0.08578134 0.9186015 -0.395185 -2.98023e-8 -4.76837e-7 -1.49012e-8 2.98023e-8 0.9999999 4.76837e-7 0 0 0 1</matrix>
                                <node id="node-Bip001_L_Finger12" name="Bip001_L_Finger12">
                                  <matrix>0.9649357 -0.2624862 -1.49012e-8 0.05549812 0.2624862 0.9649358 0 1.19209e-7 -2.98023e-8 -8.9407e-8 1 -1.19209e-7 0 0 0 1</matrix>
                                </node>
                              </node>
                            </node>
                            <node id="node-Bip001_L_Finger2" name="Bip001_L_Finger2">
                              <matrix>0.5018926 -0.855015 -0.1305896 0.1437569 0.8647376 0.492844 0.09661081 0.003213406 -0.0182434 -0.161414 0.9867182 0.02870369 0 0 0 1</matrix>
                              <node id="node-Bip001_L_Finger21" name="Bip001_L_Finger21">
                                <matrix>0.05968919 -0.9982172 2.98023e-8 0.07148433 0.9982172 0.05968925 0 -4.76837e-7 0 -2.98023e-8 1 1.19209e-7 0 0 0 1</matrix>
                                <node id="node-Bip001_L_Finger22" name="Bip001_L_Finger22">
                                  <matrix>0.8033118 -0.5955586 0 0.05113935 0.5955586 0.8033118 0 2.38419e-7 5.96046e-8 2.98023e-8 1 1.78814e-7 0 0 0 1</matrix>
                                </node>
                              </node>
                            </node>
                          </node>
                        </node>
                        <node id="node-Bip001_L_ForeTwist" name="Bip001_L_ForeTwist">
                          <matrix sid="matrix">0.3200326 0.9398049 -0.1197751 0.4297339 -0.9474065 0.3174646 -0.04045981 -2.38419e-7 5.96046e-8 0.1264242 0.9919763 0 0 0 0 1</matrix>
                          <node id="node-Bip001_L_ForeTwist1" name="Bip001_L_ForeTwist1">
                            <matrix sid="matrix">1 0 4.47035e-8 0.1887197 1.49012e-8 0.9919764 -0.1264243 0 1.49012e-8 0.1264242 0.9919763 0 0 0 0 1</matrix>
                          </node>
                        </node>
                      </node>
                      <node id="node-Bip001_LUpArmTwist" name="Bip001_LUpArmTwist">
                        <matrix sid="matrix">0.6485934 -0.3086811 0.6957313 0.07966614 -0.3200603 0.7187188 0.6172556 -2.38419e-7 -0.6905705 -0.6230241 0.3673598 0 0 0 0 1</matrix>
                        <node id="node-Bip001_LUpArmTwist1" name="Bip001_LUpArmTwist1">
                          <matrix>1 0 0 0.2148668 0 1 2.98023e-8 0 0 -2.98023e-8 1 0 0 0 0 1</matrix>
                        </node>
                      </node>
                    </node>
                    <node id="node-Bip001_R_Clavicle" name="Bip001_R_Clavicle">
                      <matrix sid="matrix">-0.2195824 -0.2414344 -0.9452477 -0.04653215 0.7057403 -0.7082676 0.01696065 0.0120554 -0.6735831 -0.6633751 0.3259131 -0.01946583 0 0 0 1</matrix>
                      <node id="node-Bip001_R_UpperArm" name="Bip001_R_UpperArm">
                        <matrix sid="matrix">0.7560546 -0.4684601 -0.4570846 0.07966614 0.06467731 0.7484197 -0.660064 2.38419e-7 0.6513047 0.4694815 0.5961452 0 0 0 0 1</matrix>
                        <node id="node-Bip001_R_Forearm" name="Bip001_R_Forearm">
                          <matrix sid="matrix">-0.6793195 0.7338426 -2.98023e-8 0.4297335 -0.7338426 -0.6793193 0 -4.76837e-7 2.98023e-8 -4.47035e-8 0.9999999 -5.96046e-8 0 0 0 1</matrix>
                          <node id="node-Bip001_R_Hand" name="Bip001_R_Hand">
                            <matrix sid="matrix">0.6446598 0.2896576 0.707469 0.3774395 0.7644584 -0.2392163 -0.5986477 -2.38419e-7 -0.004164732 0.9267546 -0.3756442 -5.96046e-8 0 0 0 1</matrix>
                            <node id="node-Bip001_R_Finger0" name="Bip001_R_Finger0">
                              <matrix>0.6486481 0.5772244 -0.4960516 0.03908253 0.6676159 -0.118583 0.7350016 0.01738539 0.3654376 -0.8079293 -0.462283 0.04049921 0 0 0 1</matrix>
                              <node id="node-Bip001_R_Finger01" name="Bip001_R_Finger01">
                                <matrix>0.6155392 -0.7881061 2.98023e-8 0.1027658 0.7881061 0.6155393 -2.98023e-8 2.38419e-7 5.96046e-8 -2.98023e-8 1 0 0 0 0 1</matrix>
                                <node id="node-Bip001_R_Finger02" name="Bip001_R_Finger02">
                                  <matrix>0.1523352 -0.9883291 -4.47035e-8 0.05252504 0.9883289 0.1523352 0 -1.19209e-7 5.96046e-8 -7.45058e-8 1 0 0 0 0 1</matrix>
                                </node>
                              </node>
                            </node>
                            <node id="node-Bip001_R_Finger1" name="Bip001_R_Finger1">
                              <matrix>0.7109715 -0.6323431 -0.3076712 0.1458859 0.6327782 0.766136 -0.1123713 -1.52886e-5 0.3067752 -0.1147949 0.9448338 0.01919675 0 0 0 1</matrix>
                              <node id="node-Bip001_R_Finger11" name="Bip001_R_Finger11">
                                <matrix>-0.6406224 -0.767856 0 0.0857811 0.767856 -0.6406224 -7.45058e-9 2.38419e-7 -5.96046e-8 1.49012e-8 0.9999999 3.57628e-7 0 0 0 1</matrix>
                                <node id="node-Bip001_R_Finger12" name="Bip001_R_Finger12">
                                  <matrix>0.8432423 -0.5375337 0 0.05549717 0.5375336 0.8432422 0 -1.19209e-7 0 -2.6077e-8 1 -1.19209e-7 0 0 0 1</matrix>
                                </node>
                              </node>
                            </node>
                            <node id="node-Bip001_R_Finger2" name="Bip001_R_Finger2">
                              <matrix>0.2634971 -0.9557802 0.1305896 0.1437578 0.9628296 0.2522404 -0.09661078 0.003213406 0.05939869 0.1511922 0.9867181 -0.02870393 0 0 0 1</matrix>
                              <node id="node-Bip001_R_Finger21" name="Bip001_R_Finger21">
                                <matrix>-0.03544475 -0.9993717 0 0.07148421 0.9993715 -0.03544478 1.49012e-8 4.76837e-7 -1.49012e-8 -7.45058e-9 1 2.38419e-7 0 0 0 1</matrix>
                                <node id="node-Bip001_R_Finger22" name="Bip001_R_Finger22">
                                  <matrix>0.7483485 -0.6633058 1.49012e-8 0.05113888 0.6633058 0.7483486 0 -1.19209e-7 0 1.49012e-8 1 0 0 0 0 1</matrix>
                                </node>
                              </node>
                            </node>
                            <node id="node-mount0" name="mount0">
                              <matrix>-7.37782e-9 1 5.1735e-7 0.1088285 -1 -2.68832e-7 -1.04308e-7 0.03070411 1.546e-7 -4.34928e-7 0.9999999 0.01333499 0 0 0 1</matrix>
                            </node>
                          </node>
                        </node>
                        <node id="node-Bip001_R_ForeTwist" name="Bip001_R_ForeTwist">
                          <matrix sid="matrix">-0.6793195 0.721077 -0.1362827 0.4297335 -0.7338426 -0.6675022 0.1261571 -4.76837e-7 2.98023e-8 0.185711 0.9826043 -5.96046e-8 0 0 0 1</matrix>
                          <node id="node-Bip001_R_ForeTwist1" name="Bip001_R_ForeTwist1">
                            <matrix sid="matrix">1 -5.96046e-8 -7.45058e-9 0.1887197 -2.98023e-8 0.9826045 -0.185711 4.76837e-7 0 0.1857111 0.9826045 0 0 0 0 1</matrix>
                          </node>
                        </node>
                      </node>
                      <node id="node-Bip001_RUpArmTwist" name="Bip001_RUpArmTwist">
                        <matrix sid="matrix">0.7560546 -0.4684601 -0.4570846 0.07966614 0.06467731 0.7484197 -0.660064 2.38419e-7 0.6513047 0.4694815 0.5961452 0 0 0 0 1</matrix>
                        <node id="node-Bip001_RUpArmTwist1" name="Bip001_RUpArmTwist1">
                          <matrix>1 7.45058e-9 -2.98023e-8 0.2148667 0 1 0 0 2.98023e-8 0 0.9999999 -5.96046e-8 0 0 0 1</matrix>
                        </node>
                      </node>
                    </node>
                  </node>
                </node>
              </node>
            </node>
            <node id="node-Bip001_L_Thigh" name="Bip001_L_Thigh">
              <matrix sid="matrix">-0.8860431 0.3668776 0.2834227 -0.1011373 0.4098904 0.9055766 0.1091825 -0.01382065 -0.2166044 0.2129127 -0.9527595 0.05362582 0 0 0 1</matrix>
              <node id="node-Bip001_L_Calf" name="Bip001_L_Calf">
                <matrix sid="matrix">-0.3362691 0.941766 1.86265e-9 0.454169 -0.9417658 -0.3362692 4.65661e-10 0 -1.24855e-8 -7.45058e-9 1 -1.49012e-8 0 0 0 1</matrix>
                <node id="node-Bip001_L_HorseLink" name="Bip001_L_HorseLink">
                  <matrix sid="matrix">-0.2825652 -0.9592481 3.27418e-10 0.3208735 0.9592479 -0.2825652 0 0 0 1.67638e-8 1 0 0 0 0 1</matrix>
                  <node id="node-Bip001_L_Foot" name="Bip001_L_Foot">
                    <matrix sid="matrix">0.6780574 0.7239128 0.127233 0.3617601 -0.718853 0.6892365 -0.09057182 0 -0.1532598 -0.030049 0.987729 0 0 0 0 1</matrix>
                    <node id="node-Bip001_L_Toe0" name="Bip001_L_Toe0">
                      <matrix sid="matrix">-0.6555846 -0.7201624 -0.2271017 0.08654225 0.7102292 -0.6902141 0.1384887 0.1234713 -0.2564832 -0.07050314 0.9639738 -0.02420595 0 0 0 1</matrix>
                      <node id="node-Bip001_L_Toe01" name="Bip001_L_Toe01">
                        <matrix sid="matrix">0.9979079 -0.06465051 5.98448e-9 0.04576588 0.06465048 0.9979081 -3.46517e-10 1.19209e-7 -1.16033e-8 -2.92175e-9 0.9999999 -5.96046e-8 0 0 0 1</matrix>
                        <node id="node-Bip001_L_Toe02" name="Bip001_L_Toe02">
                          <matrix sid="matrix">0.08123687 0.9966949 -1.48543e-9 0.03187394 -0.9966947 0.08123681 3.56522e-10 0 1.45228e-8 2.84865e-9 0.9999999 1.19209e-7 0 0 0 1</matrix>
                        </node>
                      </node>
                    </node>
                    <node id="node-Bip001_L_Toe1" name="Bip001_L_Toe1">
                      <matrix sid="matrix">-0.8077227 -0.5890466 -0.0246562 0.09280634 0.5797132 -0.7859215 -0.2150817 0.1308167 0.1073153 -0.1880198 0.9762848 0.03696454 0 0 0 1</matrix>
                      <node id="node-Bip001_L_Toe11" name="Bip001_L_Toe11">
                        <matrix sid="matrix">0.9879117 -0.155018 -2.38857e-8 0.04370618 0.1550179 0.9879117 3.57795e-9 1.19209e-7 2.68562e-9 2.03522e-8 1 0 0 0 0 1</matrix>
                        <node id="node-Bip001_L_Toe12" name="Bip001_L_Toe12">
                          <matrix sid="matrix">0.05895784 0.9982606 2.60059e-9 0.03796005 -0.9982606 0.05895782 3.79976e-9 0 -9.51684e-9 8.37997e-9 1 0 0 0 0 1</matrix>
                        </node>
                      </node>
                    </node>
                    <node id="node-Bip001_L_Toe2" name="Bip001_L_Toe2">
                      <matrix sid="matrix">0.09777765 -0.9149252 0.391601 0.06798315 0.110725 -0.3810425 -0.9179036 0.002804041 0.9890297 0.1331105 0.06404759 0.04295149 0 0 0 1</matrix>
                      <node id="node-Bip001_L_Toe21" name="Bip001_L_Toe21">
                        <matrix sid="matrix">1 -2.98023e-8 -3.72529e-9 0.01451743 0 1 -7.45058e-9 0 3.72529e-9 -1.49012e-8 1 0 0 0 0 1</matrix>
                        <node id="node-Bip001_L_Toe22" name="Bip001_L_Toe22">
                          <matrix sid="matrix">0.5236049 0.8519613 -3.72529e-9 0.03369504 -0.8519613 0.5236049 -7.45058e-9 0 1.49012e-8 -9.31323e-9 1 -2.38419e-7 0 0 0 1</matrix>
                        </node>
                      </node>
                    </node>
                  </node>
                </node>
              </node>
            </node>
            <node id="node-Bip001_R_Thigh" name="Bip001_R_Thigh">
              <matrix sid="matrix">-0.8615259 0.4147044 0.2929048 -0.08756232 0.4114871 0.9082708 -0.07564674 -0.02606416 -0.2974079 0.05535489 -0.9531444 -0.09057593 0 0 0 1</matrix>
              <node id="node-Bip001_R_Calf" name="Bip001_R_Calf">
                <matrix sid="matrix">-0.643205 0.765694 -7.45058e-9 0.4541688 -0.765694 -0.643205 1.30385e-8 0 -1.86265e-9 -3.72529e-9 1 -5.96046e-8 0 0 0 1</matrix>
                <node id="node-Bip001_R_HorseLink" name="Bip001_R_HorseLink">
                  <matrix sid="matrix">-0.8223053 -0.5690466 1.02445e-8 0.3208733 0.5690466 -0.8223053 3.72529e-9 -2.38419e-7 3.72529e-9 2.98023e-8 1 5.96046e-8 0 0 0 1</matrix>
                  <node id="node-Bip001_R_Foot" name="Bip001_R_Foot">
                    <matrix sid="matrix">0.2100304 0.9769136 -0.03907801 0.3617605 -0.9703174 0.2131799 0.1141866 0 0.119881 0.01393541 0.9926905 -5.96046e-8 0 0 0 1</matrix>
                    <node id="node-Bip001_R_Toe0" name="Bip001_R_Toe0">
                      <matrix sid="matrix">0.5779281 -0.796132 0.1793692 0.08654261 0.8104196 0.5857404 -0.01136027 0.1234713 -0.09601948 0.1519297 0.9837162 0.02420601 0 0 0 1</matrix>
                      <node id="node-Bip001_R_Toe01" name="Bip001_R_Toe01">
                        <matrix sid="matrix">0.4581302 0.8888853 9.31323e-10 0.045766 -0.8888853 0.4581301 1.67638e-8 -4.76837e-7 3.72529e-9 1.02445e-8 1 5.96046e-8 0 0 0 1</matrix>
                        <node id="node-Bip001_R_Toe02" name="Bip001_R_Toe02">
                          <matrix sid="matrix">0.3162256 0.948684 2.56114e-8 0.0318737 -0.9486839 0.3162256 3.72529e-9 0 1.86265e-9 -8.3819e-9 0.9999999 0 0 0 0 1</matrix>
                        </node>
                      </node>
                    </node>
                    <node id="node-Bip001_R_Toe1" name="Bip001_R_Toe1">
                      <matrix sid="matrix">0.5589359 -0.8254055 0.0793508 0.09280658 0.8283895 0.5600783 -0.009137318 0.1308169 -0.03690067 0.0708405 0.996805 -0.03696451 0 0 0 1</matrix>
                      <node id="node-Bip001_R_Toe11" name="Bip001_R_Toe11">
                        <matrix sid="matrix">0.3875982 0.9218283 1.49012e-8 0.04370606 -0.9218284 0.3875982 -7.45058e-9 2.38419e-7 1.86265e-8 -7.45058e-9 1 0 0 0 0 1</matrix>
                        <node id="node-Bip001_R_Toe12" name="Bip001_R_Toe12">
                          <matrix sid="matrix">0.3049994 0.9523524 -3.72529e-9 0.03795981 -0.9523524 0.3049996 -7.45058e-9 2.38419e-7 3.72529e-9 -7.45058e-9 0.9999999 -1.19209e-7 0 0 0 1</matrix>
                        </node>
                      </node>
                    </node>
                    <node id="node-Bip001_R_Toe2" name="Bip001_R_Toe2">
                      <matrix sid="matrix">0.3976858 -0.460178 -0.7937774 0.06798291 0.34962 -0.7238594 0.5948056 0.002804518 -0.8482994 -0.5140661 -0.1269812 -0.04295152 0 0 0 1</matrix>
                      <node id="node-Bip001_R_Toe21" name="Bip001_R_Toe21">
                        <matrix sid="matrix">0.9531194 0.3025944 0 0.01451743 -0.3025945 0.9531193 0 -2.98023e-8 0 -2.23517e-8 1 -2.38419e-7 0 0 0 1</matrix>
                        <node id="node-Bip001_R_Toe22" name="Bip001_R_Toe22">
                          <matrix sid="matrix">0.2743029 0.9616434 1.49012e-8 0.03369501 -0.9616433 0.2743029 1.49012e-8 0 -1.49012e-8 -1.49012e-8 0.9999999 -2.38419e-7 0 0 0 1</matrix>
                        </node>
                      </node>
                    </node>
                  </node>
                </node>
              </node>
            </node>
          </node>
        </node>
      </node>
      <node id="node-Bounds" name="Bounds">
        <matrix sid="matrix">1 0 0 0 0 1 0 4.411981 0 0 1 0 0 0 0 1</matrix>
        <instance_geometry url="#geom-Bounds">
          <bind_material>
            <technique_common>
              <instance_material symbol="ColorMaterial" target="#ColorEffectR88G199B225-material"/>
            </technique_common>
          </bind_material>
        </instance_geometry>
      </node>
      <node id="node-EYE" name="EYE">
        <matrix sid="matrix">-0.9999493 0.01006725 -8.82985e-8 4.09043e-8 -0.01006725 -0.9999493 8.65382e-8 4.411981 -8.74228e-8 8.74228e-8 1 1.6 0 0 0 1</matrix>
      </node>
      <node id="node-CAM" name="CAM">
        <matrix sid="matrix">-0.9999996 1.50996e-7 0 0 -1.50996e-7 -0.9999996 1.77636e-15 3.99028 0 1.77636e-15 1 1.928079 0 0 0 1</matrix>
      </node>
    </visual_scene>
  </library_visual_scenes>
  <library_animations>
    <animation>
      <source id="node-Bip001_matrix-input">
        <float_array id="node-Bip001_matrix-input-array" count="30">15 15.03333 15.06667 15.1 15.13333 15.16667 15.2 15.23333 15.26667 15.3 15.33333 15.36667 15.4 15.43333 15.46667 15.5 15.53333 15.56667 15.6 15.63333 15.66667 15.7 15.73333 15.76667 15.8 15.83333 15.86667 15.9 15.93333 15.96667</float_array>
        <technique_common>
          <accessor source="#node-Bip001_matrix-input-array" count="30" stride="1">
            <param name="TIME" type="float"/>
          </accessor>
        </technique_common>
      </source>
      <source id="node-Bip001_matrix-output">
        <float_array id="node-Bip001_matrix-output-array" count="480">0.1726223 -0.979467 0.1041443 -0.01367896 0.9443098 0.1946371 0.2653216 4 -0.2801441 0.05254399 0.9585189 0.9088534 0 0 0 1 0.1683127 -0.9804059 0.1023474 -0.00741887 0.9440411 0.1901998 0.2694632 3.870565 -0.2836498 0.05126601 0.9575566 0.9184304 0 0 0 1 0.1543022 -0.983285 0.09665161 -0.001158773 0.9443776 0.1755324 0.2780996 3.741131 -0.2904166 0.04836422 0.9556773 0.9343091 0 0 0 1 0.131595 -0.9874581 0.08723109 0.005101263 0.9452177 0.1515092 0.2891513 3.611696 -0.2987411 0.04440146 0.9533007 0.9540932 0 0 0 1 0.1012507 -0.9920863 0.0742501 0.01136136 0.9464607 0.1190518 0.3000645 3.482262 -0.3065295 0.03989303 0.9510248 0.975468 0 0 0 1 0.0645833 -0.9962221 0.05805569 0.01762151 0.948009 0.07941687 0.308175 3.352826 -0.3116214 0.03513443 0.9495566 0.9961568 0 0 0 1 0.02326822 -0.9989563 0.03930371 0.02388167 0.9497683 0.03436118 0.3110619 3.22339 -0.3120877 0.03009158 0.9495766 1.013877 0 0 0 1 -0.02066922 -0.9996064 0.01897436 0.03014189 0.9516487 -0.01385259 0.3068762 3.093953 -0.3064925 0.02439981 0.9515603 1.026299 0 0 0 1 -0.06498253 -0.9978849 -0.001736044 0.03640156 0.9535642 -0.06260883 0.2946108 2.964527 -0.2940964 0.01748907 0.9556158 1.031 0 0 0 1 -0.107429 -0.9939777 -0.02162551 0.04355591 0.955433 -0.10923 0.2742569 2.828823 -0.2749673 0.008801341 0.9614133 1.024232 0 0 0 1 -0.1452721 -0.9886081 -0.03936886 0.05071026 0.9571819 -0.1505018 0.2472889 2.69312 -0.250397 -0.001758992 0.9681417 1.006929 0 0 0 1 -0.1763608 -0.9828399 -0.05406475 0.05786454 0.9587481 -0.1839585 0.2167065 2.557417 -0.2229334 -0.01361596 0.9747386 0.9834071 0 0 0 1 -0.1997742 -0.9776551 -0.06542873 0.06501883 0.9600717 -0.2086526 0.1863504 2.421714 -0.1958383 -0.02558827 0.9803023 0.9578289 0 0 0 1 -0.2156685 -0.9736937 -0.07353579 0.07217305 0.9610955 -0.2249803 0.1602473 2.286013 -0.172576 -0.03611463 0.9843339 0.9343069 0 0 0 1 -0.2248116 -0.971235 -0.0785017 0.07932722 0.9617598 -0.2341092 0.142166 2.150312 -0.1564546 -0.04353922 0.986725 0.9170036 0 0 0 1 -0.2278568 -0.9703832 -0.08023446 0.08648198 0.9619977 -0.2370882 0.1354606 2.014601 -0.1504713 -0.04631972 0.9875287 0.9102354 0 0 0 1 -0.2260067 -0.9709134 -0.07904571 0.08020186 0.9617613 -0.2352899 0.1401919 1.880702 -0.1547129 -0.04433876 0.9869641 0.915475 0 0 0 1 -0.2203094 -0.9724981 -0.07557225 0.07392174 0.9611076 -0.2296501 0.1534045 1.746803 -0.1665408 -0.03883653 0.9852694 0.9291784 0 0 0 1 -0.2101159 -0.9751811 -0.06980961 0.06764161 0.9601124 -0.2192882 0.1734846 1.612905 -0.1844874 -0.03057318 0.9823592 0.9484366 0 0 0 1 -0.1944891 -0.9789699 -0.06157708 0.06136149 0.9588462 -0.2029786 0.1985281 1.479005 -0.2068518 -0.02043139 0.9781589 0.9704465 0 0 0 1 -0.1725327 -0.9837049 -0.05056995 0.0550813 0.9573794 -0.1795464 0.2262474 1.345106 -0.2316403 -0.009379565 0.9727563 0.9924565 0 0 0 1 -0.143683 -0.9889513 -0.03647398 0.04880112 0.9557838 -0.1482312 0.2539774 1.211205 -0.2565779 0.001631021 0.9665222 1.011715 0 0 0 1 -0.1079565 -0.9939713 -0.0191428 0.04252088 0.954138 -0.1089999 0.2788184 1.077303 -0.2792241 0.01183539 0.9601531 1.025418 0 0 0 1 -0.06612229 -0.9978109 0.001199543 0.03624117 0.9525272 -0.06276333 0.2979143 0.9434128 -0.2971868 0.0208413 0.9545919 1.030657 0 0 0 1 -0.01975047 -0.9995216 0.0238043 0.02818399 0.9510476 -0.01143753 0.3088328 0.8071784 -0.3084128 0.02873861 0.9508184 1.023762 0 0 0 1 0.02794951 -0.9985129 0.04680758 0.01897215 0.9497163 0.04113429 0.310398 0.669026 -0.3118618 0.03577846 0.9494536 1.006149 0 0 0 1 0.07317996 -0.995001 0.06795299 0.009483575 0.9485058 0.09049171 0.3035588 0.5304139 -0.3081905 0.04223936 0.9503865 0.9822414 0 0 0 1 0.1125897 -0.9899697 0.08534491 5.74385e-4 0.9473887 0.1328524 0.2912131 0.3927649 -0.2996304 0.04806715 0.9528437 0.956306 0 0 0 1 0.143572 -0.9848066 0.09768807 -0.006900072 0.9463365 0.1654993 0.2775917 0.2574999 -0.2895415 0.05259138 0.9557195 0.9325581 0 0 0 1 0.1641795 -0.9809132 0.1041842 -0.01206415 0.9453208 0.1866301 0.2674657 0.126074 -0.2818045 0.05457502 0.9579185 0.9152653 0 0 0 1</float_array>
        <technique_common>
          <accessor source="#node-Bip001_matrix-output-array" count="30" stride="16">
            <param name="TRANSFORM" type="float4x4"/>
          </accessor>
        </technique_common>
      </source>
      <source id="node-Bip001_matrix-interpolation">
        <Name_array id="node-Bip001_matrix-interpolation-array" count="30">LINEAR LINEAR LINEAR LINEAR LINEAR LINEAR LINEAR LINEAR LINEAR LINEAR LINEAR LINEAR LINEAR LINEAR LINEAR LINEAR LINEAR LINEAR LINEAR LINEAR LINEAR LINEAR LINEAR LINEAR LINEAR LINEAR LINEAR LINEAR LINEAR LINEAR</Name_array>
        <technique_common>
          <accessor source="#node-Bip001_matrix-interpolation-array" count="30" stride="1">
            <param name="INTERPOLATION" type="name"/>
          </accessor>
        </technique_common>
      </source>
      <source id="node-Bip001_Pelvis_matrix-input">
        <float_array id="node-Bip001_Pelvis_matrix-input-array" count="30">15 15.03333 15.06667 15.1 15.13333 15.16667 15.2 15.23333 15.26667 15.3 15.33333 15.36667 15.4 15.43333 15.46667 15.5 15.53333 15.56667 15.6 15.63333 15.66667 15.7 15.73333 15.76667 15.8 15.83333 15.86667 15.9 15.93333 15.96667</float_array>
        <technique_common>
          <accessor source="#node-Bip001_Pelvis_matrix-input-array" count="30" stride="1">
            <param name="TIME" type="float"/>
          </accessor>
        </technique_common>
      </source>
      <source id="node-Bip001_Pelvis_matrix-output">
        <float_array id="node-Bip001_Pelvis_matrix-output-array" count="480">0 1 -1.37836e-6 0 -0.1140869 1.34204e-6 0.9934707 0 0.9934708 1.49012e-7 0.1140869 0 0 0 0 1 0.002764344 0.9999353 0.01105016 0 -0.1214002 -0.01063293 0.9925468 0 0.9926 -0.004085302 0.1213629 0 0 0 0 1 0.00977683 0.9991211 0.04076206 0 -0.1408268 -0.03898197 0.9892665 0 0.989986 -0.01541227 0.1403219 0 0 0 0 1 0.0189144 0.9962909 0.08394408 0 -0.1686193 -0.07957786 0.9824637 0 0.9854999 -0.03273737 0.1664887 0 0 0 0 1 0.02821904 0.9904118 0.1352337 0 -0.2009277 -0.1269062 0.9713512 0 0.9791997 -0.05458277 0.19542 0 0 0 0 1 0.03629517 0.9812875 0.1890962 0 -0.2337568 -0.175635 0.9563003 0 0.9716174 -0.0789116 0.2230079 0 0 0 0 1 0.04251295 0.9698471 0.2399786 0 -0.2630368 -0.2208569 0.9391667 0 0.9638488 -0.1030499 0.2457162 0 0 0 0 1 0.04698836 0.9581131 0.2825089 0 -0.2847298 -0.2582412 0.9231687 0 0.9574555 -0.1238168 0.260669 0 0 0 0 1 0.05032205 0.9488845 0.3115862 0 -0.2948727 -0.2839577 0.9123694 0 0.9542106 -0.1377906 0.2655107 0 0 0 0 1 0.05309468 0.9451586 0.3222675 0 -0.2895032 -0.2942936 0.9108124 0 0.9557033 -0.1416567 0.258001 0 0 0 0 1 0.05495923 0.9516822 0.3021267 0 -0.2555546 -0.2790988 0.9256327 0 0.9652313 -0.128082 0.2278677 0 0 0 0 1 0.05338174 0.9666554 0.2504548 0 -0.1906669 -0.2363311 0.9527821 0 0.9802022 -0.09861463 0.1716935 0 0 0 0 1 0.04535412 0.9825652 0.1803023 0 -0.1075262 -0.1746379 0.978744 0 0.9931673 -0.06377732 0.09773093 0 0 0 0 1 0.03058725 0.9939202 0.1057715 0 -0.01995062 -0.1051929 0.9942517 0 0.9993331 -0.03252166 0.01661175 0 0 0 0 1 0.0129742 0.9990658 0.04121786 0 0.05814296 -0.04190534 0.9974283 0 0.998224 -0.0105443 -0.05863237 0 0 0 0 1 0 1 -1.40443e-6 0 0.1140842 1.37929e-6 0.9934712 0 0.9934712 -1.63913e-7 -0.1140842 0 0 0 0 1 -0.006402492 0.9997304 -0.02232497 0 0.1554192 0.02304893 0.9875797 0 0.987828 0.002853274 -0.1555249 0 0 0 0 1 -0.01044577 0.9991839 -0.03901988 0 0.1962683 0.04031169 0.9797213 0 0.9804947 0.002575576 -0.1965292 0 0 0 0 1 -0.01241135 0.9986224 -0.05098366 0 0.2349482 0.05247259 0.9705906 0 0.9719288 6.7845e-5 -0.2352758 0 0 0 0 1 -0.01262515 0.9981734 -0.05908215 0 0.2697966 0.06029593 0.9610278 0 0.9628345 -0.003806948 -0.270065 0 0 0 0 1 -0.01148033 0.9978753 -0.06413161 0 0.2992008 0.0646255 0.9519991 0 0.954121 -0.008258938 -0.2993071 0 0 0 0 1 -0.009446918 0.9977155 -0.06689089 0 0.3215988 0.06637138 0.9445469 0 0.9468289 -0.01258891 -0.3214911 0 0 0 0 1 -0.0070706 0.9976557 -0.0680648 0 0.3354592 0.06648868 0.9397054 0 0.9420281 -0.01618868 -0.335143 0 0 0 0 1 -0.004960298 0.9976512 -0.06832033 0 0.3392339 0.06594854 0.9383875 0 0.940689 -0.01852184 -0.3387642 0 0 0 0 1 -0.003765046 0.9976567 -0.06831455 0 0.331293 0.06570148 0.9412376 0 0.9435203 -0.01908826 -0.3307641 0 0 0 0 1 -0.002094626 0.997983 -0.06344795 0 0.2894241 0.06133759 0.9552338 0 0.9571986 -0.01636248 -0.2889688 0 0 0 0 1 5.28097e-4 0.998701 -0.05095154 0 0.2054968 0.04975575 0.9773922 0 0.9786577 -0.0109865 -0.2052036 0 0 0 0 1 0.002197027 0.9994049 -0.03442806 0 0.1000912 0.0340355 0.994396 0 0.9949759 -0.005630671 -0.09995681 0 0 0 0 1 0.002070903 0.9998396 -0.01780271 0 -0.003921985 0.01781076 0.9998338 0 0.9999904 -0.002000689 0.003958284 0 0 0 0 1 7.92831e-4 0.9999868 -0.005064249 0 -0.08288043 0.005112528 0.9965464 0 0.9965592 -3.70353e-4 0.08288341 0 0 0 0 1</float_array>
        <technique_common>
          <accessor source="#node-Bip001_Pelvis_matrix-output-array" count="30" stride="16">
            <param name="TRANSFORM" type="float4x4"/>
          </accessor>
        </technique_common>
      </source>
      <source id="node-Bip001_Pelvis_matrix-interpolation">
        <Name_array id="node-Bip001_Pelvis_matrix-interpolation-array" count="30">LINEAR LINEAR LINEAR LINEAR LINEAR LINEAR LINEAR LINEAR LINEAR LINEAR LINEAR LINEAR LINEAR LINEAR LINEAR LINEAR LINEAR LINEAR LINEAR LINEAR LINEAR LINEAR LINEAR LINEAR LINEAR LINEAR LINEAR LINEAR LINEAR LINEAR</Name_array>
        <technique_common>
          <accessor source="#node-Bip001_Pelvis_matrix-interpolation-array" count="30" stride="1">
            <param name="INTERPOLATION" type="name"/>
          </accessor>
        </technique_common>
      </source>
      <source id="node-Bip001_Spine_matrix-input">
        <float_array id="node-Bip001_Spine_matrix-input-array" count="30">15 15.03333 15.06667 15.1 15.13333 15.16667 15.2 15.23333 15.26667 15.3 15.33333 15.36667 15.4 15.43333 15.46667 15.5 15.53333 15.56667 15.6 15.63333 15.66667 15.7 15.73333 15.76667 15.8 15.83333 15.86667 15.9 15.93333 15.96667</float_array>
        <technique_common>
          <accessor source="#node-Bip001_Spine_matrix-input-array" count="30" stride="1">
            <param name="TIME" type="float"/>
          </accessor>
        </technique_common>
      </source>
      <source id="node-Bip001_Spine_matrix-output">
