<?xml version="1.0" encoding="utf-8"?>
<COLLADA xmlns="http://www.collada.org/2005/11/COLLADASchema" version="1.4.1">
  <asset>
    <contributor>
      <author>MattO</author>
      <authoring_tool>OpenCOLLADA for 3ds Max;  Version: 1.3.0;  Revision: 839M;  Platform: x64;  Configuration: Release_Max2012</authoring_tool>
      <source_data>file:///Z:/Art_Resources/WIP/Art_Pack/Alien_Pack/Kralmok/Mantis_TP_Kralmok_Animation_Master.max</source_data>
    </contributor>
    <created>2011-10-24T17:11:35</created>
    <modified>2011-10-24T17:11:35</modified>
    <unit name="meter" meter="1"/>
    <up_axis>Z_UP</up_axis>
  </asset>
  <library_effects>
    <effect id="ColorEffectR88G199B225">
      <profile_COMMON>
        <technique sid="common">
          <phong>
            <ambient>
              <color>0.345098 0.7803922 0.8823529 1</color>
            </ambient>
            <diffuse>
              <color>0.345098 0.7803922 0.8823529 1</color>
            </diffuse>
            <specular>
              <color>1 1 1 1</color>
            </specular>
            <shininess>
              <float>10</float>
            </shininess>
            <reflective>
              <color>0 0 0 1</color>
            </reflective>
            <transparent>
              <color>1 1 1 1</color>
            </transparent>
            <transparency>
              <float>1</float>
            </transparency>
          </phong>
        </technique>
      </profile_COMMON>
    </effect>
  </library_effects>
  <library_materials>
    <material id="ColorEffectR88G199B225-material" name="ColorEffectR88G199B225-material">
      <instance_effect url="#ColorEffectR88G199B225"/>
    </material>
  </library_materials>
  <library_geometries>
    <geometry id="geom-Bounds" name="Bounds">
      <mesh>
        <source id="geom-Bounds-positions">
          <float_array id="geom-Bounds-positions-array" count="24">-0.5 -0.5 0 0.5 -0.5 0 -0.5 0.5 0 0.5 0.5 0 -0.5 -0.5 2 0.5 -0.5 2 -0.5 0.5 2 0.5 0.5 2</float_array>
          <technique_common>
            <accessor source="#geom-Bounds-positions-array" count="8" stride="3">
              <param name="X" type="float"/>
              <param name="Y" type="float"/>
              <param name="Z" type="float"/>
            </accessor>
          </technique_common>
        </source>
        <source id="geom-Bounds-normals">
          <float_array id="geom-Bounds-normals-array" count="72">0 0 -1 0 0 -1 0 0 -1 0 0 -1 0 0 1 0 0 1 0 0 1 0 0 1 0 -1 0 0 -1 0 0 -1 0 0 -1 0 1 0 0 1 0 0 1 0 0 1 0 0 0 1 0 0 1 0 0 1 0 0 1 0 -1 0 0 -1 0 0 -1 0 0 -1 0 0</float_array>
          <technique_common>
            <accessor source="#geom-Bounds-normals-array" count="24" stride="3">
              <param name="X" type="float"/>
              <param name="Y" type="float"/>
              <param name="Z" type="float"/>
            </accessor>
          </technique_common>
        </source>
        <source id="geom-Bounds-map1">
          <float_array id="geom-Bounds-map1-array" count="36">0 0 0 1 0 0 0 1 0 1 1 0 0 0 0 1 0 0 0 1 0 1 1 0 0 0 0 1 0 0 0 1 0 1 1 0</float_array>
          <technique_common>
            <accessor source="#geom-Bounds-map1-array" count="12" stride="3">
              <param name="S" type="float"/>
              <param name="T" type="float"/>
              <param name="P" type="float"/>
            </accessor>
          </technique_common>
        </source>
        <vertices id="geom-Bounds-vertices">
          <input semantic="POSITION" source="#geom-Bounds-positions"/>
        </vertices>
        <triangles material="ColorMaterial" count="12">
          <input semantic="VERTEX" source="#geom-Bounds-vertices" offset="0"/>
          <input semantic="NORMAL" source="#geom-Bounds-normals" offset="1"/>
          <input semantic="TEXCOORD" source="#geom-Bounds-map1" offset="2" set="0"/>
          <p>0 0 9 2 1 11 3 2 10 3 2 10 1 3 8 0 0 9 4 4 8 5 5 9 7 6 11 7 6 11 6 7 10 4 4 8 0 8 4 1 9 5 5 10 7 5 10 7 4 11 6 0 8 4 1 12 0 3 13 1 7 14 3 7 14 3 5 15 2 1 12 0 3 16 4 2 17 5 6 18 7 6 18 7 7 19 6 3 16 4 2 20 0 0 21 1 4 22 3 4 22 3 6 23 2 2 20 0</p>
        </triangles>
      </mesh>
      <extra>
        <technique profile="OpenCOLLADA3dsMax">
          <max_box>
            <generateuvs>1</generateuvs>
            <height>2</height>
            <heightsegments>1</heightsegments>
            <length>1</length>
            <lengthsegments>1</lengthsegments>
            <width>1</width>
            <widthsegments>1</widthsegments>
          </max_box>
        </technique>
      </extra>
    </geometry>
  </library_geometries>
  <library_lights>
    <light id="EnvironmentAmbientLight" name="EnvironmentAmbientLight">
      <technique_common>
        <ambient>
          <color>0 0 0</color>
        </ambient>
      </technique_common>
    </light>
  </library_lights>
  <library_visual_scenes>
    <visual_scene id="MaxScene">
      <node name="EnvironmentAmbientLight">
        <instance_light url="#EnvironmentAmbientLight"/>
      </node>
      <node id="node-Bip001" name="Bip001">
        <matrix sid="matrix">0.4908437 -0.8335533 0.2534982 0 0.8299851 0.535848 0.1548923 -4.37066e-8 -0.2649474 0.1343719 0.9548545 0.5325592 0 0 0 1</matrix>
        <node id="node-Bip001_Pelvis" name="Bip001_Pelvis">
          <matrix>-0.06006101 0.9981922 -0.002268143 0 -0.1512668 -0.006855549 0.9884691 0 0.9866667 0.05971152 0.1514052 0 0 0 0 1</matrix>
          <node id="node-Bip001_Spine" name="Bip001_Spine">
            <matrix sid="matrix">0.9613935 -0.1361308 -0.2391462 0.09690872 0.11129 0.9871659 -0.1145336 0.005776741 0.2516685 0.08349721 0.9642051 0.01486152 0 0 0 1</matrix>
            <node id="node-Bip001_Spine1" name="Bip001_Spine1">
              <matrix>0.9235707 -0.3709309 -0.0970948 0.1110483 0.3695981 0.9286392 -0.03204076 -8.20756e-5 0.102051 -0.006294142 0.9947591 5.40167e-7 0 0 0 1</matrix>
              <node id="node-Bip001_Spine2" name="Bip001_Spine2">
                <matrix sid="matrix">0.9781342 -0.135043 -0.1581678 0.1110276 0.1528821 0.9824771 0.1066115 -8.69036e-5 0.1409991 -0.1284613 0.9816399 1.1351e-5 0 0 0 1</matrix>
                <node id="node-Bip001_Spine3" name="Bip001_Spine3">
                  <matrix sid="matrix">0.9451489 -0.2288201 -0.2330979 0.1110539 0.2576066 0.9609329 0.1012271 -1.6129e-4 0.2008287 -0.1557221 0.9671704 2.60919e-5 0 0 0 1</matrix>
                  <node id="node-Bip001_Neck" name="Bip001_Neck">
                    <matrix sid="matrix">0.9888968 -0.06419972 -0.1340206 0.2584253 0.04748258 0.9910949 -0.1244034 0.01280218 0.1408138 0.1166585 0.9831389 -4.52995e-6 0 0 0 1</matrix>
                    <node id="node-Bip001_Neck1" name="Bip001_Neck1">
                      <matrix>0.9879368 0.1545504 -0.009731479 0.04894263 -0.1547314 0.9826608 -0.1021558 -3.83854e-5 -0.006225511 0.1024294 0.9947208 -3.93391e-6 0 0 0 1</matrix>
                      <node id="node-Bip001_Neck2" name="Bip001_Neck2">
                        <matrix sid="matrix">0.9545164 0.2811764 -0.09919 0.04893762 -0.2884499 0.9550412 -0.06850675 -3.72529e-5 0.07546806 0.09400214 0.9927076 -3.66569e-6 0 0 0 1</matrix>
                        <node id="node-Bip001_Head" name="Bip001_Head">
                          <matrix sid="matrix">0.9415108 0.2383285 0.2382367 0.04894853 -0.2148936 0.9691982 -0.1203135 5.96046e-8 -0.2595727 0.06208088 0.963726 0 0 0 0 1</matrix>
                          <node id="node-Bip001_Ponytail1" name="Bip001_Ponytail1">
                            <matrix sid="matrix">-0.05999064 -0.9981992 -2.76882e-6 0.009580731 0.998199 -0.05999061 -2.93972e-6 0.1139535 2.76836e-6 -2.93972e-6 1 8.9407e-8 0 0 0 1</matrix>
                          </node>
                          <node id="node-ALTEYE" name="ALTEYE">
                            <matrix>-0.009488121 0.5772443 0.8165168 0.1153699 0.002645059 0.816565 -0.5772478 0.2046643 -0.9999517 -0.003317261 -0.009274511 -0.001006842 0 0 0 1</matrix>
                          </node>
                        </node>
                      </node>
                    </node>
                    <node id="node-Bip001_L_Clavicle" name="Bip001_L_Clavicle">
                      <matrix sid="matrix">0.3867268 0.04316635 0.9211835 -0.04311711 0.6360109 -0.7358133 -0.2325271 0.007411838 0.6677818 0.6758071 -0.312013 0.02784044 0 0 0 1</matrix>
                      <node id="node-Bip001_L_UpperArm" name="Bip001_L_UpperArm">
                        <matrix sid="matrix">0.9905729 0.1320823 -0.0363256 0.07966626 0.001587749 0.2540891 0.9671796 0 0.1369773 -0.9581195 0.251484 0 0 0 0 1</matrix>
                        <node id="node-Bip001_L_Forearm" name="Bip001_L_Forearm">
                          <matrix sid="matrix">0.1634839 0.986546 0 0.4297335 -0.9865459 0.163484 2.98023e-8 0 0 2.98023e-8 0.9999999 2.98023e-8 0 0 0 1</matrix>
                          <node id="node-Bip001_L_Hand" name="Bip001_L_Hand">
                            <matrix sid="matrix">0.9758574 -0.1437983 -0.1643909 0.3774394 0.2027016 0.3160163 0.9268471 -5.96046e-8 -0.08132876 -0.937793 0.337535 2.98023e-8 0 0 0 1</matrix>
                            <node id="node-Bip001_L_Finger0" name="Bip001_L_Finger0">
                              <matrix>0.7373678 0.3989063 0.5451257 0.03908241 0.5702345 0.06501231 -0.8189054 0.01738536 -0.3621065 0.9146839 -0.1795322 -0.04049927 0 0 0 1</matrix>
                              <node id="node-Bip001_L_Finger01" name="Bip001_L_Finger01">
                                <matrix>0.5320404 -0.8467189 -7.45058e-9 0.1027657 0.8467189 0.5320405 -2.98023e-8 -2.98023e-8 2.98023e-8 2.98023e-8 0.9999999 0 0 0 0 1</matrix>
                                <node id="node-Bip001_L_Finger02" name="Bip001_L_Finger02">
                                  <matrix>0.7835937 -0.6212736 0 0.05252516 0.6212736 0.7835936 0 -5.96046e-8 -2.98023e-8 -4.47035e-8 0.9999999 0 0 0 0 1</matrix>
                                </node>
                              </node>
                            </node>
                            <node id="node-Bip001_L_Finger1" name="Bip001_L_Finger1">
                              <matrix>0.6375436 -0.7703909 0.005983956 0.1458857 0.7704015 0.6375586 7.96348e-4 -1.5378e-5 -0.0044287 0.004102349 0.9999818 -0.01919666 0 0 0 1</matrix>
                              <node id="node-Bip001_L_Finger11" name="Bip001_L_Finger11">
                                <matrix>-0.3951853 -0.9186015 -1.49012e-8 0.08578122 0.9186015 -0.3951852 0 0 -5.96046e-8 -5.96046e-8 1 0 0 0 0 1</matrix>
                                <node id="node-Bip001_L_Finger12" name="Bip001_L_Finger12">
                                  <matrix>0.9649357 -0.2624862 1.49012e-8 0.05549788 0.2624862 0.9649358 2.98023e-8 5.96046e-8 7.45058e-8 2.98023e-8 1 0 0 0 0 1</matrix>
                                </node>
                              </node>
                            </node>
                            <node id="node-Bip001_L_Finger2" name="Bip001_L_Finger2">
                              <matrix>0.5018926 -0.8550148 -0.1305896 0.1437581 0.8647376 0.492844 0.09661075 0.003213406 -0.01824349 -0.161414 0.9867181 0.02870393 0 0 0 1</matrix>
                              <node id="node-Bip001_L_Finger21" name="Bip001_L_Finger21">
                                <matrix>0.05968913 -0.9982171 0 0.07148436 0.9982172 0.05968904 0 -1.19209e-7 -2.98023e-8 5.96046e-8 1 -5.96046e-8 0 0 0 1</matrix>
                                <node id="node-Bip001_L_Finger22" name="Bip001_L_Finger22">
                                  <matrix>0.8033119 -0.5955586 -2.98023e-8 0.05113888 0.5955586 0.8033118 -2.98023e-8 -8.9407e-8 3.72529e-8 0 1 5.96046e-8 0 0 0 1</matrix>
                                </node>
                              </node>
                            </node>
                          </node>
                        </node>
                        <node id="node-Bip001_L_ForeTwist" name="Bip001_L_ForeTwist">
                          <matrix sid="matrix">0.1634839 0.9798684 -0.1145902 0.4297335 -0.9865459 0.1623774 -0.01898915 0 0 0.116153 0.9932313 2.98023e-8 0 0 0 1</matrix>
                          <node id="node-Bip001_L_ForeTwist1" name="Bip001_L_ForeTwist1">
                            <matrix sid="matrix">0.9999999 5.96046e-8 0 0.1887197 0 0.9932313 -0.116153 -2.98023e-8 -2.98023e-8 0.116153 0.9932312 2.98023e-8 0 0 0 1</matrix>
                          </node>
                        </node>
                      </node>
                      <node id="node-Bip001_LUpArmTwist" name="Bip001_LUpArmTwist">
                        <matrix sid="matrix">0.9905729 0.1320823 -0.0363256 0.07966626 0.001587749 0.2540891 0.9671796 0 0.1369773 -0.9581195 0.251484 0 0 0 0 1</matrix>
                        <node id="node-Bip001_LUpArmTwist1" name="Bip001_LUpArmTwist1">
                          <matrix>0.9999999 5.96046e-8 0 0.2148668 0 1 2.98023e-8 0 0 0 0.9999999 2.98023e-8 0 0 0 1</matrix>
                        </node>
                      </node>
                    </node>
                    <node id="node-Bip001_R_Clavicle" name="Bip001_R_Clavicle">
                      <matrix sid="matrix">-0.4125289 -0.1381768 -0.9004039 -0.04935795 0.6517029 -0.7353823 -0.1857316 0.00224179 -0.6364772 -0.6634155 0.3934166 -0.01573151 0 0 0 1</matrix>
                      <node id="node-Bip001_R_UpperArm" name="Bip001_R_UpperArm">
                        <matrix sid="matrix">0.8395808 0.3032055 -0.4507444 0.0796662 -0.5393062 0.3656136 -0.758601 1.19209e-7 -0.0652137 0.879996 0.4704829 0 0 0 0 1</matrix>
                        <node id="node-Bip001_R_Forearm" name="Bip001_R_Forearm">
                          <matrix sid="matrix">-0.5584599 0.8295316 0 0.4297334 -0.8295315 -0.5584599 3.72529e-9 0 -5.96046e-8 5.96046e-8 1 0 0 0 0 1</matrix>
                          <node id="node-Bip001_R_Hand" name="Bip001_R_Hand">
                            <matrix sid="matrix">0.7922838 0.3434413 0.5043159 0.3774393 0.60973 -0.4148864 -0.6753508 -5.96046e-8 -0.02270951 0.842566 -0.5381143 0 0 0 0 1</matrix>
                            <node id="node-Bip001_R_Finger0" name="Bip001_R_Finger0">
                              <matrix>0.6486482 0.5772246 -0.4960517 0.03908247 0.6676158 -0.1185831 0.7350014 0.01738539 0.3654376 -0.8079293 -0.462283 0.04049927 0 0 0 1</matrix>
                              <node id="node-Bip001_R_Finger01" name="Bip001_R_Finger01">
                                <matrix>0.6155393 -0.7881062 -2.98023e-8 0.1027657 0.7881061 0.6155394 0 -2.98023e-8 4.47035e-8 -2.98023e-8 1 -5.96046e-8 0 0 0 1</matrix>
                                <node id="node-Bip001_R_Finger02" name="Bip001_R_Finger02">
                                  <matrix>0.1523351 -0.9883289 -1.49012e-8 0.05252492 0.9883288 0.1523351 -2.98023e-8 0 -8.9407e-8 0 1 0 0 0 0 1</matrix>
                                </node>
                              </node>
                            </node>
                            <node id="node-Bip001_R_Finger1" name="Bip001_R_Finger1">
                              <matrix>0.7109715 -0.6323431 -0.3076712 0.1458856 0.6327782 0.7661359 -0.1123713 -1.52886e-5 0.3067753 -0.1147949 0.9448338 0.01919669 0 0 0 1</matrix>
                              <node id="node-Bip001_R_Finger11" name="Bip001_R_Finger11">
                                <matrix>-0.6406226 -0.7678562 0 0.08578128 0.7678561 -0.6406224 1.49012e-8 -1.19209e-7 0 -1.49012e-8 1 -1.78814e-7 0 0 0 1</matrix>
                                <node id="node-Bip001_R_Finger12" name="Bip001_R_Finger12">
                                  <matrix>0.8432423 -0.5375336 -2.98023e-8 0.05549788 0.5375336 0.8432423 1.49012e-8 2.23517e-8 0 5.58794e-9 0.9999999 5.96046e-8 0 0 0 1</matrix>
                                </node>
                              </node>
                            </node>
                            <node id="node-Bip001_R_Finger2" name="Bip001_R_Finger2">
                              <matrix>0.2634971 -0.9557801 0.1305896 0.1437581 0.9628297 0.2522404 -0.09661078 0.003213376 0.0593987 0.1511922 0.9867181 -0.02870387 0 0 0 1</matrix>
                              <node id="node-Bip001_R_Finger21" name="Bip001_R_Finger21">
                                <matrix>-0.03544476 -0.9993716 7.45058e-9 0.07148434 0.9993716 -0.03544476 0 -1.19209e-7 1.49012e-8 7.45058e-9 0.9999999 0 0 0 0 1</matrix>
                                <node id="node-Bip001_R_Finger22" name="Bip001_R_Finger22">
                                  <matrix>0.7483485 -0.6633058 0 0.05113894 0.6633058 0.7483485 3.72529e-9 7.45058e-9 0 -2.98023e-8 1 0 0 0 0 1</matrix>
                                </node>
                              </node>
                            </node>
                            <node id="node-mount0" name="mount0">
                              <matrix>-5.36238e-8 0.9999999 5.05708e-7 0.1088289 -1 -2.95237e-7 -1.19209e-7 0.03070411 1.84402e-7 -4.05591e-7 0.9999998 0.01333505 0 0 0 1</matrix>
                            </node>
                          </node>
                        </node>
                        <node id="node-Bip001_R_ForeTwist" name="Bip001_R_ForeTwist">
                          <matrix sid="matrix">-0.5584599 0.8087592 -0.1844759 0.4297334 -0.8295315 -0.5444754 0.1241934 0 -5.96046e-8 0.2223856 0.9749588 0 0 0 0 1</matrix>
                          <node id="node-Bip001_R_ForeTwist1" name="Bip001_R_ForeTwist1">
                            <matrix sid="matrix">1 -2.98023e-8 1.49012e-8 0.1887196 0 0.9749588 -0.2223856 -2.98023e-8 -1.49012e-8 0.2223856 0.9749588 -5.96046e-8 0 0 0 1</matrix>
                          </node>
                        </node>
                      </node>
                      <node id="node-Bip001_RUpArmTwist" name="Bip001_RUpArmTwist">
                        <matrix sid="matrix">0.8395808 0.3032055 -0.4507444 0.0796662 -0.5393062 0.3656136 -0.758601 1.19209e-7 -0.0652137 0.879996 0.4704829 0 0 0 0 1</matrix>
                        <node id="node-Bip001_RUpArmTwist1" name="Bip001_RUpArmTwist1">
                          <matrix>1 -3.72529e-9 0 0.2148668 -1.86265e-9 1 3.72529e-9 0 0 -1.86265e-9 1 5.96046e-8 0 0 0 1</matrix>
                        </node>
                      </node>
                    </node>
                  </node>
                </node>
              </node>
            </node>
            <node id="node-Bip001_L_Thigh" name="Bip001_L_Thigh">
              <matrix sid="matrix">-0.1911507 0.9774363 -0.08988617 -0.07925981 0.7948102 0.2078671 0.5701474 0.01231726 0.5759672 0.03754165 -0.8166103 0.07958384 0 0 0 1</matrix>
              <node id="node-Bip001_L_Calf" name="Bip001_L_Calf">
                <matrix sid="matrix">-0.6250476 0.7805867 0 0.4541689 -0.7805865 -0.6250477 0 2.98023e-8 1.49012e-8 8.9407e-8 1 1.49012e-8 0 0 0 1</matrix>
                <node id="node-Bip001_L_HorseLink" name="Bip001_L_HorseLink">
                  <matrix sid="matrix">-0.6250995 -0.7805451 0 0.3208733 0.7805449 -0.6250994 2.98023e-8 0 0 0 0.9999999 0 0 0 0 1</matrix>
                  <node id="node-Bip001_L_Foot" name="Bip001_L_Foot">
                    <matrix sid="matrix">0.3887351 0.9211397 -0.01966899 0.36176 -0.864985 0.3722229 0.336528 -2.98023e-8 0.3173104 -0.1138068 0.9414679 0 0 0 0 1</matrix>
                    <node id="node-Bip001_L_Toe0" name="Bip001_L_Toe0">
                      <matrix>-0.2454681 -0.9694048 5.14779e-8 0.08654235 0.9569955 -0.2423259 0.1594924 0.1234714 -0.1546127 0.03915034 0.9871992 -0.02420601 0 0 0 1</matrix>
                      <node id="node-Bip001_L_Toe01" name="Bip001_L_Toe01">
                        <matrix>0.9623386 0.2718536 -1.59988e-8 0.04576617 -0.2718536 0.9623385 -7.36327e-9 0 2.07016e-8 -1.28875e-9 1 -1.49012e-8 0 0 0 1</matrix>
                        <node id="node-Bip001_L_Toe02" name="Bip001_L_Toe02">
                          <matrix>0.9133543 0.4071654 1.85055e-8 0.03187376 -0.4071655 0.9133545 -8.86757e-11 3.72529e-9 1.18042e-8 2.25396e-9 1 3.72529e-9 0 0 0 1</matrix>
                        </node>
                      </node>
                    </node>
                    <node id="node-Bip001_L_Toe1" name="Bip001_L_Toe1">
                      <matrix>-0.2402829 -0.9707029 1.09988e-7 0.09280638 0.9404519 -0.2327948 -0.2477028 0.1308168 0.2404459 -0.05951866 0.968836 0.03696451 0 0 0 1</matrix>
                      <node id="node-Bip001_L_Toe11" name="Bip001_L_Toe11">
                        <matrix>0.9830523 0.1833258 -1.81331e-11 0.043706 -0.1833258 0.9830523 1.39835e-11 -1.49012e-8 2.40746e-10 3.27418e-11 1 0 0 0 0 1</matrix>
                        <node id="node-Bip001_L_Toe12" name="Bip001_L_Toe12">
                          <matrix>0.9040336 0.4274615 -6.61515e-12 0.03796017 -0.4274615 0.9040335 6.82121e-12 -1.86265e-9 5.25802e-11 1.26079e-10 1 0 0 0 0 1</matrix>
                        </node>
                      </node>
                    </node>
                    <node id="node-Bip001_L_Toe2" name="Bip001_L_Toe2">
                      <matrix>0.04881953 -0.8895264 0.454268 0.06798328 0.1495167 -0.4431771 -0.8838772 0.002804041 0.9875534 0.1110711 0.1113633 0.04295144 0 0 0 1</matrix>
                      <node id="node-Bip001_L_Toe21" name="Bip001_L_Toe21">
                        <matrix>1 -2.23517e-8 -2.98023e-8 0.01451745 -1.49012e-8 1 2.98023e-8 -1.49012e-8 -3.1665e-8 0 1 -2.98023e-8 0 0 0 1</matrix>
                        <node id="node-Bip001_L_Toe22" name="Bip001_L_Toe22">
                          <matrix>0.5236049 0.8519613 -2.98023e-8 0.03369503 -0.8519614 0.5236049 2.98023e-8 0 -5.96046e-8 -1.49012e-8 1 2.98023e-8 0 0 0 1</matrix>
                        </node>
                      </node>
                    </node>
                  </node>
                </node>
              </node>
            </node>
            <node id="node-Bip001_R_Thigh" name="Bip001_R_Thigh">
              <matrix sid="matrix">-0.6249805 0.2442595 0.7414421 -0.1158412 0.06319104 0.9625 -0.2638191 1.80244e-4 -0.7780784 -0.1180292 -0.6169788 -0.06056899 0 0 0 1</matrix>
              <node id="node-Bip001_R_Calf" name="Bip001_R_Calf">
                <matrix sid="matrix">-0.4805912 0.876945 0 0.454169 -0.8769449 -0.4805912 1.11759e-8 -1.11759e-8 2.98023e-8 -2.98023e-8 1 -5.96046e-8 0 0 0 1</matrix>
                <node id="node-Bip001_R_HorseLink" name="Bip001_R_HorseLink">
                  <matrix sid="matrix">-0.7285872 -0.684953 -2.98023e-8 0.3208733 0.6849529 -0.7285873 0 -5.96046e-8 5.96046e-8 -2.98023e-8 1 2.98023e-8 0 0 0 1</matrix>
                  <node id="node-Bip001_R_Foot" name="Bip001_R_Foot">
                    <matrix sid="matrix">0.6553871 0.4205463 0.6273823 0.3617601 -0.1347671 0.8824301 -0.4507268 -2.98023e-8 -0.7431725 0.2108501 0.6350092 2.98023e-8 0 0 0 1</matrix>
                    <node id="node-Bip001_R_Toe0" name="Bip001_R_Toe0">
                      <matrix>-0.2454695 -0.9694044 2.13535e-7 0.08654236 0.956995 -0.2423273 -0.1594932 0.1234713 0.1546135 -0.03915054 0.9871989 0.02420598 0 0 0 1</matrix>
                      <node id="node-Bip001_R_Toe01" name="Bip001_R_Toe01">
                        <matrix>0.9623387 0.2718535 1.99804e-8 0.04576604 -0.2718535 0.9623387 -2.27516e-11 1.11759e-8 -2.57323e-8 4.71221e-9 1 0 0 0 0 1</matrix>
                        <node id="node-Bip001_R_Toe02" name="Bip001_R_Toe02">
                          <matrix>0.9133545 0.4071654 4.40902e-9 0.03187375 -0.4071655 0.9133545 -2.44697e-10 3.72529e-9 -2.26261e-8 -3.51241e-8 1 0 0 0 0 1</matrix>
                        </node>
                      </node>
                    </node>
                    <node id="node-Bip001_R_Toe1" name="Bip001_R_Toe1">
                      <matrix>-0.2402847 -0.9707025 -6.96011e-7 0.09280639 0.9404514 -0.2327966 0.2477036 0.1308166 -0.2404466 0.05951872 0.9688359 -0.03696454 0 0 0 1</matrix>
                      <node id="node-Bip001_R_Toe11" name="Bip001_R_Toe11">
                        <matrix>0.9830522 0.1833258 1.54579e-8 0.04370605 -0.1833258 0.9830521 -5.79522e-9 -5.58794e-9 5.30941e-8 -5.39813e-9 1 -5.96046e-8 0 0 0 1</matrix>
                        <node id="node-Bip001_R_Toe12" name="Bip001_R_Toe12">
                          <matrix>0.9040334 0.4274614 -3.47776e-9 0.03796013 -0.4274615 0.9040335 -1.85488e-9 3.72529e-9 1.13065e-8 -2.74118e-8 1 0 0 0 0 1</matrix>
                        </node>
                      </node>
                    </node>
                    <node id="node-Bip001_R_Toe2" name="Bip001_R_Toe2">
                      <matrix>0.04881957 -0.8895257 -0.4542697 0.06798328 0.1495182 -0.4431785 0.8838762 0.002803989 -0.9875531 -0.111072 0.1113644 -0.04295146 0 0 0 1</matrix>
                      <node id="node-Bip001_R_Toe21" name="Bip001_R_Toe21">
                        <matrix>1 -1.49012e-8 2.23517e-8 0.01451743 3.72529e-9 1 0 1.86265e-9 -5.58794e-9 -5.96046e-8 1 2.98023e-8 0 0 0 1</matrix>
                        <node id="node-Bip001_R_Toe22" name="Bip001_R_Toe22">
                          <matrix>0.5236049 0.8519613 2.23517e-8 0.03369501 -0.8519613 0.5236049 0 7.45058e-9 2.98023e-8 1.49012e-8 1 -2.51457e-8 0 0 0 1</matrix>
                        </node>
                      </node>
                    </node>
                  </node>
                </node>
              </node>
            </node>
          </node>
        </node>
      </node>
      <node id="node-Bounds" name="Bounds">
        <matrix>1 0 0 0 0 1 0 0.411981 0 0 1 0 0 0 0 1</matrix>
        <instance_geometry url="#geom-Bounds">
          <bind_material>
            <technique_common>
              <instance_material symbol="ColorMaterial" target="#ColorEffectR88G199B225-material"/>
            </technique_common>
          </bind_material>
        </instance_geometry>
      </node>
      <node id="node-EYE" name="EYE">
        <matrix sid="matrix">-1 -7.64274e-15 -8.74228e-8 4.09043e-8 0 -1 8.74228e-8 0.411981 -8.74228e-8 8.74228e-8 1 1.111179 0 0 0 1</matrix>
      </node>
      <node id="node-CAM" name="CAM">
        <matrix sid="matrix">-0.9999996 1.50996e-7 0 0 -1.50996e-7 -0.9999996 1.77636e-15 -0.009719968 0 1.77636e-15 1 1.474417 0 0 0 1</matrix>
      </node>
    </visual_scene>
  </library_visual_scenes>
  <library_animations>
    <animation>
      <source id="node-Bip001_matrix-input">
        <float_array id="node-Bip001_matrix-input-array" count="60">19.33333 19.36667 19.4 19.43333 19.46667 19.5 19.53333 19.56667 19.6 19.63333 19.66667 19.7 19.73333 19.76667 19.8 19.83333 19.86667 19.9 19.93333 19.96667 20 20.03333 20.06667 20.1 20.13333 20.16667 20.2 20.23333 20.26667 20.3 20.33333 20.36667 20.4 20.43333 20.46667 20.5 20.53333 20.56667 20.6 20.63333 20.66667 20.7 20.73333 20.76667 20.8 20.83333 20.86667 20.9 20.93333 20.96667 21 21.03333 21.06667 21.1 21.13333 21.16667 21.2 21.23333 21.26667 21.3</float_array>
        <technique_common>
          <accessor source="#node-Bip001_matrix-input-array" count="60" stride="1">
            <param name="TIME" type="float"/>
          </accessor>
        </technique_common>
      </source>
      <source id="node-Bip001_matrix-output">
        <float_array id="node-Bip001_matrix-output-array" count="960">0.4908437 -0.8335533 0.2534982 0 0.8299852 0.535848 0.1548922 0 -0.2649474 0.1343718 0.9548545 0.5325592 0 0 0 1 0.4908166 -0.8335708 0.2534932 0 0.8300058 0.5358185 0.1548837 0 -0.2649329 0.1343812 0.9548572 0.5325838 0 0 0 1 0.4907919 -0.8335868 0.2534886 0 0.8300247 0.5357914 0.1548759 0 -0.2649195 0.1343899 0.9548597 0.5326555 0 0 0 1 0.4907694 -0.8336013 0.2534844 0 0.8300418 0.5357669 0.1548688 0 -0.2649074 0.1343977 0.9548619 0.5327705 0 0 0 1 0.490749 -0.8336145 0.2534805 0 0.8300575 0.5357446 0.1548623 0 -0.2648963 0.1344048 0.954864 0.5329253 0 0 0 1 0.4907305 -0.8336265 0.253477 0 0.8300716 0.5357244 0.1548565 0 -0.2648863 0.1344113 0.9548659 0.5331162 0 0 0 1 0.4907138 -0.8336372 0.2534739 0 0.8300843 0.5357062 0.1548512 0 -0.2648773 0.134417 0.9548676 0.5333401 0 0 0 1 0.4906991 -0.8336467 0.2534711 0 0.8300955 0.5356901 0.1548466 0 -0.2648693 0.1344222 0.954869 0.5335934 0 0 0 1 0.4906859 -0.8336552 0.2534686 0 0.8301057 0.5356757 0.1548424 0 -0.2648622 0.1344267 0.9548704 0.5338727 0 0 0 1 0.4906743 -0.8336628 0.2534666 0 0.8301146 0.535663 0.1548388 0 -0.264856 0.1344308 0.9548715 0.5341747 0 0 0 1 0.4906643 -0.8336691 0.2534646 0 0.8301222 0.5356521 0.1548355 0 -0.2648504 0.1344343 0.9548726 0.5344961 0 0 0 1 0.4906554 -0.8336749 0.2534629 0 0.8301289 0.5356424 0.1548328 0 -0.2648457 0.1344373 0.9548735 0.5348337 0 0 0 1 0.490648 -0.8336797 0.2534615 0 0.8301345 0.5356344 0.1548305 0 -0.2648417 0.1344398 0.9548742 0.5351842 0 0 0 1 0.4906417 -0.8336837 0.2534604 0 0.8301394 0.5356275 0.1548285 0 -0.2648383 0.134442 0.9548749 0.5355443 0 0 0 1 0.4906366 -0.833687 0.2534593 0 0.8301433 0.5356219 0.1548269 0 -0.2648355 0.1344438 0.9548754 0.5359108 0 0 0 1 0.4906325 -0.8336897 0.2534585 0 0.8301464 0.5356174 0.1548255 0 -0.2648333 0.1344452 0.9548758 0.5362805 0 0 0 1 0.4906293 -0.8336917 0.253458 0 0.8301488 0.5356139 0.1548246 0 -0.2648316 0.1344463 0.9548761 0.5366503 0 0 0 1 0.4906271 -0.8336933 0.2534575 0 0.8301506 0.5356114 0.1548238 0 -0.2648303 0.134447 0.9548764 0.5370168 0 0 0 1 0.4906253 -0.8336944 0.2534572 0 0.830152 0.5356095 0.1548233 0 -0.2648295 0.1344477 0.9548766 0.5373769 0 0 0 1 0.4906244 -0.8336949 0.253457 0 0.8301526 0.5356085 0.154823 0 -0.2648289 0.134448 0.9548766 0.5377274 0 0 0 1 0.490624 -0.8336952 0.2534568 0 0.8301529 0.5356081 0.1548229 0 -0.2648286 0.1344481 0.9548767 0.538065 0 0 0 1 0.490624 -0.8336952 0.2534568 0 0.8301529 0.5356081 0.1548229 0 -0.2648286 0.1344481 0.9548767 0.5383864 0 0 0 1 0.4906244 -0.833695 0.253457 0 0.8301527 0.5356085 0.1548231 0 -0.2648289 0.1344479 0.9548767 0.5386884 0 0 0 1 0.4906252 -0.8336945 0.253457 0 0.830152 0.5356094 0.1548233 0 -0.2648292 0.1344476 0.9548766 0.5389677 0 0 0 1 0.4906261 -0.8336939 0.2534572 0 0.8301514 0.5356103 0.1548236 0 -0.2648298 0.1344473 0.9548765 0.5392209 0 0 0 1 0.4906272 -0.8336932 0.2534574 0 0.8301506 0.5356115 0.1548238 0 -0.2648303 0.1344469 0.9548764 0.5394448 0 0 0 1 0.4906283 -0.8336925 0.2534576 0 0.8301497 0.5356127 0.1548242 0 -0.2648309 0.1344466 0.9548763 0.5396358 0 0 0 1 0.4906292 -0.8336919 0.2534577 0 0.830149 0.5356137 0.1548246 0 -0.2648314 0.1344462 0.9548762 0.5397905 0 0 0 1 0.4906301 -0.8336913 0.2534579 0 0.8301483 0.5356147 0.1548248 0 -0.2648319 0.1344459 0.9548761 0.5399055 0 0 0 1 0.4906307 -0.833691 0.253458 0 0.8301478 0.5356153 0.1548249 0 -0.2648321 0.1344457 0.9548761 0.5399771 0 0 0 1 0.4906308 -0.8336909 0.253458 0 0.8301478 0.5356155 0.154825 0 -0.2648323 0.1344456 0.954876 0.5400019 0 0 0 1 0.4906314 -0.8336905 0.2534581 0 0.8301473 0.535616 0.1548252 0 -0.2648325 0.1344454 0.954876 0.5399773 0 0 0 1 0.4906331 -0.8336894 0.2534584 0 0.830146 0.5356179 0.1548257 0 -0.2648334 0.1344448 0.9548758 0.5399056 0 0 0 1 0.4906356 -0.8336877 0.2534589 0 0.8301441 0.5356207 0.1548265 0 -0.2648348 0.1344439 0.9548756 0.5397906 0 0 0 1 0.4906393 -0.8336854 0.2534596 0 0.8301413 0.5356246 0.1548277 0 -0.2648367 0.1344428 0.9548752 0.5396358 0 0 0 1 0.4906436 -0.8336826 0.2534604 0 0.830138 0.5356294 0.154829 0 -0.2648391 0.1344412 0.9548748 0.5394449 0 0 0 1 0.4906488 -0.8336793 0.2534614 0 0.830134 0.5356351 0.1548307 0 -0.2648419 0.1344394 0.9548742 0.539221 0 0 0 1 0.4906545 -0.8336755 0.2534625 0 0.8301296 0.5356414 0.1548326 0 -0.2648451 0.1344374 0.9548736 0.5389677 0 0 0 1 0.4906612 -0.8336713 0.2534638 0 0.8301246 0.5356487 0.1548346 0 -0.2648487 0.1344351 0.954873 0.5386884 0 0 0 1 0.4906685 -0.8336666 0.2534651 0 0.830119 0.5356566 0.1548369 0 -0.2648527 0.1344326 0.9548723 0.5383864 0 0 0 1 0.4906762 -0.8336616 0.2534666 0 0.8301131 0.535665 0.1548393 0 -0.2648568 0.1344299 0.9548715 0.538065 0 0 0 1 0.4906843 -0.8336564 0.2534681 0 0.8301069 0.5356739 0.1548419 0 -0.2648612 0.1344271 0.9548707 0.5377274 0 0 0 1 0.490693 -0.8336507 0.2534697 0 0.8301002 0.5356833 0.1548446 0 -0.2648658 0.1344241 0.9548698 0.5373769 0 0 0 1 0.4907018 -0.8336451 0.2534714 0 0.8300936 0.5356931 0.1548474 0 -0.2648707 0.134421 0.9548689 0.5370168 0 0 0 1 0.4907109 -0.8336392 0.2534731 0 0.8300866 0.535703 0.1548503 0 -0.2648756 0.1344178 0.9548679 0.5366503 0 0 0 1 0.4907203 -0.8336331 0.2534748 0 0.8300794 0.5357132 0.1548532 0 -0.2648806 0.1344146 0.954867 0.5362806 0 0 0 1 0.4907299 -0.8336269 0.2534767 0 0.8300721 0.5357237 0.1548563 0 -0.2648859 0.1344113 0.954866 0.5359108 0 0 0 1 0.4907394 -0.8336208 0.2534785 0 0.8300649 0.535734 0.1548593 0 -0.264891 0.134408 0.954865 0.5355443 0 0 0 1 0.490749 -0.8336146 0.2534804 0 0.8300575 0.5357446 0.1548624 0 -0.2648963 0.1344047 0.954864 0.5351842 0 0 0 1 0.4907587 -0.8336082 0.2534822 0 0.8300501 0.5357552 0.1548654 0 -0.2649015 0.1344013 0.9548631 0.5348337 0 0 0 1 0.4907681 -0.8336023 0.253484 0 0.8300429 0.5357654 0.1548684 0 -0.2649066 0.134398 0.9548621 0.5344961 0 0 0 1 0.4907775 -0.8335961 0.2534857 0 0.8300357 0.5357757 0.1548714 0 -0.2649117 0.1343948 0.9548612 0.5341747 0 0 0 1 0.4907866 -0.8335902 0.2534874 0 0.8300287 0.5357857 0.1548742 0 -0.2649166 0.1343916 0.9548603 0.5338727 0 0 0 1 0.4907954 -0.8335846 0.2534891 0 0.8300221 0.5357952 0.154877 0 -0.2649214 0.1343886 0.9548594 0.5335934 0 0 0 1 0.490804 -0.833579 0.2534907 0 0.8300155 0.5358046 0.1548797 0 -0.264926 0.1343856 0.9548585 0.5333402 0 0 0 1 0.4908119 -0.8335739 0.2534922 0 0.8300094 0.5358133 0.1548822 0 -0.2649303 0.1343828 0.9548577 0.5331164 0 0 0 1 0.4908196 -0.8335689 0.2534936 0 0.8300036 0.5358216 0.1548846 0 -0.2649344 0.1343802 0.9548569 0.5329253 0 0 0 1 0.4908266 -0.8335644 0.253495 0 0.8299983 0.5358293 0.1548869 0 -0.2649382 0.1343778 0.9548562 0.5327706 0 0 0 1 0.4908329 -0.8335604 0.2534962 0 0.8299935 0.5358362 0.1548888 0 -0.2649416 0.1343756 0.9548556 0.5326556 0 0 0 1 0.4908387 -0.8335566 0.2534973 0 0.829989 0.5358425 0.1548906 0 -0.2649447 0.1343736 0.954855 0.532584 0 0 0 1</float_array>
        <technique_common>
          <accessor source="#node-Bip001_matrix-output-array" count="60" stride="16">
            <param name="TRANSFORM" type="float4x4"/>
          </accessor>
        </technique_common>
      </source>
      <source id="node-Bip001_matrix-interpolation">
        <Name_array id="node-Bip001_matrix-interpolation-array" count="60">LINEAR LINEAR LINEAR LINEAR LINEAR LINEAR LINEAR LINEAR LINEAR LINEAR LINEAR LINEAR LINEAR LINEAR LINEAR LINEAR LINEAR LINEAR LINEAR LINEAR LINEAR LINEAR LINEAR LINEAR LINEAR LINEAR LINEAR LINEAR LINEAR LINEAR LINEAR LINEAR LINEAR LINEAR LINEAR LINEAR LINEAR LINEAR LINEAR LINEAR LINEAR LINEAR LINEAR LINEAR LINEAR LINEAR LINEAR LINEAR LINEAR LINEAR LINEAR LINEAR LINEAR LINEAR LINEAR LINEAR LINEAR LINEAR LINEAR LINEAR</Name_array>
        <technique_common>
          <accessor source="#node-Bip001_matrix-interpolation-array" count="60" stride="1">
            <param name="INTERPOLATION" type="name"/>
          </accessor>
        </technique_common>
      </source>
      <source id="node-Bip001_Spine_matrix-input">
        <float_array id="node-Bip001_Spine_matrix-input-array" count="60">19.33333 19.36667 19.4 19.43333 19.46667 19.5 19.53333 19.56667 19.6 19.63333 19.66667 19.7 19.73333 19.76667 19.8 19.83333 19.86667 19.9 19.93333 19.96667 20 20.03333 20.06667 20.1 20.13333 20.16667 20.2 20.23333 20.26667 20.3 20.33333 20.36667 20.4 20.43333 20.46667 20.5 20.53333 20.56667 20.6 20.63333 20.66667 20.7 20.73333 20.76667 20.8 20.83333 20.86667 20.9 20.93333 20.96667 21 21.03333 21.06667 21.1 21.13333 21.16667 21.2 21.23333 21.26667 21.3</float_array>
        <technique_common>
          <accessor source="#node-Bip001_Spine_matrix-input-array" count="60" stride="1">
            <param name="TIME" type="float"/>
          </accessor>
        </technique_common>
      </source>
      <source id="node-Bip001_Spine_matrix-output">
