<?xml version="1.0" encoding="utf-8"?>
<COLLADA xmlns="http://www.collada.org/2005/11/COLLADASchema" version="1.4.1">
  <asset>
    <contributor>
      <author>MattO</author>
      <authoring_tool>OpenCOLLADA for 3ds Max;  Version: 1.3.0;  Revision: 839M;  Platform: x64;  Configuration: Release_Max2012</authoring_tool>
      <source_data>file:///Z:/Art_Resources/WIP/Art_Pack/Alien_Pack/Kralmok/Mantis_TP_Kralmok_Animation_Master.max</source_data>
    </contributor>
    <created>2011-10-24T17:11:42</created>
    <modified>2011-10-24T17:11:42</modified>
    <unit name="meter" meter="1"/>
    <up_axis>Z_UP</up_axis>
  </asset>
  <library_effects>
    <effect id="ColorEffectR88G199B225">
      <profile_COMMON>
        <technique sid="common">
          <phong>
            <ambient>
              <color>0.345098 0.7803922 0.8823529 1</color>
            </ambient>
            <diffuse>
              <color>0.345098 0.7803922 0.8823529 1</color>
            </diffuse>
            <specular>
              <color>1 1 1 1</color>
            </specular>
            <shininess>
              <float>10</float>
            </shininess>
            <reflective>
              <color>0 0 0 1</color>
            </reflective>
            <transparent>
              <color>1 1 1 1</color>
            </transparent>
            <transparency>
              <float>1</float>
            </transparency>
          </phong>
        </technique>
      </profile_COMMON>
    </effect>
  </library_effects>
  <library_materials>
    <material id="ColorEffectR88G199B225-material" name="ColorEffectR88G199B225-material">
      <instance_effect url="#ColorEffectR88G199B225"/>
    </material>
  </library_materials>
  <library_geometries>
    <geometry id="geom-Bounds" name="Bounds">
      <mesh>
        <source id="geom-Bounds-positions">
          <float_array id="geom-Bounds-positions-array" count="24">-0.5 -0.5 0 0.5 -0.5 0 -0.5 0.5 0 0.5 0.5 0 -0.5 -0.5 2 0.5 -0.5 2 -0.5 0.5 2 0.5 0.5 2</float_array>
          <technique_common>
            <accessor source="#geom-Bounds-positions-array" count="8" stride="3">
              <param name="X" type="float"/>
              <param name="Y" type="float"/>
              <param name="Z" type="float"/>
            </accessor>
          </technique_common>
        </source>
        <source id="geom-Bounds-normals">
          <float_array id="geom-Bounds-normals-array" count="72">0 0 -1 0 0 -1 0 0 -1 0 0 -1 0 0 1 0 0 1 0 0 1 0 0 1 0 -1 0 0 -1 0 0 -1 0 0 -1 0 1 0 0 1 0 0 1 0 0 1 0 0 0 1 0 0 1 0 0 1 0 0 1 0 -1 0 0 -1 0 0 -1 0 0 -1 0 0</float_array>
          <technique_common>
            <accessor source="#geom-Bounds-normals-array" count="24" stride="3">
              <param name="X" type="float"/>
              <param name="Y" type="float"/>
              <param name="Z" type="float"/>
            </accessor>
          </technique_common>
        </source>
        <source id="geom-Bounds-map1">
          <float_array id="geom-Bounds-map1-array" count="36">0 0 0 1 0 0 0 1 0 1 1 0 0 0 0 1 0 0 0 1 0 1 1 0 0 0 0 1 0 0 0 1 0 1 1 0</float_array>
          <technique_common>
            <accessor source="#geom-Bounds-map1-array" count="12" stride="3">
              <param name="S" type="float"/>
              <param name="T" type="float"/>
              <param name="P" type="float"/>
            </accessor>
          </technique_common>
        </source>
        <vertices id="geom-Bounds-vertices">
          <input semantic="POSITION" source="#geom-Bounds-positions"/>
        </vertices>
        <triangles material="ColorMaterial" count="12">
          <input semantic="VERTEX" source="#geom-Bounds-vertices" offset="0"/>
          <input semantic="NORMAL" source="#geom-Bounds-normals" offset="1"/>
          <input semantic="TEXCOORD" source="#geom-Bounds-map1" offset="2" set="0"/>
          <p>0 0 9 2 1 11 3 2 10 3 2 10 1 3 8 0 0 9 4 4 8 5 5 9 7 6 11 7 6 11 6 7 10 4 4 8 0 8 4 1 9 5 5 10 7 5 10 7 4 11 6 0 8 4 1 12 0 3 13 1 7 14 3 7 14 3 5 15 2 1 12 0 3 16 4 2 17 5 6 18 7 6 18 7 7 19 6 3 16 4 2 20 0 0 21 1 4 22 3 4 22 3 6 23 2 2 20 0</p>
        </triangles>
      </mesh>
      <extra>
        <technique profile="OpenCOLLADA3dsMax">
          <max_box>
            <generateuvs>1</generateuvs>
            <height>2</height>
            <heightsegments>1</heightsegments>
            <length>1</length>
            <lengthsegments>1</lengthsegments>
            <width>1</width>
            <widthsegments>1</widthsegments>
          </max_box>
        </technique>
      </extra>
    </geometry>
  </library_geometries>
  <library_lights>
    <light id="EnvironmentAmbientLight" name="EnvironmentAmbientLight">
      <technique_common>
        <ambient>
          <color>0 0 0</color>
        </ambient>
      </technique_common>
    </light>
  </library_lights>
  <library_visual_scenes>
    <visual_scene id="MaxScene">
      <node name="EnvironmentAmbientLight">
        <instance_light url="#EnvironmentAmbientLight"/>
      </node>
      <node id="node-Bip001" name="Bip001">
        <matrix sid="matrix">0.4908427 -0.8335543 0.253497 0 0.8299861 0.5358466 0.1548918 -4.37066e-8 -0.2649463 0.1343715 0.9548548 0.8529336 0 0 0 1</matrix>
        <node id="node-Bip001_Pelvis" name="Bip001_Pelvis">
          <matrix sid="matrix">1.49012e-8 1 -1.34856e-6 0 -0.1140869 1.38208e-6 0.9934707 0 0.9934708 1.49012e-7 0.114087 0 0 0 0 1</matrix>
          <node id="node-Bip001_Spine" name="Bip001_Spine">
            <matrix sid="matrix">0.975136 -0.07331234 -0.2091303 0.09757125 0.05277598 0.9933681 -0.1021487 -8.77976e-5 0.2152321 0.0885718 0.9725381 0.01119617 0 0 0 1</matrix>
            <node id="node-Bip001_Spine1" name="Bip001_Spine1">
              <matrix sid="matrix">0.9235707 -0.3709308 -0.09709477 0.1110485 0.3695981 0.9286391 -0.03204074 -8.21352e-5 0.1020509 -0.006294124 0.9947592 5.47618e-7 0 0 0 1</matrix>
              <node id="node-Bip001_Spine2" name="Bip001_Spine2">
                <matrix sid="matrix">0.9833878 -0.1427243 -0.1121533 0.1110282 0.148766 0.9877338 0.04744573 -8.72612e-5 0.1040058 -0.06334215 0.9925576 5.59911e-6 0 0 0 1</matrix>
                <node id="node-Bip001_Spine3" name="Bip001_Spine3">
                  <matrix sid="matrix">0.9532421 -0.241303 -0.1819402 0.1110561 0.253619 0.966141 0.04742065 -1.62244e-4 0.1643372 -0.09134686 0.9821655 1.53333e-5 0 0 0 1</matrix>
                  <node id="node-Bip001_Neck" name="Bip001_Neck">
                    <matrix sid="matrix">0.9888968 -0.06419963 -0.1340206 0.2584253 0.04748261 0.9910949 -0.1244034 0.01280206 0.1408138 0.1166585 0.9831389 -4.61936e-6 0 0 0 1</matrix>
                    <node id="node-Bip001_Neck1" name="Bip001_Neck1">
                      <matrix sid="matrix">0.9879369 0.1545504 -0.009731643 0.04894269 -0.1547314 0.9826609 -0.1021558 -3.82662e-5 -0.006225295 0.1024293 0.9947208 -3.99351e-6 0 0 0 1</matrix>
                      <node id="node-Bip001_Neck2" name="Bip001_Neck2">
                        <matrix sid="matrix">0.9545159 0.2811761 -0.09918993 0.04893756 -0.2884499 0.9550409 -0.06850657 -3.70741e-5 0.07546807 0.09400196 0.9927075 -3.69549e-6 0 0 0 1</matrix>
                        <node id="node-Bip001_Head" name="Bip001_Head">
                          <matrix sid="matrix">0.9726765 0.1759889 0.1514202 0.04894853 -0.1765333 0.9842445 -0.009945542 5.96046e-8 -0.1507847 -0.01705696 0.9884195 0 0 0 0 1</matrix>
                          <node id="node-Bip001_Ponytail1" name="Bip001_Ponytail1">
                            <matrix sid="matrix">-0.05999064 -0.9981991 -2.76882e-6 0.009580731 0.998199 -0.05999058 -2.93972e-6 0.1139533 2.76836e-6 -2.94019e-6 1 9.68575e-8 0 0 0 1</matrix>
                          </node>
                          <node id="node-ALTEYE" name="ALTEYE">
                            <matrix>-0.009488119 0.5772442 0.8165166 0.1153698 0.002645058 0.816565 -0.5772477 0.2046644 -0.9999516 -0.003317261 -0.009274509 -0.001006842 0 0 0 1</matrix>
                          </node>
                        </node>
                      </node>
                    </node>
                    <node id="node-Bip001_L_Clavicle" name="Bip001_L_Clavicle">
                      <matrix sid="matrix">0.3867267 0.04316634 0.9211835 -0.04311723 0.6360109 -0.7358134 -0.2325271 0.007412314 0.6677817 0.6758072 -0.312013 0.0278405 0 0 0 1</matrix>
                      <node id="node-Bip001_L_UpperArm" name="Bip001_L_UpperArm">
                        <matrix sid="matrix">0.9988713 0.03663617 0.03022954 0.07966614 -0.03734863 0.2126259 0.9764196 1.19209e-7 0.0293448 -0.9764465 0.2137541 0 0 0 0 1</matrix>
                        <node id="node-Bip001_L_Forearm" name="Bip001_L_Forearm">
                          <matrix sid="matrix">0.07616007 0.9970958 -2.98023e-8 0.4297335 -0.9970957 0.07615997 -2.98023e-8 -1.19209e-7 0 0 1 0 0 0 0 1</matrix>
                          <node id="node-Bip001_L_Hand" name="Bip001_L_Hand">
                            <matrix sid="matrix">0.973758 -0.133289 -0.1844701 0.3774394 0.2128698 0.2466867 0.9454271 1.19209e-7 -0.08050868 -0.9598854 0.2685863 0 0 0 0 1</matrix>
                            <node id="node-Bip001_L_Finger0" name="Bip001_L_Finger0">
                              <matrix sid="matrix">0.7373679 0.3989064 0.5451258 0.03908229 0.5702344 0.06501225 -0.8189055 0.01738548 -0.3621064 0.9146841 -0.1795323 -0.04049921 0 0 0 1</matrix>
                              <node id="node-Bip001_L_Finger01" name="Bip001_L_Finger01">
                                <matrix sid="matrix">0.5320406 -0.8467191 -1.49012e-8 0.1027657 0.846719 0.5320405 -2.98023e-8 -1.19209e-7 5.96046e-8 1.49012e-8 1 2.38419e-7 0 0 0 1</matrix>
                                <node id="node-Bip001_L_Finger02" name="Bip001_L_Finger02">
                                  <matrix sid="matrix">0.7835937 -0.6212736 -2.98023e-8 0.05252481 0.6212736 0.7835936 0 0 0 2.98023e-8 1 -2.38419e-7 0 0 0 1</matrix>
                                </node>
                              </node>
                            </node>
                            <node id="node-Bip001_L_Finger1" name="Bip001_L_Finger1">
                              <matrix>0.6375437 -0.770391 0.005983986 0.1458856 0.7704015 0.6375587 7.96378e-4 -1.52588e-5 -0.00442861 0.004102409 0.9999819 -0.01919669 0 0 0 1</matrix>
                              <node id="node-Bip001_L_Finger11" name="Bip001_L_Finger11">
                                <matrix sid="matrix">-0.3951853 -0.9186016 4.47035e-8 0.08578134 0.9186016 -0.3951852 -2.98023e-8 1.19209e-7 -2.98023e-8 -5.96046e-8 1 2.98023e-8 0 0 0 1</matrix>
                                <node id="node-Bip001_L_Finger12" name="Bip001_L_Finger12">
                                  <matrix>0.9649357 -0.2624862 0 0.05549765 0.2624862 0.9649358 0 5.96046e-8 2.98023e-8 1.19209e-7 1 -5.96046e-8 0 0 0 1</matrix>
                                </node>
                              </node>
                            </node>
                            <node id="node-Bip001_L_Finger2" name="Bip001_L_Finger2">
                              <matrix>0.5018926 -0.855015 -0.1305896 0.1437581 0.8647377 0.492844 0.0966109 0.003213346 -0.01824334 -0.1614139 0.9867182 0.02870396 0 0 0 1</matrix>
                              <node id="node-Bip001_L_Finger21" name="Bip001_L_Finger21">
                                <matrix sid="matrix">0.05968913 -0.998217 -2.98023e-8 0.07148433 0.998217 0.05968907 2.98023e-8 0 -2.98023e-8 2.98023e-8 0.9999999 2.98023e-8 0 0 0 1</matrix>
                                <node id="node-Bip001_L_Finger22" name="Bip001_L_Finger22">
                                  <matrix>0.8033119 -0.5955586 -5.96046e-8 0.05113876 0.5955587 0.8033118 -2.98023e-8 0 4.47035e-8 0 1 2.98023e-8 0 0 0 1</matrix>
                                </node>
                              </node>
                            </node>
                          </node>
                        </node>
                        <node id="node-Bip001_L_ForeTwist" name="Bip001_L_ForeTwist">
                          <matrix sid="matrix">0.07616007 0.9928547 -0.09186739 0.4297335 -0.9970957 0.07583602 -0.007017016 -1.19209e-7 0 0.09213489 0.9957466 0 0 0 0 1</matrix>
                          <node id="node-Bip001_L_ForeTwist1" name="Bip001_L_ForeTwist1">
                            <matrix sid="matrix">1 -1.49012e-8 -2.98023e-8 0.1887195 0 0.9957465 -0.0921348 8.9407e-8 0 0.09213489 0.9957466 5.96046e-8 0 0 0 1</matrix>
                          </node>
                        </node>
                      </node>
                      <node id="node-Bip001_LUpArmTwist" name="Bip001_LUpArmTwist">
                        <matrix sid="matrix">0.9988713 0.03663617 0.03022954 0.07966614 -0.03734863 0.2126259 0.9764196 1.19209e-7 0.0293448 -0.9764465 0.2137541 0 0 0 0 1</matrix>
                        <node id="node-Bip001_LUpArmTwist1" name="Bip001_LUpArmTwist1">
                          <matrix>1 -2.98023e-8 -2.98023e-8 0.2148668 -2.98023e-8 1 -2.98023e-8 0 0 -2.98023e-8 1 0 0 0 0 1</matrix>
                        </node>
                      </node>
                    </node>
                    <node id="node-Bip001_R_Clavicle" name="Bip001_R_Clavicle">
                      <matrix sid="matrix">-0.4125289 -0.1381767 -0.9004039 -0.04935795 0.6517029 -0.7353823 -0.1857317 0.002242088 -0.6364772 -0.6634155 0.3934166 -0.01573151 0 0 0 1</matrix>
                      <node id="node-Bip001_R_UpperArm" name="Bip001_R_UpperArm">
                        <matrix sid="matrix">0.8375877 0.2647074 -0.4778879 0.07966626 -0.5454559 0.3565288 -0.7585282 0 -0.03040726 0.8960006 0.4430103 5.96046e-8 0 0 0 1</matrix>
                        <node id="node-Bip001_R_Forearm" name="Bip001_R_Forearm">
                          <matrix sid="matrix">-0.6517624 0.7584234 0 0.4297336 -0.7584234 -0.6517624 0 0 -2.98023e-8 -2.98023e-8 1 0 0 0 0 1</matrix>
                          <node id="node-Bip001_R_Hand" name="Bip001_R_Hand">
                            <matrix sid="matrix">0.7032787 0.2657447 0.6593775 0.3774393 0.7106557 -0.2878066 -0.6419781 5.96046e-8 0.01917088 0.9200801 -0.3912612 0 0 0 0 1</matrix>
                            <node id="node-Bip001_R_Finger0" name="Bip001_R_Finger0">
                              <matrix>0.6486482 0.5772246 -0.4960517 0.03908247 0.6676159 -0.1185831 0.7350016 0.01738536 0.3654376 -0.8079293 -0.462283 0.04049921 0 0 0 1</matrix>
                              <node id="node-Bip001_R_Finger01" name="Bip001_R_Finger01">
                                <matrix>0.6155393 -0.7881062 0 0.1027657 0.7881061 0.6155394 2.98023e-8 -2.98023e-8 8.9407e-8 5.96046e-8 1 1.19209e-7 0 0 0 1</matrix>
                                <node id="node-Bip001_R_Finger02" name="Bip001_R_Finger02">
                                  <matrix>0.1523351 -0.9883288 -1.49012e-8 0.0525251 0.9883288 0.1523352 0 5.96046e-8 -5.96046e-8 1.49012e-8 1 2.38419e-7 0 0 0 1</matrix>
                                </node>
                              </node>
                            </node>
                            <node id="node-Bip001_R_Finger1" name="Bip001_R_Finger1">
                              <matrix>0.7109717 -0.6323431 -0.3076713 0.1458858 0.6327782 0.766136 -0.1123713 -1.52886e-5 0.3067752 -0.1147949 0.9448339 0.01919663 0 0 0 1</matrix>
                              <node id="node-Bip001_R_Finger11" name="Bip001_R_Finger11">
                                <matrix>-0.6406224 -0.7678561 -2.98023e-8 0.08578134 0.7678561 -0.6406226 -2.23517e-8 5.96046e-8 -2.98023e-8 0 0.9999999 1.19209e-7 0 0 0 1</matrix>
                                <node id="node-Bip001_R_Finger12" name="Bip001_R_Finger12">
                                  <matrix>0.8432422 -0.5375336 0 0.05549788 0.5375336 0.8432422 0 0 0 -3.72529e-9 0.9999999 -1.19209e-7 0 0 0 1</matrix>
                                </node>
                              </node>
                            </node>
                            <node id="node-Bip001_R_Finger2" name="Bip001_R_Finger2">
                              <matrix>0.2634969 -0.9557804 0.1305896 0.143758 0.9628298 0.2522402 -0.09661078 0.003213376 0.05939874 0.1511922 0.9867182 -0.02870405 0 0 0 1</matrix>
                              <node id="node-Bip001_R_Finger21" name="Bip001_R_Finger21">
                                <matrix>-0.03544474 -0.9993718 3.72529e-9 0.07148439 0.9993716 -0.03544475 1.49012e-8 5.96046e-8 0 1.11759e-8 1 1.19209e-7 0 0 0 1</matrix>
                                <node id="node-Bip001_R_Finger22" name="Bip001_R_Finger22">
                                  <matrix>0.7483485 -0.6633058 1.49012e-8 0.05113882 0.6633058 0.7483484 7.45058e-9 3.72529e-9 -7.45058e-9 0 1 -1.19209e-7 0 0 0 1</matrix>
                                </node>
                              </node>
                            </node>
                            <node id="node-mount0" name="mount0">
                              <matrix>-4.54529e-8 1 5.05708e-7 0.1088289 -1 -2.57482e-7 -1.47149e-7 0.03070414 1.22935e-7 -3.89293e-7 0.9999999 0.01333511 0 0 0 1</matrix>
                            </node>
                          </node>
                        </node>
                        <node id="node-Bip001_R_ForeTwist" name="Bip001_R_ForeTwist">
                          <matrix sid="matrix">-0.6517624 0.7458352 -0.1376073 0.4297336 -0.7584234 -0.6409447 0.1182549 0 -2.98023e-8 0.1814387 0.9834023 0 0 0 0 1</matrix>
                          <node id="node-Bip001_R_ForeTwist1" name="Bip001_R_ForeTwist1">
                            <matrix sid="matrix">1 0 -1.49012e-8 0.1887196 0 0.9834024 -0.1814387 2.98023e-8 0 0.1814387 0.9834023 0 0 0 0 1</matrix>
                          </node>
                        </node>
                      </node>
                      <node id="node-Bip001_RUpArmTwist" name="Bip001_RUpArmTwist">
                        <matrix sid="matrix">0.8375877 0.2647074 -0.4778879 0.07966626 -0.5454559 0.3565288 -0.7585282 0 -0.03040726 0.8960006 0.4430103 5.96046e-8 0 0 0 1</matrix>
                        <node id="node-Bip001_RUpArmTwist1" name="Bip001_RUpArmTwist1">
                          <matrix>1 0 0 0.2148668 0 1 0 0 2.98023e-8 0 1 0 0 0 0 1</matrix>
                        </node>
                      </node>
                    </node>
                  </node>
                </node>
              </node>
            </node>
            <node id="node-Bip001_L_Thigh" name="Bip001_L_Thigh">
              <matrix sid="matrix">-0.5049098 0.8628407 -0.0239166 -0.08190781 0.7444957 0.4493444 0.4937771 0.01268601 0.4367977 0.231507 -0.8692595 0.08018947 0 0 0 1</matrix>
              <node id="node-Bip001_L_Calf" name="Bip001_L_Calf">
                <matrix sid="matrix">0.1987182 0.9800568 1.49012e-8 0.4541689 -0.9800566 0.1987183 0 -5.96046e-8 -1.49012e-8 -3.72529e-8 1 5.96046e-8 0 0 0 1</matrix>
                <node id="node-Bip001_L_HorseLink" name="Bip001_L_HorseLink">
                  <matrix sid="matrix">0.04044935 -0.9991816 0 0.3208733 0.9991816 0.04044947 7.45058e-9 0 -1.93715e-7 -2.98023e-8 1 0 0 0 0 1</matrix>
                  <node id="node-Bip001_L_Foot" name="Bip001_L_Foot">
                    <matrix sid="matrix">0.5611264 0.8272635 0.0277932 0.3617601 -0.7937795 0.5282893 0.3013714 5.96046e-8 0.2346308 -0.1911689 0.9531018 5.96046e-8 0 0 0 1</matrix>
                    <node id="node-Bip001_L_Toe0" name="Bip001_L_Toe0">
                      <matrix sid="matrix">-0.2454681 -0.9694048 5.17337e-8 0.08654235 0.9569955 -0.2423258 0.1594924 0.1234713 -0.1546127 0.03915035 0.9871992 -0.02420594 0 0 0 1</matrix>
                      <node id="node-Bip001_L_Toe01" name="Bip001_L_Toe01">
                        <matrix sid="matrix">0.9623386 0.2718536 -1.16688e-8 0.04576606 -0.2718536 0.9623386 3.37877e-9 0 7.19303e-8 -3.55612e-10 1 -1.86265e-8 0 0 0 1</matrix>
                        <node id="node-Bip001_L_Toe02" name="Bip001_L_Toe02">
                          <matrix sid="matrix">0.9133543 0.4071654 1.46097e-8 0.03187388 -0.4071655 0.9133543 8.08313e-10 0 -7.96601e-8 -1.83736e-8 0.9999999 4.47035e-8 0 0 0 1</matrix>
                        </node>
                      </node>
                    </node>
                    <node id="node-Bip001_L_Toe1" name="Bip001_L_Toe1">
                      <matrix sid="matrix">-0.2402829 -0.9707029 1.09983e-7 0.09280639 0.9404519 -0.2327949 -0.2477028 0.1308167 0.2404459 -0.05951866 0.9688361 0.03696451 0 0 0 1</matrix>
                      <node id="node-Bip001_L_Toe11" name="Bip001_L_Toe11">
                        <matrix sid="matrix">0.9830521 0.1833258 1.37625e-10 0.043706 -0.1833258 0.9830521 -6.13056e-11 1.49012e-8 3.04858e-11 7.15659e-11 1 0 0 0 0 1</matrix>
                        <node id="node-Bip001_L_Toe12" name="Bip001_L_Toe12">
                          <matrix sid="matrix">0.9040335 0.4274615 -2.4313e-11 0.03796017 -0.4274614 0.9040335 -1.97531e-11 -1.86265e-9 2.83734e-10 2.24702e-10 1 2.98023e-8 0 0 0 1</matrix>
                        </node>
                      </node>
                    </node>
                    <node id="node-Bip001_L_Toe2" name="Bip001_L_Toe2">
                      <matrix sid="matrix">0.04881953 -0.8895264 0.454268 0.06798328 0.1495167 -0.4431771 -0.8838771 0.002804041 0.9875534 0.1110711 0.1113633 0.0429515 0 0 0 1</matrix>
                      <node id="node-Bip001_L_Toe21" name="Bip001_L_Toe21">
                        <matrix sid="matrix">1 2.6077e-8 1.30385e-8 0.01451741 -3.72529e-9 1 2.98023e-8 0 3.72529e-9 0 1 -2.98023e-8 0 0 0 1</matrix>
                        <node id="node-Bip001_L_Toe22" name="Bip001_L_Toe22">
                          <matrix sid="matrix">0.5236049 0.8519612 1.30385e-8 0.03369505 -0.8519612 0.5236048 2.98023e-8 -1.49012e-8 -5.96046e-8 -2.98023e-8 1 -2.98023e-8 0 0 0 1</matrix>
                        </node>
                      </node>
                    </node>
                  </node>
                </node>
              </node>
            </node>
            <node id="node-Bip001_R_Thigh" name="Bip001_R_Thigh">
              <matrix sid="matrix">-0.7638805 0.3272645 0.5562233 -0.1131929 0.3475933 0.9348258 -0.07266076 -1.88619e-4 -0.5437511 0.1378354 -0.8278502 -0.0611746 0 0 0 1</matrix>
              <node id="node-Bip001_R_Calf" name="Bip001_R_Calf">
                <matrix sid="matrix">0.07074887 0.9974942 -2.98023e-8 0.4541689 -0.9974942 0.07074887 2.23517e-8 6.51926e-9 -1.86265e-8 5.96046e-8 1 0 0 0 0 1</matrix>
                <node id="node-Bip001_R_HorseLink" name="Bip001_R_HorseLink">
                  <matrix sid="matrix">0.1141506 -0.9934635 -1.11759e-8 0.3208733 0.9934636 0.1141505 0 -1.49012e-8 -8.9407e-8 -3.1665e-8 1 0 0 0 0 1</matrix>
                  <node id="node-Bip001_R_Foot" name="Bip001_R_Foot">
                    <matrix sid="matrix">0.8694345 0.2156141 0.4445158 0.3617601 0.008155958 0.8933552 -0.4492775 2.98023e-8 -0.4939809 0.3942429 0.7749551 5.96046e-8 0 0 0 1</matrix>
                    <node id="node-Bip001_R_Toe0" name="Bip001_R_Toe0">
                      <matrix sid="matrix">-0.2454686 -0.9694045 -4.06726e-7 0.08654235 0.9569954 -0.2423263 -0.1594928 0.1234713 0.1546129 -0.03915087 0.9871991 0.02420592 0 0 0 1</matrix>
                      <node id="node-Bip001_R_Toe01" name="Bip001_R_Toe01">
                        <matrix>0.9623386 0.2718535 1.83201e-8 0.045766 -0.2718535 0.9623386 -2.15576e-9 1.11759e-8 -3.20408e-8 -2.82456e-9 1 -5.96046e-8 0 0 0 1</matrix>
                        <node id="node-Bip001_R_Toe02" name="Bip001_R_Toe02">
                          <matrix>0.9133545 0.4071654 -3.18408e-8 0.03187385 -0.4071654 0.9133544 1.03115e-9 0 2.29959e-8 -2.78724e-8 1 0 0 0 0 1</matrix>
                        </node>
                      </node>
                    </node>
                    <node id="node-Bip001_R_Toe1" name="Bip001_R_Toe1">
                      <matrix sid="matrix">-0.2402835 -0.9707027 -8.22267e-7 0.09280638 0.9404518 -0.2327956 0.2477031 0.1308167 -0.2404463 0.05951821 0.9688361 -0.03696454 0 0 0 1</matrix>
                      <node id="node-Bip001_R_Toe11" name="Bip001_R_Toe11">
                        <matrix>0.9830521 0.1833258 1.60325e-8 0.04370601 -0.1833258 0.9830521 1.26144e-8 1.86265e-9 5.20844e-9 -5.7398e-9 0.9999999 0 0 0 0 1</matrix>
                        <node id="node-Bip001_R_Toe12" name="Bip001_R_Toe12">
                          <matrix>0.9040334 0.4274614 3.887e-9 0.03796013 -0.4274614 0.9040335 -2.30788e-9 0 -5.73247e-9 -1.62099e-8 1 0 0 0 0 1</matrix>
                        </node>
                      </node>
                    </node>
                    <node id="node-Bip001_R_Toe2" name="Bip001_R_Toe2">
                      <matrix sid="matrix">0.04881999 -0.889526 -0.4542688 0.06798327 0.1495181 -0.4431777 0.8838766 0.002803974 -0.9875531 -0.1110723 0.1113642 -0.04295146 0 0 0 1</matrix>
                      <node id="node-Bip001_R_Toe21" name="Bip001_R_Toe21">
                        <matrix>1 1.11759e-8 -2.79397e-8 0.01451743 3.72529e-9 0.9999999 0 -7.45058e-9 -3.72529e-9 2.98023e-8 0.9999999 1.39698e-8 0 0 0 1</matrix>
                        <node id="node-Bip001_R_Toe22" name="Bip001_R_Toe22">
                          <matrix>0.5236048 0.8519613 -2.79397e-8 0.03369504 -0.8519611 0.5236048 0 9.31323e-9 -2.98023e-8 0 0.9999999 -2.8871e-8 0 0 0 1</matrix>
                        </node>
                      </node>
                    </node>
                  </node>
                </node>
              </node>
            </node>
          </node>
        </node>
      </node>
      <node id="node-Bounds" name="Bounds">
        <matrix sid="matrix">1 0 0 0 0 1 0 0.411981 0 0 1 0 0 0 0 1</matrix>
        <instance_geometry url="#geom-Bounds">
          <bind_material>
            <technique_common>
              <instance_material symbol="ColorMaterial" target="#ColorEffectR88G199B225-material"/>
            </technique_common>
          </bind_material>
        </instance_geometry>
      </node>
      <node id="node-EYE" name="EYE">
        <matrix sid="matrix">-0.9998646 0.01645375 1.5346e-7 4.09043e-8 -0.01645375 -0.9998646 -1.48491e-7 0.411981 1.50996e-7 -1.50996e-7 0.9999999 1.6 0 0 0 1</matrix>
      </node>
      <node id="node-CAM" name="CAM">
        <matrix sid="matrix">0.9999996 -3.01991e-7 0 0 3.01991e-7 0.9999996 -1.77636e-15 -0.009719968 0 1.77636e-15 1 1.928079 0 0 0 1</matrix>
      </node>
    </visual_scene>
  </library_visual_scenes>
  <library_animations>
    <animation>
      <source id="node-Bip001_matrix-input">
        <float_array id="node-Bip001_matrix-input-array" count="151">4.333333 4.366667 4.4 4.433333 4.466667 4.5 4.533333 4.566667 4.6 4.633333 4.666667 4.7 4.733333 4.766667 4.8 4.833333 4.866667 4.9 4.933333 4.966667 5 5.033333 5.066667 5.1 5.133333 5.166667 5.2 5.233333 5.266667 5.3 5.333333 5.366667 5.4 5.433333 5.466667 5.5 5.533333 5.566667 5.6 5.633333 5.666667 5.7 5.733333 5.766667 5.8 5.833333 5.866667 5.9 5.933333 5.966667 6 6.033333 6.066667 6.1 6.133333 6.166667 6.2 6.233333 6.266667 6.3 6.333333 6.366667 6.4 6.433333 6.466667 6.5 6.533333 6.566667 6.6 6.633333 6.666667 6.7 6.733333 6.766667 6.8 6.833333 6.866667 6.9 6.933333 6.966667 7 7.033333 7.066667 7.1 7.133333 7.166667 7.2 7.233333 7.266667 7.3 7.333333 7.366667 7.4 7.433333 7.466667 7.5 7.533333 7.566667 7.6 7.633333 7.666667 7.7 7.733333 7.766667 7.8 7.833333 7.866667 7.9 7.933333 7.966667 8 8.033334 8.066667 8.1 8.133333 8.166667 8.2 8.233334 8.266666 8.3 8.333333 8.366667 8.4 8.433333 8.466666 8.5 8.533334 8.566667 8.6 8.633333 8.666667 8.7 8.733334 8.766666 8.8 8.833333 8.866667 8.9 8.933333 8.966666 9 9.033334 9.066667 9.1 9.133333 9.166667 9.2 9.233334 9.266666 9.3 9.333333</float_array>
        <technique_common>
          <accessor source="#node-Bip001_matrix-input-array" count="151" stride="1">
            <param name="TIME" type="float"/>
          </accessor>
        </technique_common>
      </source>
      <source id="node-Bip001_matrix-output">
