<?xml version="1.0" encoding="utf-8"?>
<COLLADA xmlns="http://www.collada.org/2005/11/COLLADASchema" version="1.4.1">
  <asset>
    <contributor>
      <author>MattO</author>
      <authoring_tool>OpenCOLLADA for 3ds Max;  Version: 1.3.0;  Revision: 839M;  Platform: x64;  Configuration: Release_Max2012</authoring_tool>
      <source_data>file:///Z:/Art_Resources/WIP/Art_Pack/Alien_Pack/Kralmok/Mantis_TP_Kralmok_Animation_Master.max</source_data>
    </contributor>
    <created>2011-10-24T17:11:29</created>
    <modified>2011-10-24T17:11:29</modified>
    <unit name="meter" meter="1"/>
    <up_axis>Z_UP</up_axis>
  </asset>
  <library_effects>
    <effect id="ColorEffectR88G199B225">
      <profile_COMMON>
        <technique sid="common">
          <phong>
            <ambient>
              <color>0.345098 0.7803922 0.8823529 1</color>
            </ambient>
            <diffuse>
              <color>0.345098 0.7803922 0.8823529 1</color>
            </diffuse>
            <specular>
              <color>1 1 1 1</color>
            </specular>
            <shininess>
              <float>10</float>
            </shininess>
            <reflective>
              <color>0 0 0 1</color>
            </reflective>
            <transparent>
              <color>1 1 1 1</color>
            </transparent>
            <transparency>
              <float>1</float>
            </transparency>
          </phong>
        </technique>
      </profile_COMMON>
    </effect>
  </library_effects>
  <library_materials>
    <material id="ColorEffectR88G199B225-material" name="ColorEffectR88G199B225-material">
      <instance_effect url="#ColorEffectR88G199B225"/>
    </material>
  </library_materials>
  <library_geometries>
    <geometry id="geom-Bounds" name="Bounds">
      <mesh>
        <source id="geom-Bounds-positions">
          <float_array id="geom-Bounds-positions-array" count="24">-0.5 -0.5 0 0.5 -0.5 0 -0.5 0.5 0 0.5 0.5 0 -0.5 -0.5 2 0.5 -0.5 2 -0.5 0.5 2 0.5 0.5 2</float_array>
          <technique_common>
            <accessor source="#geom-Bounds-positions-array" count="8" stride="3">
              <param name="X" type="float"/>
              <param name="Y" type="float"/>
              <param name="Z" type="float"/>
            </accessor>
          </technique_common>
        </source>
        <source id="geom-Bounds-normals">
          <float_array id="geom-Bounds-normals-array" count="72">0 0 -1 0 0 -1 0 0 -1 0 0 -1 0 0 1 0 0 1 0 0 1 0 0 1 0 -1 0 0 -1 0 0 -1 0 0 -1 0 1 0 0 1 0 0 1 0 0 1 0 0 0 1 0 0 1 0 0 1 0 0 1 0 -1 0 0 -1 0 0 -1 0 0 -1 0 0</float_array>
          <technique_common>
            <accessor source="#geom-Bounds-normals-array" count="24" stride="3">
              <param name="X" type="float"/>
              <param name="Y" type="float"/>
              <param name="Z" type="float"/>
            </accessor>
          </technique_common>
        </source>
        <source id="geom-Bounds-map1">
          <float_array id="geom-Bounds-map1-array" count="36">0 0 0 1 0 0 0 1 0 1 1 0 0 0 0 1 0 0 0 1 0 1 1 0 0 0 0 1 0 0 0 1 0 1 1 0</float_array>
          <technique_common>
            <accessor source="#geom-Bounds-map1-array" count="12" stride="3">
              <param name="S" type="float"/>
              <param name="T" type="float"/>
              <param name="P" type="float"/>
            </accessor>
          </technique_common>
        </source>
        <vertices id="geom-Bounds-vertices">
          <input semantic="POSITION" source="#geom-Bounds-positions"/>
        </vertices>
        <triangles material="ColorMaterial" count="12">
          <input semantic="VERTEX" source="#geom-Bounds-vertices" offset="0"/>
          <input semantic="NORMAL" source="#geom-Bounds-normals" offset="1"/>
          <input semantic="TEXCOORD" source="#geom-Bounds-map1" offset="2" set="0"/>
          <p>0 0 9 2 1 11 3 2 10 3 2 10 1 3 8 0 0 9 4 4 8 5 5 9 7 6 11 7 6 11 6 7 10 4 4 8 0 8 4 1 9 5 5 10 7 5 10 7 4 11 6 0 8 4 1 12 0 3 13 1 7 14 3 7 14 3 5 15 2 1 12 0 3 16 4 2 17 5 6 18 7 6 18 7 7 19 6 3 16 4 2 20 0 0 21 1 4 22 3 4 22 3 6 23 2 2 20 0</p>
        </triangles>
      </mesh>
      <extra>
        <technique profile="OpenCOLLADA3dsMax">
          <max_box>
            <generateuvs>1</generateuvs>
            <height>2</height>
            <heightsegments>1</heightsegments>
            <length>1</length>
            <lengthsegments>1</lengthsegments>
            <width>1</width>
            <widthsegments>1</widthsegments>
          </max_box>
        </technique>
      </extra>
    </geometry>
  </library_geometries>
  <library_lights>
    <light id="EnvironmentAmbientLight" name="EnvironmentAmbientLight">
      <technique_common>
        <ambient>
          <color>0 0 0</color>
        </ambient>
      </technique_common>
    </light>
  </library_lights>
  <library_visual_scenes>
    <visual_scene id="MaxScene">
      <node name="EnvironmentAmbientLight">
        <instance_light url="#EnvironmentAmbientLight"/>
      </node>
      <node id="node-Bip001" name="Bip001">
        <matrix sid="matrix">0.4908427 -0.8335541 0.2534975 0 0.8299859 0.5358468 0.1548919 -4.37066e-8 -0.2649466 0.1343718 0.9548547 0.8529336 0 0 0 1</matrix>
        <node id="node-Bip001_Pelvis" name="Bip001_Pelvis">
          <matrix sid="matrix">1.49012e-8 1 -1.40071e-6 0 -0.114087 1.40071e-6 0.9934708 0 0.9934707 1.49012e-7 0.114087 0 0 0 0 1</matrix>
          <node id="node-Bip001_Spine" name="Bip001_Spine">
            <matrix sid="matrix">0.9751359 -0.07331231 -0.2091303 0.09757131 0.05277598 0.9933682 -0.1021488 -8.78274e-5 0.2152321 0.08857175 0.9725381 0.01119615 0 0 0 1</matrix>
            <node id="node-Bip001_Spine1" name="Bip001_Spine1">
              <matrix sid="matrix">0.9235708 -0.3709309 -0.09709474 0.1110485 0.369598 0.9286391 -0.03204065 -8.21054e-5 0.1020509 -0.006294135 0.9947591 5.55068e-7 0 0 0 1</matrix>
              <node id="node-Bip001_Spine2" name="Bip001_Spine2">
                <matrix sid="matrix">0.9833878 -0.1427243 -0.1121532 0.1110283 0.1487661 0.9877337 0.04744567 -8.744e-5 0.1040059 -0.06334217 0.9925577 5.59166e-6 0 0 0 1</matrix>
                <node id="node-Bip001_Spine3" name="Bip001_Spine3">
                  <matrix sid="matrix">0.9532422 -0.241303 -0.1819403 0.111056 0.253619 0.966141 0.04742064 -1.62125e-4 0.1643372 -0.09134684 0.9821655 1.53631e-5 0 0 0 1</matrix>
                  <node id="node-Bip001_Neck" name="Bip001_Neck">
                    <matrix sid="matrix">0.9888967 -0.06419969 -0.1340206 0.2584252 0.04748255 0.9910948 -0.1244034 0.01280206 0.1408138 0.1166584 0.9831389 -4.58956e-6 0 0 0 1</matrix>
                    <node id="node-Bip001_Neck1" name="Bip001_Neck1">
                      <matrix sid="matrix">0.9879369 0.1545505 -0.009731662 0.04894274 -0.1547313 0.9826609 -0.1021558 -3.83854e-5 -0.00622528 0.1024293 0.9947208 -3.99351e-6 0 0 0 1</matrix>
                      <node id="node-Bip001_Neck2" name="Bip001_Neck2">
                        <matrix sid="matrix">0.9545162 0.2811763 -0.09918997 0.04893768 -0.2884501 0.9550412 -0.06850659 -3.71337e-5 0.07546804 0.09400199 0.9927076 -3.63588e-6 0 0 0 1</matrix>
                        <node id="node-Bip001_Head" name="Bip001_Head">
                          <matrix sid="matrix">0.9726765 0.1759889 0.1514203 0.04894865 -0.1765334 0.9842445 -0.009945506 0 -0.1507847 -0.01705695 0.9884196 0 0 0 0 1</matrix>
                          <node id="node-Bip001_Ponytail1" name="Bip001_Ponytail1">
                            <matrix sid="matrix">-0.05999056 -0.9981991 -2.76929e-6 0.009580851 0.998199 -0.05999061 -2.93972e-6 0.1139534 2.76789e-6 -2.93925e-6 1 8.19564e-8 0 0 0 1</matrix>
                          </node>
                          <node id="node-ALTEYE" name="ALTEYE">
                            <matrix>-0.00948812 0.5772443 0.8165167 0.1153698 0.002645058 0.816565 -0.5772477 0.2046643 -0.9999516 -0.003317262 -0.00927451 -0.001006849 0 0 0 1</matrix>
                          </node>
                        </node>
                      </node>
                    </node>
                    <node id="node-Bip001_L_Clavicle" name="Bip001_L_Clavicle">
                      <matrix sid="matrix">0.3867267 0.04316632 0.9211836 -0.04311717 0.636011 -0.7358134 -0.2325271 0.007411957 0.6677818 0.6758071 -0.3120131 0.02784047 0 0 0 1</matrix>
                      <node id="node-Bip001_L_UpperArm" name="Bip001_L_UpperArm">
                        <matrix sid="matrix">0.9988595 0.03662536 0.03063336 0.0796662 -0.03772706 0.2121651 0.9765056 5.96046e-8 0.02926576 -0.9765473 0.2133047 0 0 0 0 1</matrix>
                        <node id="node-Bip001_L_Forearm" name="Bip001_L_Forearm">
                          <matrix sid="matrix">0.07615885 0.9970958 -2.98023e-8 0.4297335 -0.9970957 0.076159 0 -5.96046e-8 -2.98023e-8 -2.98023e-8 1 1.19209e-7 0 0 0 1</matrix>
                          <node id="node-Bip001_L_Hand" name="Bip001_L_Hand">
                            <matrix sid="matrix">0.9737219 -0.1337122 -0.1843554 0.3774394 0.2129074 0.2470917 0.9453129 1.19209e-7 -0.08084707 -0.9597223 0.2690668 -1.78814e-7 0 0 0 1</matrix>
                            <node id="node-Bip001_L_Finger0" name="Bip001_L_Finger0">
                              <matrix sid="matrix">0.7373679 0.3989063 0.5451257 0.03908229 0.5702346 0.06501222 -0.8189054 0.01738536 -0.3621066 0.9146839 -0.1795323 -0.04049927 0 0 0 1</matrix>
                              <node id="node-Bip001_L_Finger01" name="Bip001_L_Finger01">
                                <matrix sid="matrix">0.5320405 -0.846719 0 0.1027657 0.8467191 0.5320405 0 -2.98023e-8 -2.98023e-8 1.49012e-8 1 1.19209e-7 0 0 0 1</matrix>
                                <node id="node-Bip001_L_Finger02" name="Bip001_L_Finger02">
                                  <matrix sid="matrix">0.7835937 -0.6212736 0 0.05252504 0.6212736 0.7835937 0 0 -2.98023e-8 -1.49012e-8 1 0 0 0 0 1</matrix>
                                </node>
                              </node>
                            </node>
                            <node id="node-Bip001_L_Finger1" name="Bip001_L_Finger1">
                              <matrix sid="matrix">0.6375437 -0.770391 0.005983956 0.1458858 0.7704015 0.6375586 7.96318e-4 -1.52588e-5 -0.0044287 0.004102349 0.9999818 -0.01919663 0 0 0 1</matrix>
                              <node id="node-Bip001_L_Finger11" name="Bip001_L_Finger11">
                                <matrix sid="matrix">-0.3951853 -0.9186016 -1.49012e-8 0.08578122 0.9186017 -0.3951852 0 -1.19209e-7 -5.96046e-8 2.98023e-8 0.9999999 -5.96046e-8 0 0 0 1</matrix>
                                <node id="node-Bip001_L_Finger12" name="Bip001_L_Finger12">
                                  <matrix sid="matrix">0.9649357 -0.2624862 0 0.05549788 0.2624862 0.9649358 0 2.98023e-8 4.47035e-8 5.96046e-8 1 -5.96046e-8 0 0 0 1</matrix>
                                </node>
                              </node>
                            </node>
                            <node id="node-Bip001_L_Finger2" name="Bip001_L_Finger2">
                              <matrix sid="matrix">0.5018926 -0.8550149 -0.1305896 0.1437578 0.8647376 0.492844 0.09661072 0.003213346 -0.01824343 -0.161414 0.9867181 0.0287039 0 0 0 1</matrix>
                              <node id="node-Bip001_L_Finger21" name="Bip001_L_Finger21">
                                <matrix sid="matrix">0.05968919 -0.9982171 5.96046e-8 0.07148445 0.9982172 0.05968928 0 0 2.98023e-8 0 1 0 0 0 0 1</matrix>
                                <node id="node-Bip001_L_Finger22" name="Bip001_L_Finger22">
                                  <matrix>0.8033117 -0.5955586 2.98023e-8 0.05113888 0.5955587 0.8033118 -8.9407e-8 0 0 2.98023e-8 1 0 0 0 0 1</matrix>
                                </node>
                              </node>
                            </node>
                          </node>
                        </node>
                        <node id="node-Bip001_L_ForeTwist" name="Bip001_L_ForeTwist">
                          <matrix sid="matrix">0.07615885 0.9928393 -0.09203348 0.4297335 -0.9970957 0.0758339 -0.007029593 -5.96046e-8 -2.98023e-8 0.09230146 0.9957312 1.19209e-7 0 0 0 1</matrix>
                          <node id="node-Bip001_L_ForeTwist1" name="Bip001_L_ForeTwist1">
                            <matrix sid="matrix">1 1.49012e-8 0 0.1887197 0 0.9957312 -0.09230155 8.9407e-8 0 0.09230152 0.9957312 -5.96046e-8 0 0 0 1</matrix>
                          </node>
                        </node>
                      </node>
                      <node id="node-Bip001_LUpArmTwist" name="Bip001_LUpArmTwist">
                        <matrix sid="matrix">0.9988595 0.03662536 0.03063336 0.0796662 -0.03772706 0.2121651 0.9765056 5.96046e-8 0.02926576 -0.9765473 0.2133047 0 0 0 0 1</matrix>
                        <node id="node-Bip001_LUpArmTwist1" name="Bip001_LUpArmTwist1">
                          <matrix>1 2.98023e-8 -2.98023e-8 0.2148667 -5.96046e-8 1 0 0 -2.98023e-8 0 1 5.96046e-8 0 0 0 1</matrix>
                        </node>
                      </node>
                    </node>
                    <node id="node-Bip001_R_Clavicle" name="Bip001_R_Clavicle">
                      <matrix sid="matrix">-0.4125289 -0.1381768 -0.9004039 -0.04935789 0.6517029 -0.7353823 -0.1857317 0.002241969 -0.6364772 -0.6634155 0.3934166 -0.01573148 0 0 0 1</matrix>
                      <node id="node-Bip001_R_UpperArm" name="Bip001_R_UpperArm">
                        <matrix sid="matrix">0.8375875 0.2647077 -0.477888 0.0796662 -0.5454562 0.3565288 -0.758528 2.38419e-7 -0.03040743 0.8960006 0.4430103 0 0 0 0 1</matrix>
                        <node id="node-Bip001_R_Forearm" name="Bip001_R_Forearm">
                          <matrix sid="matrix">-0.6517623 0.7584233 0 0.4297335 -0.7584232 -0.6517622 0 2.98023e-8 0 -2.98023e-8 1 0 0 0 0 1</matrix>
                          <node id="node-Bip001_R_Hand" name="Bip001_R_Hand">
                            <matrix sid="matrix">0.703279 0.2657438 0.6593776 0.3774393 0.7106554 -0.2878067 -0.6419783 0 0.01917149 0.9200801 -0.3912607 -5.96046e-8 0 0 0 1</matrix>
                            <node id="node-Bip001_R_Finger0" name="Bip001_R_Finger0">
                              <matrix>0.6486483 0.5772245 -0.4960517 0.03908247 0.6676158 -0.1185831 0.7350016 0.01738533 0.3654375 -0.8079293 -0.462283 0.04049933 0 0 0 1</matrix>
                              <node id="node-Bip001_R_Finger01" name="Bip001_R_Finger01">
                                <matrix>0.6155393 -0.7881061 1.49012e-8 0.1027656 0.7881061 0.6155394 2.98023e-8 8.9407e-8 5.96046e-8 -5.96046e-8 1 1.19209e-7 0 0 0 1</matrix>
                                <node id="node-Bip001_R_Finger02" name="Bip001_R_Finger02">
                                  <matrix>0.152335 -0.9883289 1.49012e-8 0.05252486 0.988329 0.1523349 0 -1.19209e-7 5.96046e-8 2.98023e-8 0.9999999 -1.19209e-7 0 0 0 1</matrix>
                                </node>
                              </node>
                            </node>
                            <node id="node-Bip001_R_Finger1" name="Bip001_R_Finger1">
                              <matrix>0.7109717 -0.632343 -0.3076713 0.1458856 0.6327782 0.766136 -0.1123713 -1.53184e-5 0.3067752 -0.1147949 0.9448339 0.01919663 0 0 0 1</matrix>
                              <node id="node-Bip001_R_Finger11" name="Bip001_R_Finger11">
                                <matrix>-0.6406224 -0.7678562 0 0.08578134 0.7678562 -0.6406226 -7.45058e-9 5.96046e-8 -2.98023e-8 0 1 1.19209e-7 0 0 0 1</matrix>
                                <node id="node-Bip001_R_Finger12" name="Bip001_R_Finger12">
                                  <matrix>0.8432422 -0.5375336 2.98023e-8 0.05549777 0.5375336 0.8432422 0 3.72529e-8 0 -1.67638e-8 0.9999999 -1.19209e-7 0 0 0 1</matrix>
                                </node>
                              </node>
                            </node>
                            <node id="node-Bip001_R_Finger2" name="Bip001_R_Finger2">
                              <matrix>0.2634968 -0.9557803 0.1305896 0.1437579 0.9628298 0.2522402 -0.09661078 0.003213376 0.05939875 0.1511922 0.9867182 -0.02870393 0 0 0 1</matrix>
                              <node id="node-Bip001_R_Finger21" name="Bip001_R_Finger21">
                                <matrix>-0.03544477 -0.9993716 3.72529e-9 0.07148442 0.9993718 -0.03544474 -1.49012e-8 -1.19209e-7 -2.98023e-8 3.72529e-9 1 1.19209e-7 0 0 0 1</matrix>
                                <node id="node-Bip001_R_Finger22" name="Bip001_R_Finger22">
                                  <matrix>0.7483485 -0.6633058 0 0.05113894 0.6633058 0.7483485 3.72529e-9 7.45058e-9 7.45058e-9 -1.49012e-8 1 1.19209e-7 0 0 0 1</matrix>
                                </node>
                              </node>
                            </node>
                            <node id="node-mount0" name="mount0">
                              <matrix>-3.10683e-8 1 5.06174e-7 0.1088289 -1 -2.80204e-7 -1.32248e-7 0.03070408 1.546e-7 -3.98606e-7 0.9999999 0.01333511 0 0 0 1</matrix>
                            </node>
                          </node>
                        </node>
                        <node id="node-Bip001_R_ForeTwist" name="Bip001_R_ForeTwist">
                          <matrix sid="matrix">-0.6517623 0.7458352 -0.1376072 0.4297335 -0.7584232 -0.6409445 0.1182548 2.98023e-8 0 0.1814385 0.9834024 0 0 0 0 1</matrix>
                          <node id="node-Bip001_R_ForeTwist1" name="Bip001_R_ForeTwist1">
                            <matrix sid="matrix">1 -2.98023e-8 -2.23517e-8 0.1887197 -2.98023e-8 0.9834023 -0.1814385 2.98023e-8 -2.98023e-8 0.1814385 0.9834023 0 0 0 0 1</matrix>
                          </node>
                        </node>
                      </node>
                      <node id="node-Bip001_RUpArmTwist" name="Bip001_RUpArmTwist">
                        <matrix sid="matrix">0.8375875 0.2647077 -0.477888 0.0796662 -0.5454562 0.3565288 -0.758528 2.38419e-7 -0.03040743 0.8960006 0.4430103 0 0 0 0 1</matrix>
                        <node id="node-Bip001_RUpArmTwist1" name="Bip001_RUpArmTwist1">
                          <matrix>1 0 0 0.2148666 0 1 0 0 0 1.86265e-9 1 0 0 0 0 1</matrix>
                        </node>
                      </node>
                    </node>
                  </node>
                </node>
              </node>
            </node>
            <node id="node-Bip001_L_Thigh" name="Bip001_L_Thigh">
              <matrix sid="matrix">-0.5049042 0.8628504 -0.02368179 -0.08190787 0.7444493 0.449179 0.4939972 0.01268607 0.4368831 0.2317915 -0.8691406 0.08018947 0 0 0 1</matrix>
              <node id="node-Bip001_L_Calf" name="Bip001_L_Calf">
                <matrix sid="matrix">0.1987139 0.9800576 0 0.4541689 -0.9800575 0.198714 -1.49012e-8 0 1.49012e-8 1.49012e-8 1 2.98023e-8 0 0 0 1</matrix>
                <node id="node-Bip001_L_HorseLink" name="Bip001_L_HorseLink">
                  <matrix sid="matrix">0.04045323 -0.9991816 -2.98023e-8 0.3208733 0.9991815 0.0404532 -7.45058e-9 1.49012e-8 8.9407e-8 0 1 2.98023e-8 0 0 0 1</matrix>
                  <node id="node-Bip001_L_Foot" name="Bip001_L_Foot">
                    <matrix sid="matrix">0.5610948 0.8272896 0.02765123 0.36176 -0.7938498 0.5283517 0.3010769 2.98023e-8 0.2344682 -0.1908836 0.9531989 -5.96046e-8 0 0 0 1</matrix>
                    <node id="node-Bip001_L_Toe0" name="Bip001_L_Toe0">
                      <matrix sid="matrix">-0.2454681 -0.9694048 5.1522e-8 0.08654235 0.9569955 -0.2423258 0.1594924 0.1234713 -0.1546127 0.03915035 0.9871991 -0.02420595 0 0 0 1</matrix>
                      <node id="node-Bip001_L_Toe01" name="Bip001_L_Toe01">
                        <matrix sid="matrix">0.9623386 0.2718536 5.96452e-8 0.04576606 -0.2718535 0.9623385 -9.87438e-9 0 -5.99853e-8 9.19113e-9 1 3.72529e-9 0 0 0 1</matrix>
                        <node id="node-Bip001_L_Toe02" name="Bip001_L_Toe02">
                          <matrix sid="matrix">0.9133543 0.4071654 8.72902e-11 0.03187376 -0.4071655 0.9133543 -4.78394e-10 3.72529e-9 1.75018e-8 1.46588e-9 0.9999999 3.35276e-8 0 0 0 1</matrix>
                        </node>
                      </node>
                    </node>
                    <node id="node-Bip001_L_Toe1" name="Bip001_L_Toe1">
                      <matrix sid="matrix">-0.2402829 -0.9707029 1.10095e-7 0.09280638 0.9404519 -0.2327948 -0.2477028 0.1308167 0.2404459 -0.05951866 0.9688361 0.0369645 0 0 0 1</matrix>
                      <node id="node-Bip001_L_Toe11" name="Bip001_L_Toe11">
                        <matrix sid="matrix">0.9830523 0.1833258 3.51434e-11 0.043706 -0.1833258 0.9830523 1.31877e-11 1.49012e-8 3.31113e-11 4.58158e-11 1 0 0 0 0 1</matrix>
                        <node id="node-Bip001_L_Toe12" name="Bip001_L_Toe12">
                          <matrix sid="matrix">0.9040335 0.4274615 3.46745e-11 0.03796023 -0.4274615 0.9040335 9.43601e-12 0 8.21672e-11 -2.09695e-10 1 0 0 0 0 1</matrix>
                        </node>
                      </node>
                    </node>
                    <node id="node-Bip001_L_Toe2" name="Bip001_L_Toe2">
                      <matrix sid="matrix">0.04881953 -0.8895264 0.454268 0.06798327 0.1495167 -0.4431772 -0.8838772 0.002803981 0.9875534 0.1110711 0.1113633 0.04295145 0 0 0 1</matrix>
                      <node id="node-Bip001_L_Toe21" name="Bip001_L_Toe21">
                        <matrix sid="matrix">1 1.11759e-8 9.31323e-9 0.01451743 0 1 0 1.49012e-8 -2.79397e-8 2.98023e-8 1 0 0 0 0 1</matrix>
                        <node id="node-Bip001_L_Toe22" name="Bip001_L_Toe22">
                          <matrix sid="matrix">0.5236049 0.8519613 9.31323e-9 0.03369502 -0.8519613 0.5236049 0 -1.49012e-8 -8.9407e-8 -1.49012e-8 1 0 0 0 0 1</matrix>
                        </node>
                      </node>
                    </node>
                  </node>
                </node>
              </node>
            </node>
            <node id="node-Bip001_R_Thigh" name="Bip001_R_Thigh">
              <matrix sid="matrix">-0.7638813 0.3272626 0.5562232 -0.1131929 0.3475907 0.9348266 -0.07266097 -1.88589e-4 -0.5437515 0.1378337 -0.8278501 -0.06117461 0 0 0 1</matrix>
              <node id="node-Bip001_R_Calf" name="Bip001_R_Calf">
                <matrix sid="matrix">0.07075149 0.997494 0 0.4541689 -0.9974941 0.07075149 -5.58794e-9 7.45058e-9 5.21541e-8 -2.98023e-8 1 5.96046e-8 0 0 0 1</matrix>
                <node id="node-Bip001_R_HorseLink" name="Bip001_R_HorseLink">
                  <matrix sid="matrix">0.1141495 -0.9934635 1.86265e-8 0.3208732 0.9934636 0.1141495 -2.98023e-8 1.49012e-8 0 2.93367e-8 1 -2.98023e-8 0 0 0 1</matrix>
                  <node id="node-Bip001_R_Foot" name="Bip001_R_Foot">
                    <matrix sid="matrix">0.8694346 0.2156143 0.4445154 0.3617601 0.00815528 0.8933551 -0.4492771 2.98023e-8 -0.4939809 0.3942423 0.7749554 2.98023e-8 0 0 0 1</matrix>
                    <node id="node-Bip001_R_Toe0" name="Bip001_R_Toe0">
                      <matrix sid="matrix">-0.2454691 -0.9694045 -5.56e-7 0.08654235 0.9569952 -0.2423268 -0.1594934 0.1234714 0.1546135 -0.03915121 0.9871991 0.02420592 0 0 0 1</matrix>
                      <node id="node-Bip001_R_Toe01" name="Bip001_R_Toe01">
                        <matrix sid="matrix">0.9623385 0.2718535 1.54231e-8 0.04576601 -0.2718535 0.9623386 8.75505e-9 5.58794e-9 2.75639e-8 6.48868e-9 0.9999999 0 0 0 0 1</matrix>
                        <node id="node-Bip001_R_Toe02" name="Bip001_R_Toe02">
                          <matrix sid="matrix">0.9133544 0.4071654 2.80862e-8 0.03187375 -0.4071654 0.9133545 -5.21915e-10 -1.86265e-9 2.66165e-8 -2.05308e-8 1 0 0 0 0 1</matrix>
                        </node>
                      </node>
                    </node>
                    <node id="node-Bip001_R_Toe1" name="Bip001_R_Toe1">
                      <matrix sid="matrix">-0.2402838 -0.9707026 -9.05211e-7 0.09280638 0.9404517 -0.2327959 0.2477027 0.1308167 -0.2404459 0.05951812 0.9688361 -0.0369646 0 0 0 1</matrix>
                      <node id="node-Bip001_R_Toe11" name="Bip001_R_Toe11">
                        <matrix sid="matrix">0.9830523 0.1833259 -1.14293e-8 0.04370603 -0.1833259 0.9830523 5.98171e-9 1.86265e-9 -2.17019e-9 1.92591e-9 1 0 0 0 0 1</matrix>
                        <node id="node-Bip001_R_Toe12" name="Bip001_R_Toe12">
                          <matrix sid="matrix">0.9040335 0.4274614 -2.77098e-9 0.03796012 -0.4274614 0.9040335 9.43665e-10 1.86265e-9 1.53287e-8 -2.3102e-8 1 -5.96046e-8 0 0 0 1</matrix>
                        </node>
                      </node>
                    </node>
                    <node id="node-Bip001_R_Toe2" name="Bip001_R_Toe2">
                      <matrix sid="matrix">0.04882013 -0.8895258 -0.4542691 0.06798327 0.1495176 -0.443178 0.8838765 0.002803966 -0.9875531 -0.1110722 0.1113637 -0.04295146 0 0 0 1</matrix>
                      <node id="node-Bip001_R_Toe21" name="Bip001_R_Toe21">
                        <matrix>1 -3.35276e-8 5.02914e-8 0.01451749 -1.49012e-8 1 2.98023e-8 -3.35276e-8 5.96046e-8 0 1 5.68107e-8 0 0 0 1</matrix>
                        <node id="node-Bip001_R_Toe22" name="Bip001_R_Toe22">
                          <matrix>0.523605 0.8519614 5.02914e-8 0.03369501 -0.8519614 0.5236049 2.98023e-8 1.86265e-9 2.98023e-8 8.9407e-8 1 -1.39698e-8 0 0 0 1</matrix>
                        </node>
                      </node>
                    </node>
                  </node>
                </node>
              </node>
            </node>
          </node>
        </node>
      </node>
      <node id="node-Bounds" name="Bounds">
        <matrix>1 0 0 0 0 1 0 0.411981 0 0 1 0 0 0 0 1</matrix>
        <instance_geometry url="#geom-Bounds">
          <bind_material>
            <technique_common>
              <instance_material symbol="ColorMaterial" target="#ColorEffectR88G199B225-material"/>
            </technique_common>
          </bind_material>
        </instance_geometry>
      </node>
      <node id="node-EYE" name="EYE">
        <matrix>-0.9993967 0.03472997 -9.04062e-8 4.09043e-8 -0.03472997 -0.9993967 8.43338e-8 0.411981 -8.74228e-8 8.74228e-8 1 1.6 0 0 0 1</matrix>
      </node>
      <node id="node-CAM" name="CAM">
        <matrix>-0.9999996 1.50996e-7 0 0 -1.50996e-7 -0.9999996 1.77636e-15 -0.009719968 0 1.77636e-15 1 1.928079 0 0 0 1</matrix>
      </node>
    </visual_scene>
  </library_visual_scenes>
  <library_animations>
    <animation>
      <source id="node-Bip001_matrix-input">
        <float_array id="node-Bip001_matrix-input-array" count="41">35 35.03333 35.06667 35.1 35.13334 35.16667 35.2 35.23333 35.26667 35.3 35.33333 35.36666 35.4 35.43333 35.46667 35.5 35.53333 35.56667 35.6 35.63334 35.66667 35.7 35.73333 35.76667 35.8 35.83333 35.86666 35.9 35.93333 35.96667 36 36.03333 36.06667 36.1 36.13334 36.16667 36.2 36.23333 36.26667 36.3 36.33333</float_array>
        <technique_common>
          <accessor source="#node-Bip001_matrix-input-array" count="41" stride="1">
            <param name="TIME" type="float"/>
          </accessor>
        </technique_common>
      </source>
      <source id="node-Bip001_matrix-output">
        <float_array id="node-Bip001_matrix-output-array" count="656">0.4908427 -0.8335541 0.2534976 0 0.8299859 0.5358468 0.1548919 0 -0.2649466 0.1343718 0.9548547 0.8529337 0 0 0 1 0.505918 -0.8239894 0.2551243 0 0.8398572 0.5379936 0.07213008 -0.01344752 -0.1966897 0.177776 0.9642141 0.8649732 0 0 0 1 0.5141959 -0.8161365 0.2636736 1.29046e-7 0.8561353 0.5068165 -0.1008434 -0.04655396 -0.05133211 0.2775935 0.9593263 0.8930369 0 0 0 1 0.4908437 -0.8335531 0.2534989 2.47841e-7 0.8645169 0.4298823 -0.2604072 -0.08935731 0.1080884 0.3469732 0.9316257 0.9274597 0 0 0 1 0.4546443 -0.8646349 0.2137874 3.71229e-7 0.8536015 0.3544542 -0.3817417 -0.1337651 0.2542893 0.3560459 0.8992043 0.9609342 0 0 0 1 0.4139608 -0.8956142 0.1628241 4.9452e-7 0.8153279 0.2852495 -0.5038583 -0.1781356 0.4048171 0.3413326 0.8483014 0.9910016 0 0 0 1 0.3653476 -0.924024 0.1126981 6.17626e-7 0.7356635 0.2124277 -0.6431747 -0.2224778 0.5703686 0.3178902 0.7573807 1.01544 0 0 0 1 0.3059661 -0.948614 0.08072358 7.4045e-7 0.5916507 0.1230304 -0.7967516 -0.2667998 0.7458782 0.2915392 0.5988912 1.031953 0 0 0 1 0.2453122 -0.9660033 0.08160549 8.62894e-7 0.3536139 0.01078438 -0.9353293 -0.3111097 0.9026511 0.2583045 0.3442378 1.038057 0 0 0 1 0.2160578 -0.9712516 0.09994679 9.84786e-7 -0.01437509 -0.1055178 -0.9943136 -0.355387 0.9762748 0.2133925 -0.03675985 0.9510394 0 0 0 1 0.1995137 -0.9760386 0.08684885 1.10622e-6 -0.4552806 -0.170817 -0.8738084 -0.3994737 0.8677061 0.1347962 -0.4784517 0.7614682 0 0 0 1 0.1383178 -0.9892405 0.04765945 1.22744e-6 -0.8179543 -0.1412358 -0.5576767 -0.4431701 0.5584076 0.03815329 -0.8286889 0.5719001 0 0 0 1 0.0340411 -0.9982404 0.04855144 1.34873e-6 -0.9879029 -0.04096293 -0.1495651 -0.4862734 0.1512907 -0.04287272 -0.9875591 0.4848691 0 0 0 1 -0.02060222 -0.9973609 0.06961965 1.46979e-6 -0.9810951 0.03357034 0.1905922 -0.5284425 -0.1924264 -0.06437683 -0.9791975 0.4848691 0 0 0 1 0.01804131 -0.9988108 0.0452935 1.58784e-6 -0.9197105 0.001190602 0.3925956 -0.5702172 -0.3921827 -0.04873985 -0.9185953 0.4848691 0 0 0 1 0.05595844 -0.9982405 0.019616 1.69922e-6 -0.889954 -0.04096293 0.4542073 -0.6126412 -0.4526045 -0.04287409 -0.8906802 0.4848691 0 0 0 1 0.03656202 -0.9989359 0.02811259 1.80126e-6 -0.9172163 -0.02237701 0.3977608 -0.6549311 -0.3967084 -0.04032826 -0.9170585 0.4968428 0 0 0 1 0.005670428 -0.9991529 0.04075938 1.88722e-6 -0.9719976 0.004068434 0.2349554 -0.6904556 -0.2349222 -0.04095035 -0.9711511 0.5164225 0 0 0 1 8.24451e-4 -0.9988861 0.04717826 1.94696e-6 -0.9998213 -0.001714348 -0.01882427 -0.7115475 0.01888418 -0.0471543 -0.9987091 0.5198128 0 0 0 1 0.02462029 -0.9982403 0.05394566 1.96955e-6 -0.9440953 -0.04096257 -0.3271179 -0.7101054 0.3287521 -0.04287606 -0.9434425 0.4827248 0 0 0 1 0.03757858 -0.9970348 0.06715351 1.98925e-6 -0.7733052 -0.07157742 -0.6299808 -0.7060485 0.6329194 -0.02825629 -0.7737019 0.3900279 0 0 0 1 0.02087664 -0.9969999 0.07453429 2.03496e-6 -0.519919 -0.07450342 -0.8509603 -0.7228946 0.8539603 -0.02098661 -0.5199146 0.2688947 0 0 0 1 -0.01292824 -0.9979344 0.06292927 2.0876e-6 -0.2707659 -0.05708944 -0.960951 -0.747598 0.9625585 -0.02946239 -0.2694686 0.1555591 0 0 0 1 -0.03772532 -0.9982402 0.04575139 2.12833e-6 -0.1191591 -0.04096353 -0.9920298 -0.7673541 0.9921582 -0.0428763 -0.1174039 0.08647418 0 0 0 1 -0.04786086 -0.9981789 0.03671866 2.15413e-6 -0.0559526 -0.03402388 -0.9978536 -0.7788236 0.9972857 -0.04981261 -0.05422234 0.05859082 0 0 0 1 -0.0537784 -0.9980788 0.03076314 2.17536e-6 -0.01622742 -0.02993011 -0.9994202 -0.7877255 0.998421 -0.05424648 -0.01458668 0.04187011 0 0 0 1 -0.05630755 -0.9980213 0.02798396 2.19251e-6 0.00408554 -0.02825856 -0.9995924 -0.7944089 0.9984052 -0.05617028 0.00566852 0.03425335 0 0 0 1 -0.05623102 -0.9980265 0.02795189 2.20604e-6 0.009043514 -0.02850425 -0.9995529 -0.7992048 0.9983769 -0.05595296 0.0106284 0.03376919 0 0 0 1 -0.05426621 -0.998077 0.02995836 2.21639e-6 0.002600014 -0.03014361 -0.9995421 -0.8024305 0.9985231 -0.05416339 0.004230737 0.03850787 0 0 0 1 -0.05109572 -0.9981421 0.03319299 2.22396e-6 -0.01137375 -0.03265273 -0.9994021 -0.8043937 0.9986291 -0.05144256 -0.009684324 0.04659789 0 0 0 1 -0.04739618 -0.9981959 0.03685879 2.22917e-6 -0.02903795 -0.03550767 -0.9989474 -0.8053961 0.998454 -0.04841667 -0.0273025 0.05618369 0 0 0 1 -0.04385972 -0.9982272 0.04023623 2.23241e-6 -0.04654186 -0.03818964 -0.9981861 -0.8057371 0.9979531 -0.04565274 -0.0447843 0.06540364 0 0 0 1 -0.04119729 -0.9982385 0.04269325 2.23406e-6 -0.05998545 -0.04018139 -0.9973902 -0.8057171 0.9973488 -0.04365068 -0.05822443 0.07236737 0 0 0 1 -0.04014265 -0.9982402 0.04364579 2.23453e-6 -0.06537729 -0.04096341 -0.9970194 -0.8056413 0.9970528 -0.04287642 -0.06361782 0.07513236 0 0 0 1 -0.04014265 -0.9982402 0.04364579 2.23453e-6 -0.06537729 -0.04096341 -0.9970194 -0.8056413 0.9970528 -0.04287642 -0.06361782 0.07513236 0 0 0 1 -0.04014265 -0.9982402 0.04364579 2.23453e-6 -0.06537729 -0.04096341 -0.9970194 -0.8056413 0.9970528 -0.04287642 -0.06361782 0.07513236 0 0 0 1 -0.04014265 -0.9982402 0.04364579 2.23453e-6 -0.06537729 -0.04096341 -0.9970194 -0.8056413 0.9970528 -0.04287642 -0.06361782 0.07513236 0 0 0 1 -0.04014265 -0.9982402 0.04364579 2.23453e-6 -0.06537729 -0.04096341 -0.9970194 -0.8056413 0.9970528 -0.04287642 -0.06361782 0.07513236 0 0 0 1 -0.04014265 -0.9982402 0.04364579 2.23453e-6 -0.06537729 -0.04096341 -0.9970194 -0.8056413 0.9970528 -0.04287642 -0.06361782 0.07513236 0 0 0 1 -0.04014265 -0.9982402 0.04364579 2.23453e-6 -0.06537729 -0.04096341 -0.9970194 -0.8056413 0.9970528 -0.04287642 -0.06361782 0.07513236 0 0 0 1 -0.04014265 -0.9982402 0.04364579 2.23453e-6 -0.06537729 -0.04096341 -0.9970194 -0.8056413 0.9970528 -0.04287642 -0.06361782 0.07513236 0 0 0 1</float_array>
        <technique_common>
          <accessor source="#node-Bip001_matrix-output-array" count="41" stride="16">
            <param name="TRANSFORM" type="float4x4"/>
          </accessor>
        </technique_common>
      </source>
      <source id="node-Bip001_matrix-interpolation">
        <Name_array id="node-Bip001_matrix-interpolation-array" count="41">LINEAR LINEAR LINEAR LINEAR LINEAR LINEAR LINEAR LINEAR LINEAR LINEAR LINEAR LINEAR LINEAR LINEAR LINEAR LINEAR LINEAR LINEAR LINEAR LINEAR LINEAR LINEAR LINEAR LINEAR LINEAR LINEAR LINEAR LINEAR LINEAR LINEAR LINEAR LINEAR LINEAR LINEAR LINEAR LINEAR LINEAR LINEAR LINEAR LINEAR LINEAR</Name_array>
        <technique_common>
          <accessor source="#node-Bip001_matrix-interpolation-array" count="41" stride="1">
            <param name="INTERPOLATION" type="name"/>
          </accessor>
        </technique_common>
      </source>
      <source id="node-Bip001_Pelvis_matrix-input">
        <float_array id="node-Bip001_Pelvis_matrix-input-array" count="41">35 35.03333 35.06667 35.1 35.13334 35.16667 35.2 35.23333 35.26667 35.3 35.33333 35.36666 35.4 35.43333 35.46667 35.5 35.53333 35.56667 35.6 35.63334 35.66667 35.7 35.73333 35.76667 35.8 35.83333 35.86666 35.9 35.93333 35.96667 36 36.03333 36.06667 36.1 36.13334 36.16667 36.2 36.23333 36.26667 36.3 36.33333</float_array>
        <technique_common>
          <accessor source="#node-Bip001_Pelvis_matrix-input-array" count="41" stride="1">
            <param name="TIME" type="float"/>
          </accessor>
        </technique_common>
      </source>
      <source id="node-Bip001_Pelvis_matrix-output">
        <float_array id="node-Bip001_Pelvis_matrix-output-array" count="656">0 1 -1.40071e-6 0 -0.1140869 1.40071e-6 0.9934708 0 0.9934707 1.49012e-7 0.1140869 0 0 0 0 1 0 1 -1.43424e-6 0 -0.1122282 1.33738e-6 0.9936825 0 0.9936825 1.78814e-7 0.112228 0 0 0 0 1 0 1 -1.33924e-6 0 -0.1070525 1.3439e-6 0.9942533 0 0.9942533 1.45286e-7 0.1070524 0 0 0 0 1 0 1 -1.37091e-6 0 -0.09916073 1.34856e-6 0.9950714 0 0.9950715 1.2666e-7 0.09916085 0 0 0 0 1 0 1 -1.36346e-6 0 -0.08915311 1.37836e-6 0.9960179 0 0.996018 1.49012e-7 0.08915311 0 0 0 0 1 0 1 -1.44541e-6 0 -0.07763087 1.40071e-6 0.9969822 0 0.9969822 1.19209e-7 0.07763081 0 0 0 0 1 0 1 -1.41561e-6 0 -0.06519973 1.41561e-6 0.9978724 0 0.9978723 1.19209e-7 0.06519967 0 0 0 0 1 0 1 -1.38581e-6 0 -0.05246669 1.40071e-6 0.9986228 0 0.9986227 1.19209e-7 0.05246669 0 0 0 0 1 0 1 -1.35601e-6 0 -0.04004085 1.40071e-6 0.999198 0 0.999198 0 0.04004085 0 0 0 0 1 0 1 -1.40071e-6 0 -0.02853429 1.40071e-6 0.9995927 0 0.9995927 0 0.02853429 0 0 0 0 1 0 1 -1.41561e-6 0 -0.01855778 1.38581e-6 0.9998278 0 0.9998279 0 0.01855772 0 0 0 0 1 0 1 -1.38953e-6 0 -0.01072174 1.38395e-6 0.9999426 0 0.9999426 0 0.01072174 0 0 0 0 1 0 1 -1.38721e-6 0 -0.005636811 1.39e-6 0.9999842 0 0.9999841 0 0.005636811 0 0 0 0 1 0 1 -1.38488e-6 0 -0.002489864 1.38581e-6 0.9999969 0 0.9999969 0 0.002489805 0 0 0 0 1 0 1 -1.38581e-6 0 -2.27392e-5 1.38581e-6 1 0 1 0 2.27392e-5 0 0 0 0 1 0 1 -1.38208e-6 0 0.00182265 1.3914e-6 0.9999982 0 0.9999983 0 -0.00182265 0 0 0 0 1 0 1 -1.38488e-6 0 0.003104805 1.38581e-6 0.9999952 0 0.9999952 0 -0.003104805 0 0 0 0 1 0 1 -1.38674e-6 0 0.003881871 1.38581e-6 0.9999926 0 0.9999926 0 -0.003881871 0 0 0 0 1 0 1 -1.38691e-6 0 0.004212141 1.38674e-6 0.9999911 0 0.9999911 0 -0.004212141 0 0 0 0 1 0 1 -1.38301e-6 0 0.004153847 1.38208e-6 0.9999915 0 0.9999913 0 -0.004153847 0 0 0 0 1 0 1 -1.38953e-6 0 0.003765344 1.39326e-6 0.999993 0 0.999993 0 -0.003765344 0 0 0 0 1 0 1 -1.3914e-6 0 0.003104865 1.38767e-6 0.9999951 0 0.9999952 0 -0.003104865 0 0 0 0 1 0 1 -1.38395e-6 0 0.002230644 1.38581e-6 0.9999976 0 0.9999976 0 -0.002230644 0 0 0 0 1 0 1 -1.38208e-6 0 0.001201033 1.38953e-6 0.9999992 0 0.9999993 0 -0.001201033 0 0 0 0 1 0 1 -1.38208e-6 0 7.43766e-5 1.38953e-6 1 0 0.9999999 0 -7.43819e-5 0 0 0 0 1 0 1 -1.38581e-6 0 -0.001091182 1.38953e-6 0.9999995 0 0.9999995 0 0.001091182 0 0 0 0 1 0 1 -1.38953e-6 0 -0.002237319 1.38581e-6 0.9999976 0 0.9999975 0 0.002237319 0 0 0 0 1 0 1 -1.39326e-6 0 -0.003305733 1.38581e-6 0.9999945 0 0.9999945 0 0.003305733 0 0 0 0 1 0 1 -1.38208e-6 0 -0.004238188 1.38581e-6 0.9999911 0 0.9999911 0 0.004238188 0 0 0 0 1 0 1 -1.39326e-6 0 -0.004976332 1.38953e-6 0.9999875 0 0.9999876 0 0.004976332 0 0 0 0 1 0 1 -1.38581e-6 0 -0.00546199 1.38581e-6 0.999985 0 0.9999851 0 0.00546199 0 0 0 0 1 0 1 -1.39326e-6 0 -0.005636811 1.38953e-6 0.9999841 0 0.999984 0 0.005636811 0 0 0 0 1 0 1 -1.38581e-6 0 -0.005361557 1.38953e-6 0.9999856 0 0.9999857 0 0.005361557 0 0 0 0 1 0 1 -1.38581e-6 0 -0.004673361 1.38953e-6 0.9999892 0 0.9999893 0 0.004673361 0 0 0 0 1 0 1 -1.39326e-6 0 -0.003778755 1.38953e-6 0.9999929 0 0.999993 0 0.003778755 0 0 0 0 1 0 1 -1.38953e-6 0 -0.002884149 1.38953e-6 0.9999959 0 0.999996 0 0.002884149 0 0 0 0 1 0 1 -1.38953e-6 0 -0.002195894 1.38953e-6 0.9999977 0 0.9999978 0 0.002195894 0 0 0 0 1 0 1 -1.38581e-6 0 -0.00192064 1.38953e-6 0.9999982 0 0.9999983 0 0.00192064 0 0 0 0 1 0 1 -1.39326e-6 0 -0.002264738 1.38953e-6 0.9999976 0 0.9999975 0 0.002264738 0 0 0 0 1 0 1 -1.38581e-6 0 -0.003434658 1.38953e-6 0.9999942 0 0.9999942 0 0.003434658 0 0 0 0 1 0 1 -1.38953e-6 0 -0.005636811 1.38953e-6 0.9999842 0 0.9999843 0 0.005636811 0 0 0 0 1</float_array>
        <technique_common>
          <accessor source="#node-Bip001_Pelvis_matrix-output-array" count="41" stride="16">
            <param name="TRANSFORM" type="float4x4"/>
          </accessor>
        </technique_common>
      </source>
      <source id="node-Bip001_Pelvis_matrix-interpolation">
        <Name_array id="node-Bip001_Pelvis_matrix-interpolation-array" count="41">LINEAR LINEAR LINEAR LINEAR LINEAR LINEAR LINEAR LINEAR LINEAR LINEAR LINEAR LINEAR LINEAR LINEAR LINEAR LINEAR LINEAR LINEAR LINEAR LINEAR LINEAR LINEAR LINEAR LINEAR LINEAR LINEAR LINEAR LINEAR LINEAR LINEAR LINEAR LINEAR LINEAR LINEAR LINEAR LINEAR LINEAR LINEAR LINEAR LINEAR LINEAR</Name_array>
        <technique_common>
          <accessor source="#node-Bip001_Pelvis_matrix-interpolation-array" count="41" stride="1">
            <param name="INTERPOLATION" type="name"/>
          </accessor>
        </technique_common>
      </source>
      <source id="node-Bip001_Spine_matrix-input">
        <float_array id="node-Bip001_Spine_matrix-input-array" count="41">35 35.03333 35.06667 35.1 35.13334 35.16667 35.2 35.23333 35.26667 35.3 35.33333 35.36666 35.4 35.43333 35.46667 35.5 35.53333 35.56667 35.6 35.63334 35.66667 35.7 35.73333 35.76667 35.8 35.83333 35.86666 35.9 35.93333 35.96667 36 36.03333 36.06667 36.1 36.13334 36.16667 36.2 36.23333 36.26667 36.3 36.33333</float_array>
        <technique_common>
          <accessor source="#node-Bip001_Spine_matrix-input-array" count="41" stride="1">
