<?xml version="1.0" encoding="utf-8"?>
<COLLADA xmlns="http://www.collada.org/2005/11/COLLADASchema" version="1.4.1">
  <asset>
    <contributor>
      <author>MattO</author>
      <authoring_tool>OpenCOLLADA for 3ds Max;  Version: 1.3.0;  Revision: 839M;  Platform: x64;  Configuration: Release_Max2012</authoring_tool>
      <source_data>file:///Z:/Art_Resources/WIP/Art_Pack/Alien_Pack/Kralmok/Mantis_TP_Kralmok_Animation_Master.max</source_data>
    </contributor>
    <created>2011-10-24T17:11:31</created>
    <modified>2011-10-24T17:11:31</modified>
    <unit name="meter" meter="1"/>
    <up_axis>Z_UP</up_axis>
  </asset>
  <library_effects>
    <effect id="ColorEffectR88G199B225">
      <profile_COMMON>
        <technique sid="common">
          <phong>
            <ambient>
              <color>0.345098 0.7803922 0.8823529 1</color>
            </ambient>
            <diffuse>
              <color>0.345098 0.7803922 0.8823529 1</color>
            </diffuse>
            <specular>
              <color>1 1 1 1</color>
            </specular>
            <shininess>
              <float>10</float>
            </shininess>
            <reflective>
              <color>0 0 0 1</color>
            </reflective>
            <transparent>
              <color>1 1 1 1</color>
            </transparent>
            <transparency>
              <float>1</float>
            </transparency>
          </phong>
        </technique>
      </profile_COMMON>
    </effect>
  </library_effects>
  <library_materials>
    <material id="ColorEffectR88G199B225-material" name="ColorEffectR88G199B225-material">
      <instance_effect url="#ColorEffectR88G199B225"/>
    </material>
  </library_materials>
  <library_geometries>
    <geometry id="geom-Bounds" name="Bounds">
      <mesh>
        <source id="geom-Bounds-positions">
          <float_array id="geom-Bounds-positions-array" count="24">-0.5 -0.5 0 0.5 -0.5 0 -0.5 0.5 0 0.5 0.5 0 -0.5 -0.5 2 0.5 -0.5 2 -0.5 0.5 2 0.5 0.5 2</float_array>
          <technique_common>
            <accessor source="#geom-Bounds-positions-array" count="8" stride="3">
              <param name="X" type="float"/>
              <param name="Y" type="float"/>
              <param name="Z" type="float"/>
            </accessor>
          </technique_common>
        </source>
        <source id="geom-Bounds-normals">
          <float_array id="geom-Bounds-normals-array" count="72">0 0 -1 0 0 -1 0 0 -1 0 0 -1 0 0 1 0 0 1 0 0 1 0 0 1 0 -1 0 0 -1 0 0 -1 0 0 -1 0 1 0 0 1 0 0 1 0 0 1 0 0 0 1 0 0 1 0 0 1 0 0 1 0 -1 0 0 -1 0 0 -1 0 0 -1 0 0</float_array>
          <technique_common>
            <accessor source="#geom-Bounds-normals-array" count="24" stride="3">
              <param name="X" type="float"/>
              <param name="Y" type="float"/>
              <param name="Z" type="float"/>
            </accessor>
          </technique_common>
        </source>
        <source id="geom-Bounds-map1">
          <float_array id="geom-Bounds-map1-array" count="36">0 0 0 1 0 0 0 1 0 1 1 0 0 0 0 1 0 0 0 1 0 1 1 0 0 0 0 1 0 0 0 1 0 1 1 0</float_array>
          <technique_common>
            <accessor source="#geom-Bounds-map1-array" count="12" stride="3">
              <param name="S" type="float"/>
              <param name="T" type="float"/>
              <param name="P" type="float"/>
            </accessor>
          </technique_common>
        </source>
        <vertices id="geom-Bounds-vertices">
          <input semantic="POSITION" source="#geom-Bounds-positions"/>
        </vertices>
        <triangles material="ColorMaterial" count="12">
          <input semantic="VERTEX" source="#geom-Bounds-vertices" offset="0"/>
          <input semantic="NORMAL" source="#geom-Bounds-normals" offset="1"/>
          <input semantic="TEXCOORD" source="#geom-Bounds-map1" offset="2" set="0"/>
          <p>0 0 9 2 1 11 3 2 10 3 2 10 1 3 8 0 0 9 4 4 8 5 5 9 7 6 11 7 6 11 6 7 10 4 4 8 0 8 4 1 9 5 5 10 7 5 10 7 4 11 6 0 8 4 1 12 0 3 13 1 7 14 3 7 14 3 5 15 2 1 12 0 3 16 4 2 17 5 6 18 7 6 18 7 7 19 6 3 16 4 2 20 0 0 21 1 4 22 3 4 22 3 6 23 2 2 20 0</p>
        </triangles>
      </mesh>
      <extra>
        <technique profile="OpenCOLLADA3dsMax">
          <max_box>
            <generateuvs>1</generateuvs>
            <height>2</height>
            <heightsegments>1</heightsegments>
            <length>1</length>
            <lengthsegments>1</lengthsegments>
            <width>1</width>
            <widthsegments>1</widthsegments>
          </max_box>
        </technique>
      </extra>
    </geometry>
  </library_geometries>
  <library_lights>
    <light id="EnvironmentAmbientLight" name="EnvironmentAmbientLight">
      <technique_common>
        <ambient>
          <color>0 0 0</color>
        </ambient>
      </technique_common>
    </light>
  </library_lights>
  <library_visual_scenes>
    <visual_scene id="MaxScene">
      <node name="EnvironmentAmbientLight">
        <instance_light url="#EnvironmentAmbientLight"/>
      </node>
      <node id="node-Bip001" name="Bip001">
        <matrix sid="matrix">0.4908435 -0.8335536 0.2534977 0 0.8299854 0.5358477 0.1548922 -4.37066e-8 -0.2649471 0.1343716 0.9548546 0.8529336 0 0 0 1</matrix>
        <node id="node-Bip001_Pelvis" name="Bip001_Pelvis">
          <matrix>1.49012e-8 1 -1.37836e-6 0 -0.114087 1.42306e-6 0.9934708 0 0.9934708 1.49012e-7 0.114087 0 0 0 0 1</matrix>
          <node id="node-Bip001_Spine" name="Bip001_Spine">
            <matrix>0.9751358 -0.07331234 -0.2091302 0.09757131 0.05277598 0.993368 -0.1021488 -8.78274e-5 0.2152321 0.08857187 0.9725379 0.01119617 0 0 0 1</matrix>
            <node id="node-Bip001_Spine1" name="Bip001_Spine1">
              <matrix>0.9235707 -0.3709309 -0.09709477 0.1110485 0.3695979 0.9286391 -0.03204072 -8.2165e-5 0.1020509 -0.006294116 0.9947593 5.66244e-7 0 0 0 1</matrix>
              <node id="node-Bip001_Spine2" name="Bip001_Spine2">
                <matrix>0.9833879 -0.1427243 -0.1121533 0.1110282 0.148766 0.9877338 0.04744568 -8.72612e-5 0.1040059 -0.06334219 0.9925576 5.58794e-6 0 0 0 1</matrix>
                <node id="node-Bip001_Spine3" name="Bip001_Spine3">
                  <matrix>0.9532422 -0.2413029 -0.1819402 0.111056 0.253619 0.966141 0.04742061 -1.62125e-4 0.1643372 -0.0913469 0.9821655 1.53184e-5 0 0 0 1</matrix>
                  <node id="node-Bip001_Neck" name="Bip001_Neck">
                    <matrix sid="matrix">0.9595833 0.2767266 -0.0512092 0.258412 -0.2810971 0.9512445 -0.1269578 0.01280367 0.01357988 0.1362214 0.9905853 -5.33462e-6 0 0 0 1</matrix>
                    <node id="node-Bip001_Neck1" name="Bip001_Neck1">
                      <matrix sid="matrix">0.9293274 0.3686694 0.02081381 0.04893422 -0.3650395 0.9257479 -0.09867635 -3.60012e-5 -0.05564731 0.08410481 0.9949018 -3.27826e-6 0 0 0 1</matrix>
                      <node id="node-Bip001_Neck2" name="Bip001_Neck2">
                        <matrix sid="matrix">0.8779079 0.4714023 -0.08400951 0.04893017 -0.4756228 0.8787733 -0.03924889 -3.42131e-5 0.05532332 0.07441374 0.9956918 -2.89083e-6 0 0 0 1</matrix>
                        <node id="node-Bip001_Head" name="Bip001_Head">
                          <matrix sid="matrix">0.9273576 0.3418208 0.1522043 0.04894865 -0.3446234 0.9387034 -0.008404873 0 -0.1457477 -0.04465872 0.9883134 2.98023e-8 0 0 0 1</matrix>
                          <node id="node-Bip001_Ponytail1" name="Bip001_Ponytail1">
                            <matrix>-0.05999067 -0.998199 -2.76789e-6 0.009580612 0.998199 -0.05999061 -2.94019e-6 0.1139535 2.76905e-6 -2.94019e-6 1 8.9407e-8 0 0 0 1</matrix>
                          </node>
                          <node id="node-ALTEYE" name="ALTEYE">
                            <matrix>-0.009488122 0.5772443 0.8165166 0.1153698 0.002645059 0.816565 -0.5772476 0.2046643 -0.9999517 -0.003317261 -0.009274511 -0.001006842 0 0 0 1</matrix>
                          </node>
                        </node>
                      </node>
                    </node>
                    <node id="node-Bip001_L_Clavicle" name="Bip001_L_Clavicle">
                      <matrix sid="matrix">0.09357932 0.2353692 0.9673904 -0.04515398 0.7147794 -0.6922661 0.09928709 -0.008195996 0.6930607 0.6821795 -0.2330189 0.02412176 0 0 0 1</matrix>
                      <node id="node-Bip001_L_UpperArm" name="Bip001_L_UpperArm">
                        <matrix sid="matrix">0.998871 0.03664806 0.03022358 0.0796662 -0.03734505 0.2126214 0.9764208 1.19209e-7 0.02935782 -0.976447 0.2137499 0 0 0 0 1</matrix>
                        <node id="node-Bip001_L_Forearm" name="Bip001_L_Forearm">
                          <matrix>0.07616487 0.9970955 2.98023e-8 0.4297335 -0.9970952 0.07616481 -2.98023e-8 -1.78814e-7 2.98023e-8 0 1 5.96046e-8 0 0 0 1</matrix>
                          <node id="node-Bip001_L_Hand" name="Bip001_L_Hand">
                            <matrix sid="matrix">0.9737562 -0.1332952 -0.184476 0.3774393 0.2128769 0.2466833 0.9454262 8.9407e-8 -0.0805136 -0.9598853 0.2685849 -5.96046e-8 0 0 0 1</matrix>
                            <node id="node-Bip001_L_Finger0" name="Bip001_L_Finger0">
                              <matrix>0.7373679 0.3989064 0.5451257 0.03908241 0.5702345 0.06501231 -0.8189055 0.01738536 -0.3621065 0.914684 -0.1795323 -0.04049927 0 0 0 1</matrix>
                              <node id="node-Bip001_L_Finger01" name="Bip001_L_Finger01">
                                <matrix>0.5320405 -0.8467189 7.45058e-9 0.1027657 0.8467191 0.5320405 2.98023e-8 5.96046e-8 0 4.47035e-8 1 1.19209e-7 0 0 0 1</matrix>
                                <node id="node-Bip001_L_Finger02" name="Bip001_L_Finger02">
                                  <matrix>0.7835937 -0.6212737 -2.98023e-8 0.05252498 0.6212737 0.7835937 0 -2.98023e-8 -5.96046e-8 -1.49012e-8 1 0 0 0 0 1</matrix>
                                </node>
                              </node>
                            </node>
                            <node id="node-Bip001_L_Finger1" name="Bip001_L_Finger1">
                              <matrix>0.6375436 -0.7703909 0.005983964 0.1458857 0.7704015 0.6375586 7.96318e-4 -1.5378e-5 -0.004428685 0.004102379 0.9999818 -0.01919675 0 0 0 1</matrix>
                              <node id="node-Bip001_L_Finger11" name="Bip001_L_Finger11">
                                <matrix>-0.3951853 -0.9186016 -1.49012e-8 0.08578122 0.9186018 -0.3951852 2.98023e-8 1.19209e-7 -2.98023e-8 -2.98023e-8 1 0 0 0 0 1</matrix>
                                <node id="node-Bip001_L_Finger12" name="Bip001_L_Finger12">
                                  <matrix>0.9649357 -0.2624862 1.49012e-8 0.05549765 0.2624863 0.9649358 2.98023e-8 0 4.47035e-8 0 1 5.96046e-8 0 0 0 1</matrix>
                                </node>
                              </node>
                            </node>
                            <node id="node-Bip001_L_Finger2" name="Bip001_L_Finger2">
                              <matrix>0.5018926 -0.855015 -0.1305896 0.1437582 0.8647377 0.492844 0.09661084 0.003213346 -0.01824337 -0.161414 0.9867181 0.02870393 0 0 0 1</matrix>
                              <node id="node-Bip001_L_Finger21" name="Bip001_L_Finger21">
                                <matrix>0.05968922 -0.9982171 -5.96046e-8 0.07148421 0.9982171 0.05968919 2.98023e-8 2.38419e-7 5.96046e-8 2.98023e-8 1 -8.9407e-8 0 0 0 1</matrix>
                                <node id="node-Bip001_L_Finger22" name="Bip001_L_Finger22">
                                  <matrix>0.8033117 -0.5955585 0 0.05113888 0.5955586 0.8033117 5.96046e-8 -5.96046e-8 -2.98023e-8 2.98023e-8 1 2.98023e-8 0 0 0 1</matrix>
                                </node>
                              </node>
                            </node>
                          </node>
                        </node>
                        <node id="node-Bip001_L_ForeTwist" name="Bip001_L_ForeTwist">
                          <matrix sid="matrix">0.07616487 0.9928544 -0.09186688 0.4297335 -0.9970952 0.07584082 -0.007017404 -1.78814e-7 2.98023e-8 0.09213451 0.9957466 5.96046e-8 0 0 0 1</matrix>
                          <node id="node-Bip001_L_ForeTwist1" name="Bip001_L_ForeTwist1">
                            <matrix sid="matrix">1 1.49012e-8 0 0.1887197 2.98023e-8 0.9957465 -0.09213451 5.96046e-8 2.98023e-8 0.09213448 0.9957466 0 0 0 0 1</matrix>
                          </node>
                        </node>
                      </node>
                      <node id="node-Bip001_LUpArmTwist" name="Bip001_LUpArmTwist">
                        <matrix sid="matrix">0.998871 0.03664806 0.03022358 0.0796662 -0.03734505 0.2126214 0.9764208 1.19209e-7 0.02935782 -0.976447 0.2137499 0 0 0 0 1</matrix>
                        <node id="node-Bip001_LUpArmTwist1" name="Bip001_LUpArmTwist1">
                          <matrix>1 0 2.98023e-8 0.2148667 -5.96046e-8 1 -2.98023e-8 -1.19209e-7 2.98023e-8 2.98023e-8 1 5.96046e-8 0 0 0 1</matrix>
                        </node>
                      </node>
                    </node>
                    <node id="node-Bip001_R_Clavicle" name="Bip001_R_Clavicle">
                      <matrix sid="matrix">-0.5563208 0.1727328 -0.8128163 -0.04575574 0.4874353 -0.7243609 -0.4875531 -0.01423323 -0.672989 -0.6674314 0.3187811 -0.01978028 0 0 0 1</matrix>
                      <node id="node-Bip001_R_UpperArm" name="Bip001_R_UpperArm">
                        <matrix>0.8375875 0.2647076 -0.4778882 0.0796662 -0.5454561 0.3565288 -0.7585281 5.96046e-8 -0.03040741 0.8960007 0.4430103 -5.96046e-8 0 0 0 1</matrix>
                        <node id="node-Bip001_R_Forearm" name="Bip001_R_Forearm">
                          <matrix>-0.6517624 0.7584233 0 0.4297335 -0.7584233 -0.6517623 0 0 5.96046e-8 -2.98023e-8 1 0 0 0 0 1</matrix>
                          <node id="node-Bip001_R_Hand" name="Bip001_R_Hand">
                            <matrix>0.7032791 0.2657439 0.6593777 0.3774394 0.7106555 -0.2878067 -0.6419783 0 0.0191715 0.9200802 -0.3912607 -1.19209e-7 0 0 0 1</matrix>
                            <node id="node-Bip001_R_Finger0" name="Bip001_R_Finger0">
                              <matrix>0.6486481 0.5772246 -0.4960516 0.03908241 0.6676159 -0.118583 0.7350014 0.01738536 0.3654374 -0.8079292 -0.462283 0.04049921 0 0 0 1</matrix>
                              <node id="node-Bip001_R_Finger01" name="Bip001_R_Finger01">
                                <matrix>0.6155392 -0.7881061 0 0.1027657 0.7881061 0.6155394 0 -2.98023e-8 0 2.98023e-8 1 1.19209e-7 0 0 0 1</matrix>
                                <node id="node-Bip001_R_Finger02" name="Bip001_R_Finger02">
                                  <matrix>0.1523349 -0.988329 1.49012e-8 0.05252492 0.9883292 0.1523349 5.96046e-8 0 -2.98023e-8 -5.96046e-8 1 0 0 0 0 1</matrix>
                                </node>
                              </node>
                            </node>
                            <node id="node-Bip001_R_Finger1" name="Bip001_R_Finger1">
                              <matrix>0.7109717 -0.6323431 -0.3076712 0.1458857 0.632778 0.766136 -0.1123713 -1.52886e-5 0.3067753 -0.1147948 0.9448338 0.01919675 0 0 0 1</matrix>
                              <node id="node-Bip001_R_Finger11" name="Bip001_R_Finger11">
                                <matrix>-0.6406224 -0.7678562 2.98023e-8 0.08578128 0.7678561 -0.6406225 1.49012e-8 -5.96046e-8 5.96046e-8 1.49012e-8 0.9999999 0 0 0 0 1</matrix>
                                <node id="node-Bip001_R_Finger12" name="Bip001_R_Finger12">
                                  <matrix>0.8432422 -0.5375336 0 0.05549777 0.5375336 0.8432422 -1.49012e-8 7.45058e-9 -5.96046e-8 -7.45058e-9 0.9999999 0 0 0 0 1</matrix>
                                </node>
                              </node>
                            </node>
                            <node id="node-Bip001_R_Finger2" name="Bip001_R_Finger2">
                              <matrix>0.2634968 -0.9557803 0.1305896 0.143758 0.9628298 0.2522402 -0.09661077 0.003213376 0.05939873 0.1511922 0.9867181 -0.02870405 0 0 0 1</matrix>
                              <node id="node-Bip001_R_Finger21" name="Bip001_R_Finger21">
                                <matrix>-0.03544476 -0.9993716 -3.72529e-9 0.07148442 0.9993716 -0.03544475 0 -1.19209e-7 0 -7.45058e-9 0.9999999 0 0 0 0 1</matrix>
                                <node id="node-Bip001_R_Finger22" name="Bip001_R_Finger22">
                                  <matrix>0.7483485 -0.6633057 0 0.051139 0.6633058 0.7483484 -3.72529e-9 -1.11759e-8 -7.45058e-9 -2.98023e-8 1 -1.19209e-7 0 0 0 1</matrix>
                                </node>
                              </node>
                            </node>
                            <node id="node-mount0" name="mount0">
                              <matrix>-3.53684e-8 1 5.21075e-7 0.1088288 -1 -2.56972e-7 -1.19209e-7 0.03070411 1.24797e-7 -4.27011e-7 0.9999998 0.01333499 0 0 0 1</matrix>
                            </node>
                          </node>
                        </node>
                        <node id="node-Bip001_R_ForeTwist" name="Bip001_R_ForeTwist">
                          <matrix>-0.6517624 0.7458352 -0.1376072 0.4297335 -0.7584233 -0.6409446 0.1182547 0 5.96046e-8 0.1814384 0.9834024 0 0 0 0 1</matrix>
                          <node id="node-Bip001_R_ForeTwist1" name="Bip001_R_ForeTwist1">
                            <matrix>1 -5.96046e-8 -3.72529e-8 0.1887196 0 0.9834023 -0.1814384 -2.98023e-8 -1.49012e-8 0.1814384 0.9834023 -5.96046e-8 0 0 0 1</matrix>
                          </node>
                        </node>
                      </node>
                      <node id="node-Bip001_RUpArmTwist" name="Bip001_RUpArmTwist">
                        <matrix>0.8375875 0.2647076 -0.4778882 0.0796662 -0.5454561 0.3565288 -0.7585281 5.96046e-8 -0.03040741 0.8960007 0.4430103 -5.96046e-8 0 0 0 1</matrix>
                        <node id="node-Bip001_RUpArmTwist1" name="Bip001_RUpArmTwist1">
                          <matrix>1 -7.45058e-9 0 0.2148668 0 1 0 0 -2.98023e-8 -1.86265e-9 1 0 0 0 0 1</matrix>
                        </node>
                      </node>
                    </node>
                  </node>
                </node>
              </node>
            </node>
            <node id="node-Bip001_L_Thigh" name="Bip001_L_Thigh">
              <matrix sid="matrix">-0.5058642 0.8621889 -0.02704941 -0.08190799 0.7446465 0.4522988 0.4908432 0.01268607 0.4354341 0.2281578 -0.8708277 0.08018946 0 0 0 1</matrix>
              <node id="node-Bip001_L_Calf" name="Bip001_L_Calf">
                <matrix sid="matrix">0.2000093 0.9797941 -1.49012e-8 0.4541689 -0.9797939 0.2000094 0 -5.96046e-8 -5.96046e-8 8.9407e-8 1 2.98023e-8 0 0 0 1</matrix>
                <node id="node-Bip001_L_HorseLink" name="Bip001_L_HorseLink">
                  <matrix sid="matrix">0.03937989 -0.9992244 0 0.3208733 0.9992242 0.03937989 -1.49012e-8 -2.98023e-8 0 -2.98023e-8 1 2.98023e-8 0 0 0 1</matrix>
                  <node id="node-Bip001_L_Foot" name="Bip001_L_Foot">
                    <matrix sid="matrix">0.5605443 0.8275785 0.03007077 0.3617601 -0.7935473 0.526402 0.3052596 -5.96046e-8 0.236797 -0.194974 0.9517944 0 0 0 0 1</matrix>
                    <node id="node-Bip001_L_Toe0" name="Bip001_L_Toe0">
                      <matrix>-0.2454681 -0.9694048 5.13003e-8 0.08654235 0.9569956 -0.2423259 0.1594924 0.1234713 -0.1546127 0.03915035 0.9871992 -0.024206 0 0 0 1</matrix>
                      <node id="node-Bip001_L_Toe01" name="Bip001_L_Toe01">
                        <matrix>0.9623385 0.2718535 -6.76835e-10 0.04576606 -0.2718535 0.9623384 3.82261e-9 -1.49012e-8 -4.10597e-8 -7.94444e-10 0.9999999 -7.82311e-8 0 0 0 1</matrix>
                        <node id="node-Bip001_L_Toe02" name="Bip001_L_Toe02">
                          <matrix>0.9133543 0.4071654 -9.73834e-9 0.03187376 -0.4071655 0.9133545 -5.04087e-10 3.72529e-9 -1.62463e-8 -1.64935e-8 1 1.86265e-8 0 0 0 1</matrix>
                        </node>
                      </node>
                    </node>
                    <node id="node-Bip001_L_Toe1" name="Bip001_L_Toe1">
                      <matrix>-0.2402829 -0.9707029 1.09978e-7 0.09280638 0.940452 -0.2327949 -0.2477028 0.1308168 0.2404459 -0.05951866 0.9688361 0.03696456 0 0 0 1</matrix>
                      <node id="node-Bip001_L_Toe11" name="Bip001_L_Toe11">
                        <matrix>0.9830522 0.1833259 -1.76499e-11 0.04370594 -0.1833258 0.9830522 7.84439e-12 1.49012e-8 1.94667e-10 1.4893e-11 1 0 0 0 0 1</matrix>
                        <node id="node-Bip001_L_Toe12" name="Bip001_L_Toe12">
                          <matrix>0.9040334 0.4274615 1.92912e-11 0.03796011 -0.4274614 0.9040334 -2.84217e-12 0 -1.60412e-10 2.51248e-11 1 2.98023e-8 0 0 0 1</matrix>
                        </node>
                      </node>
                    </node>
                    <node id="node-Bip001_L_Toe2" name="Bip001_L_Toe2">
                      <matrix>0.04881953 -0.8895264 0.454268 0.06798328 0.1495167 -0.4431772 -0.8838772 0.002803981 0.9875535 0.1110711 0.1113633 0.04295146 0 0 0 1</matrix>
                      <node id="node-Bip001_L_Toe21" name="Bip001_L_Toe21">
                        <matrix>1 -7.45058e-9 -1.11759e-8 0.01451743 -3.72529e-9 1 0 -1.49012e-8 5.58794e-9 0 1 0 0 0 0 1</matrix>
                        <node id="node-Bip001_L_Toe22" name="Bip001_L_Toe22">
                          <matrix>0.5236049 0.8519613 -1.11759e-8 0.03369504 -0.8519615 0.5236049 0 0 -5.96046e-8 1.49012e-8 1 -2.98023e-8 0 0 0 1</matrix>
                        </node>
                      </node>
                    </node>
                  </node>
                </node>
              </node>
            </node>
            <node id="node-Bip001_R_Thigh" name="Bip001_R_Thigh">
              <matrix sid="matrix">-0.7637794 0.327514 0.5562152 -0.113193 0.3475772 0.9347937 -0.07314761 -1.88589e-4 -0.5439034 0.1374591 -0.8278127 -0.06117461 0 0 0 1</matrix>
              <node id="node-Bip001_R_Calf" name="Bip001_R_Calf">
                <matrix sid="matrix">0.070751 0.9974939 0 0.4541688 -0.9974938 0.07075103 -1.02445e-8 -1.49012e-8 -4.84288e-8 5.96046e-8 0.9999999 2.98023e-8 0 0 0 1</matrix>
                <node id="node-Bip001_R_HorseLink" name="Bip001_R_HorseLink">
                  <matrix sid="matrix">0.1141452 -0.9934641 7.45058e-9 0.3208733 0.9934639 0.1141452 0 1.49012e-8 2.98023e-8 2.23517e-8 0.9999999 0 0 0 0 1</matrix>
                  <node id="node-Bip001_R_Foot" name="Bip001_R_Foot">
                    <matrix sid="matrix">0.8693535 0.2156827 0.444641 0.36176 0.007923614 0.8935362 -0.4489211 0 -0.4941273 0.3937944 0.7750897 0 0 0 0 1</matrix>
                    <node id="node-Bip001_R_Toe0" name="Bip001_R_Toe0">
                      <matrix>-0.2454705 -0.969404 2.15602e-7 0.08654235 0.9569946 -0.2423282 -0.1594944 0.1234713 0.1546146 -0.03915095 0.9871989 0.02420598 0 0 0 1</matrix>
                      <node id="node-Bip001_R_Toe01" name="Bip001_R_Toe01">
                        <matrix>0.9623385 0.2718535 5.04659e-8 0.0457661 -0.2718535 0.9623386 2.67534e-9 0 6.42851e-8 -2.73003e-9 1 0 0 0 0 1</matrix>
                        <node id="node-Bip001_R_Toe02" name="Bip001_R_Toe02">
                          <matrix>0.9133545 0.4071654 4.33298e-9 0.03187378 -0.4071654 0.9133544 6.74845e-10 -3.72529e-9 -4.67963e-8 -3.19823e-8 1 0 0 0 0 1</matrix>
                        </node>
                      </node>
                    </node>
                    <node id="node-Bip001_R_Toe1" name="Bip001_R_Toe1">
                      <matrix>-0.2402853 -0.9707024 -7.98629e-7 0.09280638 0.9404515 -0.2327973 0.2477024 0.1308167 -0.2404454 0.05951847 0.9688362 -0.03696454 0 0 0 1</matrix>
                      <node id="node-Bip001_R_Toe11" name="Bip001_R_Toe11">
                        <matrix>0.9830521 0.1833258 -6.3114e-10 0.04370598 -0.1833258 0.9830522 1.33895e-9 1.67638e-8 8.10052e-9 6.22057e-9 0.9999999 0 0 0 0 1</matrix>
                        <node id="node-Bip001_R_Toe12" name="Bip001_R_Toe12">
                          <matrix>0.9040336 0.4274616 -2.18293e-8 0.03796015 -0.4274615 0.9040336 2.17307e-9 1.86265e-9 2.36268e-8 -1.13939e-8 1 0 0 0 0 1</matrix>
                        </node>
                      </node>
                    </node>
                    <node id="node-Bip001_R_Toe2" name="Bip001_R_Toe2">
                      <matrix>0.04881937 -0.8895253 -0.4542703 0.06798327 0.1495187 -0.4431792 0.8838758 0.002803989 -0.9875529 -0.1110722 0.1113649 -0.04295152 0 0 0 1</matrix>
                      <node id="node-Bip001_R_Toe21" name="Bip001_R_Toe21">
                        <matrix>1 1.49012e-8 -7.45058e-9 0.01451749 -3.72529e-9 1 0 7.45058e-9 1.86265e-9 0 1 -1.49012e-8 0 0 0 1</matrix>
                        <node id="node-Bip001_R_Toe22" name="Bip001_R_Toe22">
                          <matrix>0.5236049 0.8519613 -7.45058e-9 0.03369504 -0.8519614 0.5236049 0 -3.72529e-9 -2.98023e-8 2.98023e-8 1 6.51926e-9 0 0 0 1</matrix>
                        </node>
                      </node>
                    </node>
                  </node>
                </node>
              </node>
            </node>
          </node>
        </node>
      </node>
      <node id="node-Bounds" name="Bounds">
        <matrix>1 0 0 0 0 1 0 0.411981 0 0 1 0 0 0 0 1</matrix>
        <instance_geometry url="#geom-Bounds">
          <bind_material>
            <technique_common>
              <instance_material symbol="ColorMaterial" target="#ColorEffectR88G199B225-material"/>
            </technique_common>
          </bind_material>
        </instance_geometry>
      </node>
      <node id="node-EYE" name="EYE">
        <matrix>-0.9993967 0.03472997 -9.04062e-8 4.09043e-8 -0.03472997 -0.9993967 8.43338e-8 0.411981 -8.74228e-8 8.74228e-8 1 1.6 0 0 0 1</matrix>
      </node>
      <node id="node-CAM" name="CAM">
        <matrix>-0.9999996 1.50996e-7 0 0 -1.50996e-7 -0.9999996 1.77636e-15 -0.009719968 0 1.77636e-15 1 1.928079 0 0 0 1</matrix>
      </node>
    </visual_scene>
  </library_visual_scenes>
  <library_animations>
    <animation>
      <source id="node-Bip001_matrix-input">
        <float_array id="node-Bip001_matrix-input-array" count="11">32 32.03333 32.06667 32.1 32.13334 32.16667 32.2 32.23333 32.26667 32.3 32.33333</float_array>
        <technique_common>
          <accessor source="#node-Bip001_matrix-input-array" count="11" stride="1">
            <param name="TIME" type="float"/>
          </accessor>
        </technique_common>
      </source>
      <source id="node-Bip001_matrix-output">
        <float_array id="node-Bip001_matrix-output-array" count="176">0.4908435 -0.8335536 0.2534977 0 0.8299854 0.5358477 0.1548922 0 -0.2649471 0.1343715 0.9548546 0.8529337 0 0 0 1 0.4908435 -0.8335536 0.2534977 0 0.8299854 0.5358477 0.1548922 0 -0.2649471 0.1343715 0.9548546 0.8533326 0 0 0 1 0.4908435 -0.8335536 0.2534978 0 0.8299854 0.5358477 0.1548922 0 -0.2649471 0.1343716 0.9548546 0.8534615 0 0 0 1 0.4908435 -0.8335535 0.2534978 0 0.8299853 0.5358477 0.1548922 0 -0.2649471 0.1343716 0.9548546 0.8533909 0 0 0 1 0.4908435 -0.8335535 0.2534979 0 0.8299853 0.5358478 0.1548922 0 -0.2649472 0.1343716 0.9548546 0.8531889 0 0 0 1 0.4908435 -0.8335535 0.253498 0 0.8299853 0.5358478 0.1548922 0 -0.2649472 0.1343717 0.9548546 0.8529221 0 0 0 1 0.4908435 -0.8335535 0.253498 0 0.8299853 0.5358478 0.1548922 0 -0.2649473 0.1343718 0.9548545 0.8526561 0 0 0 1 0.4908435 -0.8335534 0.2534981 0 0.8299853 0.5358479 0.1548922 0 -0.2649474 0.1343718 0.9548545 0.8524569 0 0 0 1 0.4908437 -0.8335533 0.2534981 0 0.8299852 0.535848 0.1548922 0 -0.2649474 0.1343718 0.9548545 0.8523908 0 0 0 1 0.4908437 -0.8335533 0.2534982 0 0.8299852 0.535848 0.1548922 0 -0.2649474 0.1343718 0.9548545 0.8525262 0 0 0 1 0.4908437 -0.8335533 0.2534982 0 0.8299852 0.535848 0.1548922 0 -0.2649474 0.1343718 0.9548545 0.8529337 0 0 0 1</float_array>
        <technique_common>
          <accessor source="#node-Bip001_matrix-output-array" count="11" stride="16">
            <param name="TRANSFORM" type="float4x4"/>
          </accessor>
        </technique_common>
      </source>
      <source id="node-Bip001_matrix-interpolation">
        <Name_array id="node-Bip001_matrix-interpolation-array" count="11">LINEAR LINEAR LINEAR LINEAR LINEAR LINEAR LINEAR LINEAR LINEAR LINEAR LINEAR</Name_array>
        <technique_common>
          <accessor source="#node-Bip001_matrix-interpolation-array" count="11" stride="1">
            <param name="INTERPOLATION" type="name"/>
          </accessor>
        </technique_common>
      </source>
      <source id="node-Bip001_Neck_matrix-input">
        <float_array id="node-Bip001_Neck_matrix-input-array" count="11">32 32.03333 32.06667 32.1 32.13334 32.16667 32.2 32.23333 32.26667 32.3 32.33333</float_array>
        <technique_common>
          <accessor source="#node-Bip001_Neck_matrix-input-array" count="11" stride="1">
            <param name="TIME" type="float"/>
          </accessor>
        </technique_common>
      </source>
      <source id="node-Bip001_Neck_matrix-output">
        <float_array id="node-Bip001_Neck_matrix-output-array" count="176">0.9595833 0.2767266 -0.05120915 0.258412 -0.2810971 0.9512445 -0.1269578 0.01280367 0.01357984 0.1362214 0.9905853 -5.33462e-6 0 0 0 1 0.9684974 0.2419062 -0.05911123 0.2584133 -0.2475613 0.9609783 -0.1234256 0.01280331 0.02694714 0.1341711 0.9905917 -5.24521e-6 0 0 0 1 0.9842181 0.1584073 -0.07887911 0.2584166 -0.1670044 0.9788674 -0.1180166 0.01280254 0.05851757 0.1293273 0.9898738 -5.03659e-6 0 0 0 1 0.992942 0.05749481 -0.1037335 0.2584205 -0.06960409 0.9906696 -0.1171702 0.01280224 0.09602898 0.1235635 0.9876793 -4.79817e-6 0 0 0 1 0.9917558 -0.02799302 -0.1250473 0.2584238 0.01272016 0.9925337 -0.1213039 0.01280206 0.1275094 0.1187132 0.9847072 -4.64916e-6 0 0 0 1 0.9888968 -0.06419962 -0.1340206 0.2584252 0.0474826 0.9910948 -0.1244033 0.01280206 0.1408138 0.1166583 0.983139 -4.52995e-6 0 0 0 1 0.989952 -0.05268043 -0.1312243 0.2584248 0.03635549 0.9916371 -0.1238312 0.01280224 0.1366503 0.1178162 0.9835883 -4.55976e-6 0 0 0 1 0.9918757 -0.0254662 -0.1246355 0.2584237 0.01004856 0.9923805 -0.1227997 0.01280224 0.1268131 0.1205497 0.9845741 -4.64916e-6 0 0 0 1 0.9931256 0.006895005 -0.1168504 0.2584225 -0.02126163 0.9922833 -0.1221542 0.01280206 0.1151064 0.1237989 0.9856086 -4.82798e-6 0 0 0 1 0.9933061 0.03408443 -0.1103688 0.2584214 -0.04758465 0.991377 -0.1220958 0.01280224 0.1052555 0.1265303 0.9863626 -4.88758e-6 0 0 0 1 0.9931436 0.0455864 -0.1076472 0.258421 -0.05872291 0.9907663 -0.1222033 0.0128023 0.1010825 0.1276867 0.9866501 -4.91738e-6 0 0 0 1</float_array>
        <technique_common>
          <accessor source="#node-Bip001_Neck_matrix-output-array" count="11" stride="16">
            <param name="TRANSFORM" type="float4x4"/>
          </accessor>
        </technique_common>
      </source>
      <source id="node-Bip001_Neck_matrix-interpolation">
        <Name_array id="node-Bip001_Neck_matrix-interpolation-array" count="11">LINEAR LINEAR LINEAR LINEAR LINEAR LINEAR LINEAR LINEAR LINEAR LINEAR LINEAR</Name_array>
        <technique_common>
          <accessor source="#node-Bip001_Neck_matrix-interpolation-array" count="11" stride="1">
            <param name="INTERPOLATION" type="name"/>
          </accessor>
        </technique_common>
      </source>
      <source id="node-Bip001_Neck1_matrix-input">
        <float_array id="node-Bip001_Neck1_matrix-input-array" count="11">32 32.03333 32.06667 32.1 32.13334 32.16667 32.2 32.23333 32.26667 32.3 32.33333</float_array>
        <technique_common>
          <accessor source="#node-Bip001_Neck1_matrix-input-array" count="11" stride="1">
            <param name="TIME" type="float"/>
          </accessor>
        </technique_common>
      </source>
      <source id="node-Bip001_Neck1_matrix-output">
        <float_array id="node-Bip001_Neck1_matrix-output-array" count="176">0.9293274 0.3686694 0.02081376 0.04893422 -0.3650395 0.9257479 -0.09867632 -3.60012e-5 -0.05564731 0.08410477 0.9949018 -3.27826e-6 0 0 0 1 0.9323107 0.3611296 0.01954549 0.04893445 -0.3576073 0.9285867 -0.09921419 -3.60012e-5 -0.05397886 0.08550882 0.9948741 -3.30806e-6 0 0 0 1 0.9410989 0.3377603 0.01584172 0.04893541 -0.3346067 0.9370127 -0.1002265 -3.65973e-5 -0.04869645 0.08902221 0.9948386 -3.45707e-6 0 0 0 1 0.9548202 0.2970219 0.009800314 0.04893714 -0.2945678 0.9502668 -0.1011072 -3.70741e-5 -0.03934401 0.09365242 0.9948273 -3.66569e-6 0 0 0 1 0.9715535 0.2368162 0.001366734 0.0489394 -0.2354546 0.9665544 -0.1016568 -3.76105e-5 -0.02539497 0.09844321 0.9948187 -3.8445e-6 0 0 0 1 0.987937 0.1545503 -0.00973165 0.04894262 -0.1547313 0.9826608 -0.1021558 -3.83854e-5 -0.006225287 0.1024293 0.9947208 -3.99351e-6 0 0 0 1 0.9984314 0.05082392 -0.02348637 0.04894661 -0.05299818 0.9931878 -0.1037754 -3.8743e-5 0.01805216 0.1048573 0.9943234 -4.08292e-6 0 0 0 1 0.9974928 -0.05979448 -0.03785532 0.04895102 0.05538797 0.9925703 -0.1083366 -3.86238e-5 0.044052 0.1059682 0.9933934 -4.11272e-6 0 0 0 1 0.985933 -0.1594151 -0.05022984 0.04895478 0.1528097 0.9814804 -0.115522 -3.8147e-5 0.06771558 0.1062213 0.9920341 -4.14252e-6 0 0 0 1 0.9711577 -0.2311255 -0.05859732 0.0489577 0.2227661 0.9671266 -0.1226439 -3.76701e-5 0.0850172 0.1060531 0.9907193 -4.14252e-6 0 0 0 1 0.9639692 -0.2587666 -0.06167083 0.04895877 0.2496826 0.9601176 -0.1258298 -3.75509e-5 0.09177178 0.105898 0.9901331 -4.11272e-6 0 0 0 1</float_array>
        <technique_common>
          <accessor source="#node-Bip001_Neck1_matrix-output-array" count="11" stride="16">
            <param name="TRANSFORM" type="float4x4"/>
          </accessor>
        </technique_common>
      </source>
      <source id="node-Bip001_Neck1_matrix-interpolation">
        <Name_array id="node-Bip001_Neck1_matrix-interpolation-array" count="11">LINEAR LINEAR LINEAR LINEAR LINEAR LINEAR LINEAR LINEAR LINEAR LINEAR LINEAR</Name_array>
        <technique_common>
          <accessor source="#node-Bip001_Neck1_matrix-interpolation-array" count="11" stride="1">
            <param name="INTERPOLATION" type="name"/>
          </accessor>
        </technique_common>
      </source>
      <source id="node-Bip001_Neck2_matrix-input">
        <float_array id="node-Bip001_Neck2_matrix-input-array" count="11">32 32.03333 32.06667 32.1 32.13334 32.16667 32.2 32.23333 32.26667 32.3 32.33333</float_array>
        <technique_common>
          <accessor source="#node-Bip001_Neck2_matrix-input-array" count="11" stride="1">
            <param name="TIME" type="float"/>
          </accessor>
        </technique_common>
      </source>
      <source id="node-Bip001_Neck2_matrix-output">
        <float_array id="node-Bip001_Neck2_matrix-output-array" count="176">0.8779079 0.4714023 -0.08400946 0.04893016 -0.4756228 0.8787733 -0.03924888 -3.42131e-5 0.0553233 0.07441371 0.9956918 -2.89083e-6 0 0 0 1 0.88212 0.4633268 -0.08480846 0.04893052 -0.4676768 0.8829654 -0.04062861 -3.44813e-5 0.05605858 0.07550233 0.9955687 -2.93553e-6 0 0 0 1 0.8938501 0.4398345 -0.08704948 0.04893147 -0.4445567 0.8946465 -0.04446327 -3.48091e-5 0.05832207 0.07844197 0.9952111 -3.05474e-6 0 0 0 1 0.9113582 0.4015579 -0.09043049 0.0489329 -0.406885 0.9120848 -0.05045962 -3.54052e-5 0.06221777 0.08278161 0.9946236 -3.24845e-6 0 0 0 1 0.9324526 0.3486874 -0.09460008 0.04893505 -0.3548586 0.9330888 -0.05848401 -3.62992e-5 0.06787765 0.08810323 0.9937958 -3.42727e-6 0 0 0 1 0.9545161 0.2811763 -0.09918993 0.04893767 -0.28845 0.955041 -0.06850659 -3.71337e-5 0.07546806 0.094002 0.9927074 -3.63588e-6 0 0 0 1 0.9741176 0.2008606 -0.1036813 0.04894089 -0.209497 0.9744978 -0.08040493 -3.80278e-5 0.08488696 0.1000448 0.9913552 -3.9041e-6 0 0 0 1 0.9872781 0.1174745 -0.1071544 0.04894411 -0.1276104 0.9874342 -0.09321731 -3.86238e-5 0.09485721 0.1057054 0.9898629 -4.11272e-6 0 0 0 1 0.993097 0.0429331 -0.1091565 0.04894697 -0.05449277 0.9929541 -0.1052252 -3.8743e-5 0.1038697 0.110447 0.9884395 -4.32134e-6 0 0 0 1 0.993882 -0.0107851 -0.109919 0.048949 -0.001851618 0.9934535 -0.1142196 -3.88622e-5 0.1104313 0.1137243 0.9873558 -4.44055e-6 0 0 0 1 0.9934253 -0.03151667 -0.1100595 0.04894989 0.01845258 0.9928705 -0.117761 -3.8743e-5 0.1129863 0.1149559 0.9869242 -4.47035e-6 0 0 0 1</float_array>
        <technique_common>
          <accessor source="#node-Bip001_Neck2_matrix-output-array" count="11" stride="16">
            <param name="TRANSFORM" type="float4x4"/>
          </accessor>
        </technique_common>
      </source>
      <source id="node-Bip001_Neck2_matrix-interpolation">
        <Name_array id="node-Bip001_Neck2_matrix-interpolation-array" count="11">LINEAR LINEAR LINEAR LINEAR LINEAR LINEAR LINEAR LINEAR LINEAR LINEAR LINEAR</Name_array>
        <technique_common>
          <accessor source="#node-Bip001_Neck2_matrix-interpolation-array" count="11" stride="1">
            <param name="INTERPOLATION" type="name"/>
          </accessor>
        </technique_common>
      </source>
      <source id="node-Bip001_Head_matrix-input">
        <float_array id="node-Bip001_Head_matrix-input-array" count="11">32 32.03333 32.06667 32.1 32.13334 32.16667 32.2 32.23333 32.26667 32.3 32.33333</float_array>
        <technique_common>
          <accessor source="#node-Bip001_Head_matrix-input-array" count="11" stride="1">
            <param name="TIME" type="float"/>
          </accessor>
        </technique_common>
      </source>
      <source id="node-Bip001_Head_matrix-output">
        <float_array id="node-Bip001_Head_matrix-output-array" count="176">0.9273576 0.3418208 0.1522042 0.04894864 -0.3446234 0.9387034 -0.00840485 0 -0.1457477 -0.04465872 0.9883134 0 0 0 0 1 0.9387722 0.301465 0.1668086 0.04894864 -0.3077846 0.9513698 0.01279908 0 -0.1548381 -0.06335639 0.9859061 0 0 0 0 1 0.9599963 0.2083819 0.1870386 0.04894864 -0.2202285 0.974422 0.04473203 0 -0.1729332 -0.08413374 0.9813336 0 0 0 0 1 0.9755884 0.1150544 0.1870552 0.04894864 -0.1255874 0.9910418 0.04543107 0 -0.1801525 -0.06781375 0.9812985 0 0 0 0 1 0.9822153 0.08513337 0.167348 0.04894864 -0.0884996 0.9959946 0.01274812 0 -0.1655923 -0.02733165 0.9858156 0 0 0 0 1 0.9725249 0.1764708 0.1518332 0.04894864 -0.1770598 0.984152 -0.009739458 0 -0.1511456 -0.01741164 0.9883581 0 0 0 0 1 0.9477294 0.2728195 0.1654637 0.04894864 -0.2752194 0.9613418 -0.008697926 0 -0.1614401 -0.03729546 0.9861776 0 0 0 0 1 0.9481186 0.2595707 0.1835595 0.04894876 -0.2626681 0.9648557 -0.007668316 0 -0.1790989 -0.04094463 0.9829787 0 0 0 0 1 0.9653019 0.1861878 0.1831017 0.04894864 -0.1879699 0.9821442 -0.007730126 -1.19209e-7 -0.1812713 -0.02695554 0.9830636 0 0 0 0 1 0.9810091 0.1024844 0.1646757 0.0489487 -0.1023451 0.994705 -0.009353041 0 -0.1647621 -0.007678151 0.9863036 0 0 0 0 1 0.9865829 0.06199294 0.1510334 0.04894864 -0.06102526 0.998075 -0.0110377 0 -0.1514269 0.001672804 0.9884672 0 0 0 0 1</float_array>
        <technique_common>
          <accessor source="#node-Bip001_Head_matrix-output-array" count="11" stride="16">
            <param name="TRANSFORM" type="float4x4"/>
          </accessor>
        </technique_common>
      </source>
      <source id="node-Bip001_Head_matrix-interpolation">
        <Name_array id="node-Bip001_Head_matrix-interpolation-array" count="11">LINEAR LINEAR LINEAR LINEAR LINEAR LINEAR LINEAR LINEAR LINEAR LINEAR LINEAR</Name_array>
        <technique_common>
          <accessor source="#node-Bip001_Head_matrix-interpolation-array" count="11" stride="1">
            <param name="INTERPOLATION" type="name"/>
          </accessor>
        </technique_common>
      </source>
      <source id="node-Bip001_L_Clavicle_matrix-input">
