<?xml version="1.0" encoding="utf-8"?>
<COLLADA xmlns="http://www.collada.org/2005/11/COLLADASchema" version="1.4.1">
  <asset>
    <contributor>
      <author>MattO</author>
      <authoring_tool>OpenCOLLADA for 3ds Max;  Version: 1.3.0;  Revision: 839M;  Platform: x64;  Configuration: Release_Max2012</authoring_tool>
      <source_data>file:///Z:/Art_Resources/WIP/Art_Pack/Alien_Pack/Kralmok/Mantis_TP_Kralmok_Animation_Master.max</source_data>
    </contributor>
    <created>2011-10-24T17:11:33</created>
    <modified>2011-10-24T17:11:33</modified>
    <unit name="meter" meter="1"/>
    <up_axis>Z_UP</up_axis>
  </asset>
  <library_effects>
    <effect id="ColorEffectR88G199B225">
      <profile_COMMON>
        <technique sid="common">
          <phong>
            <ambient>
              <color>0.345098 0.7803922 0.8823529 1</color>
            </ambient>
            <diffuse>
              <color>0.345098 0.7803922 0.8823529 1</color>
            </diffuse>
            <specular>
              <color>1 1 1 1</color>
            </specular>
            <shininess>
              <float>10</float>
            </shininess>
            <reflective>
              <color>0 0 0 1</color>
            </reflective>
            <transparent>
              <color>1 1 1 1</color>
            </transparent>
            <transparency>
              <float>1</float>
            </transparency>
          </phong>
        </technique>
      </profile_COMMON>
    </effect>
  </library_effects>
  <library_materials>
    <material id="ColorEffectR88G199B225-material" name="ColorEffectR88G199B225-material">
      <instance_effect url="#ColorEffectR88G199B225"/>
    </material>
  </library_materials>
  <library_geometries>
    <geometry id="geom-Bounds" name="Bounds">
      <mesh>
        <source id="geom-Bounds-positions">
          <float_array id="geom-Bounds-positions-array" count="24">-0.5 -0.5 0 0.5 -0.5 0 -0.5 0.5 0 0.5 0.5 0 -0.5 -0.5 2 0.5 -0.5 2 -0.5 0.5 2 0.5 0.5 2</float_array>
          <technique_common>
            <accessor source="#geom-Bounds-positions-array" count="8" stride="3">
              <param name="X" type="float"/>
              <param name="Y" type="float"/>
              <param name="Z" type="float"/>
            </accessor>
          </technique_common>
        </source>
        <source id="geom-Bounds-normals">
          <float_array id="geom-Bounds-normals-array" count="72">0 0 -1 0 0 -1 0 0 -1 0 0 -1 0 0 1 0 0 1 0 0 1 0 0 1 0 -1 0 0 -1 0 0 -1 0 0 -1 0 1 0 0 1 0 0 1 0 0 1 0 0 0 1 0 0 1 0 0 1 0 0 1 0 -1 0 0 -1 0 0 -1 0 0 -1 0 0</float_array>
          <technique_common>
            <accessor source="#geom-Bounds-normals-array" count="24" stride="3">
              <param name="X" type="float"/>
              <param name="Y" type="float"/>
              <param name="Z" type="float"/>
            </accessor>
          </technique_common>
        </source>
        <source id="geom-Bounds-map1">
          <float_array id="geom-Bounds-map1-array" count="36">0 0 0 1 0 0 0 1 0 1 1 0 0 0 0 1 0 0 0 1 0 1 1 0 0 0 0 1 0 0 0 1 0 1 1 0</float_array>
          <technique_common>
            <accessor source="#geom-Bounds-map1-array" count="12" stride="3">
              <param name="S" type="float"/>
              <param name="T" type="float"/>
              <param name="P" type="float"/>
            </accessor>
          </technique_common>
        </source>
        <vertices id="geom-Bounds-vertices">
          <input semantic="POSITION" source="#geom-Bounds-positions"/>
        </vertices>
        <triangles material="ColorMaterial" count="12">
          <input semantic="VERTEX" source="#geom-Bounds-vertices" offset="0"/>
          <input semantic="NORMAL" source="#geom-Bounds-normals" offset="1"/>
          <input semantic="TEXCOORD" source="#geom-Bounds-map1" offset="2" set="0"/>
          <p>0 0 9 2 1 11 3 2 10 3 2 10 1 3 8 0 0 9 4 4 8 5 5 9 7 6 11 7 6 11 6 7 10 4 4 8 0 8 4 1 9 5 5 10 7 5 10 7 4 11 6 0 8 4 1 12 0 3 13 1 7 14 3 7 14 3 5 15 2 1 12 0 3 16 4 2 17 5 6 18 7 6 18 7 7 19 6 3 16 4 2 20 0 0 21 1 4 22 3 4 22 3 6 23 2 2 20 0</p>
        </triangles>
      </mesh>
      <extra>
        <technique profile="OpenCOLLADA3dsMax">
          <max_box>
            <generateuvs>1</generateuvs>
            <height>2</height>
            <heightsegments>1</heightsegments>
            <length>1</length>
            <lengthsegments>1</lengthsegments>
            <width>1</width>
            <widthsegments>1</widthsegments>
          </max_box>
        </technique>
      </extra>
    </geometry>
  </library_geometries>
  <library_lights>
    <light id="EnvironmentAmbientLight" name="EnvironmentAmbientLight">
      <technique_common>
        <ambient>
          <color>0 0 0</color>
        </ambient>
      </technique_common>
    </light>
  </library_lights>
  <library_visual_scenes>
    <visual_scene id="MaxScene">
      <node name="EnvironmentAmbientLight">
        <instance_light url="#EnvironmentAmbientLight"/>
      </node>
      <node id="node-Bip001" name="Bip001">
        <matrix sid="matrix">0.4908457 -0.8335517 0.2534995 0 0.8299834 0.5358505 0.154893 -4.37066e-8 -0.2649492 0.1343718 0.954854 0.6716862 0 0 0 1</matrix>
        <node id="node-Bip001_Pelvis" name="Bip001_Pelvis">
          <matrix sid="matrix">-0.1241325 0.9145278 -0.3850065 0 0.4279402 0.3994093 0.8107646 0 0.895242 -0.06411752 -0.4409429 0 0 0 0 1</matrix>
          <node id="node-Bip001_Spine" name="Bip001_Spine">
            <matrix sid="matrix">0.9764934 -0.07870905 0.2006629 0.0879252 0.004093155 0.9375485 0.3478304 -0.006379649 -0.2155086 -0.3388329 0.9158321 -0.04327336 0 0 0 1</matrix>
            <node id="node-Bip001_Spine1" name="Bip001_Spine1">
              <matrix>0.9235707 -0.3709309 -0.09709479 0.1110483 0.369598 0.9286391 -0.03204069 -8.20905e-5 0.1020509 -0.006294128 0.9947591 5.58794e-7 0 0 0 1</matrix>
              <node id="node-Bip001_Spine2" name="Bip001_Spine2">
                <matrix sid="matrix">0.9781342 -0.135043 -0.1581678 0.1110275 0.1528822 0.9824771 0.1066115 -8.69036e-5 0.1409991 -0.1284614 0.9816398 1.13398e-5 0 0 0 1</matrix>
                <node id="node-Bip001_Spine3" name="Bip001_Spine3">
                  <matrix sid="matrix">0.9451491 -0.2288201 -0.233098 0.1110539 0.2576066 0.960933 0.101227 -1.6129e-4 0.2008288 -0.1557222 0.9671704 2.61366e-5 0 0 0 1</matrix>
                  <node id="node-Bip001_Neck" name="Bip001_Neck">
                    <matrix sid="matrix">0.9888968 -0.06419972 -0.1340207 0.2584252 0.04748264 0.9910951 -0.1244034 0.01280212 0.1408138 0.1166585 0.983139 -4.52995e-6 0 0 0 1</matrix>
                    <node id="node-Bip001_Neck1" name="Bip001_Neck1">
                      <matrix>0.9879369 0.1545505 -0.009731472 0.04894257 -0.1547314 0.9826608 -0.102156 -3.82662e-5 -0.006225541 0.1024294 0.9947208 -3.93391e-6 0 0 0 1</matrix>
                      <node id="node-Bip001_Neck2" name="Bip001_Neck2">
                        <matrix>0.9545164 0.2811764 -0.09919006 0.04893774 -0.2884499 0.9550411 -0.06850678 -3.72529e-5 0.07546806 0.09400228 0.9927076 -3.69549e-6 0 0 0 1</matrix>
                        <node id="node-Bip001_Head" name="Bip001_Head">
                          <matrix sid="matrix">0.8997803 0.2683106 0.3441 0.04894876 -0.1892874 0.9505496 -0.2462235 -2.98023e-8 -0.3931482 0.1564132 0.9060737 -5.96046e-8 0 0 0 1</matrix>
                          <node id="node-Bip001_Ponytail1" name="Bip001_Ponytail1">
                            <matrix>-0.05999061 -0.9981991 -2.76882e-6 0.009580851 0.998199 -0.05999064 -2.93972e-6 0.1139534 2.76789e-6 -2.93879e-6 1 9.31323e-8 0 0 0 1</matrix>
                          </node>
                          <node id="node-ALTEYE" name="ALTEYE">
                            <matrix>-0.00948812 0.5772443 0.8165166 0.1153699 0.002645058 0.816565 -0.5772477 0.2046643 -0.9999517 -0.003317262 -0.00927451 -0.001006845 0 0 0 1</matrix>
                          </node>
                        </node>
                      </node>
                    </node>
                    <node id="node-Bip001_L_Clavicle" name="Bip001_L_Clavicle">
                      <matrix sid="matrix">0.3867268 0.04316635 0.9211835 -0.04311717 0.6360109 -0.7358135 -0.232527 0.007411957 0.6677818 0.6758071 -0.3120131 0.0278405 0 0 0 1</matrix>
                      <node id="node-Bip001_L_UpperArm" name="Bip001_L_UpperArm">
                        <matrix sid="matrix">0.9715279 0.07948291 -0.2231943 0.07966626 0.1877243 0.3164839 0.9298374 2.98023e-8 0.1445435 -0.9452622 0.2925521 0 0 0 0 1</matrix>
                        <node id="node-Bip001_L_Forearm" name="Bip001_L_Forearm">
                          <matrix sid="matrix">0.06942523 0.9975873 -2.98023e-8 0.4297335 -0.9975871 0.06942526 0 -5.96046e-8 0 -5.96046e-8 1 0 0 0 0 1</matrix>
                          <node id="node-Bip001_L_Hand" name="Bip001_L_Hand">
                            <matrix sid="matrix">0.9575986 -0.210326 -0.1968951 0.3774395 0.2491589 0.2614434 0.932506 8.9407e-8 -0.1446533 -0.9420246 0.3027625 -5.96046e-8 0 0 0 1</matrix>
                            <node id="node-Bip001_L_Finger0" name="Bip001_L_Finger0">
                              <matrix>0.7373679 0.3989064 0.5451257 0.03908241 0.5702345 0.06501234 -0.8189055 0.0173853 -0.3621065 0.914684 -0.1795323 -0.0404993 0 0 0 1</matrix>
                              <node id="node-Bip001_L_Finger01" name="Bip001_L_Finger01">
                                <matrix>0.5320406 -0.846719 7.45058e-9 0.1027658 0.846719 0.5320405 0 1.19209e-7 0 -1.49012e-8 1 1.19209e-7 0 0 0 1</matrix>
                                <node id="node-Bip001_L_Finger02" name="Bip001_L_Finger02">
                                  <matrix>0.7835937 -0.6212736 -2.98023e-8 0.05252481 0.6212736 0.7835938 -1.49012e-8 0 0 0 1 0 0 0 0 1</matrix>
                                </node>
                              </node>
                            </node>
                            <node id="node-Bip001_L_Finger1" name="Bip001_L_Finger1">
                              <matrix>0.6375436 -0.7703909 0.005983971 0.1458857 0.7704015 0.6375586 7.96348e-4 -1.53184e-5 -0.00442861 0.004102319 0.9999818 -0.01919666 0 0 0 1</matrix>
                              <node id="node-Bip001_L_Finger11" name="Bip001_L_Finger11">
                                <matrix>-0.3951852 -0.9186018 4.47035e-8 0.08578125 0.9186016 -0.3951852 2.98023e-8 0 1.49012e-8 5.96046e-8 1 -2.98023e-8 0 0 0 1</matrix>
                                <node id="node-Bip001_L_Finger12" name="Bip001_L_Finger12">
                                  <matrix>0.9649358 -0.2624863 0 0.05549777 0.2624863 0.9649358 -2.98023e-8 2.98023e-8 1.49012e-8 2.98023e-8 1 -2.98023e-8 0 0 0 1</matrix>
                                </node>
                              </node>
                            </node>
                            <node id="node-Bip001_L_Finger2" name="Bip001_L_Finger2">
                              <matrix>0.5018925 -0.855015 -0.1305896 0.1437579 0.8647377 0.492844 0.0966109 0.003213406 -0.01824334 -0.1614139 0.9867182 0.02870396 0 0 0 1</matrix>
                              <node id="node-Bip001_L_Finger21" name="Bip001_L_Finger21">
                                <matrix>0.05968916 -0.9982171 -2.98023e-8 0.07148439 0.9982171 0.05968916 2.98023e-8 1.19209e-7 2.98023e-8 5.96046e-8 1 2.98023e-8 0 0 0 1</matrix>
                                <node id="node-Bip001_L_Finger22" name="Bip001_L_Finger22">
                                  <matrix>0.8033119 -0.5955586 -2.98023e-8 0.05113876 0.5955587 0.8033118 -5.96046e-8 0 -2.23517e-8 -2.98023e-8 1 2.98023e-8 0 0 0 1</matrix>
                                </node>
                              </node>
                            </node>
                          </node>
                        </node>
                        <node id="node-Bip001_L_ForeTwist" name="Bip001_L_ForeTwist">
                          <matrix sid="matrix">0.06942523 0.99213 -0.1042034 0.4297335 -0.9975871 0.06904547 -0.007251829 -5.96046e-8 0 0.1044553 0.9945295 0 0 0 0 1</matrix>
                          <node id="node-Bip001_L_ForeTwist1" name="Bip001_L_ForeTwist1">
                            <matrix sid="matrix">1 0 0 0.1887197 2.98023e-8 0.9945296 -0.1044555 0 -2.98023e-8 0.1044555 0.9945297 -5.96046e-8 0 0 0 1</matrix>
                          </node>
                        </node>
                      </node>
                      <node id="node-Bip001_LUpArmTwist" name="Bip001_LUpArmTwist">
                        <matrix sid="matrix">0.9715279 0.07948291 -0.2231943 0.07966626 0.1877243 0.3164839 0.9298374 2.98023e-8 0.1445435 -0.9452622 0.2925521 0 0 0 0 1</matrix>
                        <node id="node-Bip001_LUpArmTwist1" name="Bip001_LUpArmTwist1">
                          <matrix>1 2.98023e-8 -2.98023e-8 0.2148668 2.98023e-8 1 0 0 -2.98023e-8 0 1 0 0 0 0 1</matrix>
                        </node>
                      </node>
                    </node>
                    <node id="node-Bip001_R_Clavicle" name="Bip001_R_Clavicle">
                      <matrix sid="matrix">-0.4125289 -0.1381768 -0.9004039 -0.04935795 0.651703 -0.7353822 -0.1857317 0.002241969 -0.6364771 -0.6634156 0.3934166 -0.01573145 0 0 0 1</matrix>
                      <node id="node-Bip001_R_UpperArm" name="Bip001_R_UpperArm">
                        <matrix sid="matrix">0.6987149 0.2877395 -0.6549834 0.07966623 -0.7116753 0.3728695 -0.5953875 1.78814e-7 0.07290688 0.8821418 0.4653066 0 0 0 0 1</matrix>
                        <node id="node-Bip001_R_Forearm" name="Bip001_R_Forearm">
                          <matrix sid="matrix">-0.6246057 0.7809405 -2.98023e-8 0.4297335 -0.7809404 -0.6246056 2.32831e-9 -5.96046e-8 0 0 1 0 0 0 0 1</matrix>
                          <node id="node-Bip001_R_Hand" name="Bip001_R_Hand">
                            <matrix sid="matrix">0.7552402 0.323061 0.5703015 0.3774393 0.6547566 -0.331898 -0.679071 0 -0.03009943 0.8862704 -0.462189 0 0 0 0 1</matrix>
                            <node id="node-Bip001_R_Finger0" name="Bip001_R_Finger0">
                              <matrix>0.6486482 0.5772246 -0.4960517 0.03908235 0.6676159 -0.1185831 0.7350015 0.01738538 0.3654376 -0.8079293 -0.462283 0.04049939 0 0 0 1</matrix>
                              <node id="node-Bip001_R_Finger01" name="Bip001_R_Finger01">
                                <matrix>0.6155393 -0.7881062 2.98023e-8 0.1027656 0.788106 0.6155393 0 1.49012e-7 8.9407e-8 -8.9407e-8 1 5.96046e-8 0 0 0 1</matrix>
                                <node id="node-Bip001_R_Finger02" name="Bip001_R_Finger02">
                                  <matrix>0.1523352 -0.988329 -1.49012e-8 0.05252486 0.9883291 0.1523351 2.98023e-8 -1.78814e-7 8.9407e-8 0 1 0 0 0 0 1</matrix>
                                </node>
                              </node>
                            </node>
                            <node id="node-Bip001_R_Finger1" name="Bip001_R_Finger1">
                              <matrix>0.7109716 -0.6323432 -0.3076713 0.1458857 0.6327783 0.7661361 -0.1123713 -1.52737e-5 0.3067753 -0.1147949 0.944834 0.01919669 0 0 0 1</matrix>
                              <node id="node-Bip001_R_Finger11" name="Bip001_R_Finger11">
                                <matrix>-0.6406224 -0.7678561 2.98023e-8 0.08578134 0.7678561 -0.6406225 0 0 5.96046e-8 1.49012e-8 0.9999999 0 0 0 0 1</matrix>
                                <node id="node-Bip001_R_Finger12" name="Bip001_R_Finger12">
                                  <matrix>0.8432422 -0.5375336 -2.98023e-8 0.05549777 0.5375335 0.8432422 -1.49012e-8 -7.45058e-9 0 1.67638e-8 0.9999999 5.96046e-8 0 0 0 1</matrix>
                                </node>
                              </node>
                            </node>
                            <node id="node-Bip001_R_Finger2" name="Bip001_R_Finger2">
                              <matrix>0.2634971 -0.9557804 0.1305896 0.1437579 0.9628298 0.2522404 -0.09661079 0.003213376 0.0593987 0.1511922 0.9867182 -0.02870393 0 0 0 1</matrix>
                              <node id="node-Bip001_R_Finger21" name="Bip001_R_Finger21">
                                <matrix>-0.0354447 -0.9993716 1.11759e-8 0.0714844 0.9993716 -0.03544478 -1.49012e-8 0 -1.49012e-8 -1.11759e-8 1 0 0 0 0 1</matrix>
                                <node id="node-Bip001_R_Finger22" name="Bip001_R_Finger22">
                                  <matrix>0.7483486 -0.6633059 2.98023e-8 0.05113888 0.6633059 0.7483486 0 -1.49012e-8 -7.45058e-9 0 1 1.19209e-7 0 0 0 1</matrix>
                                </node>
                              </node>
                            </node>
                            <node id="node-mount0" name="mount0">
                              <matrix>-4.20187e-8 1 5.07571e-7 0.1088288 -1 -3.16875e-7 -1.47149e-7 0.03070411 1.82539e-7 -4.13507e-7 0.9999999 0.01333499 0 0 0 1</matrix>
                            </node>
                          </node>
                        </node>
                        <node id="node-Bip001_R_ForeTwist" name="Bip001_R_ForeTwist">
                          <matrix sid="matrix">-0.6246057 0.7654976 -0.1545366 0.4297335 -0.7809404 -0.6122541 0.1236002 -5.96046e-8 0 0.1978853 0.9802253 0 0 0 0 1</matrix>
                          <node id="node-Bip001_R_ForeTwist1" name="Bip001_R_ForeTwist1">
                            <matrix sid="matrix">1 -2.98023e-8 2.23517e-8 0.1887196 0 0.9802252 -0.1978853 2.98023e-8 -2.98023e-8 0.1978853 0.9802251 0 0 0 0 1</matrix>
                          </node>
                        </node>
                      </node>
                      <node id="node-Bip001_RUpArmTwist" name="Bip001_RUpArmTwist">
                        <matrix sid="matrix">0.6987149 0.2877395 -0.6549834 0.07966623 -0.7116753 0.3728695 -0.5953875 1.78814e-7 0.07290688 0.8821418 0.4653066 0 0 0 0 1</matrix>
                        <node id="node-Bip001_RUpArmTwist1" name="Bip001_RUpArmTwist1">
                          <matrix>1 -9.31323e-10 -2.98023e-8 0.2148667 -9.31323e-10 1 2.32831e-9 -2.98023e-8 0 1.39698e-9 1 -5.96046e-8 0 0 0 1</matrix>
                        </node>
                      </node>
                    </node>
                  </node>
                </node>
              </node>
            </node>
            <node id="node-Bip001_L_Thigh" name="Bip001_L_Thigh">
              <matrix sid="matrix">-0.6719462 0.4317959 -0.601698 -0.1108209 0.00473921 0.8149372 0.5795299 -0.02638626 0.7405849 0.3865614 -0.5496402 0.09076758 0 0 0 1</matrix>
              <node id="node-Bip001_L_Calf" name="Bip001_L_Calf">
                <matrix sid="matrix">-0.4010971 0.9160355 2.98023e-8 0.4541689 -0.9160355 -0.4010971 0 0 2.23517e-8 -1.78814e-7 1 2.98023e-8 0 0 0 1</matrix>
                <node id="node-Bip001_L_HorseLink" name="Bip001_L_HorseLink">
                  <matrix sid="matrix">-0.2814523 -0.9595752 7.45058e-9 0.3208733 0.9595752 -0.2814522 -2.98023e-8 -5.96046e-8 -2.98023e-8 -4.47035e-8 1 -2.98023e-8 0 0 0 1</matrix>
                  <node id="node-Bip001_L_Foot" name="Bip001_L_Foot">
                    <matrix sid="matrix">0.7233738 0.1918822 -0.6632584 0.3617601 -0.09340148 0.9789729 0.1813523 2.98023e-8 0.6841102 -0.06923612 0.7260852 -2.98023e-8 0 0 0 1</matrix>
                    <node id="node-Bip001_L_Toe0" name="Bip001_L_Toe0">
                      <matrix sid="matrix">-0.2454681 -0.9694047 5.40167e-8 0.08654235 0.9569955 -0.2423259 0.1594925 0.1234713 -0.1546127 0.03915033 0.9871991 -0.02420592 0 0 0 1</matrix>
                      <node id="node-Bip001_L_Toe01" name="Bip001_L_Toe01">
                        <matrix sid="matrix">0.9623387 0.2718536 3.3062e-8 0.04576604 -0.2718536 0.9623386 7.45058e-9 5.58794e-9 -7.21775e-9 7.45058e-9 1 1.19209e-7 0 0 0 1</matrix>
                        <node id="node-Bip001_L_Toe02" name="Bip001_L_Toe02">
                          <matrix sid="matrix">0.9133544 0.4071654 2.07801e-8 0.03187378 -0.4071654 0.9133543 0 3.72529e-9 -5.58794e-9 -1.30385e-8 1 -1.19209e-7 0 0 0 1</matrix>
                        </node>
                      </node>
                    </node>
                    <node id="node-Bip001_L_Toe1" name="Bip001_L_Toe1">
                      <matrix sid="matrix">-0.2402829 -0.9707028 1.08033e-7 0.09280638 0.9404519 -0.2327948 -0.2477028 0.1308167 0.2404459 -0.05951865 0.968836 0.03696454 0 0 0 1</matrix>
                      <node id="node-Bip001_L_Toe11" name="Bip001_L_Toe11">
                        <matrix sid="matrix">0.9830523 0.1833259 4.65661e-10 0.04370602 -0.1833259 0.9830523 -1.86265e-9 0 0 3.72529e-9 1 0 0 0 0 1</matrix>
                        <node id="node-Bip001_L_Toe12" name="Bip001_L_Toe12">
                          <matrix sid="matrix">0.9040336 0.4274615 0 0.03796013 -0.4274614 0.9040335 0 0 9.31323e-10 -1.86265e-9 1 -5.96046e-8 0 0 0 1</matrix>
                        </node>
                      </node>
                    </node>
                    <node id="node-Bip001_L_Toe2" name="Bip001_L_Toe2">
                      <matrix>0.04881953 -0.8895264 0.4542679 0.06798328 0.1495167 -0.4431772 -0.8838771 0.002803996 0.9875533 0.1110711 0.1113633 0.04295146 0 0 0 1</matrix>
                      <node id="node-Bip001_L_Toe21" name="Bip001_L_Toe21">
                        <matrix>0.9999999 1.86265e-8 1.21072e-8 0.01451743 1.30385e-8 0.9999999 0 -9.31323e-9 8.3819e-9 0 0.9999999 -1.58325e-8 0 0 0 1</matrix>
                        <node id="node-Bip001_L_Toe22" name="Bip001_L_Toe22">
                          <matrix>0.5236048 0.8519613 1.21072e-8 0.03369504 -0.8519611 0.5236048 0 3.72529e-9 -2.98023e-8 2.98023e-8 0.9999999 1.67638e-8 0 0 0 1</matrix>
                        </node>
                      </node>
                    </node>
                  </node>
                </node>
              </node>
            </node>
            <node id="node-Bip001_R_Thigh" name="Bip001_R_Thigh">
              <matrix sid="matrix">-0.3864376 0.9158156 0.1093053 -0.07949519 0.8769846 0.3281581 0.351013 0.02286482 0.2855938 0.2315037 -0.9299688 -0.04235397 0 0 0 1</matrix>
              <node id="node-Bip001_R_Calf" name="Bip001_R_Calf">
                <matrix sid="matrix">-0.7983759 0.6021594 -1.49012e-8 0.454169 -0.6021595 -0.7983757 0 0 -5.82077e-10 1.49012e-8 1 -1.49012e-8 0 0 0 1</matrix>
                <node id="node-Bip001_R_HorseLink" name="Bip001_R_HorseLink">
                  <matrix sid="matrix">-0.4578512 -0.8890288 7.79983e-9 0.3208732 0.8890288 -0.4578513 0 -2.98023e-8 -3.72529e-8 -3.72529e-9 1 1.49012e-8 0 0 0 1</matrix>
                  <node id="node-Bip001_R_Foot" name="Bip001_R_Foot">
                    <matrix sid="matrix">0.9373057 0.3465417 0.03697206 0.3617601 -0.3466227 0.9379942 -0.004398532 1.49012e-8 -0.0362038 -0.008692602 0.9993066 0 0 0 0 1</matrix>
                    <node id="node-Bip001_R_Toe0" name="Bip001_R_Toe0">
                      <matrix sid="matrix">0.3233287 -0.9414724 -0.09533235 0.08654235 0.9047873 0.3370835 -0.2602589 0.1234713 0.2771616 -0.002106324 0.960821 0.02420598 0 0 0 1</matrix>
                      <node id="node-Bip001_R_Toe01" name="Bip001_R_Toe01">
                        <matrix sid="matrix">0.9980366 -0.06263433 -2.23517e-8 0.04576609 0.06263435 0.9980366 -1.49012e-8 0 -1.86265e-8 1.49012e-8 1 -2.98023e-8 0 0 0 1</matrix>
                        <node id="node-Bip001_R_Toe02" name="Bip001_R_Toe02">
                          <matrix sid="matrix">0.9966926 0.08126475 -1.67638e-8 0.03187373 -0.08126479 0.9966926 0 7.45058e-9 2.04891e-8 1.49012e-8 1 7.45058e-9 0 0 0 1</matrix>
                        </node>
                      </node>
                    </node>
                    <node id="node-Bip001_R_Toe1" name="Bip001_R_Toe1">
                      <matrix sid="matrix">0.2232206 -0.9743427 0.02878678 0.09280638 0.958562 0.2247764 0.1750269 0.1308167 -0.1770068 -0.01147573 0.9841428 -0.03696452 0 0 0 1</matrix>
                      <node id="node-Bip001_R_Toe11" name="Bip001_R_Toe11">
                        <matrix sid="matrix">0.9882229 -0.1530217 3.72529e-9 0.043706 0.1530218 0.9882228 -3.72529e-9 -3.72529e-9 -1.234e-8 7.45058e-9 1 2.98023e-8 0 0 0 1</matrix>
                        <node id="node-Bip001_R_Toe12" name="Bip001_R_Toe12">
                          <matrix sid="matrix">0.9946293 0.1035033 2.79397e-9 0.03796014 -0.1035033 0.9946292 -3.72529e-9 2.79397e-9 8.84756e-9 0 1 -2.98023e-8 0 0 0 1</matrix>
                        </node>
                      </node>
                    </node>
                    <node id="node-Bip001_R_Toe2" name="Bip001_R_Toe2">
                      <matrix sid="matrix">0.08836064 -0.499636 -0.8617171 0.06798327 0.009419015 -0.864643 0.5022984 0.002804011 -0.9960441 -0.05249991 -0.07169436 -0.04295146 0 0 0 1</matrix>
                      <node id="node-Bip001_R_Toe21" name="Bip001_R_Toe21">
                        <matrix sid="matrix">0.9999999 -3.72529e-9 -1.49012e-8 0.01451743 1.11759e-8 0.9999999 -5.96046e-8 -1.49012e-8 0 -2.98023e-8 0.9999999 7.45058e-9 0 0 0 1</matrix>
                        <node id="node-Bip001_R_Toe22" name="Bip001_R_Toe22">
                          <matrix sid="matrix">0.6635916 0.748095 -1.49012e-8 0.03369504 -0.748095 0.6635916 -5.96046e-8 0 0 0 0.9999999 -7.45058e-9 0 0 0 1</matrix>
                        </node>
                      </node>
                    </node>
                  </node>
                </node>
              </node>
            </node>
          </node>
        </node>
      </node>
      <node id="node-Bounds" name="Bounds">
        <matrix sid="matrix">1 0 0 0 0 1 0 0.411981 0 0 1 0 0 0 0 1</matrix>
        <instance_geometry url="#geom-Bounds">
          <bind_material>
            <technique_common>
              <instance_material symbol="ColorMaterial" target="#ColorEffectR88G199B225-material"/>
            </technique_common>
          </bind_material>
        </instance_geometry>
      </node>
      <node id="node-EYE" name="EYE">
        <matrix sid="matrix">-1 -7.64274e-15 -8.74228e-8 4.09043e-8 0 -1 8.74228e-8 0.411981 -8.74228e-8 8.74228e-8 1 1.111179 0 0 0 1</matrix>
      </node>
      <node id="node-CAM" name="CAM">
        <matrix sid="matrix">-0.9999996 1.50996e-7 0 0 -1.50996e-7 -0.9999996 1.77636e-15 -0.009719968 0 1.77636e-15 1 1.474 0 0 0 1</matrix>
      </node>
    </visual_scene>
  </library_visual_scenes>
  <library_animations>
    <animation>
      <source id="node-Bip001_matrix-input">
        <float_array id="node-Bip001_matrix-input-array" count="30">24.66667 24.7 24.73333 24.76667 24.8 24.83333 24.86667 24.9 24.93333 24.96667 25 25.03333 25.06667 25.1 25.13333 25.16667 25.2 25.23333 25.26667 25.3 25.33333 25.36667 25.4 25.43333 25.46667 25.5 25.53333 25.56667 25.6 25.63333</float_array>
        <technique_common>
          <accessor source="#node-Bip001_matrix-input-array" count="30" stride="1">
            <param name="TIME" type="float"/>
          </accessor>
        </technique_common>
      </source>
      <source id="node-Bip001_matrix-output">
        <float_array id="node-Bip001_matrix-output-array" count="480">0.4908457 -0.8335517 0.2534995 0 0.8299834 0.5358505 0.1548929 0 -0.2649492 0.1343718 0.954854 0.6716862 0 0 0 1 0.4904483 -0.8333494 0.2549299 -0.03259325 0.8299833 0.5358505 0.154893 0 -0.2656843 0.1356206 0.9544731 0.6762432 0 0 0 1 0.4893713 -0.8327949 0.2587828 -0.06518477 0.8299833 0.5358507 0.154893 0 -0.267663 0.1389852 0.9534357 0.6813437 0 0 0 1 0.487779 -0.8319578 0.2644202 -0.09777486 0.8299832 0.5358508 0.1548931 -1.83279e-7 -0.2705543 0.1439107 0.9518876 0.686742 0 0 0 1 0.4858301 -0.8309062 0.2712267 -0.1303638 0.8299831 0.535851 0.1548931 -2.76456e-7 -0.2740387 0.1498618 0.9499706 0.6921987 0 0 0 1 0.4836851 -0.829716 0.2786035 -0.162952 0.8299829 0.5358511 0.1548932 -3.83796e-7 -0.2778074 0.1563166 0.9478334 0.6974782 0 0 0 1 0.4815111 -0.8284757 0.2859635 -0.1955397 0.8299828 0.5358513 0.1548932 -4.99999e-7 -0.2815592 0.1627619 0.9456389 0.7023457 0 0 0 1 0.4794838 -0.8272893 0.2927247 -0.2281271 0.8299826 0.5358516 0.1548933 -6.19808e-7 -0.2849985 0.1686875 0.9435679 0.7065647 0 0 0 1 0.4777892 -0.8262765 0.2983032 -0.2607147 0.8299825 0.5358519 0.1548933 -7.37944e-7 -0.2878311 0.17358 0.9418191 0.7098935 0 0 0 1 0.476623 -0.8255685 0.3021046 -0.2933026 0.8299822 0.5358521 0.1548934 -8.49045e-7 -0.2897585 0.1769157 0.9406067 0.712083 0 0 0 1 0.4761885 -0.8253024 0.3035137 -0.3258913 0.8299821 0.5358524 0.1548935 -9.47599e-7 -0.2904725 0.1781523 0.9401529 0.712873 0 0 0 1 0.4767273 -0.8256318 0.3017671 -0.3590136 0.829982 0.5358525 0.1548936 -1.03947e-6 -0.2895877 0.1766192 0.940715 0.7114233 0 0 0 1 0.4781865 -0.8265147 0.2970036 -0.3921358 0.8299819 0.5358527 0.1548936 -1.13133e-6 -0.287172 0.1724396 0.9422297 0.7074741 0 0 0 1 0.4803318 -0.8277876 0.2899124 -0.4252581 0.8299819 0.5358528 0.1548936 -1.2232e-6 -0.2835694 0.1662216 0.9444357 0.7016063 0 0 0 1 0.482936 -0.8292905 0.2811586 -0.4583803 0.8299816 0.5358529 0.1548936 -1.31507e-6 -0.2791115 0.1585527 0.9470785 0.6943818 0 0 0 1 0.4857831 -0.8308783 0.2713967 -0.4915027 0.8299816 0.5358531 0.1548937 -1.40694e-6 -0.2741266 0.1500095 0.949922 0.6863484 0 0 0 1 0.4886713 -0.8324267 0.261278 -0.5246252 0.8299815 0.5358532 0.1548938 -1.49881e-6 -0.2689444 0.1411638 0.9527548 0.6780462 0 0 0 1 0.4914134 -0.8338354 0.2514587 -0.5577479 0.8299815 0.5358532 0.1548938 -1.59068e-6 -0.2639008 0.1325891 0.9553934 0.6700128 0 0 0 1 0.493835 -0.8350268 0.2426051 -0.5908707 0.8299813 0.5358534 0.1548937 -1.68255e-6 -0.2593412 0.1248657 0.9576799 0.6627882 0 0 0 1 0.4957705 -0.8359419 0.2353991 -0.6239939 0.8299815 0.5358533 0.1548938 -1.77442e-6 -0.2556216 0.1185851 0.9594765 0.6569204 0 0 0 1 0.4970575 -0.8365311 0.2305418 -0.6571174 0.8299814 0.5358533 0.1548938 -1.86629e-6 -0.2531101 0.1143543 0.9606552 0.6529713 0 0 0 1 0.4975267 -0.836742 0.2287577 -0.6902349 0.8299814 0.5358534 0.1548938 -1.95814e-6 -0.2521868 0.1128008 0.9610816 0.651522 0 0 0 1 0.4973 -0.8366405 0.2296202 -0.724491 0.8299815 0.5358533 0.1548938 -2.06306e-6 -0.2526332 0.1135518 0.9608759 0.6522228 0 0 0 1 0.4966953 -0.8363671 0.2319136 -0.7585073 0.8299815 0.5358532 0.1548938 -2.18198e-6 -0.2538197 0.115549 0.960325 0.6540868 0 0 0 1 0.4958202 -0.8359651 0.235212 -0.7924062 0.8299816 0.535853 0.1548936 -2.30774e-6 -0.2555248 0.1184222 0.9595224 0.6567696 0 0 0 1 0.4947786 -0.8354778 0.2391049 -0.8263068 0.8299819 0.5358528 0.1548936 -2.4334e-6 -0.2575352 0.1218146 0.9585598 0.6599388 0 0 0 1 0.4936753 -0.8349506 0.2431916 -0.8603267 0.829982 0.5358526 0.1548936 -2.55209e-6 -0.2596433 0.1253775 0.9575311 0.6632693 0 0 0 1 0.4926172 -0.8344349 0.2470762 -0.8945835 0.8299821 0.5358524 0.1548935 -2.65692e-6 -0.2616449 0.1287657 0.9565361 0.6664384 0 0 0 1 0.491715 -0.8339877 0.2503615 -0.9291971 0.8299823 0.5358521 0.1548934 -2.74093e-6 -0.263336 0.1316321 0.9556815 0.6691212 0 0 0 1 0.4910846 -0.8336712 0.2526425 -0.9642906 0.8299824 0.5358519 0.1548933 -2.7969e-6 -0.2645091 0.133623 0.9550811 0.6709852 0 0 0 1</float_array>
        <technique_common>
          <accessor source="#node-Bip001_matrix-output-array" count="30" stride="16">
            <param name="TRANSFORM" type="float4x4"/>
          </accessor>
        </technique_common>
      </source>
      <source id="node-Bip001_matrix-interpolation">
        <Name_array id="node-Bip001_matrix-interpolation-array" count="30">LINEAR LINEAR LINEAR LINEAR LINEAR LINEAR LINEAR LINEAR LINEAR LINEAR LINEAR LINEAR LINEAR LINEAR LINEAR LINEAR LINEAR LINEAR LINEAR LINEAR LINEAR LINEAR LINEAR LINEAR LINEAR LINEAR LINEAR LINEAR LINEAR LINEAR</Name_array>
        <technique_common>
          <accessor source="#node-Bip001_matrix-interpolation-array" count="30" stride="1">
            <param name="INTERPOLATION" type="name"/>
          </accessor>
        </technique_common>
      </source>
      <source id="node-Bip001_Pelvis_matrix-input">
        <float_array id="node-Bip001_Pelvis_matrix-input-array" count="30">24.66667 24.7 24.73333 24.76667 24.8 24.83333 24.86667 24.9 24.93333 24.96667 25 25.03333 25.06667 25.1 25.13333 25.16667 25.2 25.23333 25.26667 25.3 25.33333 25.36667 25.4 25.43333 25.46667 25.5 25.53333 25.56667 25.6 25.63333</float_array>
        <technique_common>
          <accessor source="#node-Bip001_Pelvis_matrix-input-array" count="30" stride="1">
            <param name="TIME" type="float"/>
          </accessor>
        </technique_common>
      </source>
      <source id="node-Bip001_Pelvis_matrix-output">
        <float_array id="node-Bip001_Pelvis_matrix-output-array" count="480">-0.1241324 0.9145278 -0.3850064 0 0.4279402 0.3994093 0.8107646 0 0.895242 -0.06411749 -0.4409429 0 0 0 0 1 -0.1193722 0.9134177 -0.3891254 0 0.4191865 0.40165 0.8142237 0 0.9000184 -0.06592035 -0.4308382 0 0 0 0 1 -0.1060463 0.9102861 -0.4001669 0 0.3949162 0.4078922 0.8232043 0 0.9125764 -0.07073456 -0.4027421 0 0 0 0 1 -0.08544117 0.9053798 -0.4159174 0 0.3580236 0.4174609 0.8351919 0 0.9297952 -0.07754844 -0.3598157 0 0 0 0 1 -0.05887091 0.8989493 -0.4340787 0 0.3114836 0.429665 0.8475647 0 0.9484261 -0.08531147 -0.3053028 0 0 0 0 1 -0.02788197 0.8913168 -0.4525228 0 0.2585197 0.4437271 0.858064 0 0.9656034 -0.09306156 -0.242795 0 0 0 0 1 0.005657017 0.8829122 -0.4695041 0 0.2026298 0.4587594 0.8651479 0 0.9792391 -0.1000297 -0.1763091 0 0 0 0 1 0.03955787 0.8742786 -0.4838101 0 0.1475107 0.4737743 0.8682042 0 0.988269 -0.1057115 -0.1102239 0 0 0 0 1 0.07140338 0.8660513 -0.4948301 0 0.09689593 0.4877275 0.8676019 0 0.9927299 -0.1098968 -0.04909139 0 0 0 0 1 0.0986576 0.8589255 -0.5025078 0 0.05442124 0.4995587 0.8645692 0 0.9936324 -0.1126434 0.002541422 0 0 0 0 1 0.1187753 0.853617 -0.507179 0 0.02354723 0.5082295 0.8608998 0 0.9926419 -0.1141963 0.04026466 0 0 0 0 1 0.1292728 0.8508312 -0.5092884 0 0.007594704 0.5127333 0.8585143 0 0.99158 -0.1148504 0.05982059 0 0 0 0 1 0.1266496 0.8515284 -0.5087822 0 0.01157087 0.5116093 0.8591403 0 0.9918801 -0.1146969 0.05494213 0 0 0 0 1 0.1113486 0.8555812 -0.5055514 0 0.03489816 0.5050346 0.8623933 0 0.9931685 -0.1136691 0.02637666 0 0 0 0 1 0.08697539 0.8619892 -0.4994099 0 0.07253468 0.4944995 0.8661462 0 0.9935663 -0.1115579 -0.01951485 0 0 0 0 1 0.05720263 0.8697335 -0.4901954 0 0.1193318 0.4815229 0.8682716 0 0.9912053 -0.1081634 -0.0762425 0 0 0 0 1 0.02565813 0.8778345 -0.4782764 0 0.1699504 0.4676389 0.8674277 0 0.9851186 -0.1035399 -0.1371895 0 0 0 0 1 -0.004223346 0.8854028 -0.4648053 0 0.2189484 0.4543501 0.8634973 0 0.9757273 -0.09812146 -0.1957764 0 0 0 0 1 -0.02932524 0.8916752 -0.4517248 0 0.2609569 0.4430762 0.8576625 0 0.9649049 -0.09272944 -0.2456821 0 0 0 0 1 -0.04686832 0.8960092 -0.441555 0 0.2908096 0.4351326 0.8521088 0 0.9556324 -0.08847153 -0.2809621 0 0 0 0 1 -0.05933398 0.8990624 -0.4337818 0 0.3122852 0.4294537 0.8473769 0 0.9481337 -0.08518528 -0.306245 0 0 0 0 1 -0.07088768 0.9018713 -0.4261493 0 0.3323951 0.4241636 0.8423768 0 0.9404726 -0.0819357 -0.3298456 0 0 0 0 1 -0.08146184 0.904424 -0.4187856 0 0.3509821 0.4192981 0.8372579 0 0.9328321 -0.0787816 -0.3515934 0 0 0 0 1 -0.09099686 0.9067099 -0.4118212 0 0.3678982 0.4148904 0.832176 0 0.9254029 -0.07578283 -0.3713307 0 0 0 0 1 -0.09943711 0.9087204 -0.4053879 0 0.3830012 0.410972 0.827292 0 0.9183803 -0.07300055 -0.3889069 0 0 0 0 1 -0.1067306 0.9104476 -0.3996168 0 0.3961541 0.4075727 0.8227675 0 0.9119597 -0.07049536 -0.4041781 0 0 0 0 1 -0.112826 0.9118834 -0.3946374 0 0.4072213 0.4047219 0.8187618 0 0.9063338 -0.06832712 -0.4170016 0 0 0 0 1 -0.1176718 0.9130198 -0.3905739 0 0.4160705 0.4024491 0.8154263 0 0.9016866 -0.06655353 -0.4272375 0 0 0 0 1 -0.1212133 0.9138476 -0.3875436 0 0.4225667 0.4007842 0.8129019 0 0.8981899 -0.06522846 -0.4347419 0 0 0 0 1 -0.1233898 0.9143549 -0.3856553 0 0.4265717 0.3997593 0.8113132 0 0.8959976 -0.06440174 -0.4393641 0 0 0 0 1</float_array>
        <technique_common>
          <accessor source="#node-Bip001_Pelvis_matrix-output-array" count="30" stride="16">
            <param name="TRANSFORM" type="float4x4"/>
          </accessor>
        </technique_common>
      </source>
      <source id="node-Bip001_Pelvis_matrix-interpolation">
        <Name_array id="node-Bip001_Pelvis_matrix-interpolation-array" count="30">LINEAR LINEAR LINEAR LINEAR LINEAR LINEAR LINEAR LINEAR LINEAR LINEAR LINEAR LINEAR LINEAR LINEAR LINEAR LINEAR LINEAR LINEAR LINEAR LINEAR LINEAR LINEAR LINEAR LINEAR LINEAR LINEAR LINEAR LINEAR LINEAR LINEAR</Name_array>
        <technique_common>
          <accessor source="#node-Bip001_Pelvis_matrix-interpolation-array" count="30" stride="1">
            <param name="INTERPOLATION" type="name"/>
          </accessor>
        </technique_common>
      </source>
      <source id="node-Bip001_Spine_matrix-input">
        <float_array id="node-Bip001_Spine_matrix-input-array" count="30">24.66667 24.7 24.73333 24.76667 24.8 24.83333 24.86667 24.9 24.93333 24.96667 25 25.03333 25.06667 25.1 25.13333 25.16667 25.2 25.23333 25.26667 25.3 25.33333 25.36667 25.4 25.43333 25.46667 25.5 25.53333 25.56667 25.6 25.63333</float_array>
        <technique_common>
          <accessor source="#node-Bip001_Spine_matrix-input-array" count="30" stride="1">
            <param name="TIME" type="float"/>
          </accessor>
        </technique_common>
      </source>
      <source id="node-Bip001_Spine_matrix-output">
