<?xml version="1.0" encoding="utf-8"?>
<COLLADA xmlns="http://www.collada.org/2005/11/COLLADASchema" version="1.4.1">
  <asset>
    <contributor>
      <author>MattO</author>
      <authoring_tool>OpenCOLLADA for 3ds Max;  Version: 1.3.0;  Revision: 839M;  Platform: x64;  Configuration: Release_Max2012</authoring_tool>
      <source_data>file:///Z:/Art_Resources/WIP/Art_Pack/Alien_Pack/Kralmok/Mantis_TP_Kralmok_Animation_Master.max</source_data>
    </contributor>
    <created>2011-10-24T17:11:53</created>
    <modified>2011-10-24T17:11:53</modified>
    <unit name="meter" meter="1"/>
    <up_axis>Z_UP</up_axis>
  </asset>
  <library_effects>
    <effect id="ColorEffectR88G199B225">
      <profile_COMMON>
        <technique sid="common">
          <phong>
            <ambient>
              <color>0.345098 0.7803922 0.8823529 1</color>
            </ambient>
            <diffuse>
              <color>0.345098 0.7803922 0.8823529 1</color>
            </diffuse>
            <specular>
              <color>1 1 1 1</color>
            </specular>
            <shininess>
              <float>10</float>
            </shininess>
            <reflective>
              <color>0 0 0 1</color>
            </reflective>
            <transparent>
              <color>1 1 1 1</color>
            </transparent>
            <transparency>
              <float>1</float>
            </transparency>
          </phong>
        </technique>
      </profile_COMMON>
    </effect>
  </library_effects>
  <library_materials>
    <material id="ColorEffectR88G199B225-material" name="ColorEffectR88G199B225-material">
      <instance_effect url="#ColorEffectR88G199B225"/>
    </material>
  </library_materials>
  <library_geometries>
    <geometry id="geom-Bounds" name="Bounds">
      <mesh>
        <source id="geom-Bounds-positions">
          <float_array id="geom-Bounds-positions-array" count="24">-0.5 -0.5 0 0.5 -0.5 0 -0.5 0.5 0 0.5 0.5 0 -0.5 -0.5 2 0.5 -0.5 2 -0.5 0.5 2 0.5 0.5 2</float_array>
          <technique_common>
            <accessor source="#geom-Bounds-positions-array" count="8" stride="3">
              <param name="X" type="float"/>
              <param name="Y" type="float"/>
              <param name="Z" type="float"/>
            </accessor>
          </technique_common>
        </source>
        <source id="geom-Bounds-normals">
          <float_array id="geom-Bounds-normals-array" count="72">0 0 -1 0 0 -1 0 0 -1 0 0 -1 0 0 1 0 0 1 0 0 1 0 0 1 0 -1 0 0 -1 0 0 -1 0 0 -1 0 1 0 0 1 0 0 1 0 0 1 0 0 0 1 0 0 1 0 0 1 0 0 1 0 -1 0 0 -1 0 0 -1 0 0 -1 0 0</float_array>
          <technique_common>
            <accessor source="#geom-Bounds-normals-array" count="24" stride="3">
              <param name="X" type="float"/>
              <param name="Y" type="float"/>
              <param name="Z" type="float"/>
            </accessor>
          </technique_common>
        </source>
        <source id="geom-Bounds-map1">
          <float_array id="geom-Bounds-map1-array" count="36">0 0 0 1 0 0 0 1 0 1 1 0 0 0 0 1 0 0 0 1 0 1 1 0 0 0 0 1 0 0 0 1 0 1 1 0</float_array>
          <technique_common>
            <accessor source="#geom-Bounds-map1-array" count="12" stride="3">
              <param name="S" type="float"/>
              <param name="T" type="float"/>
              <param name="P" type="float"/>
            </accessor>
          </technique_common>
        </source>
        <vertices id="geom-Bounds-vertices">
          <input semantic="POSITION" source="#geom-Bounds-positions"/>
        </vertices>
        <triangles material="ColorMaterial" count="12">
          <input semantic="VERTEX" source="#geom-Bounds-vertices" offset="0"/>
          <input semantic="NORMAL" source="#geom-Bounds-normals" offset="1"/>
          <input semantic="TEXCOORD" source="#geom-Bounds-map1" offset="2" set="0"/>
          <p>0 0 9 2 1 11 3 2 10 3 2 10 1 3 8 0 0 9 4 4 8 5 5 9 7 6 11 7 6 11 6 7 10 4 4 8 0 8 4 1 9 5 5 10 7 5 10 7 4 11 6 0 8 4 1 12 0 3 13 1 7 14 3 7 14 3 5 15 2 1 12 0 3 16 4 2 17 5 6 18 7 6 18 7 7 19 6 3 16 4 2 20 0 0 21 1 4 22 3 4 22 3 6 23 2 2 20 0</p>
        </triangles>
      </mesh>
      <extra>
        <technique profile="OpenCOLLADA3dsMax">
          <max_box>
            <generateuvs>1</generateuvs>
            <height>2</height>
            <heightsegments>1</heightsegments>
            <length>1</length>
            <lengthsegments>1</lengthsegments>
            <width>1</width>
            <widthsegments>1</widthsegments>
          </max_box>
        </technique>
      </extra>
    </geometry>
  </library_geometries>
  <library_lights>
    <light id="EnvironmentAmbientLight" name="EnvironmentAmbientLight">
      <technique_common>
        <ambient>
          <color>0 0 0</color>
        </ambient>
      </technique_common>
    </light>
  </library_lights>
  <library_visual_scenes>
    <visual_scene id="MaxScene">
      <node name="EnvironmentAmbientLight">
        <instance_light url="#EnvironmentAmbientLight"/>
      </node>
      <node id="node-Bip001" name="Bip001">
        <matrix>4.64916e-6 -1 0 0 1 4.64916e-6 0 -4.37066e-8 0 0 1 0.9460065 0 0 0 1</matrix>
        <node id="node-Bip001_Pelvis" name="Bip001_Pelvis">
          <matrix>1.92321e-12 1 -1.3868e-6 0 -1.3868e-6 1.3868e-6 1 0 1 0 1.3868e-6 0 0 0 0 1</matrix>
          <node id="node-Bip001_Spine" name="Bip001_Spine">
            <matrix>0.9997219 0.0235836 -1.32139e-6 0.09820402 -0.0235836 0.9997219 4.15963e-6 -8.84189e-5 1.41912e-6 -4.12731e-6 1 1.36312e-7 0 0 0 1</matrix>
            <node id="node-Bip001_Spine1" name="Bip001_Spine1">
              <matrix>0.9909534 0.1342061 3.75464e-7 0.1110036 -0.1342061 0.9909534 -2.55311e-8 -8.75928e-5 -3.75494e-7 -2.50895e-8 1 -2.42949e-10 0 0 0 1</matrix>
              <node id="node-Bip001_Spine2" name="Bip001_Spine2">
                <matrix>0.9978133 -0.06609628 -1.83264e-7 0.1110214 0.06609628 0.9978133 -6.99439e-9 -8.82149e-5 1.83326e-7 -5.13332e-9 1 -2.44768e-10 0 0 0 1</matrix>
                <node id="node-Bip001_Spine3" name="Bip001_Spine3">
                  <matrix>0.9391794 -0.3434267 -9.33516e-7 0.1110735 0.3434267 0.9391794 -1.6374e-7 -1.57662e-4 9.32972e-7 -1.66814e-7 1 -4.37609e-10 0 0 0 1</matrix>
                  <node id="node-Bip001_Neck" name="Bip001_Neck">
                    <matrix>0.9375163 -0.3479413 -9.60337e-7 0.2584364 0.3479413 0.9375163 -1.80001e-7 0.01280421 9.62961e-7 -1.65386e-7 1 -1.01863e-10 0 0 0 1</matrix>
                    <node id="node-Bip001_Neck1" name="Bip001_Neck1">
                      <matrix>0.9935529 0.1133697 3.14621e-7 0.04894412 -0.1133697 0.9935529 -2.85661e-8 -3.86834e-5 -3.15831e-7 -7.2867e-9 1 -1.07548e-10 0 0 0 1</matrix>
                      <node id="node-Bip001_Neck2" name="Bip001_Neck2">
                        <matrix>0.9805799 0.1961207 5.4396e-7 0.04894114 -0.1961207 0.9805799 -5.38639e-8 -3.82662e-5 -5.4396e-7 -5.38625e-8 1 -1.06184e-10 0 0 0 1</matrix>
                        <node id="node-Bip001_Head" name="Bip001_Head">
                          <matrix>0.9999958 -0.002909273 -1.36957e-8 0.04894876 0.002909273 0.9999958 1.28177e-8 -2.98023e-8 1.36584e-8 -1.28565e-8 1 0 0 0 0 1</matrix>
                          <node id="node-Bip001_Ponytail1" name="Bip001_Ponytail1">
                            <matrix>-0.1182427 -0.9929847 -2.75414e-6 0.009580135 0.9929847 -0.1182427 -3.10156e-6 0.1139593 2.75414e-6 -3.10155e-6 1 9.17562e-8 0 0 0 1</matrix>
                          </node>
                          <node id="node-ALTEYE" name="ALTEYE">
                            <matrix>-0.00948812 0.5772443 0.8165166 0.1153697 0.002645058 0.8165649 -0.5772477 0.2046643 -0.9999516 -0.003317261 -0.009274509 -0.001006845 0 0 0 1</matrix>
                          </node>
                        </node>
                      </node>
                    </node>
                    <node id="node-Bip001_L_Clavicle" name="Bip001_L_Clavicle">
                      <matrix>-0.139747 -0.2726232 0.9519177 -0.04329085 0.6712919 -0.7327865 -0.1113159 0.01802188 0.7278997 0.6234586 0.2854144 0.02215971 0 0 0 1</matrix>
                      <node id="node-Bip001_L_UpperArm" name="Bip001_L_UpperArm">
                        <matrix>0.9150949 -0.1873605 0.3570676 0.07966626 0.1614014 0.98166 0.1014559 -2.98023e-8 -0.3695277 -0.03521056 0.9285524 0 0 0 0 1</matrix>
                        <node id="node-Bip001_L_Forearm" name="Bip001_L_Forearm">
                          <matrix>0.8817834 0.471655 0 0.4297335 -0.4716548 0.8817834 0 2.98023e-8 -2.98023e-8 -8.19564e-8 1 1.19209e-7 0 0 0 1</matrix>
                          <node id="node-Bip001_L_Hand" name="Bip001_L_Hand">
                            <matrix>0.9652434 -0.229685 -0.1246994 0.3774394 0.1206202 -0.0317726 0.9921901 -7.45058e-9 -0.2318532 -0.9727463 -0.002963577 0 0 0 0 1</matrix>
                            <node id="node-Bip001_L_Finger0" name="Bip001_L_Finger0">
                              <matrix>0.74233 0.6545936 0.1430146 0.03908247 0.3868302 -0.2444132 -0.8891707 0.01738542 -0.5470908 0.7153804 -0.434652 -0.04049922 0 0 0 1</matrix>
                              <node id="node-Bip001_L_Finger01" name="Bip001_L_Finger01">
                                <matrix>0.9986376 0.05218127 1.49012e-8 0.1027657 -0.05218133 0.9986377 -2.98023e-8 -2.98023e-8 -1.49012e-8 0 1 -5.96046e-8 0 0 0 1</matrix>
                                <node id="node-Bip001_L_Finger02" name="Bip001_L_Finger02">
                                  <matrix>0.8969675 -0.4420967 2.98023e-8 0.05252492 0.4420968 0.8969675 0 -2.98023e-8 0 -2.98023e-8 1 0 0 0 0 1</matrix>
                                </node>
                              </node>
                            </node>
                            <node id="node-Bip001_L_Finger1" name="Bip001_L_Finger1">
                              <matrix>0.9999821 -2.98023e-8 0.00598398 0.1458858 -4.76837e-6 0.9999996 7.96265e-4 -1.52588e-5 -0.005983967 -7.96313e-4 0.9999817 -0.01919667 0 0 0 1</matrix>
                              <node id="node-Bip001_L_Finger11" name="Bip001_L_Finger11">
                                <matrix>0.9843137 0.1764278 -7.45058e-9 0.08578125 -0.1764278 0.9843136 -2.79397e-8 1.19209e-7 -1.11759e-8 1.67638e-8 1 -2.23517e-8 0 0 0 1</matrix>
                                <node id="node-Bip001_L_Finger12" name="Bip001_L_Finger12">
                                  <matrix>0.8432423 -0.5375335 -3.72529e-8 0.05549788 0.5375335 0.8432423 3.72529e-8 0 -2.42144e-8 -7.27596e-8 0.9999999 4.47035e-8 0 0 0 1</matrix>
                                </node>
                              </node>
                            </node>
                            <node id="node-Bip001_L_Finger2" name="Bip001_L_Finger2">
                              <matrix>0.9882609 -0.07929009 -0.1305896 0.1437581 0.0922789 0.9910352 0.09661073 0.003213406 0.1217586 -0.1075273 0.9867182 0.02870396 0 0 0 1</matrix>
                              <node id="node-Bip001_L_Finger21" name="Bip001_L_Finger21">
                                <matrix>0.9744926 0.2244196 0 0.07148439 -0.2244196 0.9744925 3.1665e-8 -5.96046e-8 2.6077e-8 -1.49012e-8 0.9999999 -2.23517e-8 0 0 0 1</matrix>
                                <node id="node-Bip001_L_Finger22" name="Bip001_L_Finger22">
                                  <matrix>0.8033118 -0.5955588 2.23517e-8 0.05113891 0.5955588 0.8033119 0 0 -1.11759e-8 1.60653e-8 1 5.96046e-8 0 0 0 1</matrix>
                                </node>
                              </node>
                            </node>
                          </node>
                        </node>
                        <node id="node-Bip001_L_ForeTwist" name="Bip001_L_ForeTwist">
                          <matrix>0.8817834 0.4716547 4.69565e-4 0.4297335 -0.4716548 0.881783 8.77917e-4 2.98023e-8 -2.98023e-8 -9.9574e-4 0.9999995 1.19209e-7 0 0 0 1</matrix>
                          <node id="node-Bip001_L_ForeTwist1" name="Bip001_L_ForeTwist1">
                            <matrix>1 -2.23517e-8 2.98023e-8 0.1887197 -7.45058e-9 0.9999996 9.9571e-4 0 -2.98023e-8 -9.95681e-4 0.9999995 0 0 0 0 1</matrix>
                          </node>
                        </node>
                      </node>
                      <node id="node-Bip001_LUpArmTwist" name="Bip001_LUpArmTwist">
                        <matrix>0.9150949 -0.1873605 0.3570676 0.07966626 0.1614014 0.98166 0.1014559 -2.98023e-8 -0.3695277 -0.03521056 0.9285524 0 0 0 0 1</matrix>
                        <node id="node-Bip001_LUpArmTwist1" name="Bip001_LUpArmTwist1">
                          <matrix>1 -1.49012e-8 0 0.2148668 2.98023e-8 1 0 2.98023e-8 -2.98023e-8 -1.49012e-8 1 0 0 0 0 1</matrix>
                        </node>
                      </node>
                    </node>
                    <node id="node-Bip001_R_Clavicle" name="Bip001_R_Clavicle">
                      <matrix>-0.139747 -0.2726232 -0.9519178 -0.04329085 0.6712959 -0.732783 0.1113143 0.018022 -0.7278962 -0.6234626 0.285415 -0.02215954 0 0 0 1</matrix>
                      <node id="node-Bip001_R_UpperArm" name="Bip001_R_UpperArm">
                        <matrix>0.915095 -0.1873605 -0.3570676 0.07966626 0.1614014 0.98166 -0.1014558 0 0.3695278 0.03521055 0.9285524 0 0 0 0 1</matrix>
                        <node id="node-Bip001_R_Forearm" name="Bip001_R_Forearm">
                          <matrix>0.8817832 0.4716549 0 0.4297335 -0.4716549 0.8817833 1.49012e-8 0 0 1.49012e-8 1 0 0 0 0 1</matrix>
                          <node id="node-Bip001_R_Hand" name="Bip001_R_Hand">
                            <matrix>0.9652433 -0.2296849 0.1246993 0.3774394 0.1206201 -0.03177264 -0.9921901 2.98023e-8 0.2318531 0.9727463 -0.00296352 0 0 0 0 1</matrix>
                            <node id="node-Bip001_R_Finger0" name="Bip001_R_Finger0">
                              <matrix>0.74233 0.6545936 -0.1430146 0.03908247 0.3868303 -0.2444131 0.8891708 0.01738536 0.5470909 -0.7153804 -0.4346519 0.04049929 0 0 0 1</matrix>
                              <node id="node-Bip001_R_Finger01" name="Bip001_R_Finger01">
                                <matrix>0.9986377 0.05218127 1.49012e-8 0.1027657 -0.05218133 0.9986377 0 -2.98023e-8 2.98023e-8 -1.49012e-8 1 -5.96046e-8 0 0 0 1</matrix>
                                <node id="node-Bip001_R_Finger02" name="Bip001_R_Finger02">
                                  <matrix>0.8969675 -0.4420967 0 0.05252486 0.4420968 0.8969674 2.98023e-8 5.96046e-8 4.47035e-8 8.9407e-8 1 0 0 0 0 1</matrix>
                                </node>
                              </node>
                            </node>
                            <node id="node-Bip001_R_Finger1" name="Bip001_R_Finger1">
                              <matrix>0.9999821 -5.96046e-8 -0.005983967 0.1458857 -4.70877e-6 0.9999996 -7.96357e-4 -1.53184e-5 0.00598399 7.96266e-4 0.9999817 0.01919669 0 0 0 1</matrix>
                              <node id="node-Bip001_R_Finger11" name="Bip001_R_Finger11">
                                <matrix>0.9843137 0.1764278 5.58794e-9 0.08578128 -0.1764278 0.9843136 -2.79397e-9 1.19209e-7 5.58794e-9 -6.33299e-8 1 -1.86265e-8 0 0 0 1</matrix>
                                <node id="node-Bip001_R_Finger12" name="Bip001_R_Finger12">
                                  <matrix>0.8432423 -0.5375335 7.45058e-9 0.05549783 0.5375336 0.8432423 -5.58794e-9 1.19209e-7 4.47035e-8 6.85686e-8 1 3.72529e-8 0 0 0 1</matrix>
                                </node>
                              </node>
                            </node>
                            <node id="node-Bip001_R_Finger2" name="Bip001_R_Finger2">
                              <matrix>0.9882609 -0.07928997 0.1305896 0.143758 0.09227878 0.9910353 -0.09661085 0.003213406 -0.1217586 0.1075273 0.9867181 -0.02870394 0 0 0 1</matrix>
                              <node id="node-Bip001_R_Finger21" name="Bip001_R_Finger21">
                                <matrix>0.9744927 0.2244196 2.23517e-8 0.07148448 -0.2244196 0.9744926 -1.49012e-8 0 -2.23517e-8 6.14673e-8 1 1.49012e-8 0 0 0 1</matrix>
                                <node id="node-Bip001_R_Finger22" name="Bip001_R_Finger22">
                                  <matrix>0.8033119 -0.5955587 2.6077e-8 0.05113891 0.5955587 0.8033119 2.04891e-8 -5.96046e-8 1.86265e-8 2.65427e-8 0.9999999 0 0 0 0 1</matrix>
                                </node>
                              </node>
                            </node>
                            <node id="node-mount0" name="mount0">
                              <matrix>2.98023e-8 1 4.88013e-7 0.1088289 -1 -2.08616e-7 -1.62981e-7 0.03070414 1.91852e-7 -4.39584e-7 0.9999999 0.01333506 0 0 0 1</matrix>
                            </node>
                          </node>
                        </node>
                        <node id="node-Bip001_R_ForeTwist" name="Bip001_R_ForeTwist">
                          <matrix>0.8817832 0.4716547 -4.69565e-4 0.4297335 -0.4716549 0.8817828 -8.77902e-4 0 0 9.95666e-4 0.9999995 0 0 0 0 1</matrix>
                          <node id="node-Bip001_R_ForeTwist1" name="Bip001_R_ForeTwist1">
                            <matrix>1 -7.45058e-9 -2.98023e-8 0.1887196 7.45058e-9 0.9999993 -9.9571e-4 1.49012e-8 0 9.95591e-4 0.9999995 0 0 0 0 1</matrix>
                          </node>
                        </node>
                      </node>
                      <node id="node-Bip001_RUpArmTwist" name="Bip001_RUpArmTwist">
                        <matrix>0.915095 -0.1873605 -0.3570676 0.07966626 0.1614014 0.98166 -0.1014558 0 0.3695278 0.03521055 0.9285524 0 0 0 0 1</matrix>
                        <node id="node-Bip001_RUpArmTwist1" name="Bip001_RUpArmTwist1">
                          <matrix>1 0 0 0.2148669 1.49012e-8 1 1.49012e-8 2.98023e-8 5.96046e-8 1.49012e-8 1 0 0 0 0 1</matrix>
                        </node>
                      </node>
                    </node>
                  </node>
                </node>
              </node>
            </node>
            <node id="node-Bip001_L_Thigh" name="Bip001_L_Thigh">
              <matrix>-0.9130993 0.3888837 -0.1225527 -0.09817886 0.3910607 0.9203401 0.006755865 -0.002227852 0.1154174 -0.04175676 -0.992439 0.0726779 0 0 0 1</matrix>
              <node id="node-Bip001_L_Calf" name="Bip001_L_Calf">
                <matrix>-0.09519041 0.9954592 7.45058e-9 0.4541689 -0.9954591 -0.09519035 3.72529e-9 2.98023e-8 -3.72529e-9 7.45058e-9 0.9999999 -1.49012e-8 0 0 0 1</matrix>
                <node id="node-Bip001_L_HorseLink" name="Bip001_L_HorseLink">
                  <matrix>-0.03532231 -0.9993759 -3.72529e-9 0.3208732 0.9993758 -0.03532234 7.45058e-9 0 -2.98023e-8 3.72529e-9 0.9999999 0 0 0 0 1</matrix>
                  <node id="node-Bip001_L_Foot" name="Bip001_L_Foot">
                    <matrix>0.9266126 0.3727479 -0.04947919 0.3617601 -0.3555522 0.9113811 0.2072846 3.72529e-9 0.1223594 -0.1744801 0.9770286 0 0 0 0 1</matrix>
                    <node id="node-Bip001_L_Toe0" name="Bip001_L_Toe0">
                      <matrix>-0.245468 -0.9694048 3.72529e-8 0.08654235 0.9569956 -0.2423258 0.1594923 0.1234713 -0.1546125 0.03915026 0.9871992 -0.02420597 0 0 0 1</matrix>
                      <node id="node-Bip001_L_Toe01" name="Bip001_L_Toe01">
                        <matrix>0.9623386 0.2718535 -3.53017e-8 0.04576606 -0.2718535 0.9623386 6.33376e-10 0 4.06991e-10 1.86821e-9 0.9999999 -1.49012e-8 0 0 0 1</matrix>
                        <node id="node-Bip001_L_Toe02" name="Bip001_L_Toe02">
                          <matrix>0.9133544 0.4071655 -2.91904e-8 0.03187378 -0.4071655 0.9133545 -4.37197e-11 0 -2.29633e-8 -2.91804e-8 1 0 0 0 0 1</matrix>
                        </node>
                      </node>
                    </node>
                    <node id="node-Bip001_L_Toe1" name="Bip001_L_Toe1">
                      <matrix>-0.2402829 -0.9707029 5.21541e-8 0.09280638 0.9404519 -0.2327947 -0.2477031 0.1308167 0.2404461 -0.05951877 0.9688361 0.03696451 0 0 0 1</matrix>
                      <node id="node-Bip001_L_Toe11" name="Bip001_L_Toe11">
                        <matrix>0.9830522 0.1833258 5.42424e-9 0.04370601 -0.1833258 0.9830521 -2.49319e-10 3.72529e-9 -3.63508e-9 3.38808e-10 1 -1.49012e-8 0 0 0 1</matrix>
                        <node id="node-Bip001_L_Toe12" name="Bip001_L_Toe12">
                          <matrix>0.9040335 0.4274616 -3.20083e-9 0.03796016 -0.4274615 0.9040336 9.6918e-11 -1.86265e-9 1.16392e-9 -2.421e-9 1 1.49012e-8 0 0 0 1</matrix>
                        </node>
                      </node>
                    </node>
                    <node id="node-Bip001_L_Toe2" name="Bip001_L_Toe2">
                      <matrix>0.04881954 -0.8895265 0.4542679 0.06798328 0.1495164 -0.4431771 -0.8838772 0.002804019 0.9875534 0.111071 0.1113631 0.04295146 0 0 0 1</matrix>
                      <node id="node-Bip001_L_Toe21" name="Bip001_L_Toe21">
                        <matrix>1 -1.49012e-8 -3.1665e-8 0.01451743 0 1 -2.98023e-8 0 1.67638e-8 0 1 0 0 0 0 1</matrix>
                        <node id="node-Bip001_L_Toe22" name="Bip001_L_Toe22">
                          <matrix>0.5236049 0.8519613 -3.1665e-8 0.03369504 -0.8519613 0.5236049 -2.98023e-8 1.86265e-9 -2.98023e-8 0 1 7.45058e-9 0 0 0 1</matrix>
                        </node>
                      </node>
                    </node>
                  </node>
                </node>
              </node>
            </node>
            <node id="node-Bip001_R_Thigh" name="Bip001_R_Thigh">
              <matrix>-0.9130993 0.3888836 0.1225529 -0.09817886 0.3910613 0.9203399 -0.006750356 -0.002227448 -0.1154154 0.04176194 -0.992439 -0.07267792 0 0 0 1</matrix>
              <node id="node-Bip001_R_Calf" name="Bip001_R_Calf">
                <matrix>-0.09519035 0.9954593 7.45058e-9 0.4541689 -0.9954591 -0.09519035 0 2.98023e-8 7.45058e-9 -1.49012e-8 1 -2.98023e-8 0 0 0 1</matrix>
                <node id="node-Bip001_R_HorseLink" name="Bip001_R_HorseLink">
                  <matrix>-0.03532231 -0.999376 0 0.3208732 0.9993759 -0.03532231 0 -5.96046e-8 2.98023e-8 0 1 1.49012e-8 0 0 0 1</matrix>
                  <node id="node-Bip001_R_Foot" name="Bip001_R_Foot">
                    <matrix>0.9266126 0.372748 0.04947936 0.3617601 -0.3555522 0.9113812 -0.2072847 7.45058e-9 -0.1223595 0.1744801 0.9770287 -1.49012e-8 0 0 0 1</matrix>
                    <node id="node-Bip001_R_Toe0" name="Bip001_R_Toe0">
                      <matrix>-0.2454679 -0.9694048 -4.31519e-8 0.08654235 0.9569956 -0.2423257 -0.1594922 0.1234713 0.1546125 -0.03915025 0.9871992 0.02420595 0 0 0 1</matrix>
                      <node id="node-Bip001_R_Toe01" name="Bip001_R_Toe01">
                        <matrix>0.9623386 0.2718535 -2.2855e-8 0.04576606 -0.2718535 0.9623386 1.25353e-8 3.72529e-9 -3.08198e-8 8.368e-9 1 0 0 0 0 1</matrix>
                        <node id="node-Bip001_R_Toe02" name="Bip001_R_Toe02">
                          <matrix>0.9133545 0.4071655 2.90293e-8 0.03187375 -0.4071655 0.9133545 3.5215e-10 3.72529e-9 -4.22734e-8 -1.86649e-8 1 0 0 0 0 1</matrix>
                        </node>
                      </node>
                    </node>
                    <node id="node-Bip001_R_Toe1" name="Bip001_R_Toe1">
                      <matrix>-0.2402829 -0.9707029 -4.23492e-8 0.09280638 0.9404519 -0.2327947 0.2477031 0.1308167 -0.2404462 0.05951878 0.9688361 -0.03696451 0 0 0 1</matrix>
                      <node id="node-Bip001_R_Toe11" name="Bip001_R_Toe11">
                        <matrix>0.9830521 0.1833258 -3.29711e-10 0.04370601 -0.1833259 0.9830521 4.45119e-11 0 2.65849e-9 1.55314e-10 1 1.49012e-8 0 0 0 1</matrix>
                        <node id="node-Bip001_R_Toe12" name="Bip001_R_Toe12">
                          <matrix>0.9040335 0.4274615 2.62961e-9 0.03796013 -0.4274615 0.9040336 1.2615e-10 0 -2.08237e-9 1.12761e-9 1 -1.49012e-8 0 0 0 1</matrix>
                        </node>
                      </node>
                    </node>
                    <node id="node-Bip001_R_Toe2" name="Bip001_R_Toe2">
                      <matrix>0.04881953 -0.8895265 -0.4542679 0.06798328 0.1495164 -0.443177 0.8838772 0.002804011 -0.9875534 -0.111071 0.1113631 -0.04295148 0 0 0 1</matrix>
                      <node id="node-Bip001_R_Toe21" name="Bip001_R_Toe21">
                        <matrix>1 0 7.45058e-9 0.01451743 -1.11759e-8 1 0 -3.72529e-9 -9.31323e-9 0 1 0 0 0 0 1</matrix>
                        <node id="node-Bip001_R_Toe22" name="Bip001_R_Toe22">
                          <matrix>0.5236049 0.8519613 7.45058e-9 0.03369505 -0.8519614 0.5236049 0 -1.86265e-9 -2.98023e-8 0 1 7.45058e-9 0 0 0 1</matrix>
                        </node>
                      </node>
                    </node>
                  </node>
                </node>
              </node>
            </node>
          </node>
        </node>
      </node>
      <node id="node-Bounds" name="Bounds">
        <matrix>1 0 0 0 0 1 0 0.411981 0 0 1 0 0 0 0 1</matrix>
        <instance_geometry url="#geom-Bounds">
          <bind_material>
            <technique_common>
              <instance_material symbol="ColorMaterial" target="#ColorEffectR88G199B225-material"/>
            </technique_common>
          </bind_material>
        </instance_geometry>
      </node>
      <node id="node-EYE" name="EYE">
        <matrix>-1 -7.64274e-15 -8.74228e-8 4.09043e-8 0 -1 8.74228e-8 0.411981 -8.74228e-8 8.74228e-8 1 1.6 0 0 0 1</matrix>
      </node>
      <node id="node-CAM" name="CAM">
        <matrix>0.9999996 -3.01991e-7 0 0 3.01991e-7 0.9999996 -1.77636e-15 -0.009719968 0 1.77636e-15 1 1.928079 0 0 0 1</matrix>
      </node>
    </visual_scene>
  </library_visual_scenes>
  <scene>
    <instance_visual_scene url="#MaxScene"/>
  </scene>
</COLLADA>