<?xml version="1.0" encoding="utf-8"?>
<COLLADA xmlns="http://www.collada.org/2005/11/COLLADASchema" version="1.4.1">
  <asset>
    <contributor>
      <author>MattO</author>
      <authoring_tool>OpenCOLLADA for 3ds Max;  Version: 1.3.0;  Revision: 839M;  Platform: x64;  Configuration: Release_Max2012</authoring_tool>
      <source_data>file:///Z:/Art_Resources/WIP/Art_Pack/Alien_Pack/Kralmok/Mantis_TP_Kralmok_Animation_Master.max</source_data>
    </contributor>
    <created>2011-10-24T17:11:38</created>
    <modified>2011-10-24T17:11:38</modified>
    <unit name="meter" meter="1"/>
    <up_axis>Z_UP</up_axis>
  </asset>
  <library_effects>
    <effect id="ColorEffectR88G199B225">
      <profile_COMMON>
        <technique sid="common">
          <phong>
            <ambient>
              <color>0.345098 0.7803922 0.8823529 1</color>
            </ambient>
            <diffuse>
              <color>0.345098 0.7803922 0.8823529 1</color>
            </diffuse>
            <specular>
              <color>1 1 1 1</color>
            </specular>
            <shininess>
              <float>10</float>
            </shininess>
            <reflective>
              <color>0 0 0 1</color>
            </reflective>
            <transparent>
              <color>1 1 1 1</color>
            </transparent>
            <transparency>
              <float>1</float>
            </transparency>
          </phong>
        </technique>
      </profile_COMMON>
    </effect>
  </library_effects>
  <library_materials>
    <material id="ColorEffectR88G199B225-material" name="ColorEffectR88G199B225-material">
      <instance_effect url="#ColorEffectR88G199B225"/>
    </material>
  </library_materials>
  <library_geometries>
    <geometry id="geom-Bounds" name="Bounds">
      <mesh>
        <source id="geom-Bounds-positions">
          <float_array id="geom-Bounds-positions-array" count="24">-0.5 -0.5 0 0.5 -0.5 0 -0.5 0.5 0 0.5 0.5 0 -0.5 -0.5 2 0.5 -0.5 2 -0.5 0.5 2 0.5 0.5 2</float_array>
          <technique_common>
            <accessor source="#geom-Bounds-positions-array" count="8" stride="3">
              <param name="X" type="float"/>
              <param name="Y" type="float"/>
              <param name="Z" type="float"/>
            </accessor>
          </technique_common>
        </source>
        <source id="geom-Bounds-normals">
          <float_array id="geom-Bounds-normals-array" count="72">0 0 -1 0 0 -1 0 0 -1 0 0 -1 0 0 1 0 0 1 0 0 1 0 0 1 0 -1 0 0 -1 0 0 -1 0 0 -1 0 1 0 0 1 0 0 1 0 0 1 0 0 0 1 0 0 1 0 0 1 0 0 1 0 -1 0 0 -1 0 0 -1 0 0 -1 0 0</float_array>
          <technique_common>
            <accessor source="#geom-Bounds-normals-array" count="24" stride="3">
              <param name="X" type="float"/>
              <param name="Y" type="float"/>
              <param name="Z" type="float"/>
            </accessor>
          </technique_common>
        </source>
        <source id="geom-Bounds-map1">
          <float_array id="geom-Bounds-map1-array" count="36">0 0 0 1 0 0 0 1 0 1 1 0 0 0 0 1 0 0 0 1 0 1 1 0 0 0 0 1 0 0 0 1 0 1 1 0</float_array>
          <technique_common>
            <accessor source="#geom-Bounds-map1-array" count="12" stride="3">
              <param name="S" type="float"/>
              <param name="T" type="float"/>
              <param name="P" type="float"/>
            </accessor>
          </technique_common>
        </source>
        <vertices id="geom-Bounds-vertices">
          <input semantic="POSITION" source="#geom-Bounds-positions"/>
        </vertices>
        <triangles material="ColorMaterial" count="12">
          <input semantic="VERTEX" source="#geom-Bounds-vertices" offset="0"/>
          <input semantic="NORMAL" source="#geom-Bounds-normals" offset="1"/>
          <input semantic="TEXCOORD" source="#geom-Bounds-map1" offset="2" set="0"/>
          <p>0 0 9 2 1 11 3 2 10 3 2 10 1 3 8 0 0 9 4 4 8 5 5 9 7 6 11 7 6 11 6 7 10 4 4 8 0 8 4 1 9 5 5 10 7 5 10 7 4 11 6 0 8 4 1 12 0 3 13 1 7 14 3 7 14 3 5 15 2 1 12 0 3 16 4 2 17 5 6 18 7 6 18 7 7 19 6 3 16 4 2 20 0 0 21 1 4 22 3 4 22 3 6 23 2 2 20 0</p>
        </triangles>
      </mesh>
      <extra>
        <technique profile="OpenCOLLADA3dsMax">
          <max_box>
            <generateuvs>1</generateuvs>
            <height>2</height>
            <heightsegments>1</heightsegments>
            <length>1</length>
            <lengthsegments>1</lengthsegments>
            <width>1</width>
            <widthsegments>1</widthsegments>
          </max_box>
        </technique>
      </extra>
    </geometry>
  </library_geometries>
  <library_lights>
    <light id="EnvironmentAmbientLight" name="EnvironmentAmbientLight">
      <technique_common>
        <ambient>
          <color>0 0 0</color>
        </ambient>
      </technique_common>
    </light>
  </library_lights>
  <library_visual_scenes>
    <visual_scene id="MaxScene">
      <node name="EnvironmentAmbientLight">
        <instance_light url="#EnvironmentAmbientLight"/>
      </node>
      <node id="node-Bip001" name="Bip001">
        <matrix sid="matrix">0.172621 -0.9794672 0.1041439 -0.014 0.9443106 0.1946357 0.2653194 -8.2537e-8 -0.2801418 0.05254447 0.9585195 0.9088534 0 0 0 1</matrix>
        <node id="node-Bip001_Pelvis" name="Bip001_Pelvis">
          <matrix sid="matrix">0 0.9999999 -1.40071e-6 0 -0.114087 1.35787e-6 0.9934707 0 0.9934707 2.08616e-7 0.1140869 0 0 0 0 1</matrix>
          <node id="node-Bip001_Spine" name="Bip001_Spine">
            <matrix sid="matrix">0.9968292 -0.06539053 0.04534172 0.09757066 0.06663364 0.9974264 -0.02646984 -8.81553e-5 -0.04349415 0.0294072 0.9986208 0.01120141 0 0 0 1</matrix>
            <node id="node-Bip001_Spine1" name="Bip001_Spine1">
              <matrix sid="matrix">0.9202453 -0.370928 -0.1247442 0.1110485 0.3684716 0.92864 -0.04308298 -8.21948e-5 0.1318232 -0.006317809 0.9912532 5.81145e-7 0 0 0 1</matrix>
              <node id="node-Bip001_Spine2" name="Bip001_Spine2">
                <matrix sid="matrix">0.9873905 -0.1427276 -0.06847605 0.1110282 0.1465192 0.9877354 0.05395436 -8.73208e-5 0.05993543 -0.06330708 0.9961927 5.59539e-6 0 0 0 1</matrix>
                <node id="node-Bip001_Spine3" name="Bip001_Spine3">
                  <matrix sid="matrix">0.960279 -0.2413087 -0.1401232 0.111056 0.2513068 0.9661428 0.05841918 -1.62184e-4 0.1212821 -0.09131265 0.9884092 1.53221e-5 0 0 0 1</matrix>
                  <node id="node-Bip001_Neck" name="Bip001_Neck">
                    <matrix sid="matrix">0.9962749 -0.0642058 -0.05756485 0.2584252 0.05691221 0.9910874 -0.1204439 0.01280212 0.064785 0.1167191 0.9910498 -4.54485e-6 0 0 0 1</matrix>
                    <node id="node-Bip001_Neck1" name="Bip001_Neck1">
                      <matrix sid="matrix">0.9876224 0.1545509 -0.02676342 0.04894269 -0.15647 0.9826623 -0.09945934 -3.83854e-5 0.01092786 0.1024159 0.9946818 -3.98606e-6 0 0 0 1</matrix>
                      <node id="node-Bip001_Neck2" name="Bip001_Neck2">
                        <matrix>0.9510024 0.3023925 -0.06444633 0.04893672 -0.2904414 0.9452 0.149133 -3.67761e-5 0.1060114 -0.1231079 0.9867148 4.79817e-6 0 0 0 1</matrix>
                        <node id="node-Bip001_Head" name="Bip001_Head">
                          <matrix sid="matrix">0.9831142 0.01872537 0.1820316 0.04894865 -0.02807239 0.9984088 0.04890931 -5.96046e-8 -0.1808261 -0.05319356 0.9820756 0 0 0 0 1</matrix>
                          <node id="node-Bip001_Ponytail1" name="Bip001_Ponytail1">
                            <matrix sid="matrix">-0.05999058 -0.998199 -2.76696e-6 0.009580851 0.9981991 -0.05999067 -2.93693e-6 0.1139534 2.76812e-6 -2.94484e-6 1 8.9407e-8 0 0 0 1</matrix>
                          </node>
                          <node id="node-ALTEYE" name="ALTEYE">
                            <matrix>-0.009488132 0.5772442 0.8165166 0.1153698 0.002645043 0.8165649 -0.5772477 0.2046643 -0.9999516 -0.003317277 -0.009274511 -0.001006849 0 0 0 1</matrix>
                          </node>
                        </node>
                      </node>
                    </node>
                    <node id="node-Bip001_L_Clavicle" name="Bip001_L_Clavicle">
                      <matrix sid="matrix">0.3342247 -0.008938938 0.9424511 -0.04513061 0.6360527 -0.7357719 -0.2325442 0.007413626 0.6955076 0.6771705 -0.2402275 0.02444146 0 0 0 1</matrix>
                      <node id="node-Bip001_L_UpperArm" name="Bip001_L_UpperArm">
                        <matrix sid="matrix">0.9057378 0.2045049 0.3712369 0.07966623 -0.4006945 0.1276828 0.9072713 0 0.1381412 -0.9705024 0.197591 0 0 0 0 1</matrix>
                        <node id="node-Bip001_L_Forearm" name="Bip001_L_Forearm">
                          <matrix sid="matrix">0.2326742 0.9725549 2.98023e-8 0.4297335 -0.9725548 0.2326742 0 -1.19209e-7 -8.9407e-8 -8.9407e-8 1 0 0 0 0 1</matrix>
                          <node id="node-Bip001_L_Hand" name="Bip001_L_Hand">
                            <matrix sid="matrix">0.9826329 -0.1478702 -0.1121019 0.3774395 0.159788 0.3671464 0.9163359 -2.98023e-8 -0.09434089 -0.9183344 0.384398 0 0 0 0 1</matrix>
                            <node id="node-Bip001_L_Finger0" name="Bip001_L_Finger0">
                              <matrix>0.737368 0.3989064 0.5451257 0.03908253 0.5702346 0.06501228 -0.8189055 0.01738548 -0.3621065 0.9146841 -0.1795323 -0.04049918 0 0 0 1</matrix>
                              <node id="node-Bip001_L_Finger01" name="Bip001_L_Finger01">
                                <matrix>0.5320405 -0.846719 -1.49012e-8 0.1027658 0.8467191 0.5320405 -2.98023e-8 0 0 0 1 1.19209e-7 0 0 0 1</matrix>
                                <node id="node-Bip001_L_Finger02" name="Bip001_L_Finger02">
                                  <matrix>0.7835937 -0.6212736 0 0.05252504 0.6212737 0.7835938 0 0 0 -1.49012e-8 1 0 0 0 0 1</matrix>
                                </node>
                              </node>
                            </node>
                            <node id="node-Bip001_L_Finger1" name="Bip001_L_Finger1">
                              <matrix>0.6375437 -0.7703909 0.005983964 0.1458858 0.7704015 0.6375586 7.96348e-4 -1.52588e-5 -0.00442861 0.004102409 0.9999818 -0.01919657 0 0 0 1</matrix>
                              <node id="node-Bip001_L_Finger11" name="Bip001_L_Finger11">
                                <matrix>-0.3951854 -0.9186018 -1.49012e-8 0.08578122 0.9186018 -0.3951852 2.98023e-8 1.19209e-7 -7.45058e-8 -2.98023e-8 1 -1.19209e-7 0 0 0 1</matrix>
                                <node id="node-Bip001_L_Finger12" name="Bip001_L_Finger12">
                                  <matrix>0.9649357 -0.2624862 0 0.05549777 0.2624862 0.9649358 -2.98023e-8 -8.9407e-8 5.96046e-8 5.96046e-8 1 5.96046e-8 0 0 0 1</matrix>
                                </node>
                              </node>
                            </node>
                            <node id="node-Bip001_L_Finger2" name="Bip001_L_Finger2">
                              <matrix>0.5018926 -0.8550149 -0.1305896 0.1437582 0.8647376 0.492844 0.09661075 0.003213346 -0.01824343 -0.161414 0.9867182 0.02870393 0 0 0 1</matrix>
                              <node id="node-Bip001_L_Finger21" name="Bip001_L_Finger21">
                                <matrix>0.05968922 -0.9982171 2.98023e-8 0.07148433 0.9982171 0.0596891 0 0 5.96046e-8 -8.9407e-8 1 0 0 0 0 1</matrix>
                                <node id="node-Bip001_L_Finger22" name="Bip001_L_Finger22">
                                  <matrix>0.8033118 -0.5955587 2.98023e-8 0.05113888 0.5955586 0.8033119 0 -1.19209e-7 2.23517e-8 5.96046e-8 1 2.98023e-8 0 0 0 1</matrix>
                                </node>
                              </node>
                            </node>
                          </node>
                        </node>
                        <node id="node-Bip001_L_ForeTwist" name="Bip001_L_ForeTwist">
                          <matrix sid="matrix">0.2326742 0.9640431 -0.1283898 0.4297335 -0.9725548 0.2306378 -0.03071597 -1.19209e-7 -8.9407e-8 0.1320129 0.991248 0 0 0 0 1</matrix>
                          <node id="node-Bip001_L_ForeTwist1" name="Bip001_L_ForeTwist1">
                            <matrix sid="matrix">1 2.98023e-8 2.98023e-8 0.1887197 2.98023e-8 0.9912479 -0.132013 8.9407e-8 0 0.132013 0.9912479 0 0 0 0 1</matrix>
                          </node>
                        </node>
                      </node>
                      <node id="node-Bip001_LUpArmTwist" name="Bip001_LUpArmTwist">
                        <matrix sid="matrix">0.9057378 0.2045049 0.3712369 0.07966623 -0.4006945 0.1276828 0.9072713 0 0.1381412 -0.9705024 0.197591 0 0 0 0 1</matrix>
                        <node id="node-Bip001_LUpArmTwist1" name="Bip001_LUpArmTwist1">
                          <matrix>1 0 2.98023e-8 0.2148667 -2.98023e-8 1 0 -1.19209e-7 0 -5.96046e-8 1 5.96046e-8 0 0 0 1</matrix>
                        </node>
                      </node>
                    </node>
                    <node id="node-Bip001_R_Clavicle" name="Bip001_R_Clavicle">
                      <matrix sid="matrix">-0.3623546 -0.0867469 -0.9279947 -0.04800189 0.6516631 -0.7354233 -0.1857096 0.002240896 -0.6663591 -0.6720325 0.3230138 -0.01948113 0 0 0 1</matrix>
                      <node id="node-Bip001_R_UpperArm" name="Bip001_R_UpperArm">
                        <matrix sid="matrix">0.937361 0.1348173 -0.3212142 0.0796662 -0.3439409 0.2117697 -0.9147996 5.96046e-8 -0.05530751 0.9679765 0.2448737 0 0 0 0 1</matrix>
                        <node id="node-Bip001_R_Forearm" name="Bip001_R_Forearm">
                          <matrix sid="matrix">-0.6246619 0.7808954 0 0.4297335 -0.7808951 -0.6246618 1.49012e-8 0 -2.98023e-8 -2.98023e-8 0.9999999 5.96046e-8 0 0 0 1</matrix>
                          <node id="node-Bip001_R_Hand" name="Bip001_R_Hand">
                            <matrix sid="matrix">0.6995613 0.2387289 0.6735151 0.3774394 0.7094398 -0.3448043 -0.6146587 -5.96046e-8 0.08549416 0.9078099 -0.4105755 -5.96046e-8 0 0 0 1</matrix>
                            <node id="node-Bip001_R_Finger0" name="Bip001_R_Finger0">
                              <matrix>0.6486483 0.5772247 -0.4960517 0.03908235 0.667616 -0.118583 0.7350016 0.01738539 0.3654376 -0.8079293 -0.462283 0.04049897 0 0 0 1</matrix>
                              <node id="node-Bip001_R_Finger01" name="Bip001_R_Finger01">
                                <matrix>0.6155393 -0.7881061 -1.49012e-8 0.1027657 0.7881061 0.6155393 0 -5.96046e-8 4.47035e-8 5.96046e-8 1 0 0 0 0 1</matrix>
                                <node id="node-Bip001_R_Finger02" name="Bip001_R_Finger02">
                                  <matrix>0.1523351 -0.9883288 2.98023e-8 0.05252492 0.9883288 0.1523351 0 -5.96046e-8 -1.19209e-7 -2.98023e-8 1 -1.19209e-7 0 0 0 1</matrix>
                                </node>
                              </node>
                            </node>
                            <node id="node-Bip001_R_Finger1" name="Bip001_R_Finger1">
                              <matrix>0.7109717 -0.6323431 -0.3076713 0.1458856 0.6327783 0.7661361 -0.1123713 -1.52737e-5 0.3067753 -0.1147949 0.9448339 0.01919663 0 0 0 1</matrix>
                              <node id="node-Bip001_R_Finger11" name="Bip001_R_Finger11">
                                <matrix>-0.6406224 -0.7678561 0 0.08578134 0.7678561 -0.6406225 -2.23517e-8 0 2.98023e-8 1.49012e-8 0.9999999 1.19209e-7 0 0 0 1</matrix>
                                <node id="node-Bip001_R_Finger12" name="Bip001_R_Finger12">
                                  <matrix>0.8432423 -0.5375337 0 0.05549777 0.5375336 0.8432423 0 4.47035e-8 0 -2.23517e-8 1 -5.96046e-8 0 0 0 1</matrix>
                                </node>
                              </node>
                            </node>
                            <node id="node-Bip001_R_Finger2" name="Bip001_R_Finger2">
                              <matrix>0.2634971 -0.9557803 0.1305896 0.143758 0.9628298 0.2522405 -0.09661079 0.003213406 0.0593987 0.1511922 0.9867182 -0.02870405 0 0 0 1</matrix>
                              <node id="node-Bip001_R_Finger21" name="Bip001_R_Finger21">
                                <matrix>-0.03544478 -0.9993716 -3.72529e-9 0.0714844 0.9993718 -0.03544471 0 0 0 0 1 0 0 0 0 1</matrix>
                                <node id="node-Bip001_R_Finger22" name="Bip001_R_Finger22">
                                  <matrix>0.7483484 -0.6633057 0 0.05113888 0.6633057 0.7483484 7.45058e-9 -2.98023e-8 1.49012e-8 -1.49012e-8 0.9999999 0 0 0 0 1</matrix>
                                </node>
                              </node>
                            </node>
                            <node id="node-mount0" name="mount0">
                              <matrix>-2.42508e-8 1 5.07571e-7 0.1088288 -1 -2.61134e-7 -1.3411e-7 0.03070411 1.2666e-7 -4.13042e-7 0.9999999 0.01333499 0 0 0 1</matrix>
                            </node>
                          </node>
                        </node>
                        <node id="node-Bip001_R_ForeTwist" name="Bip001_R_ForeTwist">
                          <matrix sid="matrix">-0.6246619 0.7658979 -0.1523089 0.4297335 -0.7808951 -0.6126648 0.1218365 0 -2.98023e-8 0.1950439 0.9807945 5.96046e-8 0 0 0 1</matrix>
                          <node id="node-Bip001_R_ForeTwist1" name="Bip001_R_ForeTwist1">
                            <matrix sid="matrix">1 0 -3.72529e-8 0.1887197 8.9407e-8 0.9807945 -0.1950439 -2.98023e-8 0 0.1950438 0.9807944 0 0 0 0 1</matrix>
                          </node>
                        </node>
                      </node>
                      <node id="node-Bip001_RUpArmTwist" name="Bip001_RUpArmTwist">
                        <matrix sid="matrix">0.937361 0.1348173 -0.3212142 0.0796662 -0.3439409 0.2117697 -0.9147996 5.96046e-8 -0.05530751 0.9679765 0.2448737 0 0 0 0 1</matrix>
                        <node id="node-Bip001_RUpArmTwist1" name="Bip001_RUpArmTwist1">
                          <matrix>0.9999999 0 0 0.2148669 1.49012e-8 0.9999999 1.49012e-8 0 0 -7.45058e-9 0.9999999 5.96046e-8 0 0 0 1</matrix>
                        </node>
                      </node>
                    </node>
                  </node>
                </node>
              </node>
            </node>
            <node id="node-Bip001_L_Thigh" name="Bip001_L_Thigh">
              <matrix sid="matrix">-0.8197035 0.5333469 -0.2088717 -0.09992927 0.4692336 0.8343992 0.2891329 0.008276016 0.3284904 0.1389937 -0.9342242 0.05696535 0 0 0 1</matrix>
              <node id="node-Bip001_L_Calf" name="Bip001_L_Calf">
                <matrix sid="matrix">0.07495967 0.9971867 0 0.4541689 -0.9971866 0.07495973 0 0 -8.9407e-8 -5.96046e-8 1 -5.96046e-8 0 0 0 1</matrix>
                <node id="node-Bip001_L_HorseLink" name="Bip001_L_HorseLink">
                  <matrix sid="matrix">0.008875787 -0.9999606 0 0.3208732 0.9999605 0.008875757 2.98023e-8 0 -2.98023e-8 -5.96046e-8 0.9999999 5.96046e-8 0 0 0 1</matrix>
                  <node id="node-Bip001_L_Foot" name="Bip001_L_Foot">
                    <matrix sid="matrix">0.6611195 0.7489377 -0.04486817 0.3617601 -0.7498944 0.657679 -0.071529 7.45058e-9 -0.02406183 0.08093564 0.9964288 0 0 0 0 1</matrix>
                    <node id="node-Bip001_L_Toe0" name="Bip001_L_Toe0">
                      <matrix sid="matrix">-0.4495885 -0.8909038 -0.06450629 0.08654231 0.8317735 -0.4438848 0.3333459 0.1234713 -0.3256124 0.09621373 0.9405953 -0.02420586 0 0 0 1</matrix>
                      <node id="node-Bip001_L_Toe01" name="Bip001_L_Toe01">
                        <matrix sid="matrix">0.9716383 0.2364717 -1.11759e-8 0.04576607 -0.2364717 0.9716383 0 -2.98023e-8 -1.49012e-8 0 1 -8.9407e-8 0 0 0 1</matrix>
                        <node id="node-Bip001_L_Toe02" name="Bip001_L_Toe02">
                          <matrix sid="matrix">0.8443084 0.5358578 -7.45058e-9 0.03187376 -0.5358577 0.8443084 2.98023e-8 4.47035e-8 -5.96046e-8 0 1 5.96046e-8 0 0 0 1</matrix>
                        </node>
                      </node>
                    </node>
                    <node id="node-Bip001_L_Toe1" name="Bip001_L_Toe1">
                      <matrix sid="matrix">-0.8310906 -0.4636122 -0.3071687 0.09280637 0.5539476 -0.7390573 -0.383323 0.1308167 -0.04930216 -0.4887314 0.8710402 0.03696457 0 0 0 1</matrix>
                      <node id="node-Bip001_L_Toe11" name="Bip001_L_Toe11">
                        <matrix sid="matrix">0.9879118 -0.1550181 -5.25188e-9 0.04370602 0.1550181 0.9879118 7.24867e-10 0 -2.70848e-9 5.16502e-9 1 -5.96046e-8 0 0 0 1</matrix>
                        <node id="node-Bip001_L_Toe12" name="Bip001_L_Toe12">
                          <matrix sid="matrix">0.5042804 0.8635399 -1.22687e-8 0.03796016 -0.8635399 0.5042804 1.22045e-8 0 -2.37519e-8 1.61936e-8 1 5.96046e-8 0 0 0 1</matrix>
                        </node>
                      </node>
                    </node>
                    <node id="node-Bip001_L_Toe2" name="Bip001_L_Toe2">
                      <matrix sid="matrix">-0.2112013 -0.8915808 0.400597 0.06798327 -0.06515731 -0.3960883 -0.9158978 0.002804026 0.9752685 -0.2195407 0.02556128 0.04295146 0 0 0 1</matrix>
                      <node id="node-Bip001_L_Toe21" name="Bip001_L_Toe21">
                        <matrix sid="matrix">1 0 1.86265e-9 0.01451743 2.98023e-8 1 0 -2.23517e-8 -3.72529e-9 0 1 -7.45058e-9 0 0 0 1</matrix>
                        <node id="node-Bip001_L_Toe22" name="Bip001_L_Toe22">
                          <matrix sid="matrix">0.5236049 0.8519613 1.86265e-9 0.03369504 -0.8519613 0.5236049 0 2.23517e-8 0 -1.86265e-9 1 1.49012e-8 0 0 0 1</matrix>
                        </node>
                      </node>
                    </node>
                  </node>
                </node>
              </node>
            </node>
            <node id="node-Bip001_R_Thigh" name="Bip001_R_Thigh">
              <matrix sid="matrix">-0.313896 0.7031292 0.6380274 -0.09360701 0.8527994 0.5041968 -0.1360838 0.004001319 -0.4173758 0.5013933 -0.7578933 -0.08819 0 0 0 1</matrix>
              <node id="node-Bip001_R_Calf" name="Bip001_R_Calf">
                <matrix sid="matrix">-0.5177465 0.8555341 -2.98023e-8 0.4541689 -0.855534 -0.5177466 0 0 2.23517e-8 5.96046e-8 1 0 0 0 0 1</matrix>
                <node id="node-Bip001_R_HorseLink" name="Bip001_R_HorseLink">
                  <matrix sid="matrix">-0.7585612 -0.6516017 -7.45058e-9 0.3208732 0.6516018 -0.7585612 0 0 8.9407e-8 0 1 0 0 0 0 1</matrix>
                  <node id="node-Bip001_R_Foot" name="Bip001_R_Foot">
                    <matrix sid="matrix">-0.2083507 0.9767832 -0.0498469 0.3617601 -0.9710324 -0.2126823 -0.108916 5.96046e-8 -0.1169889 0.02571014 0.9928005 0 0 0 0 1</matrix>
                    <node id="node-Bip001_R_Toe0" name="Bip001_R_Toe0">
                      <matrix sid="matrix">0.5779279 -0.7961318 0.1793692 0.08654231 0.8104194 0.5857401 -0.01136024 0.1234713 -0.09601945 0.1519296 0.9837162 0.02420595 0 0 0 1</matrix>
                      <node id="node-Bip001_R_Toe01" name="Bip001_R_Toe01">
                        <matrix sid="matrix">0.4581301 0.8888852 -2.98023e-8 0.04576603 -0.8888851 0.4581301 0 -2.98023e-8 1.49012e-8 2.98023e-8 0.9999999 0 0 0 0 1</matrix>
                        <node id="node-Bip001_R_Toe02" name="Bip001_R_Toe02">
                          <matrix sid="matrix">0.3162256 0.948684 0 0.03187373 -0.948684 0.3162256 0 1.49012e-8 -1.49012e-8 1.49012e-8 1 0 0 0 0 1</matrix>
                        </node>
                      </node>
                    </node>
                    <node id="node-Bip001_R_Toe1" name="Bip001_R_Toe1">
                      <matrix sid="matrix">0.5589359 -0.8254053 0.0793508 0.09280637 0.8283894 0.5600782 -0.009137347 0.1308167 -0.03690067 0.07084049 0.9968047 -0.03696454 0 0 0 1</matrix>
                      <node id="node-Bip001_R_Toe11" name="Bip001_R_Toe11">
                        <matrix sid="matrix">0.3875983 0.9218284 0 0.04370601 -0.9218284 0.3875983 1.49012e-8 -2.98023e-8 -2.98023e-8 0 1 0 0 0 0 1</matrix>
                        <node id="node-Bip001_R_Toe12" name="Bip001_R_Toe12">
                          <matrix sid="matrix">0.3049995 0.9523524 0 0.03796014 -0.9523525 0.3049994 0 2.98023e-8 1.49012e-8 2.98023e-8 1 5.96046e-8 0 0 0 1</matrix>
                        </node>
                      </node>
                    </node>
                    <node id="node-Bip001_R_Toe2" name="Bip001_R_Toe2">
                      <matrix sid="matrix">0.3976857 -0.460178 -0.7937772 0.06798324 0.3496199 -0.7238594 0.5948055 0.002804011 -0.8482994 -0.514066 -0.1269812 -0.04295146 0 0 0 1</matrix>
                      <node id="node-Bip001_R_Toe21" name="Bip001_R_Toe21">
                        <matrix sid="matrix">0.9531193 0.3025945 0 0.01451746 -0.3025944 0.9531194 0 -1.49012e-8 2.98023e-8 2.6077e-8 0.9999999 0 0 0 0 1</matrix>
                        <node id="node-Bip001_R_Toe22" name="Bip001_R_Toe22">
                          <matrix sid="matrix">0.2743029 0.9616433 0 0.03369501 -0.9616433 0.2743029 0 1.49012e-8 -2.23517e-8 -4.47035e-8 1 2.98023e-8 0 0 0 1</matrix>
                        </node>
                      </node>
                    </node>
                  </node>
                </node>
              </node>
            </node>
          </node>
        </node>
      </node>
      <node id="node-Bounds" name="Bounds">
        <matrix sid="matrix">1 0 0 0 0 1 0 0.411981 0 0 1 0 0 0 0 1</matrix>
        <instance_geometry url="#geom-Bounds">
          <bind_material>
            <technique_common>
              <instance_material symbol="ColorMaterial" target="#ColorEffectR88G199B225-material"/>
            </technique_common>
          </bind_material>
        </instance_geometry>
      </node>
      <node id="node-EYE" name="EYE">
        <matrix sid="matrix">-0.9999971 0.002421276 -8.76342e-8 4.09043e-8 -0.002421276 -0.9999971 8.72108e-8 0.411981 -8.74228e-8 8.74228e-8 1 1.6 0 0 0 1</matrix>
      </node>
      <node id="node-CAM" name="CAM">
        <matrix sid="matrix">-0.9999996 1.50996e-7 0 0 -1.50996e-7 -0.9999996 1.77636e-15 -0.009719968 0 1.77636e-15 1 1.928079 0 0 0 1</matrix>
      </node>
    </visual_scene>
  </library_visual_scenes>
  <library_animations>
    <animation>
      <source id="node-Bip001_matrix-input">
        <float_array id="node-Bip001_matrix-input-array" count="20">17 17.03333 17.06667 17.1 17.13333 17.16667 17.2 17.23333 17.26667 17.3 17.33333 17.36667 17.4 17.43333 17.46667 17.5 17.53333 17.56667 17.6 17.63333</float_array>
        <technique_common>
          <accessor source="#node-Bip001_matrix-input-array" count="20" stride="1">
            <param name="TIME" type="float"/>
          </accessor>
        </technique_common>
      </source>
      <source id="node-Bip001_matrix-output">
        <float_array id="node-Bip001_matrix-output-array" count="320">0.172621 -0.9794672 0.1041439 -0.01399999 0.9443106 0.1946356 0.2653194 0 -0.2801418 0.05254441 0.9585195 0.9088534 0 0 0 1 0.1740077 -0.9790869 0.1054054 -0.1116368 0.943462 0.1964225 0.2670162 -1.79653e-7 -0.282136 0.05298304 0.9579102 0.8860395 0 0 0 1 0.1748549 -0.9787115 0.1074693 -0.2078015 0.9427546 0.1979049 0.2684166 -4.25209e-7 -0.2839711 0.05438309 0.9572893 0.8633354 0 0 0 1 0.175298 -0.9783835 0.1097107 -0.3031376 0.942213 0.1990354 0.2694802 -7.54326e-7 -0.2854913 0.05613148 0.9567361 0.843538 0 0 0 1 0.1754676 -0.9781485 0.1115193 -0.3982633 0.9418649 0.1997599 0.2701601 -1.10465e-6 -0.2865338 0.05763167 0.9563352 0.8294596 0 0 0 1 0.1754947 -0.978058 0.1122681 -0.4938022 0.9417413 0.2000168 0.2704009 -1.41332e-6 -0.2869232 0.05827355 0.9561795 0.8240632 0 0 0 1 0.1755214 -0.9780877 0.1119675 -0.5931721 0.9417725 0.199952 0.2703402 -1.68893e-6 -0.2868046 0.05799734 0.9562319 0.8295753 0 0 0 1 0.1755796 -0.9781674 0.1111774 -0.6925419 0.9418601 0.1997697 0.2701693 -1.96454e-6 -0.2864807 0.05727726 0.9563724 0.8444336 0 0 0 1 0.1756364 -0.9782834 0.1100612 -0.7919118 0.941996 0.199487 0.2699045 -2.24015e-6 -0.2859989 0.05627214 0.9565762 0.8662036 0 0 0 1 0.1756605 -0.9784227 0.1087767 -0.8912817 0.9421719 0.1991208 0.2695608 -2.51577e-6 -0.2854041 0.05513513 0.9568201 0.8925359 0 0 0 1 0.1756202 -0.9785733 0.1074792 -0.9906515 0.9423802 0.1986865 0.2691529 -2.79138e-6 -0.2847406 0.05401748 0.9570814 0.9211357 0 0 0 1 0.1754854 -0.9787238 0.1063228 -1.090021 0.942613 0.1982003 0.2686954 -3.06699e-6 -0.2840517 0.05306911 0.9573392 0.9497355 0 0 0 1 0.175225 -0.9788635 0.1054624 -1.189391 0.9428635 0.1976767 0.268202 -3.3426e-6 -0.2833806 0.052441 0.9575726 0.9760677 0 0 0 1 0.1748078 -0.9789819 0.1050559 -1.288761 0.9431241 0.1971309 0.267687 -3.61822e-6 -0.2827705 0.05228692 0.9577614 0.9978378 0 0 0 1 0.1742024 -0.9790673 0.1052652 -1.388131 0.9433876 0.1965784 0.2671644 -3.89383e-6 -0.2822648 0.05276513 0.9578844 1.012696 0 0 0 1 0.173375 -0.9791069 0.1062588 -1.487501 0.9436465 0.1960343 0.2666492 -4.16944e-6 -0.2819084 0.05404037 0.9579182 1.018208 0 0 0 1 0.1720488 -0.9790232 0.1091457 -1.589753 0.9438776 0.1955482 0.2661879 -4.49914e-6 -0.2819474 0.05722278 0.9577219 1.009511 0 0 0 1 0.1705138 -0.9788463 0.1130712 -1.691763 0.9440617 0.1951605 0.2658196 -4.87334e-6 -0.2822635 0.06142026 0.9573687 0.9879128 0 0 0 1 0.1695637 -0.9787452 0.1153514 -1.793896 0.9441971 0.194875 0.265548 -5.22488e-6 -0.282383 0.06388711 0.957172 0.959806 0 0 0 1 0.1699931 -0.9789091 0.1133106 -1.896516 0.944281 0.1946979 0.2653791 -5.48717e-6 -0.2818434 0.06188446 0.9574626 0.9313665 0 0 0 1</float_array>
        <technique_common>
          <accessor source="#node-Bip001_matrix-output-array" count="20" stride="16">
            <param name="TRANSFORM" type="float4x4"/>
          </accessor>
        </technique_common>
      </source>
      <source id="node-Bip001_matrix-interpolation">
        <Name_array id="node-Bip001_matrix-interpolation-array" count="20">LINEAR LINEAR LINEAR LINEAR LINEAR LINEAR LINEAR LINEAR LINEAR LINEAR LINEAR LINEAR LINEAR LINEAR LINEAR LINEAR LINEAR LINEAR LINEAR LINEAR</Name_array>
        <technique_common>
          <accessor source="#node-Bip001_matrix-interpolation-array" count="20" stride="1">
            <param name="INTERPOLATION" type="name"/>
          </accessor>
        </technique_common>
      </source>
      <source id="node-Bip001_Pelvis_matrix-input">
        <float_array id="node-Bip001_Pelvis_matrix-input-array" count="20">17 17.03333 17.06667 17.1 17.13333 17.16667 17.2 17.23333 17.26667 17.3 17.33333 17.36667 17.4 17.43333 17.46667 17.5 17.53333 17.56667 17.6 17.63333</float_array>
        <technique_common>
          <accessor source="#node-Bip001_Pelvis_matrix-input-array" count="20" stride="1">
            <param name="TIME" type="float"/>
          </accessor>
        </technique_common>
      </source>
      <source id="node-Bip001_Pelvis_matrix-output">
        <float_array id="node-Bip001_Pelvis_matrix-output-array" count="320">0 1 -1.40071e-6 0 -0.1140869 1.35787e-6 0.9934707 0 0.9934707 2.08616e-7 0.1140869 0 0 0 0 1 0 1 -1.40443e-6 0 -0.123553 1.35507e-6 0.9923378 0 0.9923378 1.49012e-7 0.123553 0 0 0 0 1 0 1 -1.35228e-6 0 -0.1462684 1.36998e-6 0.9892449 0 0.989245 1.78814e-7 0.1462684 0 0 0 0 1 0 1 -1.42306e-6 0 -0.1737121 1.37091e-6 0.9847965 0 0.9847965 2.38419e-7 0.1737121 0 0 0 0 1 0 1 -1.38581e-6 0 -0.197458 1.34856e-6 0.9803113 0 0.9803112 2.68221e-7 0.197458 0 0 0 0 1 0 1 -1.40816e-6 0 -0.209223 1.36718e-6 0.977868 0 0.977868 2.98023e-7 0.209223 0 0 0 0 1 0 1 -1.40816e-6 0 -0.2007583 1.35228e-6 0.9796409 0 0.9796408 3.27826e-7 0.2007583 0 0 0 0 1 0 1 -1.40071e-6 0 -0.1533114 1.38208e-6 0.988178 0 0.988178 1.78814e-7 0.1533114 0 0 0 0 1 0 1 -1.38208e-6 0 -0.07050371 1.40071e-6 0.9975117 0 0.9975116 1.19209e-7 0.07050371 0 0 0 0 1 0 1 -1.39419e-6 0 0.02146637 1.39326e-6 0.9997696 0 0.9997696 0 -0.02146637 0 0 0 0 1 0 1 -1.39046e-6 0 0.095555 1.39605e-6 0.9954242 0 0.9954242 -1.19209e-7 -0.095555 0 0 0 0 1 0 1 -1.36532e-6 0 0.1253374 1.39419e-6 0.9921142 0 0.9921142 -1.78814e-7 -0.1253374 0 0 0 0 1 0 1 -1.39605e-6 0 0.09403955 1.40257e-6 0.9955686 0 0.9955686 -1.49012e-7 -0.09403955 0 0 0 0 1 0 0.9999998 -1.39605e-6 0 0.01888018 1.36718e-6 0.9998217 0 0.9998217 0 -0.01888018 0 0 0 0 1 0 1 -1.40443e-6 0 -0.07437145 1.37929e-6 0.9972307 0 0.9972306 1.19209e-7 0.07437145 0 0 0 0 1 0 1 -1.37091e-6 0 -0.1593258 1.37556e-6 0.9872261 0 0.987226 2.38419e-7 0.1593259 0 0 0 0 1 0 1 -1.40071e-6 0 -0.2104524 1.35042e-6 0.9776042 0 0.9776041 2.98023e-7 0.2104524 0 0 0 0 1 0 1 -1.39326e-6 0 -0.2101926 1.36346e-6 0.9776601 0 0.97766 2.98023e-7 0.2101927 0 0 0 0 1 0 1 -1.38581e-6 0 -0.175605 1.38953e-6 0.9844607 0 0.9844608 2.38419e-7 0.175605 0 0 0 0 1 0 1 -1.38208e-6 0 -0.1341958 1.40071e-6 0.9909548 0 0.9909549 2.08616e-7 0.1341958 0 0 0 0 1</float_array>
        <technique_common>
          <accessor source="#node-Bip001_Pelvis_matrix-output-array" count="20" stride="16">
            <param name="TRANSFORM" type="float4x4"/>
          </accessor>
        </technique_common>
      </source>
      <source id="node-Bip001_Pelvis_matrix-interpolation">
        <Name_array id="node-Bip001_Pelvis_matrix-interpolation-array" count="20">LINEAR LINEAR LINEAR LINEAR LINEAR LINEAR LINEAR LINEAR LINEAR LINEAR LINEAR LINEAR LINEAR LINEAR LINEAR LINEAR LINEAR LINEAR LINEAR LINEAR</Name_array>
        <technique_common>
          <accessor source="#node-Bip001_Pelvis_matrix-interpolation-array" count="20" stride="1">
            <param name="INTERPOLATION" type="name"/>
          </accessor>
        </technique_common>
      </source>
      <source id="node-Bip001_Spine_matrix-input">
        <float_array id="node-Bip001_Spine_matrix-input-array" count="20">17 17.03333 17.06667 17.1 17.13333 17.16667 17.2 17.23333 17.26667 17.3 17.33333 17.36667 17.4 17.43333 17.46667 17.5 17.53333 17.56667 17.6 17.63333</float_array>
        <technique_common>
          <accessor source="#node-Bip001_Spine_matrix-input-array" count="20" stride="1">
            <param name="TIME" type="float"/>
          </accessor>
        </technique_common>
      </source>
      <source id="node-Bip001_Spine_matrix-output">
        <float_array id="node-Bip001_Spine_matrix-output-array" count="320">0.9968292 -0.06539052 0.04534167 0.09757065 0.06663364 0.9974264 -0.02646982 -8.81553e-5 -0.0434941 0.0294072 0.9986208 0.01120138 0 0 0 1 0.9971985 -0.06566786 0.03581923 0.09745949 0.06663358 0.9974263 -0.02646982 -8.81851e-5 -0.03398877 0.02878242 0.9990076 0.01213115 0 0 0 1 0.9977157 -0.06631046 0.01290905 0.0971558 0.06663364 0.9974264 -0.02646988 -8.81851e-5 -0.01112061 0.02726948 0.9995665 0.01436203 0 0 0 1 0.997639 -0.06704288 -0.01488298 0.0967189 0.0666337 0.9974262 -0.02646982 -8.81851e-5 0.01661932 0.02541559 0.9995387 0.01705735 0 0 0 1 0.9969462 -0.0676375 -0.03903156 0.09627854 0.06663376 0.9974265 -0.02646982 -8.82149e-5 0.04072141 0.02378821 0.9988874 0.01938945 0 0 0 1 0.9963847 -0.06791847 -0.05103123 0.09603857 0.06663376 0.9974262 -0.02646982 -8.81851e-5 0.05269765 0.02297371 0.9983462 0.02054494 0 0 0 1 0.9968034 -0.06771725 -0.04239535 0.09621262 0.06663376 0.9974264 -0.02646988 -8.81851e-5 0.0440787 0.02356022 0.9987502 0.01971364 0 0 0 1 0.9977693 -0.06650298 0.005788505 0.09705102 0.0666337 0.9974263 -0.02646982 -8.81851e-5 -0.004013299 0.02679651 0.9996328 0.01505374 0 0 0 1 0.9939709 -0.06404089 0.08899748 0.09796744 0.06663358 0.9974263 -0.02646988 -8.81851e-5 -0.08707332 0.03224045 0.99568 0.006920993 0 0 0 1 0.9817626 -0.06080687 0.1801244 0.09818881 0.0666334 0.9974264 -0.02646982 -8.82149e-5 -0.1780512 0.03798943 0.9832876 -0.002111434 0 0 0 1 0.9658536 -0.05782175 0.2525537 0.0977618 0.06663334 0.9974263 -0.02646988 -8.82447e-5 -0.2503731 0.04239451 0.9672206 -0.009387791 0 0 0 1 0.9579184 -0.05652558 0.2814205 0.09743672 0.06663334 0.9974265 -0.02646988 -8.82447e-5 -0.2792 0.04410797 0.9592196 -0.01231294 0 0 0 1 0.9662336 -0.05788624 0.2510809 0.09777587 0.0666334 0.9974265 -0.02646988 -8.82149e-5 -0.2489025 0.04230642 0.9676041 -0.009238839 0 0 0 1 0.9822198 -0.06090492 0.1775803 0.09819406 0.06663346 0.9974265 -0.02646988 -8.83341e-5 -0.1755111 0.03783202 0.9837503 -0.001857399 0 0 0 1 0.9943011 -0.06416547 0.08513569 0.09793972 0.06663364 0.9974265 -0.02646982 -8.80957e-5 -0.08321809 0.03199189 0.9960177 0.007300853 0 0 0 1 0.9977754 -0.06666493 -2.98604e-4 0.09695732 0.06663364 0.9974263 -0.02646982 -8.81553e-5 0.002062439 0.02639102 0.9996495 0.01564431 0 0 0 1 0.9963179 -0.06794732 -0.0522865 0.09601271 0.06663376 0.9974264 -0.02646982 -8.82149e-5 0.05395042 0.0228883 0.9982813 0.02066576 0 0 0 1 0.9963321 -0.06794124 -0.05202114 0.09601819 0.06663376 0.9974263 -0.02646982 -8.80957e-5 0.05368572 0.02290636 0.998295 0.02064001 0 0 0 1 0.9976053 -0.0670917 -0.01680451 0.09668606 0.0666337 0.9974264 -0.02646982 -8.82149e-5 0.01853722 0.02528667 0.9995085 0.01724314 0 0 0 1 0.9975058 -0.06597298 0.0250957 0.09732365 0.06663364 0.9974264 -0.02646982 -8.81553e-5 -0.02328485 0.02807605 0.9993346 0.01317608 0 0 0 1</float_array>
        <technique_common>
          <accessor source="#node-Bip001_Spine_matrix-output-array" count="20" stride="16">
            <param name="TRANSFORM" type="float4x4"/>
          </accessor>
        </technique_common>
      </source>
      <source id="node-Bip001_Spine_matrix-interpolation">
        <Name_array id="node-Bip001_Spine_matrix-interpolation-array" count="20">LINEAR LINEAR LINEAR LINEAR LINEAR LINEAR LINEAR LINEAR LINEAR LINEAR LINEAR LINEAR LINEAR LINEAR LINEAR LINEAR LINEAR LINEAR LINEAR LINEAR</Name_array>
        <technique_common>
          <accessor source="#node-Bip001_Spine_matrix-interpolation-array" count="20" stride="1">
            <param name="INTERPOLATION" type="name"/>
          </accessor>
        </technique_common>
      </source>
      <source id="node-Bip001_Spine1_matrix-input">
        <float_array id="node-Bip001_Spine1_matrix-input-array" count="20">17 17.03333 17.06667 17.1 17.13333 17.16667 17.2 17.23333 17.26667 17.3 17.33333 17.36667 17.4 17.43333 17.46667 17.5 17.53333 17.56667 17.6 17.63333</float_array>
        <technique_common>
          <accessor source="#node-Bip001_Spine1_matrix-input-array" count="20" stride="1">
            <param name="TIME" type="float"/>
          </accessor>
        </technique_common>
      </source>
      <source id="node-Bip001_Spine1_matrix-output">
