<?xml version="1.0" encoding="utf-8"?>
<COLLADA xmlns="http://www.collada.org/2005/11/COLLADASchema" version="1.4.1">
  <asset>
    <contributor>
      <author>MattO</author>
      <authoring_tool>OpenCOLLADA for 3ds Max;  Version: 1.3.0;  Revision: 839M;  Platform: x64;  Configuration: Release_Max2012</authoring_tool>
      <source_data>file:///C:/Dropbox/Prj/GGStout/Kralmok/Soldier_TP_Kralmok_Animation_Master.max</source_data>
    </contributor>
    <created>2011-11-07T11:16:52</created>
    <modified>2011-11-07T11:16:52</modified>
    <unit name="meter" meter="1"/>
    <up_axis>Z_UP</up_axis>
  </asset>
  <library_effects>
    <effect id="ShapeBounds">
      <profile_COMMON>
        <technique sid="common">
          <blinn>
            <emission>
              <color>0 0 0 1</color>
            </emission>
            <ambient>
              <color>0.1647059 1 0 1</color>
            </ambient>
            <diffuse>
              <color>0.1647059 1 0 1</color>
            </diffuse>
            <specular>
              <color>0.9 0.9 0.9 1</color>
            </specular>
            <shininess>
              <float>10</float>
            </shininess>
            <reflective>
              <color>0 0 0 1</color>
            </reflective>
            <transparent opaque="A_ONE">
              <color>1 1 1 1</color>
            </transparent>
            <transparency>
              <float>1</float>
            </transparency>
          </blinn>
        </technique>
      </profile_COMMON>
      <extra>
        <technique profile="OpenCOLLADA3dsMax">
          <extended_shader>
            <apply_reflection_dimming>0</apply_reflection_dimming>
            <dim_level>0</dim_level>
            <falloff_type>0</falloff_type>
            <index_of_refraction>1.5</index_of_refraction>
            <opacity_type>0</opacity_type>
            <reflection_level>3</reflection_level>
            <wire_size>1</wire_size>
            <wire_units>0</wire_units>
          </extended_shader>
          <shader>
            <ambient_diffuse_lock>1</ambient_diffuse_lock>
            <ambient_diffuse_texture_lock>1</ambient_diffuse_texture_lock>
            <diffuse_specular_lock>0</diffuse_specular_lock>
            <soften>0.1</soften>
            <use_self_illum_color>0</use_self_illum_color>
          </shader>
        </technique>
      </extra>
    </effect>
  </library_effects>
  <library_materials>
    <material id="ShapeBounds-material" name="ShapeBounds">
      <instance_effect url="#ShapeBounds"/>
    </material>
  </library_materials>
  <library_geometries>
    <geometry id="geom-Bounds" name="Bounds">
      <mesh>
        <source id="geom-Bounds-positions">
          <float_array id="geom-Bounds-positions-array" count="24">-0.425 -0.425 0 0.425 -0.425 0 -0.425 0.425 0 0.425 0.425 0 -0.425 -0.425 1.84 0.425 -0.425 1.84 -0.425 0.425 1.84 0.425 0.425 1.84</float_array>
          <technique_common>
            <accessor source="#geom-Bounds-positions-array" count="8" stride="3">
              <param name="X" type="float"/>
              <param name="Y" type="float"/>
              <param name="Z" type="float"/>
            </accessor>
          </technique_common>
        </source>
        <source id="geom-Bounds-normals">
          <float_array id="geom-Bounds-normals-array" count="72">0 0 -1 0 0 -1 0 0 -1 0 0 -1 0 0 1 0 0 1 0 0 1 0 0 1 0 -1 0 0 -1 0 0 -1 0 0 -1 0 1 0 0 1 0 0 1 0 0 1 0 0 0 1 0 0 1 0 0 1 0 0 1 0 -1 0 0 -1 0 0 -1 0 0 -1 0 0</float_array>
          <technique_common>
            <accessor source="#geom-Bounds-normals-array" count="24" stride="3">
              <param name="X" type="float"/>
              <param name="Y" type="float"/>
              <param name="Z" type="float"/>
            </accessor>
          </technique_common>
        </source>
        <source id="geom-Bounds-map1">
          <float_array id="geom-Bounds-map1-array" count="36">0 0 0 1 0 0 0 1 0 1 1 0 0 0 0 1 0 0 0 1 0 1 1 0 0 0 0 1 0 0 0 1 0 1 1 0</float_array>
          <technique_common>
            <accessor source="#geom-Bounds-map1-array" count="12" stride="3">
              <param name="S" type="float"/>
              <param name="T" type="float"/>
              <param name="P" type="float"/>
            </accessor>
          </technique_common>
        </source>
        <vertices id="geom-Bounds-vertices">
          <input semantic="POSITION" source="#geom-Bounds-positions"/>
        </vertices>
        <triangles material="ShapeBounds" count="12">
          <input semantic="VERTEX" source="#geom-Bounds-vertices" offset="0"/>
          <input semantic="NORMAL" source="#geom-Bounds-normals" offset="1"/>
          <input semantic="TEXCOORD" source="#geom-Bounds-map1" offset="2" set="0"/>
          <p>0 0 9 2 1 11 3 2 10 3 2 10 1 3 8 0 0 9 4 4 8 5 5 9 7 6 11 7 6 11 6 7 10 4 4 8 0 8 4 1 9 5 5 10 7 5 10 7 4 11 6 0 8 4 1 12 0 3 13 1 7 14 3 7 14 3 5 15 2 1 12 0 3 16 4 2 17 5 6 18 7 6 18 7 7 19 6 3 16 4 2 20 0 0 21 1 4 22 3 4 22 3 6 23 2 2 20 0</p>
        </triangles>
      </mesh>
      <extra>
        <technique profile="OpenCOLLADA3dsMax">
          <max_box>
            <generateuvs>1</generateuvs>
            <height>1.84</height>
            <heightsegments>1</heightsegments>
            <length>0.85</length>
            <lengthsegments>1</lengthsegments>
            <width>0.85</width>
            <widthsegments>1</widthsegments>
          </max_box>
        </technique>
      </extra>
    </geometry>
  </library_geometries>
  <library_lights>
    <light id="EnvironmentAmbientLight" name="EnvironmentAmbientLight">
      <technique_common>
        <ambient>
          <color>0 0 0</color>
        </ambient>
      </technique_common>
    </light>
  </library_lights>
  <library_visual_scenes>
    <visual_scene id="MaxScene">
      <node name="EnvironmentAmbientLight">
        <instance_light url="#EnvironmentAmbientLight"/>
      </node>
      <node id="node-Bip01" name="Bip01">
        <matrix>0.7792376 -0.6267173 0.003750267 -0.005676784 0.6267178 0.7792454 0.001183462 0.01396836 -0.003664074 0.001428161 0.9999923 0.7992491 0 0 0 1</matrix>
        <node id="node-Bip01_Pelvis" name="Bip01_Pelvis">
          <matrix>-0.009626727 0.991236 0.1317526 0 -0.1217413 -0.1319404 0.9837534 0 0.9925151 -0.006569401 0.1219445 0 0 0 0 1</matrix>
          <node id="node-Bip01_Spine" name="Bip01_Spine">
            <matrix sid="matrix">0.9994985 0.03032242 -0.009152852 0.1974968 -0.03134019 0.904956 -0.4243498 0.02499993 -0.004584387 0.4244238 0.9054522 0.02776917 0 0 0 1</matrix>
            <node id="node-Bip01_Spine1" name="Bip01_Spine1">
              <matrix sid="matrix">0.9826281 0.1702064 0.07396968 0.1022126 -0.1475373 0.9582312 -0.2450017 -9.67979e-5 -0.1125809 0.2298323 0.9666967 -2.32086e-5 0 0 0 1</matrix>
              <node id="node-Bip01_Spine2" name="Bip01_Spine2">
                <matrix sid="matrix">0.9802223 0.0492782 0.1916668 0.1268576 -0.03247124 0.9954248 -0.08986263 -1.70469e-4 -0.1952182 0.08186163 0.9773375 -1.40071e-5 0 0 0 1</matrix>
                <node id="node-Bip01_Neck" name="Bip01_Neck">
                  <matrix sid="matrix">0.9112092 -0.4085974 -0.05240498 0.2151058 0.4010301 0.9089494 -0.1139565 -5.00977e-5 0.09419583 0.08282226 0.9921027 -4.58956e-6 0 0 0 1</matrix>
                  <node id="node-Bip01_Head" name="Bip01_Head">
                    <matrix sid="matrix">0.7781672 0.6097812 -0.1504087 0.07051826 -0.6277853 0.7481499 -0.2148427 -0.01395917 -0.01847886 0.2616081 0.9649975 1.49012e-8 0 0 0 1</matrix>
                    <node id="node-AltEye" name="AltEye">
                      <matrix sid="matrix">0.1463265 -0.6059974 0.7818927 0.06454682 -0.05168426 0.7846374 0.6177975 0.2214611 -0.9878855 -0.130812 0.08349257 0.04716257 0 0 0 1</matrix>
                    </node>
                  </node>
                  <node id="node-Bip01_L_Clavicle" name="Bip01_L_Clavicle">
                    <matrix sid="matrix">0.270352 -0.3887209 0.8807985 -0.01740611 0.1218805 -0.8936875 -0.4318191 -0.009026319 0.9550158 0.2240953 -0.1942327 0.07130207 0 0 0 1</matrix>
                    <node id="node-Bip01_L_UpperArm" name="Bip01_L_UpperArm">
                      <matrix sid="matrix">0.2395843 0.6423624 0.7279909 0.1824007 -0.8030658 -0.2902649 0.5204149 -2.98023e-8 0.5456048 -0.7093076 0.4463161 1.19209e-7 0 0 0 1</matrix>
                      <node id="node-Bip01_L_Forearm" name="Bip01_L_Forearm">
                        <matrix sid="matrix">0.7035155 0.71068 0 0.2843689 -0.7106799 0.7035155 5.21541e-8 1.49012e-8 -2.98023e-8 4.47035e-8 1 5.96046e-8 0 0 0 1</matrix>
                        <node id="node-Bip01_L_Hand" name="Bip01_L_Hand">
                          <matrix sid="matrix">0.7130041 0.381103 -0.5885453 0.2810678 0.1242376 0.7574387 0.6409772 -5.96046e-8 0.6900653 -0.5301389 0.4927096 0 0 0 0 1</matrix>
                          <node id="node-Bip01_L_Finger0" name="Bip01_L_Finger0">
                            <matrix>0.6591591 0.3903027 0.642785 0.0211966 0.6535138 0.125593 -0.746422 -0.004734278 -0.37206 0.91208 -0.1722827 -0.02572191 0 0 0 1</matrix>
                            <node id="node-Bip01_L_Finger01" name="Bip01_L_Finger01">
                              <matrix>0.8583043 -0.5131412 0 0.04982865 0.5131412 0.8583043 2.98023e-8 0 -2.98023e-8 -9.31323e-9 1 5.96046e-8 0 0 0 1</matrix>
                              <node id="node-Bip01_L_Finger02" name="Bip01_L_Finger02">
                                <matrix>0.6525694 -0.7577291 0 0.05202234 0.7577291 0.6525693 0 -1.49012e-8 4.47035e-8 -1.49012e-8 1 -5.96046e-8 0 0 0 1</matrix>
                              </node>
                            </node>
                          </node>
                          <node id="node-Bip01_L_Finger1" name="Bip01_L_Finger1">
                            <matrix>0.8743497 -0.4850002 -0.01693495 0.1199948 0.4823663 0.8723708 -0.0793191 -0.008367538 0.05324338 0.06118378 0.9967054 -0.04101385 0 0 0 1</matrix>
                            <node id="node-Bip01_L_Finger11" name="Bip01_L_Finger11">
                              <matrix>0.2787538 -0.9603627 0 0.0364418 0.9603628 0.2787538 -1.11759e-8 2.98023e-8 1.49012e-8 7.45058e-9 1 -2.98023e-8 0 0 0 1</matrix>
                              <node id="node-Bip01_L_Finger12" name="Bip01_L_Finger12">
                                <matrix>0.8119803 -0.583685 2.6077e-8 0.03117546 0.583685 0.8119804 0 0 0 -2.98023e-8 1 0 0 0 0 1</matrix>
                              </node>
                            </node>
                          </node>
                          <node id="node-Bip01_L_Finger2" name="Bip01_L_Finger2">
                            <matrix>0.6472729 -0.7352319 -0.2011752 0.1229537 0.7556678 0.6535555 0.04279059 -0.008802056 0.1000182 -0.179719 0.9786201 -0.01328249 0 0 0 1</matrix>
                            <node id="node-Bip01_L_Finger21" name="Bip01_L_Finger21">
                              <matrix>0.6013957 -0.7989513 1.49012e-8 0.03895533 0.7989514 0.6013958 0 -1.19209e-7 3.3062e-8 2.6077e-8 1 0 0 0 0 1</matrix>
                              <node id="node-Bip01_L_Finger22" name="Bip01_L_Finger22">
                                <matrix>0.8644753 -0.5026751 1.02445e-8 0.03800538 0.5026752 0.8644753 -3.72529e-9 0 -2.23517e-8 -7.45058e-9 0.9999999 0 0 0 0 1</matrix>
                              </node>
                            </node>
                          </node>
                          <node id="node-Bip01_L_Finger3" name="Bip01_L_Finger3">
                            <matrix>0.3854295 -0.8817463 -0.2719689 0.121188 0.9217516 0.3815323 0.06932967 -0.001191258 0.04263382 -0.2774096 0.9598052 0.01196866 0 0 0 1</matrix>
                            <node id="node-Bip01_L_Finger31" name="Bip01_L_Finger31">
                              <matrix>0.9381478 -0.3462351 1.49012e-8 0.03155816 0.3462351 0.9381478 7.45058e-9 2.38419e-7 -5.58794e-8 2.98023e-8 1 2.98023e-8 0 0 0 1</matrix>
                              <node id="node-Bip01_L_Finger32" name="Bip01_L_Finger32">
                                <matrix>0.6529357 -0.7574133 1.49012e-8 0.03366601 0.7574133 0.6529357 0 -1.19209e-7 -7.45058e-9 -2.98023e-8 1 0 0 0 0 1</matrix>
                              </node>
                            </node>
                          </node>
                          <node id="node-Bip01_L_Finger4" name="Bip01_L_Finger4">
                            <matrix>0.7005674 -0.7005578 -0.1357336 0.1136796 0.7135146 0.6850147 0.1471445 0.005147457 -0.01010371 -0.1999326 0.9797575 0.03886575 0 0 0 1</matrix>
                            <node id="node-Bip01_L_Finger41" name="Bip01_L_Finger41">
                              <matrix>0.7966627 -0.6044243 -1.86265e-8 0.03661633 0.6044244 0.7966627 1.11759e-8 -5.96046e-8 -9.31323e-9 -2.6077e-8 0.9999999 0 0 0 0 1</matrix>
                              <node id="node-Bip01_L_Finger42" name="Bip01_L_Finger42">
                                <matrix>0.8880922 -0.4596654 -1.86265e-9 0.01772636 0.4596653 0.8880923 -3.72529e-9 1.19209e-7 3.49246e-9 1.86265e-8 1 -1.49012e-8 0 0 0 1</matrix>
                              </node>
                            </node>
                          </node>
                        </node>
                      </node>
                    </node>
                  </node>
                  <node id="node-Bip01_R_Clavicle" name="Bip01_R_Clavicle">
                    <matrix sid="matrix">-0.03434135 -0.3619067 -0.9315816 -0.0302819 0.6298972 -0.731523 0.2609664 -0.02034734 -0.7759189 -0.5778387 0.2530856 -0.06431304 0 0 0 1</matrix>
                    <node id="node-Bip01_R_UpperArm" name="Bip01_R_UpperArm">
                      <matrix sid="matrix">0.8560081 0.3667995 -0.3642913 0.1824007 -0.4463395 0.1688527 -0.8787892 2.98023e-8 -0.2608277 0.9148481 0.3082564 0 0 0 0 1</matrix>
                      <node id="node-Bip01_R_Forearm" name="Bip01_R_Forearm">
                        <matrix sid="matrix">-0.5605188 0.8281418 2.6077e-8 0.284369 -0.8281416 -0.5605187 1.49012e-8 0 7.45058e-8 1.49012e-8 1 1.49012e-8 0 0 0 1</matrix>
                        <node id="node-Bip01_R_Hand" name="Bip01_R_Hand">
                          <matrix sid="matrix">0.5938091 0.1869595 0.7825834 0.281068 0.7509828 -0.4779132 -0.4556575 0 0.2888174 0.8582804 -0.4241926 -2.98023e-8 0 0 0 1</matrix>
                          <node id="node-Bip01_R_Finger0" name="Bip01_R_Finger0">
                            <matrix>0.5215106 0.269013 -0.8097276 0.02119672 0.7250717 0.3605265 0.5867639 -0.004734248 0.4497753 -0.8931141 -0.007035501 0.02572191 0 0 0 1</matrix>
                            <node id="node-Bip01_R_Finger01" name="Bip01_R_Finger01">
                              <matrix sid="matrix">0.6423535 -0.7636237 0.06527564 0.04982853 0.7605616 0.6456373 0.06854744 -1.49012e-8 -0.09448886 0.005614579 0.9955102 1.19209e-7 0 0 0 1</matrix>
                              <node id="node-Bip01_R_Finger02" name="Bip01_R_Finger02">
                                <matrix>0.9505157 -0.3106764 0 0.05202246 0.3106764 0.9505157 -1.49012e-8 -2.98023e-8 -5.96046e-8 0 0.9999999 0 0 0 0 1</matrix>
                              </node>
                            </node>
                          </node>
                          <node id="node-Bip01_R_Finger1" name="Bip01_R_Finger1">
                            <matrix>0.9820225 -0.1733428 -0.07472671 0.1199948 0.1795577 0.9799359 0.08651495 -0.008367568 0.05823066 -0.09837736 0.993444 0.04101388 0 0 0 1</matrix>
                            <node id="node-Bip01_R_Finger11" name="Bip01_R_Finger11">
                              <matrix>0.8240547 -0.5665104 -3.72529e-9 0.0364418 0.5665103 0.8240548 -2.00234e-8 0 -5.58794e-9 1.49012e-8 1 7.45058e-9 0 0 0 1</matrix>
                              <node id="node-Bip01_R_Finger12" name="Bip01_R_Finger12">
                                <matrix>0.8146399 -0.5796779 0.01831834 0.03117543 0.5799671 0.8142332 -0.02573051 -1.19209e-7 8.3819e-9 0.03158512 0.9995012 -1.49012e-8 0 0 0 1</matrix>
                              </node>
                            </node>
                          </node>
                          <node id="node-Bip01_R_Finger2" name="Bip01_R_Finger2">
                            <matrix>0.6754014 -0.7374505 -1.52111e-4 0.1229538 0.7368314 0.6748427 -0.04082684 -0.008802056 0.03021041 0.02746239 0.9991662 0.01328246 0 0 0 1</matrix>
                            <node id="node-Bip01_R_Finger21" name="Bip01_R_Finger21">
                              <matrix>0.5508358 -0.8338859 -0.0348487 0.03895515 0.8322221 0.551937 -0.05265062 0 0.0631389 -7.45058e-9 0.9980048 0 0 0 0 1</matrix>
                              <node id="node-Bip01_R_Finger22" name="Bip01_R_Finger22">
                                <matrix>0.1984735 -0.9799247 0.01886613 0.03800535 0.9755272 0.1993681 0.09272985 0 -0.09462957 -7.91624e-9 0.9955126 0 0 0 0 1</matrix>
                              </node>
                            </node>
                          </node>
                          <node id="node-Bip01_R_Finger3" name="Bip01_R_Finger3">
                            <matrix>0.7159054 -0.6949216 0.06755452 0.121188 0.6883788 0.6863564 -0.234627 -0.001191288 0.1166809 0.2144738 0.9697353 -0.01196866 0 0 0 1</matrix>
                            <node id="node-Bip01_R_Finger31" name="Bip01_R_Finger31">
                              <matrix>0.4441952 -0.8949345 0.0422235 0.03155845 0.8909185 0.4461977 0.08468723 0 -0.09462959 0 0.9955125 2.98023e-8 0 0 0 1</matrix>
                              <node id="node-Bip01_R_Finger32" name="Bip01_R_Finger32">
                                <matrix>0.1993681 -0.9794358 -0.03095103 0.03366601 0.9799247 0.1992686 0.006297067 1.19209e-7 1.49012e-8 -0.03158511 0.9995012 -1.49012e-8 0 0 0 1</matrix>
                              </node>
                            </node>
                          </node>
                          <node id="node-Bip01_R_Finger4" name="Bip01_R_Finger4">
                            <matrix>0.5925792 -0.789795 -0.1583476 0.1136796 0.7783523 0.6120424 -0.1399001 0.005147427 0.2074078 -0.04034831 0.9774221 -0.03886573 0 0 0 1</matrix>
                            <node id="node-Bip01_R_Finger41" name="Bip01_R_Finger41">
                              <matrix>0.4202556 -0.9064696 0.04120621 0.03661627 0.9068531 0.4211511 0.01578783 0 -0.03166522 0.03073306 0.9990259 0 0 0 0 1</matrix>
                              <node id="node-Bip01_R_Finger42" name="Bip01_R_Finger42">
                                <matrix>0.402447 -0.9138247 -0.05441486 0.0177263 0.9154232 0.4021219 0.01728316 1.19209e-7 0.006087605 -0.05676819 0.998369 1.49012e-8 0 0 0 1</matrix>
                              </node>
                            </node>
                          </node>
                          <node id="node-mount0" name="mount0">
                            <matrix>-6.25849e-7 1 7.45058e-9 0.109539 -0.9999999 -6.55651e-7 4.96162e-7 0.02518257 4.65428e-7 0 1 0.01321664 0 0 0 1</matrix>
                          </node>
                        </node>
                      </node>
                    </node>
                  </node>
                </node>
                <node id="node-Bip01_L_Pauldron_Upper" name="Bip01_L_Pauldron_Upper">
                  <matrix sid="matrix">0.944757 0.1180325 -0.3057825 0.2378187 0.08731002 -0.9898295 -0.112319 1.61588e-4 -0.3159297 0.07941635 -0.9454533 0.23557 0 0 0 1</matrix>
                </node>
                <node id="node-Bip01_R_Pauldron_Lower" name="Bip01_R_Pauldron_Lower">
                  <matrix>-0.1156726 -0.9403759 -0.3198655 0.1729059 0.9097751 -0.2295503 0.3458563 -0.1133294 -0.3986599 -0.2509995 0.8820828 -0.2351094 0 0 0 1</matrix>
                </node>
                <node id="node-Bip01_L_Pauldron_Lower" name="Bip01_L_Pauldron_Lower">
                  <matrix sid="matrix">0.2046717 -0.6534802 0.7287481 0.246425 0.1017766 -0.7262656 -0.6798383 -0.04385313 0.9735253 0.2133133 -0.08213699 0.2253603 0 0 0 1</matrix>
                </node>
              </node>
            </node>
            <node id="node-Bip01_L_Thigh" name="Bip01_L_Thigh">
              <matrix sid="matrix">-0.7744228 0.6315718 0.03723314 -0.1970714 0.5836059 0.6904064 0.4274842 0.01371008 0.2442809 0.352783 -0.9032557 0.1027055 0 0 0 1</matrix>
              <node id="node-Bip01_L_Calf" name="Bip01_L_Calf">
                <matrix>0.3788996 0.9254378 -1.86265e-9 0.4629987 -0.9254377 0.3788996 0 -5.96046e-8 -1.49012e-8 -3.1665e-8 0.9999999 1.49012e-8 0 0 0 1</matrix>
                <node id="node-Bip01_L_Foot" name="Bip01_L_Foot">
                  <matrix sid="matrix">0.9251584 -0.371921 -0.0758722 0.3610501 0.3790895 0.9154842 0.1348328 0 0.01931266 -0.153504 0.9879593 -7.45058e-9 0 0 0 1</matrix>
                  <node id="node-Bip01_L_Toe0" name="Bip01_L_Toe0">
                    <matrix>4.76837e-7 -1 1.39046e-6 0.1486307 1 4.7707e-7 2.30575e-8 0.1543275 -2.30466e-8 1.38953e-6 1 3.72529e-9 0 0 0 1</matrix>
                  </node>
                </node>
              </node>
            </node>
            <node id="node-Bip01_R_Thigh" name="Bip01_R_Thigh">
              <matrix sid="matrix">-0.89048 0.01682543 0.4547108 -0.1959022 0.02153124 0.9997547 0.005172208 -0.09450675 -0.4545123 0.01439619 -0.8906242 -0.1281601 0 0 0 1</matrix>
              <node id="node-Bip01_R_Calf" name="Bip01_R_Calf">
                <matrix>0.4368494 0.8995348 -2.98023e-8 0.4629988 -0.8995346 0.4368494 2.6077e-8 -3.72529e-9 -4.47035e-8 -5.96046e-8 0.9999999 0 0 0 0 1</matrix>
                <node id="node-Bip01_R_Foot" name="Bip01_R_Foot">
                  <matrix sid="matrix">0.639648 -0.7404912 0.2062123 0.3610501 0.7146515 0.6716893 0.1952096 -1.49012e-8 -0.2830615 0.02250455 0.9588376 0 0 0 0 1</matrix>
                  <node id="node-Bip01_R_Toe0" name="Bip01_R_Toe0">
                    <matrix sid="matrix">-0.1805808 -0.9786911 0.09774579 0.1486307 0.9833315 -0.1817879 -0.003513681 0.1543275 0.02120779 0.09548199 0.9952053 0 0 0 0 1</matrix>
                  </node>
                </node>
              </node>
            </node>
          </node>
          <node id="node-Bip01_FannyPack" name="Bip01_FannyPack">
            <matrix>-0.9629918 -0.2062317 0.1735378 0.2299507 -0.2083319 0.9780385 0.006227079 -0.1378937 -0.1710108 -0.03015682 -0.9848076 0.01013964 0 0 0 1</matrix>
          </node>
        </node>
        <node id="node-Eye" name="Eye">
          <matrix>0.7792379 0.6267177 -0.003664111 0.0608717 -0.6267173 0.7792452 0.001428192 0.06525705 0.003750314 0.001183283 0.999992 0.7711613 0 0 0 1</matrix>
          <node id="node-cam" name="cam">
            <matrix>1 -6.03104e-8 3.55271e-15 4.84288e-8 6.03104e-8 1 -2.32831e-9 -0.104 -3.55271e-15 2.32832e-9 1 0.3005601 0 0 0 1</matrix>
          </node>
        </node>
      </node>
      <node id="node-Bounds" name="Bounds">
        <matrix>0.9999915 0.001706907 0.003750479 0 -0.001711356 0.9999978 0.001183292 0.1035326 -0.003748452 -0.0011897 0.9999923 -8.93474e-5 0 0 0 1</matrix>
        <instance_geometry url="#geom-Bounds">
          <bind_material>
            <technique_common>
              <instance_material symbol="ShapeBounds" target="#ShapeBounds-material"/>
            </technique_common>
          </bind_material>
        </instance_geometry>
      </node>
    </visual_scene>
  </library_visual_scenes>
  <library_animations>
    <animation>
      <source id="node-Bip01_Spine_matrix-input">
        <float_array id="node-Bip01_Spine_matrix-input-array" count="11">27.33333 27.36667 27.4 27.43333 27.46667 27.5 27.53333 27.56667 27.6 27.63333 27.66667</float_array>
        <technique_common>
          <accessor source="#node-Bip01_Spine_matrix-input-array" count="11" stride="1">
            <param name="TIME" type="float"/>
          </accessor>
        </technique_common>
      </source>
      <source id="node-Bip01_Spine_matrix-output">
        <float_array id="node-Bip01_Spine_matrix-output-array" count="176">0.9994985 0.03032237 -0.009152829 0.1974968 -0.03134018 0.904956 -0.4243498 0.02499991 -0.004584372 0.4244238 0.9054522 0.02776914 0 0 0 1 0.9998282 -0.002730727 -0.01834845 0.1974996 -0.005405545 0.9032917 -0.428993 0.02500003 0.01774549 0.4290184 0.9031216 0.02776879 0 0 0 1 0.9958776 -0.08163726 -0.03953665 0.197506 0.05592554 0.8957818 -0.4409619 0.02500063 0.07141512 0.4369331 0.8966547 0.02776813 0 0 0 1 0.9824669 -0.1753637 -0.06329822 0.1975136 0.1277057 0.8803517 -0.4568068 0.02500188 0.135832 0.4407141 0.8873112 0.02776783 0 0 0 1 0.9640344 -0.2528872 -0.08176815 0.1975198 0.186176 0.8621084 -0.4712832 0.02500337 0.1896744 0.4391099 0.8781835 0.02776795 0 0 0 1 0.9543823 -0.2849871 -0.08909022 0.1975225 0.2101389 0.8530462 -0.4776545 0.02500414 0.2121234 0.4371438 0.8740191 0.02776813 0 0 0 1 0.9496952 -0.2905005 -0.1169991 0.197523 0.2126072 0.8723513 -0.4402289 0.02500253 0.229951 0.3932085 0.8902304 0.02777171 0 0 0 1 0.9362554 -0.2978527 -0.1863057 0.1975235 0.2215096 0.9120858 -0.3450115 0.02499932 0.2726894 0.2817503 0.9199227 0.02778077 0 0 0 1 0.9156439 -0.2943425 -0.2737864 0.1975233 0.2382668 0.945931 -0.2200992 0.02499657 0.3237676 0.1362982 0.936268 0.02779263 0 0 0 1 0.8928734 -0.2772818 -0.3548128 0.1975218 0.2587581 0.9607846 -0.09968584 0.02499532 0.3685397 -0.002803862 0.9296079 0.02780389 0 0 0 1 0.8763877 -0.2567045 -0.4074894 0.1975202 0.2725892 0.9619284 -0.01972448 0.02499526 0.3970389 -0.09379082 0.9129971 0.02781134 0 0 0 1</float_array>
        <technique_common>
          <accessor source="#node-Bip01_Spine_matrix-output-array" count="11" stride="16">
            <param name="TRANSFORM" type="float4x4"/>
          </accessor>
        </technique_common>
      </source>
      <source id="node-Bip01_Spine_matrix-interpolation">
        <Name_array id="node-Bip01_Spine_matrix-interpolation-array" count="11">LINEAR LINEAR LINEAR LINEAR LINEAR LINEAR LINEAR LINEAR LINEAR LINEAR LINEAR</Name_array>
        <technique_common>
          <accessor source="#node-Bip01_Spine_matrix-interpolation-array" count="11" stride="1">
            <param name="INTERPOLATION" type="name"/>
          </accessor>
        </technique_common>
      </source>
      <source id="node-Bip01_Spine1_matrix-input">
        <float_array id="node-Bip01_Spine1_matrix-input-array" count="11">27.33333 27.36667 27.4 27.43333 27.46667 27.5 27.53333 27.56667 27.6 27.63333 27.66667</float_array>
        <technique_common>
          <accessor source="#node-Bip01_Spine1_matrix-input-array" count="11" stride="1">
            <param name="TIME" type="float"/>
          </accessor>
        </technique_common>
      </source>
      <source id="node-Bip01_Spine1_matrix-output">
        <float_array id="node-Bip01_Spine1_matrix-output-array" count="176">0.9826281 0.1702064 0.07396966 0.1022126 -0.1475373 0.9582312 -0.2450017 -9.67979e-5 -0.1125808 0.2298322 0.9666967 -2.32086e-5 0 0 0 1 0.9857277 0.1569159 0.06097918 0.1022137 -0.1399171 0.9650523 -0.2215794 -9.74908e-5 -0.09361743 0.2098849 0.9732341 -2.12044e-5 0 0 0 1 0.9915825 0.1262637 0.02866643 0.1022168 -0.1198529 0.9788619 -0.1657247 -9.88767e-5 -0.04898554 0.160894 0.9857553 -1.62497e-5 0 0 0 1 0.9957052 0.09177654 -0.01217216 0.1022204 -0.09253352 0.9907373 -0.09938412 -1.00076e-4 0.00293827 0.1000836 0.9949749 -1.01142e-5 0 0 0 1 0.996738 0.06481277 -0.04808634 0.1022232 -0.06695699 0.9967672 -0.04440665 -1.00702e-4 0.04505282 0.04748165 0.9978556 -4.79445e-6 0 0 0 1 0.9965124 0.05406576 -0.06356054 0.1022242 -0.05553561 0.9982233 -0.02158951 -1.00836e-4 0.06228029 0.02504408 0.9977445 -2.52016e-6 0 0 0 1 0.9952701 0.04998201 -0.08330446 0.1022245 -0.05279678 0.9980948 -0.03193479 -1.00821e-4 0.08154958 0.03618204 0.9960125 -3.65591e-6 0 0 0 1 0.9906012 0.03883022 -0.1311546 0.1022257 -0.04654753 0.9973284 -0.05629664 -1.00732e-4 0.1286181 0.06187242 0.9897621 -6.25104e-6 0 0 0 1 0.9815285 0.02270233 -0.1899643 0.1022275 -0.03940081 0.9956363 -0.08459353 -1.00583e-4 0.1872147 0.09051555 0.9781398 -9.13441e-6 0 0 0 1 0.9699631 0.005499899 -0.2431903 0.1022294 -0.03233599 0.9937873 -0.1064965 -1.00434e-4 0.2410936 0.1111615 0.9641147 -1.12802e-5 0 0 0 1 0.9612668 -0.007139801 -0.2755278 0.1022303 -0.02458387 0.9934589 -0.1115126 -1.00374e-4 0.2745217 0.1139669 0.9548035 -1.15037e-5 0 0 0 1</float_array>
        <technique_common>
          <accessor source="#node-Bip01_Spine1_matrix-output-array" count="11" stride="16">
            <param name="TRANSFORM" type="float4x4"/>
          </accessor>
        </technique_common>
      </source>
      <source id="node-Bip01_Spine1_matrix-interpolation">
        <Name_array id="node-Bip01_Spine1_matrix-interpolation-array" count="11">LINEAR LINEAR LINEAR LINEAR LINEAR LINEAR LINEAR LINEAR LINEAR LINEAR LINEAR</Name_array>
        <technique_common>
          <accessor source="#node-Bip01_Spine1_matrix-interpolation-array" count="11" stride="1">
            <param name="INTERPOLATION" type="name"/>
          </accessor>
        </technique_common>
      </source>
      <source id="node-Bip01_Spine2_matrix-input">
        <float_array id="node-Bip01_Spine2_matrix-input-array" count="11">27.33333 27.36667 27.4 27.43333 27.46667 27.5 27.53333 27.56667 27.6 27.63333 27.66667</float_array>
        <technique_common>
          <accessor source="#node-Bip01_Spine2_matrix-input-array" count="11" stride="1">
            <param name="TIME" type="float"/>
          </accessor>
        </technique_common>
      </source>
      <source id="node-Bip01_Spine2_matrix-output">
        <float_array id="node-Bip01_Spine2_matrix-output-array" count="176">0.9802224 0.04927819 0.1916668 0.1268576 -0.03247123 0.9954248 -0.08986258 -1.70469e-4 -0.1952182 0.08186161 0.9773375 -1.40071e-5 0 0 0 1 0.9823831 0.02617835 0.1850355 0.1268615 -0.01096874 0.9965101 -0.08274918 -1.70648e-4 -0.1865561 0.07926189 0.9792419 -1.36048e-5 0 0 0 1 0.9852748 -0.02885907 0.1685252 0.1268711 0.04055589 0.9969696 -0.06638181 -1.70738e-4 -0.1660988 0.07223898 0.9834596 -1.23531e-5 0 0 0 1 0.9845463 -0.09425288 0.1475971 0.1268823 0.1023157 0.9935929 -0.04800635 -1.70182e-4 -0.1421267 0.06236594 0.9878817 -1.06655e-5 0 0 0 1 0.9804364 -0.1485791 0.1291077 0.1268914 0.1540775 0.9874858 -0.03364276 -1.69136e-4 -0.1224933 0.05287718 0.9910597 -9.05152e-6 0 0 0 1 0.9777663 -0.1711879 0.1211107 0.1268951 0.1757437 0.9840403 -0.02791208 -1.68517e-4 -0.1143996 0.04857593 0.9922466 -8.31857e-6 0 0 0 1 0.9775633 -0.2010703 0.06277358 0.1269004 0.2030689 0.9787864 -0.02720648 -1.67668e-4 -0.05597144 0.03934347 0.9976569 -6.73532e-6 0 0 0 1 0.9591153 -0.271309 -0.08055627 0.1269124 0.2696068 0.9624548 -0.03151369 -1.64866e-4 0.08608168 0.008506774 0.9962519 -1.46031e-6 0 0 0 1 0.9005042 -0.3509279 -0.2567911 0.126926 0.3505197 0.9352753 -0.04894936 -1.60187e-4 0.2573481 -0.0459311 0.9652264 7.89762e-6 0 0 0 1 0.811513 -0.4140622 -0.4123095 0.1269369 0.4223396 0.903259 -0.07584404 -1.54734e-4 0.4038264 -0.1125861 0.9078813 1.91629e-5 0 0 0 1 0.7369806 -0.4485279 -0.5056502 0.1269428 0.4692536 0.8779556 -0.09484201 -1.50442e-4 0.4864779 -0.1673815 0.8575097 2.86102e-5 0 0 0 1</float_array>
        <technique_common>
          <accessor source="#node-Bip01_Spine2_matrix-output-array" count="11" stride="16">
            <param name="TRANSFORM" type="float4x4"/>
          </accessor>
        </technique_common>
      </source>
      <source id="node-Bip01_Spine2_matrix-interpolation">
        <Name_array id="node-Bip01_Spine2_matrix-interpolation-array" count="11">LINEAR LINEAR LINEAR LINEAR LINEAR LINEAR LINEAR LINEAR LINEAR LINEAR LINEAR</Name_array>
        <technique_common>
          <accessor source="#node-Bip01_Spine2_matrix-interpolation-array" count="11" stride="1">
            <param name="INTERPOLATION" type="name"/>
          </accessor>
        </technique_common>
      </source>
      <source id="node-Bip01_Neck_matrix-input">
        <float_array id="node-Bip01_Neck_matrix-input-array" count="11">27.33333 27.36667 27.4 27.43333 27.46667 27.5 27.53333 27.56667 27.6 27.63333 27.66667</float_array>
        <technique_common>
          <accessor source="#node-Bip01_Neck_matrix-input-array" count="11" stride="1">
            <param name="TIME" type="float"/>
          </accessor>
        </technique_common>
      </source>
      <source id="node-Bip01_Neck_matrix-output">
        <float_array id="node-Bip01_Neck_matrix-output-array" count="176">0.9112092 -0.4085974 -0.05240494 0.2151057 0.4010301 0.9089494 -0.1139565 -5.00977e-5 0.09419578 0.08282226 0.9921027 -4.58956e-6 0 0 0 1 0.9064729 -0.4115228 -0.09463608 0.2151061 0.3987901 0.9079878 -0.1285474 -5.00083e-5 0.1388286 0.07878482 0.9871777 -4.32134e-6 0 0 0 1 0.8880164 -0.417869 -0.1918661 0.2151063 0.3914266 0.9059407 -0.161421 -4.9904e-5 0.2412722 0.0682429 0.9680551 -3.75509e-6 0 0 0 1 0.8546028 -0.4242011 -0.299512 0.2151067 0.3799011 0.9039579 -0.1963043 -4.97997e-5 0.3540188 0.05397731 0.9336794 -2.99513e-6 0 0 0 1 0.8213994 -0.4285691 -0.3763399 0.2151069 0.3708693 0.9026297 -0.2184392 -4.97103e-5 0.4333118 0.03985291 0.9003625 -2.20537e-6 0 0 0 1 0.81547 -0.4308033 -0.3865455 0.2151072 0.3746281 0.9019333 -0.2148723 -4.97401e-5 0.4412059 0.03041112 0.8968905 -1.66893e-6 0 0 0 1 0.8492106 -0.4318377 -0.3039042 0.2151072 0.396367 0.901551 -0.1734911 -4.96507e-5 0.3489051 0.02687293 0.9367728 -1.50315e-6 0 0 0 1 0.8895678 -0.4323468 -0.1474637 0.2151073 0.421515 0.9013149 -0.09978371 -4.97103e-5 0.1760524 0.02660608 0.9840212 -1.49012e-6 0 0 0 1 0.9008127 -0.4321274 0.04245734 0.2151071 0.4329094 0.9013715 -0.0109027 -4.97103e-5 -0.03355836 0.02820158 0.9990388 -1.60933e-6 0 0 0 1 0.8759036 -0.4313492 0.2161734 0.215107 0.4265496 0.9016822 0.07088553 -4.95911e-5 -0.2254961 0.03011971 0.9737784 -1.60933e-6 0 0 0 1 0.840727 -0.4308257 0.3279748 0.215107 0.4136292 0.9019014 0.1244392 -4.97103e-5 -0.3494125 0.03104066 0.9364548 -1.72853e-6 0 0 0 1</float_array>
        <technique_common>
          <accessor source="#node-Bip01_Neck_matrix-output-array" count="11" stride="16">
            <param name="TRANSFORM" type="float4x4"/>
          </accessor>
        </technique_common>
      </source>
      <source id="node-Bip01_Neck_matrix-interpolation">
        <Name_array id="node-Bip01_Neck_matrix-interpolation-array" count="11">LINEAR LINEAR LINEAR LINEAR LINEAR LINEAR LINEAR LINEAR LINEAR LINEAR LINEAR</Name_array>
        <technique_common>
          <accessor source="#node-Bip01_Neck_matrix-interpolation-array" count="11" stride="1">
            <param name="INTERPOLATION" type="name"/>
          </accessor>
        </technique_common>
      </source>
      <source id="node-Bip01_Head_matrix-input">
        <float_array id="node-Bip01_Head_matrix-input-array" count="11">27.33333 27.36667 27.4 27.43333 27.46667 27.5 27.53333 27.56667 27.6 27.63333 27.66667</float_array>
        <technique_common>
          <accessor source="#node-Bip01_Head_matrix-input-array" count="11" stride="1">
            <param name="TIME" type="float"/>
          </accessor>
        </technique_common>
      </source>
      <source id="node-Bip01_Head_matrix-output">
        <float_array id="node-Bip01_Head_matrix-output-array" count="176">0.7781673 0.6097812 -0.1504087 0.07051825 -0.6277853 0.7481499 -0.2148427 -0.01395916 -0.01847881 0.2616081 0.9649975 0 0 0 0 1 0.7794749 0.6145204 -0.1215879 0.07051813 -0.6247611 0.7484353 -0.2225273 -0.01395916 -0.0457468 0.2494178 0.9673148 0 0 0 0 1 0.7845258 0.61771 -0.05434721 0.07051813 -0.6113101 0.7557329 -0.234878 -0.01395916 -0.1040145 0.217491 0.9705044 0 0 0 0 1 0.7994731 0.6002346 0.02369284 0.07051825 -0.5783876 0.7798261 -0.239456 -0.01395922 -0.1622061 0.1777351 0.970618 0 0 0 0 1 0.8375996 0.5401709 0.08150154 0.07051813 -0.5107398 0.8272725 -0.2340192 -0.0139591 -0.1938344 0.1543883 0.9688099 0 0 0 0 1 0.90709 0.4132928 0.07985419 0.07051825 -0.3881005 0.8945989 -0.2215193 -0.01395916 -0.1629899 0.1699464 0.9718808 0 0 0 0 1 0.952326 0.3047581 0.01404923 0.07051813 -0.2896437 0.9176397 -0.2721098 -0.01395916 -0.09581983 0.255068 0.9621637 0 0 0 0 1 0.9558859 0.2769474 -0.09788817 0.07051813 -0.2920978 0.8610451 -0.4162692 -0.01395928 -0.03099852 0.4264988 0.9039567 0 0 0 0 1 0.9333501 0.2560278 -0.2516101 0.07051813 -0.3572196 0.7315461 -0.5807192 -0.01395916 0.03538417 0.6318944 0.7742466 0 0 0 0 1 0.8925841 0.2009074 -0.4036459 0.07051819 -0.4420999 0.5658007 -0.6960008 -0.01395922 0.0885514 0.7996911 0.5938459 0 0 0 0 1 0.8528184 0.1233577 -0.5074281 0.07051813 -0.5052357 0.4406214 -0.742017 -0.01395922 0.1320502 0.8891767 0.4380948 0 0 0 0 1</float_array>
        <technique_common>
          <accessor source="#node-Bip01_Head_matrix-output-array" count="11" stride="16">
            <param name="TRANSFORM" type="float4x4"/>
          </accessor>
        </technique_common>
      </source>
      <source id="node-Bip01_Head_matrix-interpolation">
        <Name_array id="node-Bip01_Head_matrix-interpolation-array" count="11">LINEAR LINEAR LINEAR LINEAR LINEAR LINEAR LINEAR LINEAR LINEAR LINEAR LINEAR</Name_array>
        <technique_common>
          <accessor source="#node-Bip01_Head_matrix-interpolation-array" count="11" stride="1">
            <param name="INTERPOLATION" type="name"/>
          </accessor>
        </technique_common>
      </source>
      <source id="node-AltEye_matrix-input">
        <float_array id="node-AltEye_matrix-input-array" count="11">27.33333 27.36667 27.4 27.43333 27.46667 27.5 27.53333 27.56667 27.6 27.63333 27.66667</float_array>
        <technique_common>
          <accessor source="#node-AltEye_matrix-input-array" count="11" stride="1">
            <param name="TIME" type="float"/>
          </accessor>
        </technique_common>
      </source>
      <source id="node-AltEye_matrix-output">
        <float_array id="node-AltEye_matrix-output-array" count="176">0.1463265 -0.6059975 0.7818927 0.06454682 -0.05168426 0.7846374 0.6177975 0.2214611 -0.9878855 -0.1308119 0.08349257 0.04716253 0 0 0 1 0.1329545 -0.5408694 0.8305322 0.06454694 -0.04912537 0.8333454 0.5505658 0.2214611 -0.9899041 -0.1140008 0.08422648 0.04716253 0 0 0 1 0.1015715 -0.3603002 0.9272906 0.06454694 -0.03852605 0.9299871 0.3655683 0.221461 -0.9940818 -0.07285648 0.08057898 0.04716253 0 0 0 1 0.06661802 -0.09797823 0.9929566 0.06454694 -0.01676458 0.9949168 0.09929656 0.2214611 -0.9976378 -0.02326178 0.0646367 0.04716253 0 0 0 1 0.04100275 0.1799216 0.9828263 0.06454694 0.0111683 0.9835094 -0.1805125 0.221461 -0.9990965 0.0183776 0.03831708 0.04716253 0 0 0 1 0.03048622 0.3971821 0.917234 0.06454682 0.03236812 0.9167867 -0.3980643 0.2214611 -0.9990112 0.04182428 0.0150932 0.04716253 0 0 0 1 0.03151923 0.5568531 0.8300133 0.06454694 0.03979635 0.829068 -0.5577301 0.2214611 -0.9987108 0.05061042 0.003970742 0.04716253 0 0 0 1 0.0375933 0.6936771 0.7193049 0.06454682 0.03774154 0.7183144 -0.6946946 0.2214612 -0.9985801 0.05326324 8.23238e-4 0.04716253 0 0 0 1 0.04454225 0.7992937 0.5992882 0.06454682 0.02951836 0.5985684 -0.8005279 0.221461 -0.9985714 0.05334711 0.003067612 0.04716253 0 0 0 1 0.0498436 0.8718444 0.4872413 0.06454706 0.01970094 0.4868944 -0.873239 0.221461 -0.9985629 0.05312418 0.007092237 0.04716253 0 0 0 1 0.05256789 0.9147634 0.4005561 0.06454688 0.0134961 0.4004231 -0.9162313 0.2214611 -0.9985265 0.05356985 0.008703529 0.04716253 0 0 0 1</float_array>
        <technique_common>
          <accessor source="#node-AltEye_matrix-output-array" count="11" stride="16">
            <param name="TRANSFORM" type="float4x4"/>
          </accessor>
        </technique_common>
      </source>
      <source id="node-AltEye_matrix-interpolation">
        <Name_array id="node-AltEye_matrix-interpolation-array" count="11">LINEAR LINEAR LINEAR LINEAR LINEAR LINEAR LINEAR LINEAR LINEAR LINEAR LINEAR</Name_array>
        <technique_common>
