<?xml version="1.0" encoding="utf-8"?>
<COLLADA xmlns="http://www.collada.org/2005/11/COLLADASchema" version="1.4.1">
  <asset>
    <contributor>
      <author>MattO</author>
      <authoring_tool>OpenCOLLADA for 3ds Max;  Version: 1.3.0;  Revision: 839M;  Platform: x64;  Configuration: Release_Max2012</authoring_tool>
      <source_data>file:///C:/Dropbox/Prj/GGStout/Kralmok/Soldier_TP_Kralmok_Animation_Master.max</source_data>
    </contributor>
    <created>2011-11-07T11:16:50</created>
    <modified>2011-11-07T11:16:50</modified>
    <unit name="meter" meter="1"/>
    <up_axis>Z_UP</up_axis>
  </asset>
  <library_effects>
    <effect id="ShapeBounds">
      <profile_COMMON>
        <technique sid="common">
          <blinn>
            <emission>
              <color>0 0 0 1</color>
            </emission>
            <ambient>
              <color>0.1647059 1 0 1</color>
            </ambient>
            <diffuse>
              <color>0.1647059 1 0 1</color>
            </diffuse>
            <specular>
              <color>0.9 0.9 0.9 1</color>
            </specular>
            <shininess>
              <float>10</float>
            </shininess>
            <reflective>
              <color>0 0 0 1</color>
            </reflective>
            <transparent opaque="A_ONE">
              <color>1 1 1 1</color>
            </transparent>
            <transparency>
              <float>1</float>
            </transparency>
          </blinn>
        </technique>
      </profile_COMMON>
      <extra>
        <technique profile="OpenCOLLADA3dsMax">
          <extended_shader>
            <apply_reflection_dimming>0</apply_reflection_dimming>
            <dim_level>0</dim_level>
            <falloff_type>0</falloff_type>
            <index_of_refraction>1.5</index_of_refraction>
            <opacity_type>0</opacity_type>
            <reflection_level>3</reflection_level>
            <wire_size>1</wire_size>
            <wire_units>0</wire_units>
          </extended_shader>
          <shader>
            <ambient_diffuse_lock>1</ambient_diffuse_lock>
            <ambient_diffuse_texture_lock>1</ambient_diffuse_texture_lock>
            <diffuse_specular_lock>0</diffuse_specular_lock>
            <soften>0.1</soften>
            <use_self_illum_color>0</use_self_illum_color>
          </shader>
        </technique>
      </extra>
    </effect>
  </library_effects>
  <library_materials>
    <material id="ShapeBounds-material" name="ShapeBounds">
      <instance_effect url="#ShapeBounds"/>
    </material>
  </library_materials>
  <library_geometries>
    <geometry id="geom-Bounds" name="Bounds">
      <mesh>
        <source id="geom-Bounds-positions">
          <float_array id="geom-Bounds-positions-array" count="24">-0.425 -0.425 0 0.425 -0.425 0 -0.425 0.425 0 0.425 0.425 0 -0.425 -0.425 1.84 0.425 -0.425 1.84 -0.425 0.425 1.84 0.425 0.425 1.84</float_array>
          <technique_common>
            <accessor source="#geom-Bounds-positions-array" count="8" stride="3">
              <param name="X" type="float"/>
              <param name="Y" type="float"/>
              <param name="Z" type="float"/>
            </accessor>
          </technique_common>
        </source>
        <source id="geom-Bounds-normals">
          <float_array id="geom-Bounds-normals-array" count="72">0 0 -1 0 0 -1 0 0 -1 0 0 -1 0 0 1 0 0 1 0 0 1 0 0 1 0 -1 0 0 -1 0 0 -1 0 0 -1 0 1 0 0 1 0 0 1 0 0 1 0 0 0 1 0 0 1 0 0 1 0 0 1 0 -1 0 0 -1 0 0 -1 0 0 -1 0 0</float_array>
          <technique_common>
            <accessor source="#geom-Bounds-normals-array" count="24" stride="3">
              <param name="X" type="float"/>
              <param name="Y" type="float"/>
              <param name="Z" type="float"/>
            </accessor>
          </technique_common>
        </source>
        <source id="geom-Bounds-map1">
          <float_array id="geom-Bounds-map1-array" count="36">0 0 0 1 0 0 0 1 0 1 1 0 0 0 0 1 0 0 0 1 0 1 1 0 0 0 0 1 0 0 0 1 0 1 1 0</float_array>
          <technique_common>
            <accessor source="#geom-Bounds-map1-array" count="12" stride="3">
              <param name="S" type="float"/>
              <param name="T" type="float"/>
              <param name="P" type="float"/>
            </accessor>
          </technique_common>
        </source>
        <vertices id="geom-Bounds-vertices">
          <input semantic="POSITION" source="#geom-Bounds-positions"/>
        </vertices>
        <triangles material="ShapeBounds" count="12">
          <input semantic="VERTEX" source="#geom-Bounds-vertices" offset="0"/>
          <input semantic="NORMAL" source="#geom-Bounds-normals" offset="1"/>
          <input semantic="TEXCOORD" source="#geom-Bounds-map1" offset="2" set="0"/>
          <p>0 0 9 2 1 11 3 2 10 3 2 10 1 3 8 0 0 9 4 4 8 5 5 9 7 6 11 7 6 11 6 7 10 4 4 8 0 8 4 1 9 5 5 10 7 5 10 7 4 11 6 0 8 4 1 12 0 3 13 1 7 14 3 7 14 3 5 15 2 1 12 0 3 16 4 2 17 5 6 18 7 6 18 7 7 19 6 3 16 4 2 20 0 0 21 1 4 22 3 4 22 3 6 23 2 2 20 0</p>
        </triangles>
      </mesh>
      <extra>
        <technique profile="OpenCOLLADA3dsMax">
          <max_box>
            <generateuvs>1</generateuvs>
            <height>1.84</height>
            <heightsegments>1</heightsegments>
            <length>0.85</length>
            <lengthsegments>1</lengthsegments>
            <width>0.85</width>
            <widthsegments>1</widthsegments>
          </max_box>
        </technique>
      </extra>
    </geometry>
  </library_geometries>
  <library_lights>
    <light id="EnvironmentAmbientLight" name="EnvironmentAmbientLight">
      <technique_common>
        <ambient>
          <color>0 0 0</color>
        </ambient>
      </technique_common>
    </light>
  </library_lights>
  <library_visual_scenes>
    <visual_scene id="MaxScene">
      <node name="EnvironmentAmbientLight">
        <instance_light url="#EnvironmentAmbientLight"/>
      </node>
      <node id="node-Bip01" name="Bip01">
        <matrix sid="matrix">0.7792376 -0.6267174 0.003750255 5.66519e-4 0.6267048 0.7791419 -0.01338059 0.007247272 0.005463867 0.01277696 0.9999034 0.6068886 0 0 0 1</matrix>
        <node id="node-Bip01_Pelvis" name="Bip01_Pelvis">
          <matrix sid="matrix">0.1367748 0.9892851 0.0510668 0 0.1862078 -0.07630827 0.9795427 0 0.9729436 -0.1244677 -0.1946497 0 0 0 0 1</matrix>
          <node id="node-Bip01_Spine" name="Bip01_Spine">
            <matrix sid="matrix">0.9937528 0.02368619 0.1090625 0.1974944 0.003130779 0.9709184 -0.2393909 0.001451761 -0.111561 0.2382368 0.9647784 -0.03744357 0 0 0 1</matrix>
            <node id="node-Bip01_Spine1" name="Bip01_Spine1">
              <matrix sid="matrix">0.9938208 0.04182802 -0.1028128 0.1022255 -0.0410468 0.9991101 0.00970321 -1.0094e-4 0.1031272 -0.00542305 0.9946535 5.40167e-7 0 0 0 1</matrix>
              <node id="node-Bip01_Spine2" name="Bip01_Spine2">
                <matrix sid="matrix">0.9695552 -0.2155868 0.1161248 0.126903 0.2135331 0.9764752 0.02999372 -1.67254e-4 -0.1198592 -0.004284024 0.9927815 7.45058e-7 0 0 0 1</matrix>
                <node id="node-Bip01_Neck" name="Bip01_Neck">
                  <matrix sid="matrix">0.8827263 -0.4308575 -0.1874988 0.2151071 0.4141707 0.9019015 -0.1226225 -4.96805e-5 0.2219383 0.03058549 0.9745809 -1.68756e-6 0 0 0 1</matrix>
                  <node id="node-Bip01_Head" name="Bip01_Head">
                    <matrix sid="matrix">0.8990407 0.3859619 -0.2067836 0.07051814 -0.4368421 0.7583548 -0.4838047 -0.01395911 -0.02991495 0.5252918 0.8503963 0 0 0 0 1</matrix>
                    <node id="node-AltEye" name="AltEye">
                      <matrix sid="matrix">0.05961929 0.3338973 0.9407227 0.06454682 0.04772184 0.9403678 -0.3367957 0.2214611 -0.9970798 0.06497216 0.04012975 0.04716255 0 0 0 1</matrix>
                    </node>
                  </node>
                  <node id="node-Bip01_L_Clavicle" name="Bip01_L_Clavicle">
                    <matrix sid="matrix">0.01647228 -0.3087599 0.9509975 -0.008529782 0.4804511 -0.8316802 -0.2783431 -0.01207823 0.8768669 0.4614928 0.1346443 0.07245313 0 0 0 1</matrix>
                    <node id="node-Bip01_L_UpperArm" name="Bip01_L_UpperArm">
                      <matrix sid="matrix">0.9148225 0.1019805 0.3907679 0.1824007 -0.3946332 0.4313368 0.8113033 0 -0.08581546 -0.8964087 0.4348414 0 0 0 0 1</matrix>
                      <node id="node-Bip01_L_Forearm" name="Bip01_L_Forearm">
                        <matrix sid="matrix">0.1625255 0.9867043 2.98023e-8 0.2843689 -0.9867043 0.1625254 2.98023e-8 0 7.45058e-8 8.9407e-8 1 0 0 0 0 1</matrix>
                        <node id="node-Bip01_L_Hand" name="Bip01_L_Hand">
                          <matrix sid="matrix">0.8159181 -0.2567565 -0.5180286 0.281068 0.5621163 0.5619344 0.6068403 2.98023e-8 0.1352878 -0.7863243 0.6028196 -5.96046e-8 0 0 0 1</matrix>
                          <node id="node-Bip01_L_Finger0" name="Bip01_L_Finger0">
                            <matrix>0.6591592 0.3903029 0.642785 0.02119678 0.6535139 0.1255929 -0.7464221 -0.004734397 -0.37206 0.91208 -0.1722827 -0.025722 0 0 0 1</matrix>
                            <node id="node-Bip01_L_Finger01" name="Bip01_L_Finger01">
                              <matrix>0.8583042 -0.5131413 1.49012e-8 0.04982856 0.5131412 0.8583043 0 0 0 2.98023e-8 1 0 0 0 0 1</matrix>
                              <node id="node-Bip01_L_Finger02" name="Bip01_L_Finger02">
                                <matrix>0.6525693 -0.7577291 -5.96046e-8 0.05202246 0.7577291 0.6525694 0 2.98023e-8 -5.96046e-8 1.49012e-8 1 -1.19209e-7 0 0 0 1</matrix>
                              </node>
                            </node>
                          </node>
                          <node id="node-Bip01_L_Finger1" name="Bip01_L_Finger1">
                            <matrix>0.8743499 -0.4850003 -0.01693492 0.1199946 0.4823664 0.8723708 -0.07931915 -0.008367538 0.05324338 0.06118381 0.9967053 -0.04101387 0 0 0 1</matrix>
                            <node id="node-Bip01_L_Finger11" name="Bip01_L_Finger11">
                              <matrix>0.2787537 -0.9603626 1.49012e-8 0.03644186 0.9603627 0.2787537 -2.98023e-8 0 2.98023e-8 -3.35276e-8 1 -2.98023e-8 0 0 0 1</matrix>
                              <node id="node-Bip01_L_Finger12" name="Bip01_L_Finger12">
                                <matrix>0.8119804 -0.5836849 2.98023e-8 0.03117561 0.5836849 0.8119802 -3.72529e-9 5.96046e-8 0 7.45058e-8 1 5.96046e-8 0 0 0 1</matrix>
                              </node>
                            </node>
                          </node>
                          <node id="node-Bip01_L_Finger2" name="Bip01_L_Finger2">
                            <matrix>0.6472729 -0.7352321 -0.2011753 0.1229538 0.7556679 0.6535556 0.0427905 -0.008801997 0.1000182 -0.1797189 0.9786202 -0.01328251 0 0 0 1</matrix>
                            <node id="node-Bip01_L_Finger21" name="Bip01_L_Finger21">
                              <matrix>0.6013958 -0.7989514 2.98023e-8 0.03895527 0.7989513 0.6013957 -2.98023e-8 1.19209e-7 -8.9407e-8 1.49012e-8 1 0 0 0 0 1</matrix>
                              <node id="node-Bip01_L_Finger22" name="Bip01_L_Finger22">
                                <matrix>0.8644753 -0.5026751 0 0.03800523 0.5026752 0.8644754 0 0 0 2.98023e-8 1 0 0 0 0 1</matrix>
                              </node>
                            </node>
                          </node>
                          <node id="node-Bip01_L_Finger3" name="Bip01_L_Finger3">
                            <matrix>0.3854292 -0.8817468 -0.271969 0.1211881 0.9217519 0.3815319 0.06932965 -0.001191318 0.04263374 -0.2774096 0.9598053 0.01196858 0 0 0 1</matrix>
                            <node id="node-Bip01_L_Finger31" name="Bip01_L_Finger31">
                              <matrix>0.9381478 -0.346235 0 0.0315586 0.3462351 0.9381477 1.49012e-8 0 0 1.30385e-8 0.9999999 5.96046e-8 0 0 0 1</matrix>
                              <node id="node-Bip01_L_Finger32" name="Bip01_L_Finger32">
                                <matrix>0.6529357 -0.7574134 2.98023e-8 0.03366607 0.7574134 0.6529358 5.58794e-9 1.19209e-7 5.96046e-8 0 1 1.19209e-7 0 0 0 1</matrix>
                              </node>
                            </node>
                          </node>
                          <node id="node-Bip01_L_Finger4" name="Bip01_L_Finger4">
                            <matrix>0.7005675 -0.7005579 -0.1357337 0.1136797 0.7135146 0.6850149 0.1471444 0.005147398 -0.01010367 -0.1999326 0.9797575 0.03886572 0 0 0 1</matrix>
                            <node id="node-Bip01_L_Finger41" name="Bip01_L_Finger41">
                              <matrix>0.7966627 -0.6044244 -2.98023e-8 0.03661621 0.6044244 0.7966626 -2.98023e-8 0 0 -1.49012e-8 1 0 0 0 0 1</matrix>
                              <node id="node-Bip01_L_Finger42" name="Bip01_L_Finger42">
                                <matrix>0.8880922 -0.4596653 5.96046e-8 0.0177263 0.4596653 0.8880923 0 -5.96046e-8 -2.98023e-8 0 1 0 0 0 0 1</matrix>
                              </node>
                            </node>
                          </node>
                        </node>
                      </node>
                    </node>
                  </node>
                  <node id="node-Bip01_R_Clavicle" name="Bip01_R_Clavicle">
                    <matrix sid="matrix">-0.2637169 -0.4695001 -0.8426287 -0.03886741 0.5680317 -0.781612 0.257726 -0.01625878 -0.7796111 -0.4106731 0.4728153 -0.06076688 0 0 0 1</matrix>
                    <node id="node-Bip01_R_UpperArm" name="Bip01_R_UpperArm">
                      <matrix sid="matrix">0.5488821 0.7011069 -0.4551679 0.1824007 -0.7482665 0.6548238 0.1063155 0 0.3725932 0.2822323 0.8840359 0 0 0 0 1</matrix>
                      <node id="node-Bip01_R_Forearm" name="Bip01_R_Forearm">
                        <matrix sid="matrix">-0.1849685 0.9827445 -2.98023e-8 0.2843689 -0.9827445 -0.1849686 1.49012e-8 0 5.96046e-8 -5.96046e-8 0.9999999 0 0 0 0 1</matrix>
                        <node id="node-Bip01_R_Hand" name="Bip01_R_Hand">
                          <matrix sid="matrix">0.7744402 0.3823986 0.5039977 0.2810681 0.6265143 -0.352911 -0.6949342 -8.9407e-8 -0.08787552 0.8539468 -0.5128866 0 0 0 0 1</matrix>
                          <node id="node-Bip01_R_Finger0" name="Bip01_R_Finger0">
                            <matrix>0.5215106 0.269013 -0.8097275 0.02119675 0.7250716 0.3605265 0.5867638 -0.004734248 0.4497753 -0.893114 -0.007035537 0.02572203 0 0 0 1</matrix>
                            <node id="node-Bip01_R_Finger01" name="Bip01_R_Finger01">
                              <matrix sid="matrix">0.6195128 -0.7636236 0.1818872 0.04982847 0.7351192 0.6456373 0.206766 1.78814e-7 -0.2753246 0.005614528 0.9613349 -2.98023e-8 0 0 0 1</matrix>
                              <node id="node-Bip01_R_Finger02" name="Bip01_R_Finger02">
                                <matrix>0.9505157 -0.3106764 0 0.05202234 0.3106765 0.9505159 1.49012e-8 -1.19209e-7 6.70552e-8 -6.70552e-8 1 5.96046e-8 0 0 0 1</matrix>
                              </node>
                            </node>
                          </node>
                          <node id="node-Bip01_R_Finger1" name="Bip01_R_Finger1">
                            <matrix>0.9820225 -0.1733427 -0.0747267 0.1199946 0.1795577 0.9799359 0.08651491 -0.008367568 0.05823064 -0.09837735 0.9934441 0.04101384 0 0 0 1</matrix>
                            <node id="node-Bip01_R_Finger11" name="Bip01_R_Finger11">
                              <matrix>0.8240547 -0.5665102 7.45058e-9 0.03644174 0.5665103 0.8240547 7.45058e-9 0 9.31323e-10 2.98023e-8 0.9999999 1.19209e-7 0 0 0 1</matrix>
                              <node id="node-Bip01_R_Finger12" name="Bip01_R_Finger12">
                                <matrix>0.8146398 -0.5796778 0.01831834 0.03117546 0.5799671 0.8142333 -0.02573049 0 -7.45058e-9 0.0315851 0.999501 1.19209e-7 0 0 0 1</matrix>
                              </node>
                            </node>
                          </node>
                          <node id="node-Bip01_R_Finger2" name="Bip01_R_Finger2">
                            <matrix>0.6754014 -0.7374504 -1.52118e-4 0.1229538 0.7368313 0.6748427 -0.04082685 -0.008802056 0.03021043 0.02746242 0.9991663 0.01328242 0 0 0 1</matrix>
                            <node id="node-Bip01_R_Finger21" name="Bip01_R_Finger21">
                              <matrix>0.5508358 -0.8338857 -0.0348487 0.03895517 0.832222 0.551937 -0.05265062 5.96046e-8 0.06313889 -1.49012e-8 0.9980047 -1.19209e-7 0 0 0 1</matrix>
                              <node id="node-Bip01_R_Finger22" name="Bip01_R_Finger22">
                                <matrix>0.1984735 -0.9799248 0.01886612 0.03800535 0.9755272 0.1993681 0.09272985 0 -0.09462958 -7.45058e-9 0.9955125 1.19209e-7 0 0 0 1</matrix>
                              </node>
                            </node>
                          </node>
                          <node id="node-Bip01_R_Finger3" name="Bip01_R_Finger3">
                            <matrix>0.7159052 -0.6949217 0.06755453 0.1211881 0.6883786 0.6863562 -0.234627 -0.001191258 0.1166809 0.2144738 0.9697353 -0.01196861 0 0 0 1</matrix>
                            <node id="node-Bip01_R_Finger31" name="Bip01_R_Finger31">
                              <matrix>0.4441952 -0.8949345 0.04222351 0.03155842 0.8909185 0.4461976 0.08468728 2.98023e-8 -0.09462957 4.28408e-8 0.9955126 0 0 0 0 1</matrix>
                              <node id="node-Bip01_R_Finger32" name="Bip01_R_Finger32">
                                <matrix>0.1993681 -0.9794359 -0.03095104 0.03366594 0.9799248 0.1992686 0.006297071 -2.98023e-8 -9.31323e-9 -0.0315851 0.9995011 -1.19209e-7 0 0 0 1</matrix>
                              </node>
                            </node>
                          </node>
                          <node id="node-Bip01_R_Finger4" name="Bip01_R_Finger4">
                            <matrix>0.592579 -0.789795 -0.1583476 0.1136797 0.7783523 0.6120422 -0.1399001 0.005147427 0.2074078 -0.04034831 0.9774221 -0.03886569 0 0 0 1</matrix>
                            <node id="node-Bip01_R_Finger41" name="Bip01_R_Finger41">
                              <matrix>0.4202557 -0.9064697 0.04120624 0.03661615 0.906853 0.4211511 0.01578784 5.96046e-8 -0.03166525 0.03073302 0.999026 -1.19209e-7 0 0 0 1</matrix>
                              <node id="node-Bip01_R_Finger42" name="Bip01_R_Finger42">
                                <matrix>0.402447 -0.9138246 -0.05441486 0.01772633 0.9154232 0.4021217 0.01728316 -5.96046e-8 0.006087586 -0.05676818 0.998369 1.19209e-7 0 0 0 1</matrix>
                              </node>
                            </node>
                          </node>
                          <node id="node-mount0" name="mount0">
                            <matrix>-6.19795e-7 1 4.65661e-9 0.109539 -0.9999999 -6.56553e-7 4.77768e-7 0.02518259 4.787e-7 3.72529e-9 1 0.01321661 0 0 0 1</matrix>
                          </node>
                        </node>
                      </node>
                    </node>
                  </node>
                </node>
                <node id="node-Bip01_L_Pauldron_Upper" name="Bip01_L_Pauldron_Upper">
                  <matrix>0.9726581 0.118344 0.1998269 0.1769029 0.1843814 -0.9166573 -0.3546031 -0.03908372 0.1412075 0.381752 -0.9134145 0.2290199 0 0 0 1</matrix>
                </node>
                <node id="node-Bip01_R_Pauldron_Lower" name="Bip01_R_Pauldron_Lower">
                  <matrix>-0.1156724 -0.9403757 -0.3198654 0.172906 0.909775 -0.2295502 0.3458563 -0.1133294 -0.3986598 -0.2509995 0.8820826 -0.2351094 0 0 0 1</matrix>
                </node>
                <node id="node-Bip01_L_Pauldron_Lower" name="Bip01_L_Pauldron_Lower">
                  <matrix>-0.2099968 -0.7687199 0.6041282 0.1529202 0.4002342 -0.6313505 -0.6642358 -0.1054226 0.892028 0.1023054 0.4402497 0.2344801 0 0 0 1</matrix>
                </node>
              </node>
            </node>
            <node id="node-Bip01_L_Thigh" name="Bip01_L_Thigh">
              <matrix sid="matrix">-0.2134561 0.9769526 6.49393e-5 -0.2146651 0.8158031 0.1782097 0.5501878 0.03320511 0.537496 0.1174939 -0.8350409 0.1379292 0 0 0 1</matrix>
              <node id="node-Bip01_L_Calf" name="Bip01_L_Calf">
                <matrix sid="matrix">-0.4156479 0.9095256 -4.65661e-9 0.4629987 -0.9095255 -0.4156479 0 0 9.31323e-9 -2.42144e-8 0.9999999 -2.23517e-8 0 0 0 1</matrix>
                <node id="node-Bip01_L_Foot" name="Bip01_L_Foot">
                  <matrix sid="matrix">0.756071 -0.6433113 -0.1204465 0.3610501 0.653341 0.7527519 0.08068606 -1.49012e-8 0.0387601 -0.139697 0.9894354 0 0 0 0 1</matrix>
                  <node id="node-Bip01_L_Toe0" name="Bip01_L_Toe0">
                    <matrix>4.69387e-7 -1 1.38953e-6 0.1486306 0.9999999 4.76837e-7 2.21771e-8 0.1543275 -2.22353e-8 1.39046e-6 1 1.49012e-8 0 0 0 1</matrix>
                  </node>
                </node>
              </node>
            </node>
            <node id="node-Bip01_R_Thigh" name="Bip01_R_Thigh">
              <matrix sid="matrix">-0.675085 0.6145465 0.4081576 -0.1862196 0.7019938 0.7052346 0.09924106 -0.02753916 -0.2268585 0.3535204 -0.9075012 -0.1080631 0 0 0 1</matrix>
              <node id="node-Bip01_R_Calf" name="Bip01_R_Calf">
                <matrix sid="matrix">-0.5004746 0.8657514 0 0.4629988 -0.8657514 -0.5004746 -2.98023e-8 2.98023e-8 -5.58794e-9 -2.98023e-8 1 0 0 0 0 1</matrix>
                <node id="node-Bip01_R_Foot" name="Bip01_R_Foot">
                  <matrix sid="matrix">0.8593934 -0.5067784 0.0679598 0.3610501 0.4856145 0.8505639 0.2017903 1.49012e-8 -0.1600673 -0.1404149 0.9770681 -2.98023e-8 0 0 0 1</matrix>
                  <node id="node-Bip01_R_Toe0" name="Bip01_R_Toe0">
                    <matrix sid="matrix">-0.4769143 -0.8369298 0.2685164 0.1486307 0.8723612 -0.4880458 0.0282337 0.1543275 0.1074188 0.2477083 0.9628613 -5.96046e-8 0 0 0 1</matrix>
                  </node>
                </node>
              </node>
            </node>
          </node>
          <node id="node-Bip01_FannyPack" name="Bip01_FannyPack">
            <matrix sid="matrix">-0.8322091 -0.4771122 0.2824753 0.2028496 -0.493215 0.8697606 0.01598549 -0.1504242 -0.2533128 -0.1260178 -0.9591416 -0.008565135 0 0 0 1</matrix>
          </node>
        </node>
        <node id="node-Eye" name="Eye">
          <matrix sid="matrix">0.7792378 0.6267046 0.005463829 0.06830656 -0.6267174 0.7791417 0.01277699 0.08560522 0.003750302 -0.01338077 0.9999032 0.9620119 0 0 0 1</matrix>
          <node id="node-cam" name="cam">
            <matrix>1 -6.03104e-8 3.55271e-15 4.84288e-8 6.03104e-8 1 -2.32831e-9 -0.104 -3.55271e-15 2.32832e-9 1 0.3005601 0 0 0 1</matrix>
          </node>
        </node>
      </node>
      <node id="node-Bounds" name="Bounds">
        <matrix>0.9999915 0.001706907 0.003750479 0 -0.001711356 0.9999978 0.001183292 0.1035326 -0.003748452 -0.0011897 0.9999923 -8.93474e-5 0 0 0 1</matrix>
        <instance_geometry url="#geom-Bounds">
          <bind_material>
            <technique_common>
              <instance_material symbol="ShapeBounds" target="#ShapeBounds-material"/>
            </technique_common>
          </bind_material>
        </instance_geometry>
      </node>
    </visual_scene>
  </library_visual_scenes>
  <library_animations>
    <animation>
      <source id="node-Bip01_matrix-input">
        <float_array id="node-Bip01_matrix-input-array" count="16">33.5 33.53333 33.56667 33.6 33.63334 33.66667 33.7 33.73333 33.76667 33.8 33.83333 33.86666 33.9 33.93333 33.96667 34</float_array>
        <technique_common>
          <accessor source="#node-Bip01_matrix-input-array" count="16" stride="1">
            <param name="TIME" type="float"/>
          </accessor>
        </technique_common>
      </source>
      <source id="node-Bip01_matrix-output">
        <float_array id="node-Bip01_matrix-output-array" count="256">0.7792376 -0.6267174 0.003750205 5.66519e-4 0.6267048 0.7791419 -0.01338058 0.007247269 0.005463838 0.01277691 0.9999035 0.6068886 0 0 0 1 0.7792376 -0.6267173 0.003750264 -9.74797e-5 0.6267178 0.7792454 0.00118345 0.007821202 -0.003664016 0.001428127 0.9999923 0.5645205 0 0 0 1 0.7792376 -0.6267174 0.003750264 -4.60339e-4 0.6259323 0.7785352 0.04573512 0.009522497 -0.03158271 -0.0332911 0.9989466 0.551841 0 0 0 1 0.7792376 -0.6267174 0.003750324 -6.19889e-4 0.6221312 0.7742311 0.1162714 0.01222574 -0.07577294 -0.08826982 0.9932104 0.5648393 0 0 0 1 0.7792376 -0.6267175 0.003750383 -6.56896e-4 0.6158329 0.7667875 0.1810712 0.0147292 -0.1163563 -0.1387879 0.9834628 0.5896353 0 0 0 1 0.7792376 -0.6267175 0.003750383 -6.52127e-4 0.6122217 0.7624669 0.2093532 0.01583129 -0.1340649 -0.1608397 0.9778329 0.6123486 0 0 0 1 0.7792376 -0.6267175 0.003750383 -6.41545e-4 0.6128337 0.7632009 0.2048393 0.01564681 -0.1312387 -0.1573201 0.9787884 0.6303467 0 0 0 1 0.7792376 -0.6267175 0.003750383 -6.10091e-4 0.6144539 0.7651407 0.1923696 0.01513844 -0.123431 -0.1475971 0.9813154 0.6499181 0 0 0 1 0.7792376 -0.6267174 0.003750383 -5.61995e-4 0.6167055 0.7678277 0.1735367 0.01437634 -0.1116381 -0.1329134 0.9848203 0.6705645 0 0 0 1 0.7792376 -0.6267175 0.003750383 -5.01499e-4 0.6191982 0.7707857 0.1499432 0.01343077 -0.09686279 -0.1145191 0.9886875 0.6917828 0 0 0 1 0.7792376 -0.6267173 0.003750324 -4.32835e-4 0.6215862 0.7735951 0.123212 0.01237189 -0.08012038 -0.09368026 0.9923733 0.7130752 0 0 0 1 0.7792376 -0.6267173 0.003750324 -3.60237e-4 0.6236097 0.7759421 0.09499943 0.0112698 -0.06244784 -0.07168841 0.9954703 0.7339416 0 0 0 1 0.7792376 -0.6267175 0.003750264 -2.87941e-4 0.6251183 0.7776501 0.0669893 0.01019465 -0.04489982 -0.04985618 0.9977467 0.7538823 0 0 0 1 0.7792377 -0.6267173 0.003750264 -2.20175e-4 0.6260783 0.7786878 0.0408802 0.009216666 -0.02854061 -0.02950739 0.999157 0.7723989 0 0 0 1 0.7792376 -0.6267174 0.003750264 -1.61185e-4 0.6265622 0.7791547 0.01837998 0.008406043 -0.01444107 -0.0119726 0.9998241 0.7889888 0 0 0 1 0.7792376 -0.6267173 0.003750264 -1.15201e-4 0.6267178 0.7792454 0.00118345 0.007832944 -0.003664016 0.001428127 0.9999923 0.8031538 0 0 0 1</float_array>
        <technique_common>
          <accessor source="#node-Bip01_matrix-output-array" count="16" stride="16">
            <param name="TRANSFORM" type="float4x4"/>
          </accessor>
        </technique_common>
      </source>
      <source id="node-Bip01_matrix-interpolation">
        <Name_array id="node-Bip01_matrix-interpolation-array" count="16">LINEAR LINEAR LINEAR LINEAR LINEAR LINEAR LINEAR LINEAR LINEAR LINEAR LINEAR LINEAR LINEAR LINEAR LINEAR LINEAR</Name_array>
        <technique_common>
          <accessor source="#node-Bip01_matrix-interpolation-array" count="16" stride="1">
            <param name="INTERPOLATION" type="name"/>
          </accessor>
        </technique_common>
      </source>
      <source id="node-Bip01_Pelvis_matrix-input">
        <float_array id="node-Bip01_Pelvis_matrix-input-array" count="16">33.5 33.53333 33.56667 33.6 33.63334 33.66667 33.7 33.73333 33.76667 33.8 33.83333 33.86666 33.9 33.93333 33.96667 34</float_array>
        <technique_common>
          <accessor source="#node-Bip01_Pelvis_matrix-input-array" count="16" stride="1">
            <param name="TIME" type="float"/>
          </accessor>
        </technique_common>
      </source>
      <source id="node-Bip01_Pelvis_matrix-output">
        <float_array id="node-Bip01_Pelvis_matrix-output-array" count="256">0.1367748 0.9892851 0.05106675 0 0.1862078 -0.07630825 0.9795427 0 0.9729436 -0.1244677 -0.1946496 0 0 0 0 1 0.1277902 0.9901062 0.05796164 0 0.1654049 -0.07889783 0.9830647 0 0.9779114 -0.1160389 -0.1738508 0 0 0 0 1 0.1184398 0.9908437 0.06481325 0 0.1440723 -0.08173024 0.9861862 0 0.9824536 -0.1074659 -0.1524332 0 0 0 0 1 0.1087694 0.9914873 0.07156902 0 0.1223336 -0.08479982 0.9888596 0 0.9865109 -0.09880244 -0.1305158 0 0 0 0 1 0.09883493 0.9920283 0.07817631 0 0.1003274 -0.08809459 0.9910469 0 0.9900335 -0.09010684 -0.1082344 0 0 0 0 1 0.08869004 0.9924607 0.08459126 0 0.07818078 -0.09160006 0.992722 0 0.9929863 -0.08143115 -0.08571541 0 0 0 0 1 0.07839667 0.9927812 0.09077185 0 0.05603164 -0.09529602 0.9938707 0 0.9953463 -0.07283002 -0.06309801 0 0 0 0 1 0.06802004 0.9929885 0.09668171 0 0.03401774 -0.0991581 0.99449 0 0.9971039 -0.06435638 -0.04052394 0 0 0 0 1 0.0576238 0.993084 0.1022922 0 0.01226627 -0.1031592 0.9945893 0 0.9982631 -0.05605727 -0.01812589 0 0 0 0 1 0.04728031 0.9930718 0.1075773 0 -0.009083569 -0.1072659 0.9941889 0 0.9988403 -0.04798275 0.003949046 0 0 0 0 1 0.03705775 0.9929584 0.1125192 0 -0.02990812 -0.1114441 0.9933205 0 0.9988654 -0.04017543 0.02556765 0 0 0 0 1 0.02703064 0.9927519 0.1171032 0 -0.0500763 -0.1156542 0.9920265 0 0.9983796 -0.03267925 0.04658716 0 0 0 0 1 0.01727473 0.9924631 0.12132 0 -0.06946074 -0.1198537 0.9903587 0 0.9974351 -0.02553516 0.06686675 0 0 0 0 1 0.007861971 0.9921047 0.1251665 0 -0.08794599 -0.1239994 0.9883773 0 0.9960944 -0.0187785 0.08627671 0 0 0 0 1 -0.001129329 0.9916905 0.1286424 0 -0.105409 -0.1280438 0.986151 0 0.9944283 -0.01244634 0.1046777 0 0 0 0 1 -0.009626686 0.991236 0.1317526 0 -0.1217414 -0.1319403 0.9837534 0 0.9925152 -0.006569385 0.1219446 0 0 0 0 1</float_array>
        <technique_common>
          <accessor source="#node-Bip01_Pelvis_matrix-output-array" count="16" stride="16">
            <param name="TRANSFORM" type="float4x4"/>
          </accessor>
        </technique_common>
      </source>
      <source id="node-Bip01_Pelvis_matrix-interpolation">
        <Name_array id="node-Bip01_Pelvis_matrix-interpolation-array" count="16">LINEAR LINEAR LINEAR LINEAR LINEAR LINEAR LINEAR LINEAR LINEAR LINEAR LINEAR LINEAR LINEAR LINEAR LINEAR LINEAR</Name_array>
        <technique_common>
          <accessor source="#node-Bip01_Pelvis_matrix-interpolation-array" count="16" stride="1">
            <param name="INTERPOLATION" type="name"/>
          </accessor>
        </technique_common>
      </source>
      <source id="node-Bip01_Spine_matrix-input">
        <float_array id="node-Bip01_Spine_matrix-input-array" count="16">33.5 33.53333 33.56667 33.6 33.63334 33.66667 33.7 33.73333 33.76667 33.8 33.83333 33.86666 33.9 33.93333 33.96667 34</float_array>
        <technique_common>
          <accessor source="#node-Bip01_Spine_matrix-input-array" count="16" stride="1">
            <param name="TIME" type="float"/>
          </accessor>
        </technique_common>
      </source>
      <source id="node-Bip01_Spine_matrix-output">
        <float_array id="node-Bip01_Spine_matrix-output-array" count="256">0.9937528 0.02368617 0.1090625 0.1974943 0.003130733 0.9709184 -0.2393909 0.00145173 -0.111561 0.2382367 0.9647784 -0.03744351 0 0 0 1 0.9943908 0.02162396 0.1035353 0.1982452 0.004275023 0.9698612 -0.2436208 0.003153085 -0.1056829 0.242697 0.9643284 -0.03311628 0 0 0 1 0.9951252 0.01771193 0.09701746 0.1989017 0.007119178 0.9682726 -0.2497951 0.004880964 -0.09836369 0.2492681 0.9634263 -0.02866709 0 0 0 1 0.9959862 0.01126468 0.08879661 0.1994532 0.01205128 0.96614 -0.2577373 0.00662446 -0.08869326 0.2577729 0.9621263 -0.02412098 0 0 0 1 0.9969381 0.00159806 0.07818156 0.1998914 0.01941651 0.963422 -0.2672849 0.008371651 -0.07574898 0.2679845 0.9604408 -0.01950645 0 0 0 1 0.9978469 -0.01198899 0.06448179 0.2002109 0.0295192 0.9600387 -0.2783067 0.01011204 -0.05856829 0.2796109 0.9583255 -0.01484984 0 0 0 1 0.9983829 -0.03023797 0.04813843 0.2004087 0.04302501 0.9553861 -0.2922098 0.01183468 -0.03715491 0.2938083 0.9551421 -0.01018005 0 0 0 1 0.9981296 -0.05296182 0.03053462 0.2004845 0.05982881 0.9488957 -0.3098666 0.01352906 -0.01256304 0.3111138 0.9502897 -0.005526363 0 0 0 1 0.9967659 -0.07940065 0.01238077 0.2004409 0.07902508 0.9405372 -0.3303708 0.01518583 0.01458704 0.3302807 0.9437699 -9.15878e-4 0 0 0 1 0.9940608 -0.1086799 -0.005661368 0.2002831 0.09970712 0.9303687 -0.3528072 0.01679521 0.04361021 0.3501473 0.9356789 0.003621518 0 0 0 1 0.9899075 -0.1398317 -0.02303493 0.2000185 0.1210005 0.918579 -0.3762596 0.01834869 0.07377249 0.3696749 0.9262278 0.008058905 0 0 0 1 0.9843487 -0.1717954 -0.03929394 0.1996574 0.1420769 0.9055169 -0.3998164 0.01983785 0.1042679 0.387976 0.9157525 0.01236748 0 0 0 1 0.9775884 -0.203448 -0.05412894 0.1992122 0.1621745 0.8916968 -0.4225828 0.02125477 0.1342403 0.4043338 0.9047064 0.01651901 0 0 0 1 0.969986 -0.2336391 -0.06737869 0.198697 0.1806114 0.87779 -0.4436938 0.0225926 0.1628085 0.4182074 0.893642 0.02048766 0 0 0 1 0.9620456 -0.2612014 -0.07900547 0.1981279 0.1967791 0.8646049 -0.462316 0.0238443 0.1890661 0.4292226 0.8831885 0.02424561 0 0 0 1 0.9543823 -0.2849872 -0.08909028 0.1975225 0.2101389 0.8530462 -0.4776545 0.02500414 0.2121235 0.4371438 0.8740191 0.02776813 0 0 0 1</float_array>
        <technique_common>
          <accessor source="#node-Bip01_Spine_matrix-output-array" count="16" stride="16">
            <param name="TRANSFORM" type="float4x4"/>
          </accessor>
        </technique_common>
      </source>
      <source id="node-Bip01_Spine_matrix-interpolation">
        <Name_array id="node-Bip01_Spine_matrix-interpolation-array" count="16">LINEAR LINEAR LINEAR LINEAR LINEAR LINEAR LINEAR LINEAR LINEAR LINEAR LINEAR LINEAR LINEAR LINEAR LINEAR LINEAR</Name_array>
        <technique_common>
          <accessor source="#node-Bip01_Spine_matrix-interpolation-array" count="16" stride="1">
            <param name="INTERPOLATION" type="name"/>
          </accessor>
        </technique_common>
      </source>
      <source id="node-Bip01_Spine1_matrix-input">
        <float_array id="node-Bip01_Spine1_matrix-input-array" count="16">33.5 33.53333 33.56667 33.6 33.63334 33.66667 33.7 33.73333 33.76667 33.8 33.83333 33.86666 33.9 33.93333 33.96667 34</float_array>
        <technique_common>
          <accessor source="#node-Bip01_Spine1_matrix-input-array" count="16" stride="1">
            <param name="TIME" type="float"/>
          </accessor>
        </technique_common>
      </source>
      <source id="node-Bip01_Spine1_matrix-output">
        <float_array id="node-Bip01_Spine1_matrix-output-array" count="256">0.9938208 0.04182797 -0.1028128 0.1022255 -0.04104679 0.9991101 0.009703159 -1.0094e-4 0.1031271 -0.005423009 0.9946535 5.40167e-7 0 0 0 1 0.9938189 0.04182159 -0.1028343 0.1022256 -0.04103851 0.9991104 0.009720146 -1.00926e-4 0.1031493 -0.005439877 0.994651 5.4203e-7 0 0 0 1 0.9938524 0.04193097 -0.1024645 0.1022255 -0.04118061 0.9991073 0.009428858 -1.00918e-4 0.1027684 -0.005151331 0.9946918 5.1409e-7 0 0 0 1 0.9939199 0.04215306 -0.1017149 0.1022255 -0.04146826 0.9991007 0.008838415 -1.00926e-4 0.1019961 -0.004566729 0.9947744 4.5076e-7 0 0 0 1 0.9940198 0.04248499 -0.1005972 0.1022254 -0.0418964 0.9990903 0.00795716 -1.00896e-4 0.1008438 -0.003694891 0.9948953 3.7998e-7 0 0 0 1 0.9941489 0.0429244 -0.09912294 0.1022253 -0.04245972 0.9990751 0.006794095 -1.00911e-4 0.09932291 -0.002545535 0.995052 2.75671e-7 0 0 0 1 0.9943305 0.04355931 -0.09700334 0.1022253 -0.04326665 0.9990504 0.00511986 -1.00896e-4 0.09713429 -8.93759e-4 0.9952709 0 0 0 0 1 0.9945734 0.04444509 -0.0940665 0.1022253 -0.04437887 0.9990108 0.002796649 -1.00926e-4 0.09409779 0.001393079 0.9955619 -1.45286e-7 0 0 0 1 0.9948553 0.04553037 -0.09049975 0.1022253 -0.04572075 0.9989543 -3.08864e-5 -1.0094e-4 0.09040367 0.004168331 0.9958965 -4.32134e-7 0 0 0 1 0.9951547 0.04676282 -0.08648997 0.1022251 -0.04721742 0.9988796 -0.003216743 -1.00926e-4 0.08624267 0.007285058 0.9962477 -7.45058e-7 0 0 0 1 0.9954531 0.04808855 -0.08222413 0.1022249 -0.04879605 0.9987869 -0.006615042 -1.00911e-4 0.0818063 0.01059722 0.9965921 -1.08033e-6 0 0 0 1 0.9957349 0.04945135 -0.07788866 0.1022247 -0.05038589 0.9986791 -0.01007807 -1.00881e-4 0.07728743 0.0139597 0.9969113 -1.40443e-6 0 0 0 1 0.9959885 0.05079245 -0.07366949 0.1022245 -0.05191904 0.9985607 -0.01345723 -1.00821e-4 0.07287991 0.01722806 0.9971921 -1.73878e-6 0 0 0 1 0.9962056 0.05205088 -0.06975191 0.1022244 -0.05333006 0.998439 -0.01660269 -1.00866e-4 0.06877881 0.02025955 0.9974262 -2.0491e-6 0 0 0 1 0.996381 0.05316352 -0.06632077 0.1022243 -0.05455607 0.9983229 -0.01936393 -1.00866e-4 0.06518006 0.02291202 0.9976104 -2.31899e-6 0 0 0 1 0.9965124 0.05406576 -0.06356054 0.1022244 -0.05553561 0.9982233 -0.02158951 -1.00836e-4 0.06228029 0.02504408 0.9977445 -2.52016e-6 0 0 0 1</float_array>
        <technique_common>
          <accessor source="#node-Bip01_Spine1_matrix-output-array" count="16" stride="16">
            <param name="TRANSFORM" type="float4x4"/>
          </accessor>
        </technique_common>
      </source>
      <source id="node-Bip01_Spine1_matrix-interpolation">
        <Name_array id="node-Bip01_Spine1_matrix-interpolation-array" count="16">LINEAR LINEAR LINEAR LINEAR LINEAR LINEAR LINEAR LINEAR LINEAR LINEAR LINEAR LINEAR LINEAR LINEAR LINEAR LINEAR</Name_array>
        <technique_common>
          <accessor source="#node-Bip01_Spine1_matrix-interpolation-array" count="16" stride="1">
            <param name="INTERPOLATION" type="name"/>
          </accessor>
        </technique_common>
      </source>
      <source id="node-Bip01_Spine2_matrix-input">
        <float_array id="node-Bip01_Spine2_matrix-input-array" count="16">33.5 33.53333 33.56667 33.6 33.63334 33.66667 33.7 33.73333 33.76667 33.8 33.83333 33.86666 33.9 33.93333 33.96667 34</float_array>
        <technique_common>
          <accessor source="#node-Bip01_Spine2_matrix-input-array" count="16" stride="1">
            <param name="TIME" type="float"/>
          </accessor>
        </technique_common>
      </source>
      <source id="node-Bip01_Spine2_matrix-output">
