<?xml version="1.0" encoding="utf-8"?>
<COLLADA xmlns="http://www.collada.org/2005/11/COLLADASchema" version="1.4.1">
  <asset>
    <contributor>
      <author>MattO</author>
      <authoring_tool>OpenCOLLADA for 3ds Max;  Version: 1.3.0;  Revision: 839M;  Platform: x64;  Configuration: Release_Max2012</authoring_tool>
      <source_data>file:///C:/Dropbox/Prj/GGStout/Kralmok/Soldier_TP_Kralmok_Animation_Master.max</source_data>
    </contributor>
    <created>2011-11-07T11:16:47</created>
    <modified>2011-11-07T11:16:47</modified>
    <unit name="meter" meter="1"/>
    <up_axis>Z_UP</up_axis>
  </asset>
  <library_effects>
    <effect id="ShapeBounds">
      <profile_COMMON>
        <technique sid="common">
          <blinn>
            <emission>
              <color>0 0 0 1</color>
            </emission>
            <ambient>
              <color>0.1647059 1 0 1</color>
            </ambient>
            <diffuse>
              <color>0.1647059 1 0 1</color>
            </diffuse>
            <specular>
              <color>0.9 0.9 0.9 1</color>
            </specular>
            <shininess>
              <float>10</float>
            </shininess>
            <reflective>
              <color>0 0 0 1</color>
            </reflective>
            <transparent opaque="A_ONE">
              <color>1 1 1 1</color>
            </transparent>
            <transparency>
              <float>1</float>
            </transparency>
          </blinn>
        </technique>
      </profile_COMMON>
      <extra>
        <technique profile="OpenCOLLADA3dsMax">
          <extended_shader>
            <apply_reflection_dimming>0</apply_reflection_dimming>
            <dim_level>0</dim_level>
            <falloff_type>0</falloff_type>
            <index_of_refraction>1.5</index_of_refraction>
            <opacity_type>0</opacity_type>
            <reflection_level>3</reflection_level>
            <wire_size>1</wire_size>
            <wire_units>0</wire_units>
          </extended_shader>
          <shader>
            <ambient_diffuse_lock>1</ambient_diffuse_lock>
            <ambient_diffuse_texture_lock>1</ambient_diffuse_texture_lock>
            <diffuse_specular_lock>0</diffuse_specular_lock>
            <soften>0.1</soften>
            <use_self_illum_color>0</use_self_illum_color>
          </shader>
        </technique>
      </extra>
    </effect>
  </library_effects>
  <library_materials>
    <material id="ShapeBounds-material" name="ShapeBounds">
      <instance_effect url="#ShapeBounds"/>
    </material>
  </library_materials>
  <library_geometries>
    <geometry id="geom-Bounds" name="Bounds">
      <mesh>
        <source id="geom-Bounds-positions">
          <float_array id="geom-Bounds-positions-array" count="24">-0.425 -0.425 0 0.425 -0.425 0 -0.425 0.425 0 0.425 0.425 0 -0.425 -0.425 1.84 0.425 -0.425 1.84 -0.425 0.425 1.84 0.425 0.425 1.84</float_array>
          <technique_common>
            <accessor source="#geom-Bounds-positions-array" count="8" stride="3">
              <param name="X" type="float"/>
              <param name="Y" type="float"/>
              <param name="Z" type="float"/>
            </accessor>
          </technique_common>
        </source>
        <source id="geom-Bounds-normals">
          <float_array id="geom-Bounds-normals-array" count="72">0 0 -1 0 0 -1 0 0 -1 0 0 -1 0 0 1 0 0 1 0 0 1 0 0 1 0 -1 0 0 -1 0 0 -1 0 0 -1 0 1 0 0 1 0 0 1 0 0 1 0 0 0 1 0 0 1 0 0 1 0 0 1 0 -1 0 0 -1 0 0 -1 0 0 -1 0 0</float_array>
          <technique_common>
            <accessor source="#geom-Bounds-normals-array" count="24" stride="3">
              <param name="X" type="float"/>
              <param name="Y" type="float"/>
              <param name="Z" type="float"/>
            </accessor>
          </technique_common>
        </source>
        <source id="geom-Bounds-map1">
          <float_array id="geom-Bounds-map1-array" count="36">0 0 0 1 0 0 0 1 0 1 1 0 0 0 0 1 0 0 0 1 0 1 1 0 0 0 0 1 0 0 0 1 0 1 1 0</float_array>
          <technique_common>
            <accessor source="#geom-Bounds-map1-array" count="12" stride="3">
              <param name="S" type="float"/>
              <param name="T" type="float"/>
              <param name="P" type="float"/>
            </accessor>
          </technique_common>
        </source>
        <vertices id="geom-Bounds-vertices">
          <input semantic="POSITION" source="#geom-Bounds-positions"/>
        </vertices>
        <triangles material="ShapeBounds" count="12">
          <input semantic="VERTEX" source="#geom-Bounds-vertices" offset="0"/>
          <input semantic="NORMAL" source="#geom-Bounds-normals" offset="1"/>
          <input semantic="TEXCOORD" source="#geom-Bounds-map1" offset="2" set="0"/>
          <p>0 0 9 2 1 11 3 2 10 3 2 10 1 3 8 0 0 9 4 4 8 5 5 9 7 6 11 7 6 11 6 7 10 4 4 8 0 8 4 1 9 5 5 10 7 5 10 7 4 11 6 0 8 4 1 12 0 3 13 1 7 14 3 7 14 3 5 15 2 1 12 0 3 16 4 2 17 5 6 18 7 6 18 7 7 19 6 3 16 4 2 20 0 0 21 1 4 22 3 4 22 3 6 23 2 2 20 0</p>
        </triangles>
      </mesh>
      <extra>
        <technique profile="OpenCOLLADA3dsMax">
          <max_box>
            <generateuvs>1</generateuvs>
            <height>1.84</height>
            <heightsegments>1</heightsegments>
            <length>0.85</length>
            <lengthsegments>1</lengthsegments>
            <width>0.85</width>
            <widthsegments>1</widthsegments>
          </max_box>
        </technique>
      </extra>
    </geometry>
  </library_geometries>
  <library_lights>
    <light id="EnvironmentAmbientLight" name="EnvironmentAmbientLight">
      <technique_common>
        <ambient>
          <color>0 0 0</color>
        </ambient>
      </technique_common>
    </light>
  </library_lights>
  <library_visual_scenes>
    <visual_scene id="MaxScene">
      <node name="EnvironmentAmbientLight">
        <instance_light url="#EnvironmentAmbientLight"/>
      </node>
      <node id="node-Bip01" name="Bip01">
        <matrix sid="matrix">0.7792376 -0.6267174 0.003750309 0.01177563 0.394603 0.4952663 0.7739508 -0.001194769 -0.4869058 -0.6016117 0.6332346 0.7990257 0 0 0 1</matrix>
        <node id="node-Bip01_Pelvis" name="Bip01_Pelvis">
          <matrix sid="matrix">-0.009626687 0.9981475 0.0600725 0 -0.1217414 -0.06079841 0.990698 0 0.9925151 0.002223849 0.1221011 0 0 0 0 1</matrix>
          <node id="node-Bip01_Spine" name="Bip01_Spine">
            <matrix sid="matrix">0.9102762 -0.1242888 -0.3949049 0.1975095 0.1563549 0.9864376 0.04994377 0.02692926 0.3833414 -0.1072079 0.9173636 0.0259358 0 0 0 1</matrix>
            <node id="node-Bip01_Spine1" name="Bip01_Spine1">
              <matrix sid="matrix">0.9768052 0.202363 0.0700081 0.1022094 -0.2050412 0.978184 0.03338137 -9.88543e-5 -0.06172565 -0.04696169 0.9969877 4.70877e-6 0 0 0 1</matrix>
              <node id="node-Bip01_Spine2" name="Bip01_Spine2">
                <matrix>0.9382486 -0.1808119 0.2949519 0.126897 0.1591711 0.9825715 0.09601045 -1.68249e-4 -0.3071713 -0.04313388 0.9506764 7.39098e-6 0 0 0 1</matrix>
                <node id="node-Bip01_Neck" name="Bip01_Neck">
                  <matrix>0.8407079 -0.4308255 0.3280237 0.215107 0.4136219 0.9019012 0.124463 -4.96507e-5 -0.3494668 0.03104067 0.9364344 -1.60933e-6 0 0 0 1</matrix>
                  <node id="node-Bip01_Head" name="Bip01_Head">
                    <matrix sid="matrix">0.7802361 0.2694757 -0.5644596 0.07051831 -0.6185187 0.1980898 -0.7603914 -0.01395917 -0.09309328 0.9424137 0.3212323 5.96046e-8 0 0 0 1</matrix>
                    <node id="node-AltEye" name="AltEye">
                      <matrix sid="matrix">0.05499084 0.3708132 0.9270786 0.06454694 0.07993891 0.9238678 -0.3742706 0.2214611 -0.9952819 0.09469081 0.0211618 0.04716257 0 0 0 1</matrix>
                    </node>
                  </node>
                  <node id="node-Bip01_L_Clavicle" name="Bip01_L_Clavicle">
                    <matrix>-0.4675105 -0.511521 0.7209579 -0.04690331 0.4808369 -0.8315179 -0.2781613 -0.01204765 0.7417749 0.2166197 0.6347014 0.05588397 0 0 0 1</matrix>
                    <node id="node-Bip01_L_UpperArm" name="Bip01_L_UpperArm">
                      <matrix sid="matrix">0.8179739 0.5558226 -0.1482578 0.1824007 -0.0959912 0.3859935 0.9174938 0 0.5671903 -0.7362543 0.3690867 0 0 0 0 1</matrix>
                      <node id="node-Bip01_L_Forearm" name="Bip01_L_Forearm">
                        <matrix sid="matrix">-0.2092855 0.9778544 -2.98023e-8 0.2843688 -0.9778545 -0.2092856 0 0 1.49012e-7 -7.45058e-8 0.9999999 -5.96046e-8 0 0 0 1</matrix>
                        <node id="node-Bip01_L_Hand" name="Bip01_L_Hand">
                          <matrix sid="matrix">0.6243451 -0.5074209 -0.5939001 0.281068 0.6645223 0.7446623 0.06235763 2.98023e-8 0.4106134 -0.4335926 0.8021187 -5.96046e-8 0 0 0 1</matrix>
                          <node id="node-Bip01_L_Finger0" name="Bip01_L_Finger0">
                            <matrix>0.6591593 0.3903029 0.6427851 0.02119684 0.6535139 0.1255929 -0.746422 -0.004734159 -0.37206 0.9120802 -0.1722827 -0.02572188 0 0 0 1</matrix>
                            <node id="node-Bip01_L_Finger01" name="Bip01_L_Finger01">
                              <matrix>0.8583043 -0.5131412 -1.49012e-8 0.04982859 0.5131411 0.8583043 -1.49012e-8 0 2.98023e-8 -4.28408e-8 0.9999999 -1.19209e-7 0 0 0 1</matrix>
                              <node id="node-Bip01_L_Finger02" name="Bip01_L_Finger02">
                                <matrix>0.6525692 -0.7577291 0 0.0520224 0.7577291 0.6525693 -9.31323e-10 0 0 1.49012e-8 1 0 0 0 0 1</matrix>
                              </node>
                            </node>
                          </node>
                          <node id="node-Bip01_L_Finger1" name="Bip01_L_Finger1">
                            <matrix>0.87435 -0.4850004 -0.01693494 0.1199948 0.4823663 0.8723708 -0.07931917 -0.008367538 0.05324338 0.06118381 0.9967055 -0.04101387 0 0 0 1</matrix>
                            <node id="node-Bip01_L_Finger11" name="Bip01_L_Finger11">
                              <matrix>0.2787539 -0.9603627 -5.58794e-9 0.03644145 0.9603627 0.2787539 1.49012e-8 1.19209e-7 7.45058e-9 -3.72529e-9 1 -1.49012e-8 0 0 0 1</matrix>
                              <node id="node-Bip01_L_Finger12" name="Bip01_L_Finger12">
                                <matrix>0.8119802 -0.583685 7.45058e-9 0.03117537 0.583685 0.8119802 -1.67638e-8 -1.19209e-7 -7.45058e-9 -1.86265e-8 1 2.98023e-8 0 0 0 1</matrix>
                              </node>
                            </node>
                          </node>
                          <node id="node-Bip01_L_Finger2" name="Bip01_L_Finger2">
                            <matrix>0.6472731 -0.7352321 -0.2011753 0.1229538 0.7556679 0.6535555 0.04279053 -0.008802056 0.1000182 -0.1797189 0.9786203 -0.01328243 0 0 0 1</matrix>
                            <node id="node-Bip01_L_Finger21" name="Bip01_L_Finger21">
                              <matrix>0.6013957 -0.7989514 0 0.03895518 0.7989513 0.6013958 -2.98023e-8 -1.19209e-7 2.98023e-8 -7.45058e-9 1 0 0 0 0 1</matrix>
                              <node id="node-Bip01_L_Finger22" name="Bip01_L_Finger22">
                                <matrix>0.8644754 -0.5026752 -2.98023e-8 0.03800541 0.5026751 0.8644754 -3.72529e-9 -1.19209e-7 0 -7.45058e-9 1 -2.98023e-8 0 0 0 1</matrix>
                              </node>
                            </node>
                          </node>
                          <node id="node-Bip01_L_Finger3" name="Bip01_L_Finger3">
                            <matrix>0.3854296 -0.8817466 -0.2719691 0.1211883 0.9217517 0.3815324 0.06932962 -0.001191378 0.04263385 -0.2774097 0.9598054 0.01196866 0 0 0 1</matrix>
                            <node id="node-Bip01_L_Finger31" name="Bip01_L_Finger31">
                              <matrix>0.9381479 -0.3462352 1.49012e-8 0.03155851 0.3462352 0.9381478 1.49012e-8 0 2.98023e-8 1.49012e-8 1 5.96046e-8 0 0 0 1</matrix>
                              <node id="node-Bip01_L_Finger32" name="Bip01_L_Finger32">
                                <matrix>0.6529357 -0.7574133 0 0.03366601 0.7574133 0.6529357 1.49012e-8 2.38419e-7 0 2.98023e-8 1 0 0 0 0 1</matrix>
                              </node>
                            </node>
                          </node>
                          <node id="node-Bip01_L_Finger4" name="Bip01_L_Finger4">
                            <matrix>0.7005677 -0.7005579 -0.1357337 0.1136799 0.7135146 0.685015 0.1471444 0.005147398 -0.01010363 -0.1999326 0.9797575 0.03886576 0 0 0 1</matrix>
                            <node id="node-Bip01_L_Finger41" name="Bip01_L_Finger41">
                              <matrix>0.7966626 -0.6044243 -1.49012e-8 0.03661603 0.6044244 0.7966626 0 1.19209e-7 0 -1.49012e-8 1 -2.98023e-8 0 0 0 1</matrix>
                              <node id="node-Bip01_L_Finger42" name="Bip01_L_Finger42">
                                <matrix>0.8880921 -0.4596652 0 0.01772636 0.4596652 0.8880923 0 0 2.98023e-8 3.1665e-8 1 2.98023e-8 0 0 0 1</matrix>
                              </node>
                            </node>
                          </node>
                        </node>
                      </node>
                    </node>
                  </node>
                  <node id="node-Bip01_R_Clavicle" name="Bip01_R_Clavicle">
                    <matrix>0.2073931 -0.1669672 -0.9639034 8.67009e-4 0.5679266 -0.781728 0.2576056 -0.01629049 -0.7965221 -0.6008521 -0.06729993 -0.07212156 0 0 0 1</matrix>
                    <node id="node-Bip01_R_UpperArm" name="Bip01_R_UpperArm">
                      <matrix sid="matrix">0.6227364 0.745048 -0.2389616 0.1824007 -0.7752992 0.6287211 -0.06017554 0 0.1054066 0.2227403 0.9691626 0 0 0 0 1</matrix>
                      <node id="node-Bip01_R_Forearm" name="Bip01_R_Forearm">
                        <matrix sid="matrix">-0.09420612 0.9955528 -2.98023e-8 0.2843689 -0.9955527 -0.09420617 0 -2.98023e-8 -5.96046e-8 5.96046e-8 1 1.19209e-7 0 0 0 1</matrix>
                        <node id="node-Bip01_R_Hand" name="Bip01_R_Hand">
                          <matrix sid="matrix">0.9456281 0.1564359 -0.2851585 0.2810681 -0.02299423 -0.8423883 -0.5383804 -5.96046e-8 -0.3244361 0.5156646 -0.7929888 0 0 0 0 1</matrix>
                          <node id="node-Bip01_R_Finger0" name="Bip01_R_Finger0">
                            <matrix>0.5215105 0.269013 -0.8097274 0.02119684 0.7250716 0.3605264 0.5867638 -0.004734218 0.4497752 -0.893114 -0.007035471 0.02572173 0 0 0 1</matrix>
                            <node id="node-Bip01_R_Finger01" name="Bip01_R_Finger01">
                              <matrix sid="matrix">0.6423534 -0.7636238 0.06527568 0.04982853 0.7605617 0.6456372 0.06854741 0 -0.09448881 0.005614484 0.9955102 0 0 0 0 1</matrix>
                              <node id="node-Bip01_R_Finger02" name="Bip01_R_Finger02">
                                <matrix>0.9505158 -0.3106765 -1.35042e-8 0.05202234 0.3106764 0.9505157 -1.39698e-8 0 -1.16415e-8 -1.02445e-8 1 0 0 0 0 1</matrix>
                              </node>
                            </node>
                          </node>
                          <node id="node-Bip01_R_Finger1" name="Bip01_R_Finger1">
                            <matrix>0.9820224 -0.1733428 -0.0747267 0.1199946 0.1795577 0.9799357 0.08651492 -0.008367628 0.05823065 -0.09837733 0.9934439 0.04101366 0 0 0 1</matrix>
                            <node id="node-Bip01_R_Finger11" name="Bip01_R_Finger11">
                              <matrix>0.8240548 -0.5665103 0 0.03644168 0.5665103 0.8240547 3.72529e-9 1.19209e-7 -1.49012e-8 7.45058e-9 1 2.38419e-7 0 0 0 1</matrix>
                              <node id="node-Bip01_R_Finger12" name="Bip01_R_Finger12">
                                <matrix>0.8146399 -0.5796778 0.01831833 0.03117549 0.5799672 0.8142333 -0.0257305 0 7.45058e-9 0.03158512 0.9995011 -5.96046e-8 0 0 0 1</matrix>
                              </node>
                            </node>
                          </node>
                          <node id="node-Bip01_R_Finger2" name="Bip01_R_Finger2">
                            <matrix>0.6754012 -0.7374503 -1.52122e-4 0.1229538 0.7368312 0.6748427 -0.04082685 -0.008802027 0.03021043 0.02746241 0.9991661 0.01328236 0 0 0 1</matrix>
                            <node id="node-Bip01_R_Finger21" name="Bip01_R_Finger21">
                              <matrix>0.5508358 -0.8338858 -0.0348487 0.03895524 0.832222 0.5519371 -0.05265061 -1.19209e-7 0.06313891 -5.58794e-9 0.9980048 -1.19209e-7 0 0 0 1</matrix>
                              <node id="node-Bip01_R_Finger22" name="Bip01_R_Finger22">
                                <matrix>0.1984734 -0.9799248 0.01886614 0.03800535 0.9755275 0.199368 0.09272986 0 -0.09462959 4.47035e-8 0.9955126 0 0 0 0 1</matrix>
                              </node>
                            </node>
                          </node>
                          <node id="node-Bip01_R_Finger3" name="Bip01_R_Finger3">
                            <matrix>0.7159051 -0.6949216 0.06755465 0.1211882 0.6883786 0.6863562 -0.2346271 -0.001191258 0.1166808 0.2144739 0.9697352 -0.01196861 0 0 0 1</matrix>
                            <node id="node-Bip01_R_Finger31" name="Bip01_R_Finger31">
                              <matrix>0.4441953 -0.8949347 0.04222362 0.03155854 0.8909184 0.4461976 0.08468755 -5.96046e-8 -0.09462987 0 0.9955125 1.19209e-7 0 0 0 1</matrix>
                              <node id="node-Bip01_R_Finger32" name="Bip01_R_Finger32">
                                <matrix>0.1993681 -0.9794357 -0.03095105 0.0336659 0.9799247 0.1992685 0.006297076 1.19209e-7 -9.31323e-9 -0.03158513 0.9995011 -1.19209e-7 0 0 0 1</matrix>
                              </node>
                            </node>
                          </node>
                          <node id="node-Bip01_R_Finger4" name="Bip01_R_Finger4">
                            <matrix>0.5925791 -0.7897949 -0.1583475 0.1136797 0.7783521 0.6120423 -0.1399001 0.005147427 0.2074078 -0.04034831 0.9774219 -0.03886575 0 0 0 1</matrix>
                            <node id="node-Bip01_R_Finger41" name="Bip01_R_Finger41">
                              <matrix>0.4202556 -0.9064698 0.04120624 0.03661618 0.9068531 0.421151 0.01578781 1.19209e-7 -0.03166522 0.03073306 0.999026 0 0 0 0 1</matrix>
                              <node id="node-Bip01_R_Finger42" name="Bip01_R_Finger42">
                                <matrix>0.402447 -0.9138246 -0.05441486 0.0177263 0.9154231 0.4021218 0.01728316 -1.19209e-7 0.006087646 -0.05676818 0.9983688 -5.96046e-8 0 0 0 1</matrix>
                              </node>
                            </node>
                          </node>
                          <node id="node-mount0" name="mount0">
                            <matrix>-6.31539e-7 1 5.23869e-9 0.109539 -0.9999999 -6.50209e-7 4.73112e-7 0.02518255 4.76837e-7 3.25963e-9 0.9999999 0.01321656 0 0 0 1</matrix>
                          </node>
                        </node>
                      </node>
                    </node>
                  </node>
                </node>
                <node id="node-Bip01_L_Pauldron_Upper" name="Bip01_L_Pauldron_Upper">
                  <matrix>0.9726582 0.1183441 0.1998269 0.1769031 0.1843816 -0.9166573 -0.3546031 -0.03908372 0.1412075 0.381752 -0.9134146 0.2290199 0 0 0 1</matrix>
                </node>
                <node id="node-Bip01_R_Pauldron_Lower" name="Bip01_R_Pauldron_Lower">
                  <matrix>-0.1156725 -0.9403759 -0.3198653 0.172906 0.909775 -0.2295502 0.3458563 -0.1133294 -0.3986599 -0.2509995 0.8820828 -0.2351094 0 0 0 1</matrix>
                </node>
                <node id="node-Bip01_L_Pauldron_Lower" name="Bip01_L_Pauldron_Lower">
                  <matrix>-0.2224681 -0.9222332 0.3162189 0.1529203 0.4323041 -0.3840304 -0.815864 -0.1054225 0.8738545 -0.04480103 0.4841194 0.2344801 0 0 0 1</matrix>
                </node>
              </node>
            </node>
            <node id="node-Bip01_L_Thigh" name="Bip01_L_Thigh">
              <matrix sid="matrix">-0.5429543 0.8323559 -0.1112854 -0.1450703 0.4692334 0.4106123 0.7818041 -0.01290268 0.6964343 0.3722651 -0.6135129 0.1698114 0 0 0 1</matrix>
              <node id="node-Bip01_L_Calf" name="Bip01_L_Calf">
                <matrix sid="matrix">0.4697459 0.8828018 0 0.4629988 -0.8828018 0.469746 3.72529e-9 2.23517e-8 -4.09782e-8 1.49012e-8 1 -7.45058e-9 0 0 0 1</matrix>
                <node id="node-Bip01_L_Foot" name="Bip01_L_Foot">
                  <matrix sid="matrix">0.8247641 0.5583669 -0.08939182 0.3610502 -0.54685 0.8278068 0.1252653 0 0.143943 -0.05443034 0.9880879 8.3819e-9 0 0 0 1</matrix>
                  <node id="node-Bip01_L_Toe0" name="Bip01_L_Toe0">
                    <matrix sid="matrix">4.47035e-7 -1 1.38977e-6 0.1486307 1 4.47035e-7 2.23517e-8 0.1543275 -2.32831e-8 1.3893e-6 1 7.45058e-9 0 0 0 1</matrix>
                  </node>
                </node>
              </node>
            </node>
            <node id="node-Bip01_R_Thigh" name="Bip01_R_Thigh">
              <matrix sid="matrix">-0.9068143 0.4134276 -0.08225454 -0.2428117 0.3655042 0.8683792 0.3351485 0.01443207 0.2099877 0.273853 -0.938568 -0.06409156 0 0 0 1</matrix>
              <node id="node-Bip01_R_Calf" name="Bip01_R_Calf">
                <matrix sid="matrix">0.7270917 0.6865402 0 0.4629987 -0.6865403 0.7270917 5.96046e-8 0 5.21541e-8 2.98023e-8 1 0 0 0 0 1</matrix>
                <node id="node-Bip01_R_Foot" name="Bip01_R_Foot">
                  <matrix sid="matrix">0.7720175 0.6335354 0.05120113 0.36105 -0.6349283 0.7723993 0.01627803 2.98023e-8 -0.02923493 -0.0450761 0.9985557 -5.96046e-8 0 0 0 1</matrix>
                  <node id="node-Bip01_R_Toe0" name="Bip01_R_Toe0">
                    <matrix sid="matrix">-0.1805803 -0.9786913 0.09774533 0.1486306 0.9833316 -0.1817874 -0.003513932 0.1543274 0.02120796 0.09548153 0.9952053 0 0 0 0 1</matrix>
                  </node>
                </node>
              </node>
            </node>
          </node>
          <node id="node-Bip01_FannyPack" name="Bip01_FannyPack">
            <matrix>-0.962992 -0.2062317 0.1735378 0.2299507 -0.2083318 0.9780384 0.006226927 -0.1378937 -0.1710109 -0.03015691 -0.9848075 0.01013961 0 0 0 1</matrix>
          </node>
        </node>
        <node id="node-Eye" name="Eye">
          <matrix sid="matrix">0.7792377 0.3946029 -0.4869057 -0.3403152 -0.6267174 0.4952663 -0.6016114 -0.4069224 0.003750384 0.7739505 0.6332344 0.5696754 0 0 0 1</matrix>
          <node id="node-cam" name="cam">
            <matrix>1 -6.03104e-8 3.55271e-15 4.84288e-8 6.03104e-8 1 -2.32831e-9 -0.104 -3.55271e-15 2.32832e-9 1 0.3005601 0 0 0 1</matrix>
          </node>
        </node>
      </node>
      <node id="node-Bounds" name="Bounds">
        <matrix>0.9999915 0.001706907 0.003750479 0 -0.001711356 0.9999978 0.001183292 0.1035326 -0.003748452 -0.0011897 0.9999923 -8.93474e-5 0 0 0 1</matrix>
        <instance_geometry url="#geom-Bounds">
          <bind_material>
            <technique_common>
              <instance_material symbol="ShapeBounds" target="#ShapeBounds-material"/>
            </technique_common>
          </bind_material>
        </instance_geometry>
      </node>
    </visual_scene>
  </library_visual_scenes>
  <library_animations>
    <animation>
      <source id="node-Bip01_matrix-input">
        <float_array id="node-Bip01_matrix-input-array" count="60">45.33333 45.36666 45.4 45.43333 45.46667 45.5 45.53333 45.56667 45.6 45.63334 45.66667 45.7 45.73333 45.76667 45.8 45.83333 45.86666 45.9 45.93333 45.96667 46 46.03333 46.06667 46.1 46.13334 46.16667 46.2 46.23333 46.26667 46.3 46.33333 46.36666 46.4 46.43333 46.46667 46.5 46.53333 46.56667 46.6 46.63334 46.66667 46.7 46.73333 46.76667 46.8 46.83333 46.86666 46.9 46.93333 46.96667 47 47.03333 47.06667 47.1 47.13334 47.16667 47.2 47.23333 47.26667 47.3</float_array>
        <technique_common>
          <accessor source="#node-Bip01_matrix-input-array" count="60" stride="1">
            <param name="TIME" type="float"/>
          </accessor>
        </technique_common>
      </source>
      <source id="node-Bip01_matrix-output">
        <float_array id="node-Bip01_matrix-output-array" count="960">0.7792376 -0.6267174 0.003750264 0.01177561 0.394603 0.4952663 0.7739508 -0.001194715 -0.4869058 -0.6016117 0.6332346 0.7990257 0 0 0 1 0.7792376 -0.6267174 0.003750264 0.01195567 0.394603 0.4952663 0.7739508 -0.001352846 -0.4869058 -0.6016117 0.6332346 0.801953 0 0 0 1 0.7792376 -0.6267174 0.003750264 0.01213115 0.394603 0.4952663 0.7739508 -0.001502633 -0.4869058 -0.6016117 0.6332346 0.8051536 0 0 0 1 0.7792376 -0.6267174 0.003750264 0.01230174 0.394603 0.4952663 0.7739508 -0.001643836 -0.4869058 -0.6016117 0.6332346 0.8086023 0 0 0 1 0.7792376 -0.6267175 0.003750264 0.01246744 0.394603 0.4952663 0.7739508 -0.001776933 -0.4869058 -0.6016117 0.6332346 0.8122743 0 0 0 1 0.7792376 -0.6267174 0.003750324 0.01262825 0.394603 0.4952663 0.7739507 -0.001901924 -0.4869058 -0.6016116 0.6332347 0.8161444 0 0 0 1 0.7792376 -0.6267174 0.003750264 0.01278424 0.394603 0.4952663 0.7739508 -0.002019226 -0.4869058 -0.6016117 0.6332346 0.8201876 0 0 0 1 0.7792376 -0.6267175 0.003750264 0.01293498 0.394603 0.4952663 0.7739508 -0.00212866 -0.4869058 -0.6016116 0.6332346 0.8243789 0 0 0 1 0.7792376 -0.6267174 0.003750264 0.01308059 0.394603 0.4952663 0.7739508 -0.002230584 -0.4869058 -0.6016117 0.6332346 0.8286953 0 0 0 1 0.7792376 -0.6267174 0.003750264 0.01322102 0.394603 0.4952663 0.7739508 -0.002325177 -0.4869058 -0.6016117 0.6332346 0.8331077 0 0 0 1 0.7792376 -0.6267174 0.003750264 0.01335626 0.394603 0.4952663 0.7739508 -0.002412557 -0.4869058 -0.6016117 0.6332346 0.8375931 0 0 0 1 0.7792376 -0.6267174 0.003750324 0.01348602 0.394603 0.4952664 0.7739507 -0.002492845 -0.4869058 -0.6016116 0.6332347 0.8421264 0 0 0 1 0.7792376 -0.6267174 0.003750264 0.01361042 0.394603 0.4952663 0.7739508 -0.002566218 -0.4869058 -0.6016117 0.6332346 0.8466826 0 0 0 1 0.7792376 -0.6267174 0.003750264 0.01372927 0.394603 0.4952663 0.7739508 -0.002632915 -0.4869058 -0.6016117 0.6332346 0.8512366 0 0 0 1 0.7792376 -0.6267174 0.003750264 0.01384264 0.394603 0.4952663 0.7739508 -0.002693057 -0.4869058 -0.6016117 0.6332346 0.8557635 0 0 0 1 0.7792376 -0.6267174 0.003750264 0.01395028 0.394603 0.4952663 0.7739508 -0.00274682 -0.4869058 -0.6016117 0.6332346 0.8602382 0 0 0 1 0.7792376 -0.6267174 0.003750264 0.01405221 0.394603 0.4952663 0.7739508 -0.002794265 -0.4869058 -0.6016117 0.6332346 0.8646356 0 0 0 1 0.7792376 -0.6267174 0.003750324 0.01414847 0.394603 0.4952663 0.7739508 -0.00283575 -0.4869058 -0.6016117 0.6332346 0.8689308 0 0 0 1 0.7792376 -0.6267174 0.003750264 0.01423871 0.394603 0.4952663 0.7739508 -0.002871274 -0.4869058 -0.6016117 0.6332347 0.8730987 0 0 0 1 0.7792376 -0.6267174 0.003750324 0.01432305 0.394603 0.4952663 0.7739508 -0.002901017 -0.4869058 -0.6016117 0.6332346 0.8771143 0 0 0 1 0.7792376 -0.6267174 0.003750324 0.01440143 0.394603 0.4952663 0.7739508 -0.002925217 -0.4869058 -0.6016117 0.6332346 0.8809525 0 0 0 1 0.7792376 -0.6267174 0.003750264 0.01447373 0.394603 0.4952663 0.7739508 -0.002944052 -0.4869058 -0.6016117 0.6332346 0.8845883 0 0 0 1 0.7792376 -0.6267174 0.003750264 0.01453983 0.394603 0.4952663 0.7739508 -0.002957582 -0.4869058 -0.6016117 0.6332346 0.8879966 0 0 0 1 0.7792376 -0.6267174 0.003750264 0.01459974 0.394603 0.4952663 0.7739508 -0.002965986 -0.4869058 -0.6016117 0.6332346 0.8911525 0 0 0 1 0.7792376 -0.6267175 0.003750264 0.01465332 0.394603 0.4952663 0.7739508 -0.002969503 -0.4869058 -0.6016116 0.6332346 0.8940322 0 0 0 1 0.7792376 -0.6267174 0.003750264 0.01470059 0.394603 0.4952663 0.7739508 -0.002968251 -0.4869058 -0.6016117 0.6332347 0.8966078 0 0 0 1 0.7792376 -0.6267174 0.003750324 0.01474136 0.394603 0.4952663 0.7739508 -0.00296241 -0.4869058 -0.6016117 0.6332346 0.8988559 0 0 0 1 0.7792376 -0.6267174 0.003750264 0.01477563 0.394603 0.4952663 0.7739508 -0.002952158 -0.4869058 -0.6016117 0.6332346 0.9007515 0 0 0 1 0.7792376 -0.6267174 0.003750264 0.01480329 0.394603 0.4952663 0.7739508 -0.002937614 -0.4869058 -0.6016117 0.6332347 0.9022694 0 0 0 1 0.7792376 -0.6267174 0.003750264 0.01482433 0.394603 0.4952663 0.7739508 -0.002918958 -0.4869058 -0.6016117 0.6332346 0.9033845 0 0 0 1 0.7792376 -0.6267174 0.003750264 0.01483863 0.394603 0.4952663 0.7739508 -0.002896308 -0.4869058 -0.6016117 0.6332346 0.904072 0 0 0 1 0.7792376 -0.6267174 0.003750264 0.01484608 0.394603 0.4952663 0.7739508 -0.002869963 -0.4869058 -0.6016117 0.6332346 0.9043067 0 0 0 1 0.7792376 -0.6267174 0.003750264 0.01484668 0.394603 0.4952663 0.7739508 -0.002839922 -0.4869058 -0.6016117 0.6332347 0.9040411 0 0 0 1 0.7792376 -0.6267174 0.003750264 0.01484036 0.394603 0.4952663 0.7739508 -0.002806484 -0.4869058 -0.6016117 0.6332346 0.9032642 0 0 0 1 0.7792376 -0.6267174 0.003750324 0.01482695 0.394603 0.4952663 0.7739508 -0.002769708 -0.4869058 -0.6016117 0.6332346 0.9020063 0 0 0 1 0.7792376 -0.6267174 0.003750264 0.0148065 0.394603 0.4952663 0.7739508 -0.002729892 -0.4869058 -0.6016117 0.6332347 0.9002981 0 0 0 1 0.7792376 -0.6267175 0.003750264 0.01477885 0.394603 0.4952663 0.7739508 -0.002686977 -0.4869058 -0.6016116 0.6332346 0.8981685 0 0 0 1 0.7792376 -0.6267174 0.003750264 0.01474398 0.394603 0.4952663 0.7739508 -0.002641379 -0.4869058 -0.6016117 0.6332346 0.8956478 0 0 0 1 0.7792376 -0.6267174 0.003750264 0.01470178 0.394603 0.4952663 0.7739508 -0.0025931 -0.4869058 -0.6016117 0.6332346 0.8927665 0 0 0 1 0.7792376 -0.6267174 0.003750264 0.01465219 0.394603 0.4952663 0.7739508 -0.002542376 -0.4869058 -0.6016117 0.6332346 0.8895545 0 0 0 1 0.7792376 -0.6267174 0.003750324 0.01459509 0.394603 0.4952663 0.7739508 -0.002489268 -0.4869058 -0.6016117 0.6332346 0.886042 0 0 0 1 0.7792376 -0.6267174 0.003750324 0.01453053 0.394603 0.4952663 0.7739508 -0.002434074 -0.4869058 -0.6016117 0.6332346 0.882259 0 0 0 1 0.7792376 -0.6267174 0.003750264 0.01445835 0.394603 0.4952663 0.7739508 -0.002376914 -0.4869058 -0.6016117 0.6332347 0.8782375 0 0 0 1 0.7792376 -0.6267174 0.003750324 0.01437854 0.394603 0.4952663 0.7739508 -0.002317905 -0.4869058 -0.6016117 0.6332346 0.8740039 0 0 0 1 0.7792376 -0.6267174 0.003750264 0.01429086 0.394603 0.4952663 0.7739508 -0.002257227 -0.4869058 -0.6016117 0.6332346 0.8695902 0 0 0 1 0.7792376 -0.6267174 0.003750264 0.01419544 0.394603 0.4952663 0.7739508 -0.00219506 -0.4869058 -0.6016117 0.6332346 0.8650264 0 0 0 1 0.7792376 -0.6267174 0.003750264 0.01409214 0.394603 0.4952663 0.7739508 -0.002131581 -0.4869058 -0.6016117 0.6332346 0.8603426 0 0 0 1 0.7792376 -0.6267174 0.003750264 0.01398074 0.394603 0.4952663 0.7739508 -0.00206691 -0.4869058 -0.6016117 0.6332346 0.8555689 0 0 0 1 0.7792376 -0.6267174 0.003750264 0.01386141 0.394603 0.4952663 0.7739508 -0.002001225 -0.4869058 -0.6016117 0.6332346 0.8507354 0 0 0 1 0.7792376 -0.6267174 0.003750324 0.01373398 0.394603 0.4952664 0.7739507 -0.001934766 -0.4869058 -0.6016116 0.6332347 0.8458722 0 0 0 1 0.7792376 -0.6267174 0.003750264 0.01359838 0.394603 0.4952663 0.7739508 -0.001867592 -0.4869058 -0.6016117 0.6332346 0.8410115 0 0 0 1 0.7792376 -0.6267174 0.003750264 0.01345437 0.394603 0.4952663 0.7739508 -0.001799881 -0.4869058 -0.6016117 0.6332346 0.8361791 0 0 0 1 0.7792376 -0.6267174 0.003750264 0.0133022 0.394603 0.4952663 0.7739508 -0.001731872 -0.4869058 -0.6016117 0.6332346 0.8314073 0 0 0 1 0.7792376 -0.6267175 0.003750264 0.01314157 0.394603 0.4952663 0.7739508 -0.001663684 -0.4869058 -0.6016116 0.6332346 0.8267261 0 0 0 1 0.7792376 -0.6267174 0.003750264 0.01297247 0.394603 0.4952663 0.7739508 -0.001595437 -0.4869058 -0.6016117 0.6332346 0.8221657 0 0 0 1 0.7792376 -0.6267174 0.003750324 0.01279473 0.394603 0.4952663 0.7739507 -0.001527309 -0.4869058 -0.6016116 0.6332347 0.8177561 0 0 0 1 0.7792376 -0.6267175 0.003750264 0.01260846 0.394603 0.4952663 0.7739508 -0.001459538 -0.4869058 -0.6016117 0.6332346 0.8135275 0 0 0 1 0.7792376 -0.6267174 0.003750264 0.0124135 0.394603 0.4952663 0.7739508 -0.001392245 -0.4869058 -0.6016117 0.6332346 0.8095116 0 0 0 1 0.7792376 -0.6267174 0.003750264 0.01220983 0.394603 0.4952663 0.7739508 -0.001325607 -0.4869058 -0.6016117 0.6332346 0.805735 0 0 0 1 0.7792376 -0.6267174 0.003750264 0.01199704 0.394603 0.4952663 0.7739508 -0.001259624 -0.4869058 -0.6016117 0.6332346 0.8022298 0 0 0 1</float_array>
        <technique_common>
          <accessor source="#node-Bip01_matrix-output-array" count="60" stride="16">
            <param name="TRANSFORM" type="float4x4"/>
          </accessor>
        </technique_common>
      </source>
      <source id="node-Bip01_matrix-interpolation">
        <Name_array id="node-Bip01_matrix-interpolation-array" count="60">LINEAR LINEAR LINEAR LINEAR LINEAR LINEAR LINEAR LINEAR LINEAR LINEAR LINEAR LINEAR LINEAR LINEAR LINEAR LINEAR LINEAR LINEAR LINEAR LINEAR LINEAR LINEAR LINEAR LINEAR LINEAR LINEAR LINEAR LINEAR LINEAR LINEAR LINEAR LINEAR LINEAR LINEAR LINEAR LINEAR LINEAR LINEAR LINEAR LINEAR LINEAR LINEAR LINEAR LINEAR LINEAR LINEAR LINEAR LINEAR LINEAR LINEAR LINEAR LINEAR LINEAR LINEAR LINEAR LINEAR LINEAR LINEAR LINEAR LINEAR</Name_array>
        <technique_common>
          <accessor source="#node-Bip01_matrix-interpolation-array" count="60" stride="1">
            <param name="INTERPOLATION" type="name"/>
          </accessor>
        </technique_common>
      </source>
      <source id="node-Bip01_Pelvis_matrix-input">
        <float_array id="node-Bip01_Pelvis_matrix-input-array" count="60">45.33333 45.36666 45.4 45.43333 45.46667 45.5 45.53333 45.56667 45.6 45.63334 45.66667 45.7 45.73333 45.76667 45.8 45.83333 45.86666 45.9 45.93333 45.96667 46 46.03333 46.06667 46.1 46.13334 46.16667 46.2 46.23333 46.26667 46.3 46.33333 46.36666 46.4 46.43333 46.46667 46.5 46.53333 46.56667 46.6 46.63334 46.66667 46.7 46.73333 46.76667 46.8 46.83333 46.86666 46.9 46.93333 46.96667 47 47.03333 47.06667 47.1 47.13334 47.16667 47.2 47.23333 47.26667 47.3</float_array>
        <technique_common>
          <accessor source="#node-Bip01_Pelvis_matrix-input-array" count="60" stride="1">
            <param name="TIME" type="float"/>
          </accessor>
        </technique_common>
      </source>
      <source id="node-Bip01_Pelvis_matrix-output">
