<?xml version="1.0" encoding="utf-8"?>
<COLLADA xmlns="http://www.collada.org/2005/11/COLLADASchema" version="1.4.1">
  <asset>
    <contributor>
      <author>MattO</author>
      <authoring_tool>OpenCOLLADA for 3ds Max;  Version: 1.3.0;  Revision: 839M;  Platform: x64;  Configuration: Release_Max2012</authoring_tool>
      <source_data>file:///C:/Dropbox/Prj/GGStout/Kralmok/Soldier_TP_Kralmok_Animation_Master.max</source_data>
    </contributor>
    <created>2011-11-07T11:16:45</created>
    <modified>2011-11-07T11:16:45</modified>
    <unit name="meter" meter="1"/>
    <up_axis>Z_UP</up_axis>
  </asset>
  <library_effects>
    <effect id="ShapeBounds">
      <profile_COMMON>
        <technique sid="common">
          <blinn>
            <emission>
              <color>0 0 0 1</color>
            </emission>
            <ambient>
              <color>0.1647059 1 0 1</color>
            </ambient>
            <diffuse>
              <color>0.1647059 1 0 1</color>
            </diffuse>
            <specular>
              <color>0.9 0.9 0.9 1</color>
            </specular>
            <shininess>
              <float>10</float>
            </shininess>
            <reflective>
              <color>0 0 0 1</color>
            </reflective>
            <transparent opaque="A_ONE">
              <color>1 1 1 1</color>
            </transparent>
            <transparency>
              <float>1</float>
            </transparency>
          </blinn>
        </technique>
      </profile_COMMON>
      <extra>
        <technique profile="OpenCOLLADA3dsMax">
          <extended_shader>
            <apply_reflection_dimming>0</apply_reflection_dimming>
            <dim_level>0</dim_level>
            <falloff_type>0</falloff_type>
            <index_of_refraction>1.5</index_of_refraction>
            <opacity_type>0</opacity_type>
            <reflection_level>3</reflection_level>
            <wire_size>1</wire_size>
            <wire_units>0</wire_units>
          </extended_shader>
          <shader>
            <ambient_diffuse_lock>1</ambient_diffuse_lock>
            <ambient_diffuse_texture_lock>1</ambient_diffuse_texture_lock>
            <diffuse_specular_lock>0</diffuse_specular_lock>
            <soften>0.1</soften>
            <use_self_illum_color>0</use_self_illum_color>
          </shader>
        </technique>
      </extra>
    </effect>
  </library_effects>
  <library_materials>
    <material id="ShapeBounds-material" name="ShapeBounds">
      <instance_effect url="#ShapeBounds"/>
    </material>
  </library_materials>
  <library_geometries>
    <geometry id="geom-Bounds" name="Bounds">
      <mesh>
        <source id="geom-Bounds-positions">
          <float_array id="geom-Bounds-positions-array" count="24">-0.425 -0.425 0 0.425 -0.425 0 -0.425 0.425 0 0.425 0.425 0 -0.425 -0.425 1.84 0.425 -0.425 1.84 -0.425 0.425 1.84 0.425 0.425 1.84</float_array>
          <technique_common>
            <accessor source="#geom-Bounds-positions-array" count="8" stride="3">
              <param name="X" type="float"/>
              <param name="Y" type="float"/>
              <param name="Z" type="float"/>
            </accessor>
          </technique_common>
        </source>
        <source id="geom-Bounds-normals">
          <float_array id="geom-Bounds-normals-array" count="72">0 0 -1 0 0 -1 0 0 -1 0 0 -1 0 0 1 0 0 1 0 0 1 0 0 1 0 -1 0 0 -1 0 0 -1 0 0 -1 0 1 0 0 1 0 0 1 0 0 1 0 0 0 1 0 0 1 0 0 1 0 0 1 0 -1 0 0 -1 0 0 -1 0 0 -1 0 0</float_array>
          <technique_common>
            <accessor source="#geom-Bounds-normals-array" count="24" stride="3">
              <param name="X" type="float"/>
              <param name="Y" type="float"/>
              <param name="Z" type="float"/>
            </accessor>
          </technique_common>
        </source>
        <source id="geom-Bounds-map1">
          <float_array id="geom-Bounds-map1-array" count="36">0 0 0 1 0 0 0 1 0 1 1 0 0 0 0 1 0 0 0 1 0 1 1 0 0 0 0 1 0 0 0 1 0 1 1 0</float_array>
          <technique_common>
            <accessor source="#geom-Bounds-map1-array" count="12" stride="3">
              <param name="S" type="float"/>
              <param name="T" type="float"/>
              <param name="P" type="float"/>
            </accessor>
          </technique_common>
        </source>
        <vertices id="geom-Bounds-vertices">
          <input semantic="POSITION" source="#geom-Bounds-positions"/>
        </vertices>
        <triangles material="ShapeBounds" count="12">
          <input semantic="VERTEX" source="#geom-Bounds-vertices" offset="0"/>
          <input semantic="NORMAL" source="#geom-Bounds-normals" offset="1"/>
          <input semantic="TEXCOORD" source="#geom-Bounds-map1" offset="2" set="0"/>
          <p>0 0 9 2 1 11 3 2 10 3 2 10 1 3 8 0 0 9 4 4 8 5 5 9 7 6 11 7 6 11 6 7 10 4 4 8 0 8 4 1 9 5 5 10 7 5 10 7 4 11 6 0 8 4 1 12 0 3 13 1 7 14 3 7 14 3 5 15 2 1 12 0 3 16 4 2 17 5 6 18 7 6 18 7 7 19 6 3 16 4 2 20 0 0 21 1 4 22 3 4 22 3 6 23 2 2 20 0</p>
        </triangles>
      </mesh>
      <extra>
        <technique profile="OpenCOLLADA3dsMax">
          <max_box>
            <generateuvs>1</generateuvs>
            <height>1.84</height>
            <heightsegments>1</heightsegments>
            <length>0.85</length>
            <lengthsegments>1</lengthsegments>
            <width>0.85</width>
            <widthsegments>1</widthsegments>
          </max_box>
        </technique>
      </extra>
    </geometry>
  </library_geometries>
  <library_lights>
    <light id="EnvironmentAmbientLight" name="EnvironmentAmbientLight">
      <technique_common>
        <ambient>
          <color>0 0 0</color>
        </ambient>
      </technique_common>
    </light>
  </library_lights>
  <library_visual_scenes>
    <visual_scene id="MaxScene">
      <node name="EnvironmentAmbientLight">
        <instance_light url="#EnvironmentAmbientLight"/>
      </node>
      <node id="node-Bip01" name="Bip01">
        <matrix sid="matrix">0.3563108 -0.3060081 0.8828373 0.00452929 0.8213638 0.5530027 -0.1398192 0.01337961 -0.4454256 0.7749497 0.4483849 0.7992089 0 0 0 1</matrix>
        <node id="node-Bip01_Pelvis" name="Bip01_Pelvis">
          <matrix sid="matrix">-0.009626716 0.9981476 0.06007254 0 -0.1217414 -0.06079841 0.9906981 0 0.9925152 0.002223849 0.1221012 0 0 0 0 1</matrix>
          <node id="node-Bip01_Spine" name="Bip01_Spine">
            <matrix sid="matrix">0.7705345 -0.03786558 -0.6362725 0.1975024 0.03273556 0.9992675 -0.01982474 0.02692822 0.6365573 -0.005552948 0.7712097 0.02592748 0 0 0 1</matrix>
            <node id="node-Bip01_Spine1" name="Bip01_Spine1">
              <matrix sid="matrix">0.9713835 0.2342762 -0.0390988 0.1022061 -0.2350959 0.9718089 -0.01781566 -9.81688e-5 0.03382266 0.02649772 0.9990767 -2.66731e-6 0 0 0 1</matrix>
              <node id="node-Bip01_Spine2" name="Bip01_Spine2">
                <matrix>0.9495971 -0.2811752 0.1385857 0.1269143 0.2879943 0.9571148 -0.03147192 -1.63972e-4 -0.1237935 0.06979756 0.9898502 -1.19358e-5 0 0 0 1</matrix>
                <node id="node-Bip01_Neck" name="Bip01_Neck">
                  <matrix>0.840708 -0.4308256 0.3280236 0.215107 0.413622 0.9019012 0.124463 -4.96805e-5 -0.3494668 0.0310407 0.9364345 -1.66893e-6 0 0 0 1</matrix>
                  <node id="node-Bip01_Head" name="Bip01_Head">
                    <matrix sid="matrix">0.4937996 0.1772062 -0.8513281 0.07051808 -0.4492697 0.8902178 -0.07529064 -0.01395899 0.7445256 0.4196544 0.5192027 -1.19209e-7 0 0 0 1</matrix>
                    <node id="node-AltEye" name="AltEye">
                      <matrix sid="matrix">0.2011121 0.3708831 0.9066425 0.06454706 -0.08313142 0.9286762 -0.361456 0.2214611 -0.9760346 -0.002677605 0.2176 0.0471625 0 0 0 1</matrix>
                    </node>
                  </node>
                  <node id="node-Bip01_L_Clavicle" name="Bip01_L_Clavicle">
                    <matrix sid="matrix">-0.4193729 -0.3901516 0.8196999 -0.04690343 -0.006484509 -0.9016277 -0.4324642 -0.01204753 0.9077907 -0.1866791 0.3755883 0.05588388 0 0 0 1</matrix>
                    <node id="node-Bip01_L_UpperArm" name="Bip01_L_UpperArm">
                      <matrix sid="matrix">0.986752 0.1500981 0.06157297 0.1824007 0.0253896 0.2319794 -0.9723893 5.96046e-8 -0.1602374 0.9610703 0.2250952 1.19209e-7 0 0 0 1</matrix>
                      <node id="node-Bip01_L_Forearm" name="Bip01_L_Forearm">
                        <matrix sid="matrix">0.6878958 0.7258094 -1.49012e-8 0.284369 -0.7258095 0.6878958 1.49012e-8 0 0 5.96046e-8 1 2.98023e-8 0 0 0 1</matrix>
                        <node id="node-Bip01_L_Hand" name="Bip01_L_Hand">
                          <matrix sid="matrix">0.1697711 0.9096181 0.3791736 0.281068 0.3094527 -0.4145036 0.8558187 0 0.9356371 -0.02795704 -0.3518546 -5.96046e-8 0 0 0 1</matrix>
                          <node id="node-Bip01_L_Finger0" name="Bip01_L_Finger0">
                            <matrix sid="matrix">0.6787979 0.5245168 0.5139217 0.02119675 0.437277 0.2735207 -0.8567234 -0.004734218 -0.5899341 0.8062682 -0.04369402 -0.02572191 0 0 0 1</matrix>
                            <node id="node-Bip01_L_Finger01" name="Bip01_L_Finger01">
                              <matrix>0.997564 -0.06975648 -5.96046e-8 0.04982841 0.06975645 0.9975641 0 0 2.98023e-8 0 1 5.96046e-8 0 0 0 1</matrix>
                              <node id="node-Bip01_L_Finger02" name="Bip01_L_Finger02">
                                <matrix sid="matrix">0.9862521 0.165249 2.98023e-8 0.05202252 -0.165249 0.986252 -2.98023e-8 -5.96046e-8 -2.98023e-8 -2.98023e-8 1 -1.19209e-7 0 0 0 1</matrix>
                              </node>
                            </node>
                          </node>
                          <node id="node-Bip01_L_Finger1" name="Bip01_L_Finger1">
                            <matrix sid="matrix">0.900955 -0.1884572 0.39085 0.1199947 0.195912 0.980394 0.02111888 -0.008367538 -0.387167 0.0575451 0.9202119 -0.04101396 0 0 0 1</matrix>
                            <node id="node-Bip01_L_Finger11" name="Bip01_L_Finger11">
                              <matrix sid="matrix">0.9450802 -0.3268384 2.98023e-8 0.03644171 0.3268385 0.9450802 -2.98023e-8 5.96046e-8 0 0 1 0 0 0 0 1</matrix>
                              <node id="node-Bip01_L_Finger12" name="Bip01_L_Finger12">
                                <matrix sid="matrix">0.992913 -0.1188438 2.98023e-8 0.03117546 0.1188436 0.992913 0 -1.19209e-7 2.98023e-8 -1.49012e-8 1 0 0 0 0 1</matrix>
                              </node>
                            </node>
                          </node>
                          <node id="node-Bip01_L_Finger2" name="Bip01_L_Finger2">
                            <matrix sid="matrix">0.9836146 -0.1308815 0.1239848 0.1229538 0.1248046 0.9906217 0.05560714 -0.008801997 -0.1301 -0.03922203 0.9907247 -0.01328242 0 0 0 1</matrix>
                            <node id="node-Bip01_L_Finger21" name="Bip01_L_Finger21">
                              <matrix sid="matrix">0.9937667 -0.1114799 -1.49012e-8 0.03895521 0.1114799 0.9937667 2.98023e-8 0 -1.49012e-8 2.98023e-8 1 0 0 0 0 1</matrix>
                              <node id="node-Bip01_L_Finger22" name="Bip01_L_Finger22">
                                <matrix sid="matrix">0.991721 -0.128412 2.98023e-8 0.03800541 0.128412 0.9917209 0 -5.96046e-8 0 -5.96046e-8 1 0 0 0 0 1</matrix>
                              </node>
                            </node>
                          </node>
                          <node id="node-Bip01_L_Finger3" name="Bip01_L_Finger3">
                            <matrix sid="matrix">0.9923953 -0.08355364 -0.09038849 0.1211881 0.09595637 0.9850678 0.1429456 -0.001191258 0.07709518 -0.1505318 0.9855943 0.01196873 0 0 0 1</matrix>
                            <node id="node-Bip01_L_Finger31" name="Bip01_L_Finger31">
                              <matrix sid="matrix">0.9911383 -0.1328349 -7.45058e-9 0.03155839 0.1328349 0.9911383 0 -5.96046e-8 -7.45058e-9 -2.98023e-8 1 0 0 0 0 1</matrix>
                              <node id="node-Bip01_L_Finger32" name="Bip01_L_Finger32">
                                <matrix sid="matrix">0.9911956 -0.1324064 0 0.03366593 0.1324064 0.9911957 0 0 0 -2.98023e-8 1 0 0 0 0 1</matrix>
                              </node>
                            </node>
                          </node>
                          <node id="node-Bip01_L_Finger4" name="Bip01_L_Finger4">
                            <matrix sid="matrix">0.9284371 -0.3108516 -0.20341 0.1136797 0.3264969 0.9439974 0.04763126 0.005147338 0.1772122 -0.1106354 0.9779342 0.0388658 0 0 0 1</matrix>
                            <node id="node-Bip01_L_Finger41" name="Bip01_L_Finger41">
                              <matrix>0.9790111 -0.2038069 -1.49012e-8 0.03661618 0.203807 0.9790111 5.96046e-8 -5.96046e-8 2.98023e-8 -2.98023e-8 0.9999999 0 0 0 0 1</matrix>
                              <node id="node-Bip01_L_Finger42" name="Bip01_L_Finger42">
                                <matrix sid="matrix">0.9802642 -0.1976917 -1.49012e-8 0.0177263 0.1976917 0.9802644 -2.98023e-8 2.38419e-7 0 5.96046e-8 0.9999999 0 0 0 0 1</matrix>
                              </node>
                            </node>
                          </node>
                        </node>
                      </node>
                    </node>
                  </node>
                  <node id="node-Bip01_R_Clavicle" name="Bip01_R_Clavicle">
                    <matrix>0.2073931 -0.1669672 -0.9639034 8.67069e-4 0.5679264 -0.7817279 0.2576056 -0.01629037 -0.796522 -0.600852 -0.06729983 -0.0721215 0 0 0 1</matrix>
                    <node id="node-Bip01_R_UpperArm" name="Bip01_R_UpperArm">
                      <matrix sid="matrix">0.6545455 0.4290963 -0.6224521 0.1824007 -0.68849 0.678453 -0.2562872 -1.49012e-8 0.3123326 0.5963037 0.7395068 1.19209e-7 0 0 0 1</matrix>
                      <node id="node-Bip01_R_Forearm" name="Bip01_R_Forearm">
                        <matrix>0.0356268 0.9993653 0 0.2843689 -0.999365 0.03562674 -7.45058e-9 0 5.21541e-8 1.49012e-8 0.9999999 -2.98023e-8 0 0 0 1</matrix>
                        <node id="node-Bip01_R_Hand" name="Bip01_R_Hand">
                          <matrix>0.8497712 -0.1683105 0.4995604 0.281068 0.50429 -0.01650378 -0.8633767 1.19209e-7 0.15356 0.9855959 0.07085288 -8.9407e-8 0 0 0 1</matrix>
                          <node id="node-Bip01_R_Finger0" name="Bip01_R_Finger0">
                            <matrix>0.5215105 0.269013 -0.8097275 0.02119669 0.7250716 0.3605265 0.5867638 -0.004734159 0.4497753 -0.8931141 -0.007035494 0.02572191 0 0 0 1</matrix>
                            <node id="node-Bip01_R_Finger01" name="Bip01_R_Finger01">
                              <matrix>0.6423534 -0.7636238 0.06527568 0.04982853 0.7605617 0.645637 0.06854743 -5.96046e-8 -0.09448887 0.0056145 0.9955101 -1.19209e-7 0 0 0 1</matrix>
                              <node id="node-Bip01_R_Finger02" name="Bip01_R_Finger02">
                                <matrix>0.9505158 -0.3106765 0 0.05202231 0.3106765 0.9505157 -9.31323e-9 0 3.72529e-8 -7.45058e-9 1 0 0 0 0 1</matrix>
                              </node>
                            </node>
                          </node>
                          <node id="node-Bip01_R_Finger1" name="Bip01_R_Finger1">
                            <matrix>0.9820226 -0.1733428 -0.0747267 0.1199946 0.1795577 0.9799358 0.08651491 -0.008367538 0.05823066 -0.09837734 0.9934441 0.04101384 0 0 0 1</matrix>
                            <node id="node-Bip01_R_Finger11" name="Bip01_R_Finger11">
                              <matrix>0.8240548 -0.5665103 1.49012e-8 0.03644174 0.5665103 0.8240547 -3.72529e-9 0 -1.49012e-8 1.86265e-8 1 0 0 0 0 1</matrix>
                              <node id="node-Bip01_R_Finger12" name="Bip01_R_Finger12">
                                <matrix>0.8146399 -0.5796779 0.01831834 0.03117549 0.5799672 0.8142334 -0.02573048 1.19209e-7 0 0.03158512 0.9995012 0 0 0 0 1</matrix>
                              </node>
                            </node>
                          </node>
                          <node id="node-Bip01_R_Finger2" name="Bip01_R_Finger2">
                            <matrix>0.6754014 -0.7374504 -1.5212e-4 0.1229538 0.7368314 0.6748428 -0.04082686 -0.008801997 0.03021044 0.02746242 0.9991664 0.01328242 0 0 0 1</matrix>
                            <node id="node-Bip01_R_Finger21" name="Bip01_R_Finger21">
                              <matrix>0.5508358 -0.8338859 -0.03484872 0.03895512 0.8322219 0.5519372 -0.05265063 0 0.06313892 -1.49012e-8 0.9980048 0 0 0 0 1</matrix>
                              <node id="node-Bip01_R_Finger22" name="Bip01_R_Finger22">
                                <matrix>0.1984733 -0.9799248 0.01886614 0.03800529 0.9755274 0.199368 0.09272986 -5.96046e-8 -0.0946296 4.47035e-8 0.9955126 0 0 0 0 1</matrix>
                              </node>
                            </node>
                          </node>
                          <node id="node-Bip01_R_Finger3" name="Bip01_R_Finger3">
                            <matrix>0.7159052 -0.6949216 0.06755474 0.1211882 0.6883786 0.6863562 -0.2346271 -0.001191288 0.1166808 0.2144741 0.9697353 -0.01196861 0 0 0 1</matrix>
                            <node id="node-Bip01_R_Finger31" name="Bip01_R_Finger31">
                              <matrix>0.4441953 -0.8949346 0.0422236 0.03155833 0.8909184 0.4461976 0.08468758 0 -0.09462994 -6.70552e-8 0.9955125 1.19209e-7 0 0 0 1</matrix>
                              <node id="node-Bip01_R_Finger32" name="Bip01_R_Finger32">
                                <matrix>0.1993681 -0.9794358 -0.03095104 0.0336661 0.9799249 0.1992685 0.006297074 -5.96046e-8 -1.86265e-8 -0.03158513 0.9995011 -1.19209e-7 0 0 0 1</matrix>
                              </node>
                            </node>
                          </node>
                          <node id="node-Bip01_R_Finger4" name="Bip01_R_Finger4">
                            <matrix>0.5925791 -0.789795 -0.1583476 0.1136796 0.7783522 0.6120424 -0.1399001 0.005147308 0.2074078 -0.0403483 0.9774222 -0.03886569 0 0 0 1</matrix>
                            <node id="node-Bip01_R_Finger41" name="Bip01_R_Finger41">
                              <matrix>0.4202556 -0.9064696 0.04120624 0.03661627 0.9068531 0.4211511 0.01578783 5.96046e-8 -0.03166521 0.03073306 0.9990261 -1.19209e-7 0 0 0 1</matrix>
                              <node id="node-Bip01_R_Finger42" name="Bip01_R_Finger42">
                                <matrix>0.4024471 -0.9138247 -0.05441486 0.01772636 0.9154233 0.4021218 0.0172832 0 0.006087616 -0.05676818 0.9983689 5.96046e-8 0 0 0 1</matrix>
                              </node>
                            </node>
                          </node>
                          <node id="node-mount0" name="mount0">
                            <matrix>-6.32834e-7 1 0 0.109539 -1 -6.5472e-7 4.69387e-7 0.02518266 4.76837e-7 3.72529e-9 1 0.01321661 0 0 0 1</matrix>
                          </node>
                        </node>
                      </node>
                    </node>
                  </node>
                </node>
                <node id="node-Bip01_L_Pauldron_Upper" name="Bip01_L_Pauldron_Upper">
                  <matrix sid="matrix">0.986257 0.1219392 -0.1114801 0.216791 0.1291481 -0.9898155 0.05988345 -0.05140224 -0.1030425 -0.0734579 -0.9919608 0.2310462 0 0 0 1</matrix>
                </node>
                <node id="node-Bip01_R_Pauldron_Lower" name="Bip01_R_Pauldron_Lower">
                  <matrix>-0.1156724 -0.9403759 -0.3198653 0.172906 0.9097751 -0.2295501 0.3458564 -0.1133294 -0.3986599 -0.2509995 0.8820827 -0.2351094 0 0 0 1</matrix>
                </node>
                <node id="node-Bip01_L_Pauldron_Lower" name="Bip01_L_Pauldron_Lower">
                  <matrix sid="matrix">0.1740949 0.04713628 0.9836001 0.2315447 -0.051164 -0.9970717 0.0568378 -0.04484808 0.9833989 -0.06022015 -0.1711734 0.2484654 0 0 0 1</matrix>
                </node>
              </node>
            </node>
            <node id="node-Bip01_L_Thigh" name="Bip01_L_Thigh">
              <matrix sid="matrix">-0.4104125 0.8309608 -0.3755872 -0.08841598 0.4305786 0.539655 0.7234464 -0.01999378 0.803843 0.1351915 -0.579275 0.2045225 0 0 0 1</matrix>
              <node id="node-Bip01_L_Calf" name="Bip01_L_Calf">
                <matrix sid="matrix">0.5124908 0.8586928 -1.49012e-8 0.4629989 -0.8586926 0.5124907 2.98023e-8 -2.98023e-8 2.98023e-8 -3.1665e-8 1 5.96046e-8 0 0 0 1</matrix>
                <node id="node-Bip01_L_Foot" name="Bip01_L_Foot">
                  <matrix sid="matrix">0.8154993 0.5731273 -0.08053955 0.3610501 -0.5612836 0.8171186 0.1314459 0 0.1411455 -0.06198847 0.9880463 0 0 0 0 1</matrix>
                  <node id="node-Bip01_L_Toe0" name="Bip01_L_Toe0">
                    <matrix sid="matrix">4.54485e-7 -0.9999999 1.43051e-6 0.1486306 1 4.69387e-7 2.98023e-8 0.1543273 -2.98023e-8 1.3113e-6 1 5.96046e-8 0 0 0 1</matrix>
                  </node>
                </node>
              </node>
            </node>
            <node id="node-Bip01_R_Thigh" name="Bip01_R_Thigh">
              <matrix sid="matrix">-0.8665307 0.3237332 -0.3798963 -0.2507206 0.232592 0.9353416 0.266528 -0.01857826 0.4416168 0.1425938 -0.8858 0.0078848 0 0 0 1</matrix>
              <node id="node-Bip01_R_Calf" name="Bip01_R_Calf">
                <matrix sid="matrix">0.7849903 0.619508 -2.98023e-8 0.4629987 -0.6195079 0.7849902 1.49012e-8 2.98023e-8 -2.98023e-8 -8.9407e-8 0.9999999 0 0 0 0 1</matrix>
                <node id="node-Bip01_R_Foot" name="Bip01_R_Foot">
                  <matrix sid="matrix">0.7387731 0.6714138 0.05846037 0.3610501 -0.6731791 0.7393009 0.01624662 -3.72529e-8 -0.03231161 -0.05135667 0.9981574 1.19209e-7 0 0 0 1</matrix>
                  <node id="node-Bip01_R_Toe0" name="Bip01_R_Toe0">
                    <matrix sid="matrix">-0.1805803 -0.9786912 0.09774531 0.1486307 0.9833316 -0.1817874 -0.003513932 0.1543275 0.02120802 0.09548147 0.9952053 -5.96046e-8 0 0 0 1</matrix>
                  </node>
                </node>
              </node>
            </node>
          </node>
          <node id="node-Bip01_FannyPack" name="Bip01_FannyPack">
            <matrix>-0.9629918 -0.2062316 0.1735378 0.2299507 -0.2083318 0.9780384 0.006227016 -0.1378937 -0.1710108 -0.03015685 -0.9848075 0.01013958 0 0 0 1</matrix>
          </node>
        </node>
        <node id="node-Eye" name="Eye">
          <matrix sid="matrix">0.356311 0.8213638 -0.4454256 -0.2693947 -0.3060081 0.5530026 0.7749497 0.6478232 0.8828374 -0.1398192 0.4483847 0.3323932 0 0 0 1</matrix>
          <node id="node-cam" name="cam">
            <matrix>1 -6.03104e-8 3.55271e-15 4.84288e-8 6.03104e-8 1 -2.32831e-9 -0.104 -3.55271e-15 2.32832e-9 1 0.3005601 0 0 0 1</matrix>
          </node>
        </node>
      </node>
      <node id="node-Bounds" name="Bounds">
        <matrix>0.9999915 0.001706907 0.003750479 0 -0.001711356 0.9999978 0.001183292 0.1035326 -0.003748452 -0.0011897 0.9999923 -8.93474e-5 0 0 0 1</matrix>
        <instance_geometry url="#geom-Bounds">
          <bind_material>
            <technique_common>
              <instance_material symbol="ShapeBounds" target="#ShapeBounds-material"/>
            </technique_common>
          </bind_material>
        </instance_geometry>
      </node>
    </visual_scene>
  </library_visual_scenes>
  <library_animations>
    <animation>
      <source id="node-Bip01_matrix-input">
        <float_array id="node-Bip01_matrix-input-array" count="60">54.33333 54.36666 54.4 54.43333 54.46667 54.5 54.53333 54.56667 54.6 54.63334 54.66667 54.7 54.73333 54.76667 54.8 54.83333 54.86666 54.9 54.93333 54.96667 55 55.03333 55.06667 55.1 55.13334 55.16667 55.2 55.23333 55.26667 55.3 55.33333 55.36666 55.4 55.43333 55.46667 55.5 55.53333 55.56667 55.6 55.63334 55.66667 55.7 55.73333 55.76667 55.8 55.83333 55.86666 55.9 55.93333 55.96667 56 56.03333 56.06667 56.1 56.13334 56.16667 56.2 56.23333 56.26667 56.3</float_array>
        <technique_common>
          <accessor source="#node-Bip01_matrix-input-array" count="60" stride="1">
            <param name="TIME" type="float"/>
          </accessor>
        </technique_common>
      </source>
      <source id="node-Bip01_matrix-output">
        <float_array id="node-Bip01_matrix-output-array" count="960">0.3563109 -0.3060081 0.8828373 0.004529237 0.8213638 0.5530027 -0.1398192 0.01337957 -0.4454256 0.7749497 0.4483849 0.7992089 0 0 0 1 0.3563109 -0.3060081 0.8828373 0.004529237 0.8213638 0.5530027 -0.1398192 0.01337957 -0.4454256 0.7749497 0.4483849 0.8021352 0 0 0 1 0.3563108 -0.3060081 0.8828373 0.004529237 0.8213639 0.5530027 -0.1398191 0.01337957 -0.4454256 0.7749498 0.4483848 0.8053336 0 0 0 1 0.3563109 -0.3060081 0.8828373 0.004529237 0.8213638 0.5530028 -0.1398191 0.01337957 -0.4454256 0.7749497 0.4483849 0.8087792 0 0 0 1 0.356311 -0.3060081 0.8828372 0.004529237 0.8213638 0.5530028 -0.1398192 0.01337957 -0.4454255 0.7749497 0.448385 0.812447 0 0 0 1 0.3563109 -0.3060081 0.8828373 0.004529237 0.8213638 0.5530028 -0.1398192 0.01337957 -0.4454256 0.7749497 0.4483849 0.8163121 0 0 0 1 0.3563109 -0.3060081 0.8828373 0.004529237 0.8213639 0.5530027 -0.1398192 0.01337957 -0.4454256 0.7749497 0.4483849 0.8203495 0 0 0 1 0.3563109 -0.3060082 0.8828372 0.004529237 0.8213639 0.5530027 -0.1398192 0.01337957 -0.4454256 0.7749497 0.448385 0.8245343 0 0 0 1 0.3563108 -0.3060081 0.8828373 0.004529237 0.8213639 0.5530027 -0.1398191 0.01337957 -0.4454256 0.7749498 0.4483848 0.8288435 0 0 0 1 0.3563108 -0.3060081 0.8828373 0.004529237 0.8213639 0.5530027 -0.1398191 0.01337957 -0.4454256 0.7749498 0.4483848 0.8332481 0 0 0 1 0.356311 -0.3060081 0.8828372 0.004529237 0.8213638 0.5530027 -0.1398192 0.01337957 -0.4454256 0.7749497 0.448385 0.8377253 0 0 0 1 0.3563109 -0.3060081 0.8828373 0.004529237 0.8213639 0.5530027 -0.1398191 0.01337957 -0.4454256 0.7749497 0.4483848 0.8422499 0 0 0 1 0.356311 -0.3060081 0.8828373 0.004529237 0.8213638 0.5530028 -0.1398192 0.01337957 -0.4454256 0.7749497 0.448385 0.8467971 0 0 0 1 0.3563109 -0.3060081 0.8828373 0.004529237 0.8213639 0.5530027 -0.1398191 0.01337957 -0.4454256 0.7749498 0.4483849 0.851342 0 0 0 1 0.3563109 -0.3060081 0.8828373 0.004529237 0.8213639 0.5530027 -0.1398192 0.01337957 -0.4454256 0.7749498 0.4483848 0.8558594 0 0 0 1 0.356311 -0.3060081 0.8828372 0.004529237 0.8213638 0.5530027 -0.1398192 0.01337957 -0.4454256 0.7749497 0.448385 0.8603246 0 0 0 1 0.3563109 -0.3060081 0.8828373 0.004529237 0.8213639 0.5530027 -0.1398191 0.01337957 -0.4454256 0.7749497 0.4483848 0.8647125 0 0 0 1 0.3563109 -0.3060081 0.8828373 0.004529237 0.8213639 0.5530027 -0.1398192 0.01337957 -0.4454256 0.7749498 0.4483849 0.8689981 0 0 0 1 0.3563109 -0.3060081 0.8828373 0.004529237 0.8213639 0.5530027 -0.1398192 0.01337957 -0.4454256 0.7749498 0.4483848 0.8731567 0 0 0 1 0.3563109 -0.3060081 0.8828372 0.004529237 0.8213639 0.5530027 -0.1398192 0.01337957 -0.4454256 0.7749497 0.448385 0.8771631 0 0 0 1 0.356311 -0.3060081 0.8828373 0.004529237 0.8213638 0.5530028 -0.1398192 0.01337957 -0.4454256 0.7749497 0.448385 0.8809924 0 0 0 1 0.3563108 -0.3060081 0.8828373 0.004529237 0.8213639 0.5530027 -0.1398191 0.01337957 -0.4454256 0.7749498 0.4483848 0.8846197 0 0 0 1 0.3563109 -0.3060081 0.8828373 0.004529237 0.8213638 0.5530027 -0.1398192 0.01337957 -0.4454256 0.7749497 0.4483849 0.8880199 0 0 0 1 0.3563109 -0.3060081 0.8828373 0.004529237 0.8213639 0.5530027 -0.1398191 0.01337957 -0.4454256 0.7749497 0.4483848 0.8911684 0 0 0 1 0.3563109 -0.3060081 0.8828373 0.004529237 0.8213638 0.5530028 -0.1398192 0.01337957 -0.4454256 0.7749497 0.4483849 0.8940411 0 0 0 1 0.3563108 -0.306008 0.8828374 0.004529237 0.8213639 0.5530027 -0.1398192 0.01337957 -0.4454257 0.7749498 0.4483848 0.8966104 0 0 0 1 0.3563109 -0.3060081 0.8828373 0.004529237 0.8213639 0.5530027 -0.1398192 0.01337957 -0.4454256 0.7749497 0.4483849 0.898853 0 0 0 1 0.3563109 -0.3060081 0.8828373 0.004529237 0.8213639 0.5530027 -0.1398192 0.01337957 -0.4454256 0.7749498 0.4483849 0.9007439 0 0 0 1 0.3563109 -0.3060081 0.8828373 0.004529237 0.8213639 0.5530027 -0.1398192 0.01337957 -0.4454256 0.7749497 0.4483849 0.9022579 0 0 0 1 0.3563109 -0.3060081 0.8828373 0.004529237 0.8213638 0.5530027 -0.1398192 0.01337957 -0.4454256 0.7749497 0.4483849 0.9033703 0 0 0 1 0.3563109 -0.3060081 0.8828373 0.004529237 0.8213638 0.5530027 -0.1398192 0.01337957 -0.4454256 0.7749497 0.4483849 0.9040561 0 0 0 1 0.3563109 -0.3060081 0.8828373 0.004529237 0.8213638 0.5530027 -0.1398192 0.01337957 -0.4454256 0.7749497 0.4483849 0.9042901 0 0 0 1 0.3563109 -0.3060081 0.8828373 0.004529237 0.8213639 0.5530027 -0.1398192 0.01337957 -0.4454256 0.7749497 0.4483849 0.9040266 0 0 0 1 0.3563109 -0.3060081 0.8828373 0.004529237 0.8213639 0.5530027 -0.1398192 0.01337957 -0.4454256 0.7749498 0.4483849 0.9032558 0 0 0 1 0.3563109 -0.3060081 0.8828373 0.004529237 0.8213639 0.5530027 -0.1398192 0.01337957 -0.4454256 0.7749497 0.4483849 0.9020075 0 0 0 1 0.3563108 -0.306008 0.8828374 0.004529237 0.8213639 0.5530027 -0.1398192 0.01337957 -0.4454257 0.7749498 0.4483848 0.9003121 0 0 0 1 0.3563109 -0.3060081 0.8828373 0.004529237 0.8213638 0.5530028 -0.1398192 0.01337957 -0.4454256 0.7749497 0.4483849 0.8981978 0 0 0 1 0.3563109 -0.3060081 0.8828373 0.004529237 0.8213639 0.5530027 -0.1398191 0.01337957 -0.4454256 0.7749497 0.4483848 0.8956951 0 0 0 1 0.3563109 -0.3060081 0.8828373 0.004529237 0.8213638 0.5530027 -0.1398192 0.01337957 -0.4454256 0.7749497 0.4483849 0.8928336 0 0 0 1 0.3563108 -0.3060081 0.8828373 0.004529237 0.8213639 0.5530027 -0.1398191 0.01337957 -0.4454256 0.7749498 0.4483848 0.889643 0 0 0 1 0.356311 -0.3060081 0.8828373 0.004529237 0.8213638 0.5530028 -0.1398192 0.01337957 -0.4454256 0.7749497 0.448385 0.8861529 0 0 0 1 0.3563109 -0.3060081 0.8828372 0.004529237 0.8213639 0.5530027 -0.1398192 0.01337957 -0.4454256 0.7749497 0.448385 0.8823931 0 0 0 1 0.3563109 -0.3060081 0.8828373 0.004529237 0.8213639 0.5530027 -0.1398192 0.01337957 -0.4454256 0.7749498 0.4483848 0.8783951 0 0 0 1 0.3563109 -0.3060081 0.8828373 0.004529237 0.8213639 0.5530027 -0.1398192 0.01337957 -0.4454256 0.7749498 0.4483849 0.8741851 0 0 0 1 0.3563109 -0.3060081 0.8828373 0.004529237 0.8213639 0.5530027 -0.1398191 0.01337957 -0.4454256 0.7749497 0.4483848 0.8697944 0 0 0 1 0.356311 -0.3060081 0.8828372 0.004529237 0.8213638 0.5530027 -0.1398192 0.01337957 -0.4454256 0.7749497 0.448385 0.8652527 0 0 0 1 0.3563109 -0.3060081 0.8828373 0.004529237 0.8213639 0.5530027 -0.1398192 0.01337957 -0.4454256 0.7749498 0.4483848 0.8605899 0 0 0 1 0.3563109 -0.3060081 0.8828373 0.004529237 0.8213639 0.5530027 -0.1398191 0.01337957 -0.4454256 0.7749498 0.4483849 0.8558354 0 0 0 1 0.356311 -0.3060081 0.8828373 0.004529237 0.8213638 0.5530028 -0.1398192 0.01337957 -0.4454256 0.7749497 0.448385 0.8510191 0 0 0 1 0.3563109 -0.3060081 0.8828373 0.004529237 0.8213639 0.5530027 -0.1398191 0.01337957 -0.4454256 0.7749497 0.4483848 0.8461706 0 0 0 1 0.356311 -0.3060081 0.8828372 0.004529237 0.8213638 0.5530027 -0.1398192 0.01337957 -0.4454256 0.7749497 0.448385 0.8413218 0 0 0 1 0.3563108 -0.3060081 0.8828373 0.004529237 0.8213639 0.5530027 -0.1398191 0.01337957 -0.4454256 0.7749498 0.4483848 0.836498 0 0 0 1 0.3563108 -0.3060081 0.8828373 0.004529237 0.8213639 0.5530027 -0.1398191 0.01337957 -0.4454256 0.7749498 0.4483848 0.831731 0 0 0 1 0.3563109 -0.3060082 0.8828372 0.004529237 0.8213639 0.5530027 -0.1398192 0.01337957 -0.4454256 0.7749497 0.448385 0.8270508 0 0 0 1 0.3563109 -0.3060081 0.8828373 0.004529237 0.8213639 0.5530027 -0.1398192 0.01337957 -0.4454256 0.7749497 0.4483849 0.8224868 0 0 0 1 0.3563109 -0.3060081 0.8828373 0.004529237 0.8213638 0.5530028 -0.1398192 0.01337957 -0.4454256 0.7749497 0.4483849 0.8180687 0 0 0 1 0.356311 -0.3060081 0.8828372 0.004529237 0.8213638 0.5530028 -0.1398192 0.01337957 -0.4454255 0.7749497 0.448385 0.8138263 0 0 0 1 0.3563109 -0.3060081 0.8828373 0.004529237 0.8213638 0.5530028 -0.1398191 0.01337957 -0.4454256 0.7749497 0.4483849 0.8097911 0 0 0 1 0.3563108 -0.3060081 0.8828373 0.004529237 0.8213639 0.5530027 -0.1398191 0.01337957 -0.4454256 0.7749498 0.4483848 0.8059891 0 0 0 1 0.3563109 -0.3060081 0.8828373 0.004529237 0.8213638 0.5530027 -0.1398192 0.01337957 -0.4454256 0.7749497 0.4483849 0.8024518 0 0 0 1</float_array>
        <technique_common>
          <accessor source="#node-Bip01_matrix-output-array" count="60" stride="16">
            <param name="TRANSFORM" type="float4x4"/>
          </accessor>
        </technique_common>
      </source>
      <source id="node-Bip01_matrix-interpolation">
        <Name_array id="node-Bip01_matrix-interpolation-array" count="60">LINEAR LINEAR LINEAR LINEAR LINEAR LINEAR LINEAR LINEAR LINEAR LINEAR LINEAR LINEAR LINEAR LINEAR LINEAR LINEAR LINEAR LINEAR LINEAR LINEAR LINEAR LINEAR LINEAR LINEAR LINEAR LINEAR LINEAR LINEAR LINEAR LINEAR LINEAR LINEAR LINEAR LINEAR LINEAR LINEAR LINEAR LINEAR LINEAR LINEAR LINEAR LINEAR LINEAR LINEAR LINEAR LINEAR LINEAR LINEAR LINEAR LINEAR LINEAR LINEAR LINEAR LINEAR LINEAR LINEAR LINEAR LINEAR LINEAR LINEAR</Name_array>
        <technique_common>
          <accessor source="#node-Bip01_matrix-interpolation-array" count="60" stride="1">
            <param name="INTERPOLATION" type="name"/>
          </accessor>
        </technique_common>
      </source>
      <source id="node-Bip01_Pelvis_matrix-input">
        <float_array id="node-Bip01_Pelvis_matrix-input-array" count="60">54.33333 54.36666 54.4 54.43333 54.46667 54.5 54.53333 54.56667 54.6 54.63334 54.66667 54.7 54.73333 54.76667 54.8 54.83333 54.86666 54.9 54.93333 54.96667 55 55.03333 55.06667 55.1 55.13334 55.16667 55.2 55.23333 55.26667 55.3 55.33333 55.36666 55.4 55.43333 55.46667 55.5 55.53333 55.56667 55.6 55.63334 55.66667 55.7 55.73333 55.76667 55.8 55.83333 55.86666 55.9 55.93333 55.96667 56 56.03333 56.06667 56.1 56.13334 56.16667 56.2 56.23333 56.26667 56.3</float_array>
        <technique_common>
          <accessor source="#node-Bip01_Pelvis_matrix-input-array" count="60" stride="1">
            <param name="TIME" type="float"/>
          </accessor>
        </technique_common>
      </source>
      <source id="node-Bip01_Pelvis_matrix-output">
