<?xml version="1.0" encoding="utf-8"?>
<COLLADA xmlns="http://www.collada.org/2005/11/COLLADASchema" version="1.4.1">
  <asset>
    <contributor>
      <author>MattO</author>
      <authoring_tool>OpenCOLLADA for 3ds Max;  Version: 1.3.0;  Revision: 839M;  Platform: x64;  Configuration: Release_Max2012</authoring_tool>
      <source_data>file:///C:/Dropbox/Prj/GGStout/Kralmok/Soldier_TP_Kralmok_Animation_Master.max</source_data>
    </contributor>
    <created>2011-11-07T11:16:42</created>
    <modified>2011-11-07T11:16:42</modified>
    <unit name="meter" meter="1"/>
    <up_axis>Z_UP</up_axis>
  </asset>
  <library_effects>
    <effect id="ShapeBounds">
      <profile_COMMON>
        <technique sid="common">
          <blinn>
            <emission>
              <color>0 0 0 1</color>
            </emission>
            <ambient>
              <color>0.1647059 1 0 1</color>
            </ambient>
            <diffuse>
              <color>0.1647059 1 0 1</color>
            </diffuse>
            <specular>
              <color>0.9 0.9 0.9 1</color>
            </specular>
            <shininess>
              <float>10</float>
            </shininess>
            <reflective>
              <color>0 0 0 1</color>
            </reflective>
            <transparent opaque="A_ONE">
              <color>1 1 1 1</color>
            </transparent>
            <transparency>
              <float>1</float>
            </transparency>
          </blinn>
        </technique>
      </profile_COMMON>
      <extra>
        <technique profile="OpenCOLLADA3dsMax">
          <extended_shader>
            <apply_reflection_dimming>0</apply_reflection_dimming>
            <dim_level>0</dim_level>
            <falloff_type>0</falloff_type>
            <index_of_refraction>1.5</index_of_refraction>
            <opacity_type>0</opacity_type>
            <reflection_level>3</reflection_level>
            <wire_size>1</wire_size>
            <wire_units>0</wire_units>
          </extended_shader>
          <shader>
            <ambient_diffuse_lock>1</ambient_diffuse_lock>
            <ambient_diffuse_texture_lock>1</ambient_diffuse_texture_lock>
            <diffuse_specular_lock>0</diffuse_specular_lock>
            <soften>0.1</soften>
            <use_self_illum_color>0</use_self_illum_color>
          </shader>
        </technique>
      </extra>
    </effect>
  </library_effects>
  <library_materials>
    <material id="ShapeBounds-material" name="ShapeBounds">
      <instance_effect url="#ShapeBounds"/>
    </material>
  </library_materials>
  <library_geometries>
    <geometry id="geom-Bounds" name="Bounds">
      <mesh>
        <source id="geom-Bounds-positions">
          <float_array id="geom-Bounds-positions-array" count="24">-0.425 -0.425 0 0.425 -0.425 0 -0.425 0.425 0 0.425 0.425 0 -0.425 -0.425 1.84 0.425 -0.425 1.84 -0.425 0.425 1.84 0.425 0.425 1.84</float_array>
          <technique_common>
            <accessor source="#geom-Bounds-positions-array" count="8" stride="3">
              <param name="X" type="float"/>
              <param name="Y" type="float"/>
              <param name="Z" type="float"/>
            </accessor>
          </technique_common>
        </source>
        <source id="geom-Bounds-normals">
          <float_array id="geom-Bounds-normals-array" count="72">0 0 -1 0 0 -1 0 0 -1 0 0 -1 0 0 1 0 0 1 0 0 1 0 0 1 0 -1 0 0 -1 0 0 -1 0 0 -1 0 1 0 0 1 0 0 1 0 0 1 0 0 0 1 0 0 1 0 0 1 0 0 1 0 -1 0 0 -1 0 0 -1 0 0 -1 0 0</float_array>
          <technique_common>
            <accessor source="#geom-Bounds-normals-array" count="24" stride="3">
              <param name="X" type="float"/>
              <param name="Y" type="float"/>
              <param name="Z" type="float"/>
            </accessor>
          </technique_common>
        </source>
        <source id="geom-Bounds-map1">
          <float_array id="geom-Bounds-map1-array" count="36">0 0 0 1 0 0 0 1 0 1 1 0 0 0 0 1 0 0 0 1 0 1 1 0 0 0 0 1 0 0 0 1 0 1 1 0</float_array>
          <technique_common>
            <accessor source="#geom-Bounds-map1-array" count="12" stride="3">
              <param name="S" type="float"/>
              <param name="T" type="float"/>
              <param name="P" type="float"/>
            </accessor>
          </technique_common>
        </source>
        <vertices id="geom-Bounds-vertices">
          <input semantic="POSITION" source="#geom-Bounds-positions"/>
        </vertices>
        <triangles material="ShapeBounds" count="12">
          <input semantic="VERTEX" source="#geom-Bounds-vertices" offset="0"/>
          <input semantic="NORMAL" source="#geom-Bounds-normals" offset="1"/>
          <input semantic="TEXCOORD" source="#geom-Bounds-map1" offset="2" set="0"/>
          <p>0 0 9 2 1 11 3 2 10 3 2 10 1 3 8 0 0 9 4 4 8 5 5 9 7 6 11 7 6 11 6 7 10 4 4 8 0 8 4 1 9 5 5 10 7 5 10 7 4 11 6 0 8 4 1 12 0 3 13 1 7 14 3 7 14 3 5 15 2 1 12 0 3 16 4 2 17 5 6 18 7 6 18 7 7 19 6 3 16 4 2 20 0 0 21 1 4 22 3 4 22 3 6 23 2 2 20 0</p>
        </triangles>
      </mesh>
      <extra>
        <technique profile="OpenCOLLADA3dsMax">
          <max_box>
            <generateuvs>1</generateuvs>
            <height>1.84</height>
            <heightsegments>1</heightsegments>
            <length>0.85</length>
            <lengthsegments>1</lengthsegments>
            <width>0.85</width>
            <widthsegments>1</widthsegments>
          </max_box>
        </technique>
      </extra>
    </geometry>
  </library_geometries>
  <library_lights>
    <light id="EnvironmentAmbientLight" name="EnvironmentAmbientLight">
      <technique_common>
        <ambient>
          <color>0 0 0</color>
        </ambient>
      </technique_common>
    </light>
  </library_lights>
  <library_visual_scenes>
    <visual_scene id="MaxScene">
      <node name="EnvironmentAmbientLight">
        <instance_light url="#EnvironmentAmbientLight"/>
      </node>
      <node id="node-Bip01" name="Bip01">
        <matrix>0.7792376 -0.6267287 -2.30446e-10 -0.005676784 0.6267287 0.7792376 -2.21778e-10 0.01396836 3.18567e-10 2.83907e-11 1 0.7992491 0 0 0 1</matrix>
        <node id="node-Bip01_Pelvis" name="Bip01_Pelvis">
          <matrix>-0.005991149 0.9912031 0.1322137 0 -0.1231578 -0.1319408 0.983577 0 0.992369 -0.01039037 0.1228648 0 0 0 0 1</matrix>
          <node id="node-Bip01_Spine" name="Bip01_Spine">
            <matrix sid="matrix">0.9528648 -0.2718979 -0.134612 0.1975892 0.1924029 0.8845957 -0.4248196 0.02423938 0.2345847 0.3788957 0.8952141 0.02796854 0 0 0 1</matrix>
            <node id="node-Bip01_Spine1" name="Bip01_Spine1">
              <matrix sid="matrix">0.9965124 0.0540657 -0.06356054 0.1022242 -0.05553561 0.9982232 -0.02158955 -1.00821e-4 0.06228036 0.02504415 0.9977443 -2.53785e-6 0 0 0 1</matrix>
              <node id="node-Bip01_Spine2" name="Bip01_Spine2">
                <matrix sid="matrix">0.9777663 -0.1711879 0.1211107 0.1268954 0.1757437 0.9840402 -0.02791207 -1.68547e-4 -0.1143996 0.04857612 0.9922464 -8.3074e-6 0 0 0 1</matrix>
                <node id="node-Bip01_Neck" name="Bip01_Neck">
                  <matrix sid="matrix">0.8154699 -0.4308032 -0.3865455 0.2151071 0.374628 0.9019334 -0.2148723 -4.97103e-5 0.441206 0.03041121 0.8968905 -1.68383e-6 0 0 0 1</matrix>
                  <node id="node-Bip01_Head" name="Bip01_Head">
                    <matrix sid="matrix">0.8992371 0.4333386 0.05991636 0.07051814 -0.4004152 0.8704896 -0.2862083 -0.01395905 -0.1761817 0.2333775 0.9562922 2.98023e-8 0 0 0 1</matrix>
                    <node id="node-AltEye" name="AltEye">
                      <matrix sid="matrix">0.02704092 0.3960965 0.917811 0.06454706 0.0338486 0.9172573 -0.3968547 0.221461 -0.9990611 0.04179765 0.01139608 0.04716256 0 0 0 1</matrix>
                    </node>
                  </node>
                  <node id="node-Bip01_L_Clavicle" name="Bip01_L_Clavicle">
                    <matrix sid="matrix">0.2187269 -0.1937394 0.9563594 0.00844872 0.48029 -0.8317719 -0.2783467 -0.0120917 0.8493997 0.5202119 -0.0888798 0.07246038 0 0 0 1</matrix>
                    <node id="node-Bip01_L_UpperArm" name="Bip01_L_UpperArm">
                      <matrix sid="matrix">0.6865324 0.4504935 0.5707266 0.1824007 -0.7057937 0.2242725 0.6719801 -2.98023e-8 0.1747243 -0.8641513 0.4719258 0 0 0 0 1</matrix>
                      <node id="node-Bip01_L_Forearm" name="Bip01_L_Forearm">
                        <matrix sid="matrix">0.6486525 0.7610849 0 0.2843689 -0.7610848 0.6486524 0 0 4.47035e-8 2.98023e-8 1 5.96046e-8 0 0 0 1</matrix>
                        <node id="node-Bip01_L_Hand" name="Bip01_L_Hand">
                          <matrix sid="matrix">0.9156603 -0.1209361 -0.3833283 0.2810681 0.3732806 0.6095712 0.6993457 0 0.1490898 -0.7834522 0.6033033 5.96046e-8 0 0 0 1</matrix>
                          <node id="node-Bip01_L_Finger0" name="Bip01_L_Finger0">
                            <matrix sid="matrix">0.6591592 0.3903028 0.6427851 0.02119684 0.6535139 0.125593 -0.7464221 -0.004734397 -0.37206 0.91208 -0.1722827 -0.02572197 0 0 0 1</matrix>
                            <node id="node-Bip01_L_Finger01" name="Bip01_L_Finger01">
                              <matrix sid="matrix">0.8583043 -0.5131412 0 0.04982862 0.5131412 0.8583043 2.98023e-8 5.96046e-8 8.9407e-8 2.98023e-8 1 -1.19209e-7 0 0 0 1</matrix>
                              <node id="node-Bip01_L_Finger02" name="Bip01_L_Finger02">
                                <matrix sid="matrix">0.6525692 -0.7577291 2.98023e-8 0.05202228 0.7577291 0.6525692 0 0 -2.98023e-8 1.49012e-8 1 0 0 0 0 1</matrix>
                              </node>
                            </node>
                          </node>
                          <node id="node-Bip01_L_Finger1" name="Bip01_L_Finger1">
                            <matrix sid="matrix">0.8743498 -0.4850003 -0.01693492 0.1199948 0.4823663 0.8723708 -0.07931912 -0.008367538 0.05324334 0.06118378 0.9967053 -0.04101384 0 0 0 1</matrix>
                            <node id="node-Bip01_L_Finger11" name="Bip01_L_Finger11">
                              <matrix sid="matrix">0.2787537 -0.9603627 1.49012e-8 0.03644165 0.9603627 0.2787538 -5.96046e-8 0 0 -2.23517e-8 1 0 0 0 0 1</matrix>
                              <node id="node-Bip01_L_Finger12" name="Bip01_L_Finger12">
                                <matrix sid="matrix">0.8119804 -0.583685 0 0.03117549 0.583685 0.8119803 1.49012e-8 0 -2.98023e-8 5.96046e-8 1 0 0 0 0 1</matrix>
                              </node>
                            </node>
                          </node>
                          <node id="node-Bip01_L_Finger2" name="Bip01_L_Finger2">
                            <matrix sid="matrix">0.6472729 -0.7352321 -0.2011753 0.1229539 0.7556679 0.6535555 0.04279059 -0.008801937 0.1000182 -0.1797189 0.9786202 -0.01328242 0 0 0 1</matrix>
                            <node id="node-Bip01_L_Finger21" name="Bip01_L_Finger21">
                              <matrix sid="matrix">0.6013957 -0.7989514 2.98023e-8 0.03895527 0.7989513 0.6013958 2.98023e-8 0 -2.98023e-8 1.49012e-8 1 5.96046e-8 0 0 0 1</matrix>
                              <node id="node-Bip01_L_Finger22" name="Bip01_L_Finger22">
                                <matrix sid="matrix">0.8644754 -0.5026752 -2.98023e-8 0.03800547 0.5026752 0.8644753 0 0 0 0 1 -5.96046e-8 0 0 0 1</matrix>
                              </node>
                            </node>
                          </node>
                          <node id="node-Bip01_L_Finger3" name="Bip01_L_Finger3">
                            <matrix sid="matrix">0.3854292 -0.8817465 -0.271969 0.1211882 0.9217519 0.381532 0.06932953 -0.001191258 0.04263374 -0.2774096 0.9598053 0.01196867 0 0 0 1</matrix>
                            <node id="node-Bip01_L_Finger31" name="Bip01_L_Finger31">
                              <matrix sid="matrix">0.9381479 -0.3462352 2.98023e-8 0.03155851 0.3462351 0.9381479 2.98023e-8 0 -8.9407e-8 8.14907e-9 1 0 0 0 0 1</matrix>
                              <node id="node-Bip01_L_Finger32" name="Bip01_L_Finger32">
                                <matrix sid="matrix">0.6529357 -0.7574132 0 0.03366596 0.7574133 0.6529357 6.98492e-9 -5.96046e-8 2.98023e-8 2.98023e-8 1 0 0 0 0 1</matrix>
                              </node>
                            </node>
                          </node>
                          <node id="node-Bip01_L_Finger4" name="Bip01_L_Finger4">
                            <matrix sid="matrix">0.7005674 -0.7005579 -0.1357337 0.1136796 0.7135146 0.6850148 0.1471444 0.005147338 -0.0101037 -0.1999326 0.9797575 0.03886575 0 0 0 1</matrix>
                            <node id="node-Bip01_L_Finger41" name="Bip01_L_Finger41">
                              <matrix sid="matrix">0.7966627 -0.6044243 2.98023e-8 0.03661621 0.6044242 0.7966626 -2.98023e-8 -1.19209e-7 -2.98023e-8 -2.23517e-8 1 5.96046e-8 0 0 0 1</matrix>
                              <node id="node-Bip01_L_Finger42" name="Bip01_L_Finger42">
                                <matrix sid="matrix">0.8880922 -0.4596654 2.98023e-8 0.0177263 0.4596654 0.8880923 7.45058e-9 1.19209e-7 2.98023e-8 -2.98023e-8 1 0 0 0 0 1</matrix>
                              </node>
                            </node>
                          </node>
                        </node>
                      </node>
                    </node>
                  </node>
                  <node id="node-Bip01_R_Clavicle" name="Bip01_R_Clavicle">
                    <matrix sid="matrix">-0.4367578 -0.5517113 -0.710533 -0.05186164 0.5680685 -0.7815931 0.2577016 -0.01624846 -0.6975248 -0.2910782 0.6547768 -0.05013976 0 0 0 1</matrix>
                    <node id="node-Bip01_R_UpperArm" name="Bip01_R_UpperArm">
                      <matrix sid="matrix">0.5998919 0.6152983 -0.5114077 0.1824006 -0.758272 0.6411594 -0.1180602 0 0.2552515 0.4586095 0.8511896 0 0 0 0 1</matrix>
                      <node id="node-Bip01_R_Forearm" name="Bip01_R_Forearm">
                        <matrix sid="matrix">-0.2263135 0.9740543 -2.98023e-8 0.284369 -0.9740543 -0.2263136 -2.98023e-8 0 5.96046e-8 -2.98023e-8 0.9999999 0 0 0 0 1</matrix>
                        <node id="node-Bip01_R_Hand" name="Bip01_R_Hand">
                          <matrix sid="matrix">0.6512828 0.3417338 0.6775311 0.2810681 0.7584223 -0.2636937 -0.5960382 -5.96046e-8 -0.02502571 0.9020442 -0.4309177 -5.96046e-8 0 0 0 1</matrix>
                          <node id="node-Bip01_R_Finger0" name="Bip01_R_Finger0">
                            <matrix>0.5215105 0.269013 -0.8097274 0.02119675 0.7250717 0.3605265 0.5867639 -0.004734218 0.4497754 -0.8931141 -0.007035471 0.02572167 0 0 0 1</matrix>
                            <node id="node-Bip01_R_Finger01" name="Bip01_R_Finger01">
                              <matrix sid="matrix">0.6055626 -0.7636236 0.2239935 0.04982865 0.719188 0.6456373 0.2567511 -2.38419e-7 -0.3406798 0.005614571 0.9401627 0 0 0 0 1</matrix>
                              <node id="node-Bip01_R_Finger02" name="Bip01_R_Finger02">
                                <matrix>0.9505157 -0.3106765 -3.72529e-9 0.05202243 0.3106765 0.9505157 4.47035e-8 1.19209e-7 -7.45058e-9 -1.49012e-8 1 0 0 0 0 1</matrix>
                              </node>
                            </node>
                          </node>
                          <node id="node-Bip01_R_Finger1" name="Bip01_R_Finger1">
                            <matrix>0.9820224 -0.1733428 -0.07472671 0.1199946 0.1795577 0.9799359 0.08651492 -0.008367568 0.05823065 -0.09837733 0.9934441 0.04101396 0 0 0 1</matrix>
                            <node id="node-Bip01_R_Finger11" name="Bip01_R_Finger11">
                              <matrix>0.8240548 -0.5665102 0 0.0364418 0.5665103 0.8240547 0 5.96046e-8 -1.11759e-8 0 1 0 0 0 0 1</matrix>
                              <node id="node-Bip01_R_Finger12" name="Bip01_R_Finger12">
                                <matrix>0.8146397 -0.5796779 0.01831833 0.03117548 0.5799673 0.8142335 -0.02573048 -5.96046e-8 1.49012e-8 0.03158512 0.9995011 0 0 0 0 1</matrix>
                              </node>
                            </node>
                          </node>
                          <node id="node-Bip01_R_Finger2" name="Bip01_R_Finger2">
                            <matrix>0.6754012 -0.7374503 -1.52119e-4 0.1229538 0.7368314 0.6748428 -0.04082684 -0.008802027 0.03021043 0.02746242 0.9991663 0.01328242 0 0 0 1</matrix>
                            <node id="node-Bip01_R_Finger21" name="Bip01_R_Finger21">
                              <matrix>0.5508358 -0.8338858 -0.03484871 0.0389552 0.832222 0.5519372 -0.05265063 -5.96046e-8 0.06313889 -6.98492e-9 0.9980048 0 0 0 0 1</matrix>
                              <node id="node-Bip01_R_Finger22" name="Bip01_R_Finger22">
                                <matrix>0.1984734 -0.9799246 0.01886613 0.03800541 0.9755273 0.1993681 0.09272984 1.49012e-7 -0.09462956 -1.49012e-8 0.9955125 0 0 0 0 1</matrix>
                              </node>
                            </node>
                          </node>
                          <node id="node-Bip01_R_Finger3" name="Bip01_R_Finger3">
                            <matrix>0.7159052 -0.6949216 0.06755453 0.1211882 0.6883786 0.6863562 -0.234627 -0.001191199 0.1166809 0.2144738 0.9697354 -0.01196873 0 0 0 1</matrix>
                            <node id="node-Bip01_R_Finger31" name="Bip01_R_Finger31">
                              <matrix>0.4441952 -0.8949345 0.04222349 0.03155842 0.8909186 0.4461976 0.08468726 0 -0.09462956 8.3819e-9 0.9955126 2.38419e-7 0 0 0 1</matrix>
                              <node id="node-Bip01_R_Finger32" name="Bip01_R_Finger32">
                                <matrix>0.1993682 -0.9794358 -0.03095104 0.03366598 0.9799247 0.1992687 0.006297085 0 -1.11759e-8 -0.03158513 0.999501 0 0 0 0 1</matrix>
                              </node>
                            </node>
                          </node>
                          <node id="node-Bip01_R_Finger4" name="Bip01_R_Finger4">
                            <matrix>0.5925789 -0.789795 -0.1583477 0.1136796 0.7783523 0.6120423 -0.1399001 0.005147398 0.2074079 -0.04034833 0.9774222 -0.03886557 0 0 0 1</matrix>
                            <node id="node-Bip01_R_Finger41" name="Bip01_R_Finger41">
                              <matrix>0.4202557 -0.9064696 0.04120623 0.03661618 0.906853 0.4211512 0.01578781 0 -0.03166523 0.03073305 0.999026 -1.19209e-7 0 0 0 1</matrix>
                              <node id="node-Bip01_R_Finger42" name="Bip01_R_Finger42">
                                <matrix>0.4024469 -0.9138246 -0.05441485 0.01772624 0.915423 0.4021217 0.01728311 0 0.006087601 -0.05676816 0.9983688 -2.38419e-7 0 0 0 1</matrix>
                              </node>
                            </node>
                          </node>
                          <node id="node-mount0" name="mount0">
                            <matrix>-6.15972e-7 1 6.98492e-10 0.109539 -0.9999999 -6.67824e-7 4.73112e-7 0.0251826 4.787e-7 7.10133e-9 1 0.01321661 0 0 0 1</matrix>
                          </node>
                        </node>
                      </node>
                    </node>
                  </node>
                </node>
                <node id="node-Bip01_L_Pauldron_Upper" name="Bip01_L_Pauldron_Upper">
                  <matrix sid="matrix">0.9726581 0.1183441 0.199827 0.1831355 0.1843817 -0.9166573 -0.3546032 -0.04100847 0.1412076 0.3817521 -0.9134145 0.2293365 0 0 0 1</matrix>
                </node>
                <node id="node-Bip01_R_Pauldron_Lower" name="Bip01_R_Pauldron_Lower">
                  <matrix sid="matrix">-0.1156724 -0.9403759 -0.3198654 0.1729059 0.909775 -0.2295502 0.3458563 -0.1133294 -0.3986598 -0.2509996 0.8820828 -0.2351094 0 0 0 1</matrix>
                </node>
                <node id="node-Bip01_L_Pauldron_Lower" name="Bip01_L_Pauldron_Lower">
                  <matrix sid="matrix">-0.2099969 -0.7687201 0.6041282 0.1529202 0.4002345 -0.6313507 -0.6642358 -0.1054225 0.892028 0.1023055 0.4402497 0.2344801 0 0 0 1</matrix>
                </node>
              </node>
            </node>
            <node id="node-Bip01_L_Thigh" name="Bip01_L_Thigh">
              <matrix sid="matrix">-0.5256799 0.8489143 0.05481777 -0.1695942 0.7820014 0.456868 0.4239638 0.06998911 0.3348645 0.2657369 -0.9040186 0.125985 0 0 0 1</matrix>
              <node id="node-Bip01_L_Calf" name="Bip01_L_Calf">
                <matrix>0.3789015 0.9254371 -7.45058e-9 0.4629988 -0.9254371 0.3789013 5.58794e-9 0 4.84288e-8 9.31323e-9 1 0 0 0 0 1</matrix>
                <node id="node-Bip01_L_Foot" name="Bip01_L_Foot">
                  <matrix>0.9251714 -0.3720198 -0.07522739 0.3610501 0.3790728 0.9156095 0.1340261 1.49012e-8 0.01901855 -0.1525137 0.9881182 0 0 0 0 1</matrix>
                  <node id="node-Bip01_L_Toe0" name="Bip01_L_Toe0">
                    <matrix>7.14324e-7 -0.9999999 1.39233e-6 0.1486306 0.9999999 7.14557e-7 1.40648e-7 0.1543275 -1.41255e-7 1.39233e-6 0.9999999 -3.72529e-9 0 0 0 1</matrix>
                  </node>
                </node>
              </node>
            </node>
            <node id="node-Bip01_R_Thigh" name="Bip01_R_Thigh">
              <matrix sid="matrix">-0.89031 0.3209189 0.3230464 -0.2294068 0.3021842 0.9471056 -0.1080538 -0.02661942 -0.3406355 0.001418173 -0.9401943 -0.1022702 0 0 0 1</matrix>
              <node id="node-Bip01_R_Calf" name="Bip01_R_Calf">
                <matrix>0.4368398 0.8995395 0 0.4629988 -0.8995391 0.4368398 7.45058e-9 1.11759e-8 0 -1.19209e-7 0.9999999 0 0 0 0 1</matrix>
                <node id="node-Bip01_R_Foot" name="Bip01_R_Foot">
                  <matrix sid="matrix">0.6400878 -0.7405256 0.2047178 0.3610501 0.7140535 0.6717324 0.1972377 -1.49012e-8 -0.2835752 0.01993002 0.9587429 2.98023e-8 0 0 0 1</matrix>
                  <node id="node-Bip01_R_Toe0" name="Bip01_R_Toe0">
                    <matrix sid="matrix">-0.1805796 -0.9786914 0.09774506 0.1486307 0.9833317 -0.1817868 -0.00351409 0.1543275 0.02120798 0.09548128 0.9952053 0 0 0 0 1</matrix>
                  </node>
                </node>
              </node>
            </node>
          </node>
          <node id="node-Bip01_FannyPack" name="Bip01_FannyPack">
            <matrix sid="matrix">-0.9629918 -0.2062316 0.1735378 0.2299507 -0.2083318 0.9780384 0.006227037 -0.1378937 -0.1710108 -0.03015692 -0.9848075 0.01013966 0 0 0 1</matrix>
          </node>
        </node>
        <node id="node-Eye" name="Eye">
          <matrix>0.7792377 0.6267284 -3.76004e-8 0.06369776 -0.6267286 0.7792373 3.0526e-8 0.06415509 4.61465e-8 -1.79036e-7 0.9999998 0.7710255 0 0 0 1</matrix>
          <node id="node-cam" name="cam">
            <matrix>1 -6.03104e-8 3.55271e-15 4.84288e-8 6.03104e-8 1 -2.32831e-9 -0.104 -3.55271e-15 2.32832e-9 1 0.3005601 0 0 0 1</matrix>
          </node>
        </node>
      </node>
      <node id="node-Bounds" name="Bounds">
        <matrix>0.9999915 0.001706907 0.003750479 0 -0.001711356 0.9999978 0.001183292 0.1035326 -0.003748452 -0.0011897 0.9999923 -8.93474e-5 0 0 0 1</matrix>
        <instance_geometry url="#geom-Bounds">
          <bind_material>
            <technique_common>
              <instance_material symbol="ShapeBounds" target="#ShapeBounds-material"/>
            </technique_common>
          </bind_material>
        </instance_geometry>
      </node>
    </visual_scene>
  </library_visual_scenes>
  <library_animations>
    <animation>
      <source id="node-Bip01_Spine_matrix-input">
        <float_array id="node-Bip01_Spine_matrix-input-array" count="101">57.33333 57.36666 57.4 57.43333 57.46667 57.5 57.53333 57.56667 57.6 57.63334 57.66667 57.7 57.73333 57.76667 57.8 57.83333 57.86666 57.9 57.93333 57.96667 58 58.03333 58.06667 58.1 58.13334 58.16667 58.2 58.23333 58.26667 58.3 58.33333 58.36666 58.4 58.43333 58.46667 58.5 58.53333 58.56667 58.6 58.63334 58.66667 58.7 58.73333 58.76667 58.8 58.83333 58.86666 58.9 58.93333 58.96667 59 59.03333 59.06667 59.1 59.13334 59.16667 59.2 59.23333 59.26667 59.3 59.33333 59.36666 59.4 59.43333 59.46667 59.5 59.53333 59.56667 59.6 59.63334 59.66667 59.7 59.73333 59.76667 59.8 59.83333 59.86666 59.9 59.93333 59.96667 60 60.03333 60.06667 60.1 60.13334 60.16667 60.2 60.23333 60.26667 60.3 60.33333 60.36666 60.4 60.43333 60.46667 60.5 60.53333 60.56667 60.6 60.63334 60.66667</float_array>
        <technique_common>
          <accessor source="#node-Bip01_Spine_matrix-input-array" count="101" stride="1">
            <param name="TIME" type="float"/>
          </accessor>
        </technique_common>
      </source>
      <source id="node-Bip01_Spine_matrix-output">
        <float_array id="node-Bip01_Spine_matrix-output-array" count="1616">0.9528648 -0.2718979 -0.1346119 0.1975892 0.1924029 0.8845957 -0.4248195 0.02423936 0.2345846 0.3788957 0.8952142 0.02796852 0 0 0 1 0.9528324 -0.2716189 -0.1354022 0.1975891 0.191874 0.8847851 -0.4246647 0.02423936 0.2351487 0.378654 0.8951684 0.02796852 0 0 0 1 0.9528053 -0.2713893 -0.1360516 0.1975891 0.1914393 0.8849405 -0.424537 0.02423936 0.2356123 0.3784554 0.8951306 0.02796852 0 0 0 1 0.9527834 -0.2712054 -0.1365715 0.197589 0.1910913 0.8850648 -0.4244346 0.0242393 0.2359835 0.3782964 0.8951 0.02796852 0 0 0 1 0.9527661 -0.2710631 -0.1369733 0.197589 0.1908224 0.8851609 -0.4243552 0.0242393 0.2362704 0.3781735 0.8950762 0.02796852 0 0 0 1 0.9527533 -0.2709586 -0.1372685 0.197589 0.1906248 0.8852313 -0.4242968 0.0242393 0.2364811 0.3780833 0.8950585 0.02796858 0 0 0 1 0.9527447 -0.2708877 -0.1374683 0.197589 0.190491 0.8852792 -0.4242572 0.0242393 0.2366239 0.3780222 0.8950467 0.02796858 0 0 0 1 0.9527397 -0.2708466 -0.1375843 0.197589 0.1904134 0.8853069 -0.4242343 0.0242393 0.2367067 0.3779867 0.8950398 0.02796858 0 0 0 1 0.9527377 -0.2708312 -0.1376277 0.197589 0.1903843 0.8853173 -0.4242256 0.0242393 0.2367377 0.3779734 0.8950371 0.02796858 0 0 0 1 0.9527385 -0.2708375 -0.1376101 0.197589 0.1903961 0.8853132 -0.424229 0.0242393 0.236725 0.3779788 0.8950383 0.02796858 0 0 0 1 0.9527415 -0.2708614 -0.1375426 0.197589 0.1904413 0.8852971 -0.4242423 0.0242393 0.2366769 0.3779994 0.8950423 0.02796858 0 0 0 1 0.9527461 -0.2708988 -0.1374368 0.1975889 0.1905121 0.8852718 -0.4242632 0.0242393 0.2366012 0.3780317 0.8950487 0.02796858 0 0 0 1 0.9527519 -0.2709459 -0.1373039 0.197589 0.1906011 0.88524 -0.4242894 0.0242393 0.2365063 0.3780722 0.8950567 0.02796858 0 0 0 1 0.9527583 -0.2709985 -0.1371554 0.197589 0.1907005 0.8852045 -0.4243189 0.0242393 0.2364003 0.3781176 0.8950654 0.02796852 0 0 0 1 0.9527649 -0.2710526 -0.1370025 0.197589 0.1908028 0.8851681 -0.424349 0.0242393 0.2362912 0.3781643 0.8950746 0.02796852 0 0 0 1 0.9527711 -0.2711042 -0.1368569 0.1975891 0.1909002 0.8851331 -0.4243777 0.0242393 0.2361871 0.3782087 0.8950831 0.02796852 0 0 0 1 0.9527766 -0.2711492 -0.1367296 0.197589 0.1909854 0.8851028 -0.4244028 0.0242393 0.2360962 0.3782476 0.8950908 0.02796858 0 0 0 1 0.9527808 -0.2711836 -0.1366322 0.197589 0.1910505 0.8850796 -0.424422 0.0242393 0.2360266 0.3782774 0.8950966 0.02796852 0 0 0 1 0.9527832 -0.2712035 -0.1365761 0.197589 0.1910881 0.8850661 -0.4244331 0.0242393 0.2359865 0.3782944 0.8950999 0.02796852 0 0 0 1 0.9527834 -0.2712047 -0.1365725 0.197589 0.1910905 0.8850654 -0.4244337 0.0242393 0.235984 0.3782956 0.8951001 0.02796852 0 0 0 1 0.9527809 -0.2711833 -0.136633 0.197589 0.1910501 0.8850799 -0.4244218 0.0242393 0.2360271 0.3782771 0.8950966 0.02796852 0 0 0 1 0.9527809 -0.2711833 -0.136633 0.1975891 0.1910501 0.8850799 -0.4244218 0.0242393 0.2360271 0.3782771 0.8950966 0.02796858 0 0 0 1 0.9527809 -0.2711839 -0.1366313 0.1975891 0.1910511 0.8850794 -0.4244222 0.0242393 0.236026 0.3782775 0.8950967 0.02796858 0 0 0 1 0.952781 -0.2711845 -0.1366296 0.1975889 0.1910523 0.8850791 -0.4244225 0.0242393 0.2360247 0.3782781 0.8950968 0.02796852 0 0 0 1 0.9527811 -0.2711852 -0.1366278 0.197589 0.1910535 0.8850786 -0.4244228 0.0242393 0.2360234 0.3782786 0.895097 0.02796852 0 0 0 1 0.9527812 -0.2711858 -0.136626 0.197589 0.1910548 0.8850781 -0.4244232 0.0242393 0.2360221 0.3782792 0.8950971 0.02796852 0 0 0 1 0.9527812 -0.2711864 -0.1366241 0.197589 0.191056 0.8850777 -0.4244235 0.0242393 0.2360208 0.3782797 0.8950971 0.02796852 0 0 0 1 0.9527813 -0.2711871 -0.1366223 0.197589 0.1910572 0.8850772 -0.4244238 0.0242393 0.2360194 0.3782803 0.8950973 0.02796852 0 0 0 1 0.9527813 -0.2711877 -0.1366205 0.197589 0.1910584 0.8850768 -0.4244242 0.0242393 0.2360181 0.3782808 0.8950973 0.02796852 0 0 0 1 0.9527813 -0.2711883 -0.1366187 0.197589 0.1910595 0.8850764 -0.4244245 0.0242393 0.2360169 0.3782813 0.8950974 0.02796852 0 0 0 1 0.9527814 -0.2711889 -0.1366171 0.197589 0.1910607 0.8850759 -0.4244248 0.0242393 0.2360157 0.3782818 0.8950975 0.02796852 0 0 0 1 0.9527814 -0.2711889 -0.1366171 0.197589 0.1910607 0.885076 -0.4244248 0.0242393 0.2360157 0.3782818 0.8950975 0.02796852 0 0 0 1 0.952782 -0.2711936 -0.1366037 0.197589 0.1910696 0.8850728 -0.4244275 0.0242393 0.2360062 0.3782858 0.8950983 0.02796852 0 0 0 1 0.9527826 -0.2711986 -0.1365896 0.197589 0.1910791 0.8850694 -0.4244302 0.0242393 0.2359961 0.3782901 0.8950992 0.02796852 0 0 0 1 0.9527833 -0.2712038 -0.1365749 0.197589 0.1910889 0.885066 -0.4244331 0.0242393 0.2359856 0.3782947 0.8951001 0.02796852 0 0 0 1 0.9527839 -0.2712091 -0.1365599 0.197589 0.1910989 0.8850623 -0.424436 0.0242393 0.2359749 0.3782992 0.8951009 0.02796852 0 0 0 1 0.9527846 -0.2712144 -0.1365448 0.197589 0.1911091 0.8850588 -0.4244391 0.0242393 0.2359641 0.3783038 0.8951018 0.02796852 0 0 0 1 0.9527851 -0.2712197 -0.1365298 0.197589 0.1911191 0.8850551 -0.4244419 0.0242393 0.2359534 0.3783084 0.8951027 0.02796852 0 0 0 1 0.9527858 -0.2712249 -0.1365152 0.197589 0.1911289 0.8850517 -0.4244448 0.0242393 0.235943 0.3783128 0.8951036 0.02796852 0 0 0 1 0.9527865 -0.2712299 -0.136501 0.197589 0.1911383 0.8850485 -0.4244476 0.0242393 0.2359328 0.3783172 0.8951045 0.02796852 0 0 0 1 0.952787 -0.2712346 -0.1364876 0.197589 0.1911473 0.8850451 -0.4244502 0.0242393 0.2359233 0.3783213 0.8951052 0.02796852 0 0 0 1 0.9527871 -0.2712346 -0.1364876 0.197589 0.1911473 0.8850451 -0.4244502 0.0242393 0.2359233 0.3783213 0.8951053 0.02796852 0 0 0 1 0.9527876 -0.27124 -0.1364725 0.197589 0.1911575 0.8850415 -0.4244531 0.0242393 0.2359125 0.3783259 0.8951061 0.02796852 0 0 0 1 0.9527883 -0.2712457 -0.1364565 0.197589 0.1911681 0.8850377 -0.4244563 0.0242393 0.235901 0.3783308 0.8951071 0.02796852 0 0 0 1 0.952789 -0.2712515 -0.1364399 0.197589 0.1911792 0.8850339 -0.4244596 0.0242393 0.2358891 0.3783358 0.8951081 0.02796852 0 0 0 1 0.9527897 -0.2712575 -0.1364229 0.197589 0.1911906 0.8850297 -0.4244629 0.0242393 0.235877 0.378341 0.8951091 0.02796852 0 0 0 1 0.9527904 -0.2712635 -0.1364058 0.1975891 0.191202 0.8850255 -0.4244662 0.0242393 0.2358648 0.3783462 0.8951101 0.02796852 0 0 0 1 0.9527911 -0.2712695 -0.1363889 0.1975891 0.1912134 0.8850215 -0.4244695 0.0242393 0.2358527 0.3783513 0.895111 0.02796852 0 0 0 1 0.952792 -0.2712754 -0.1363723 0.197589 0.1912245 0.8850178 -0.4244728 0.0242393 0.2358409 0.3783563 0.8951122 0.02796852 0 0 0 1 0.9527925 -0.271281 -0.1363563 0.197589 0.1912351 0.8850139 -0.4244759 0.0242393 0.2358294 0.3783612 0.8951131 0.02796852 0 0 0 1 0.9527933 -0.2712864 -0.1363412 0.1975891 0.1912453 0.8850101 -0.424479 0.0242393 0.2358186 0.3783659 0.895114 0.02796852 0 0 0 1 0.9527933 -0.2712864 -0.1363412 0.1975891 0.1912453 0.8850101 -0.424479 0.0242393 0.2358186 0.3783659 0.895114 0.02796852 0 0 0 1 0.952794 -0.2712923 -0.1363245 0.197589 0.1912565 0.8850062 -0.4244822 0.0242393 0.2358067 0.378371 0.8951149 0.02796852 0 0 0 1 0.9527947 -0.2712985 -0.1363069 0.197589 0.1912683 0.8850021 -0.4244856 0.0242393 0.2357941 0.3783763 0.895116 0.02796852 0 0 0 1 0.9527955 -0.271305 -0.1362887 0.197589 0.1912805 0.8849977 -0.4244892 0.02423936 0.2357811 0.3783819 0.8951171 0.02796852 0 0 0 1 0.9527962 -0.2713115 -0.1362699 0.197589 0.191293 0.8849932 -0.4244928 0.0242393 0.2357677 0.3783875 0.8951182 0.02796852 0 0 0 1 0.952797 -0.2713182 -0.1362512 0.1975891 0.1913055 0.8849887 -0.4244966 0.0242393 0.2357543 0.3783933 0.8951193 0.02796852 0 0 0 1 0.9527978 -0.2713248 -0.1362325 0.1975891 0.191318 0.8849843 -0.4245002 0.0242393 0.235741 0.378399 0.8951204 0.02796852 0 0 0 1 0.9527986 -0.2713312 -0.1362142 0.197589 0.1913303 0.8849799 -0.4245037 0.02423936 0.2357279 0.3784046 0.8951215 0.02796852 0 0 0 1 0.9527993 -0.2713375 -0.1361966 0.197589 0.1913421 0.8849757 -0.4245072 0.0242393 0.2357153 0.3784099 0.8951225 0.02796852 0 0 0 1 0.9528001 -0.2713434 -0.1361799 0.197589 0.1913532 0.8849717 -0.4245105 0.02423936 0.2357035 0.3784151 0.8951236 0.02796852 0 0 0 1 0.9528 -0.2713434 -0.1361799 0.197589 0.1913532 0.8849717 -0.4245105 0.0242393 0.2357035 0.3784151 0.8951235 0.02796852 0 0 0 1 0.9528005 -0.2713472 -0.1361691 0.197589 0.1913605 0.8849692 -0.4245126 0.02423936 0.2356957 0.3784183 0.8951242 0.02796852 0 0 0 1 0.9528011 -0.2713514 -0.1361572 0.197589 0.1913685 0.8849663 -0.4245149 0.02423936 0.2356871 0.378422 0.8951249 0.02796852 0 0 0 1 0.9528015 -0.2713558 -0.1361446 0.1975891 0.1913768 0.8849633 -0.4245173 0.02423936 0.2356782 0.3784258 0.8951256 0.02796852 0 0 0 1 0.9528021 -0.2713602 -0.1361321 0.197589 0.1913852 0.8849604 -0.4245198 0.02423936 0.2356693 0.3784296 0.8951263 0.02796852 0 0 0 1 0.9528026 -0.2713645 -0.1361202 0.1975891 0.1913932 0.8849575 -0.4245221 0.02423936 0.2356608 0.3784333 0.8951271 0.02796852 0 0 0 1 0.9528031 -0.2713683 -0.1361094 0.197589 0.1914005 0.8849549 -0.4245243 0.02423936 0.2356531 0.3784366 0.8951277 0.02796852 0 0 0 1 0.952803 -0.2713683 -0.1361094 0.197589 0.1914005 0.8849549 -0.4245243 0.02423936 0.2356531 0.3784366 0.8951277 0.02796852 0 0 0 1 0.952803 -0.2713683 -0.1361094 0.197589 0.1914005 0.8849549 -0.4245243 0.02423936 0.2356531 0.3784366 0.8951277 0.02796852 0 0 0 1 0.9528031 -0.2713683 -0.1361094 0.197589 0.1914005 0.8849549 -0.4245243 0.02423936 0.2356531 0.3784366 0.8951277 0.02796852 0 0 0 1 0.9528031 -0.2713683 -0.1361094 0.197589 0.1914005 0.8849549 -0.4245243 0.02423936 0.2356531 0.3784366 0.8951277 0.02796852 0 0 0 1 0.952803 -0.2713683 -0.1361094 0.197589 0.1914005 0.8849549 -0.4245243 0.02423936 0.2356531 0.3784366 0.8951277 0.02796852 0 0 0 1 0.952803 -0.2713683 -0.1361094 0.197589 0.1914004 0.8849549 -0.4245243 0.02423936 0.2356531 0.3784366 0.8951277 0.02796852 0 0 0 1 0.9528039 -0.271375 -0.1360904 0.197589 0.1914131 0.8849504 -0.424528 0.02423936 0.2356395 0.3784422 0.8951289 0.02796852 0 0 0 1 0.9528047 -0.2713822 -0.1360698 0.197589 0.1914269 0.8849454 -0.4245321 0.02423936 0.2356248 0.3784486 0.89513 0.02796852 0 0 0 1 0.9528056 -0.2713899 -0.1360484 0.197589 0.1914412 0.8849403 -0.4245362 0.02423936 0.2356095 0.3784551 0.8951313 0.02796852 0 0 0 1 0.9528066 -0.2713975 -0.1360266 0.197589 0.1914559 0.884935 -0.4245405 0.02423936 0.2355939 0.3784617 0.8951326 0.02796852 0 0 0 1 0.9528076 -0.2714051 -0.1360051 0.1975889 0.1914702 0.88493 -0.4245446 0.02423936 0.2355785 0.3784683 0.8951339 0.02796852 0 0 0 1 0.9528083 -0.2714123 -0.1359846 0.1975891 0.1914839 0.8849252 -0.4245487 0.02423936 0.2355639 0.3784746 0.8951352 0.02796852 0 0 0 1 0.9528091 -0.2714191 -0.1359656 0.1975891 0.1914966 0.8849206 -0.4245525 0.02423936 0.2355504 0.3784804 0.8951362 0.02796852 0 0 0 1 0.9528091 -0.2714191 -0.1359656 0.197589 0.1914966 0.8849206 -0.4245525 0.02423936 0.2355504 0.3784804 0.8951362 0.02796852 0 0 0 1 0.9528103 -0.271429 -0.1359373 0.197589 0.1915156 0.8849139 -0.4245579 0.02423936 0.2355301 0.378489 0.895138 0.02796852 0 0 0 1 0.9528115 -0.2714397 -0.1359071 0.197589 0.1915358 0.8849067 -0.4245638 0.02423936 0.2355085 0.3784981 0.8951398 0.02796852 0 0 0 1 0.9528129 -0.2714507 -0.1358757 0.197589 0.1915568 0.8848993 -0.4245699 0.02423936 0.235486 0.3785076 0.8951416 0.02796852 0 0 0 1 0.9528142 -0.271462 -0.1358435 0.197589 0.1915783 0.8848915 -0.4245761 0.02423936 0.235463 0.3785173 0.8951435 0.02796852 0 0 0 1 0.9528157 -0.2714734 -0.1358114 0.1975891 0.1915997 0.884884 -0.4245823 0.02423936 0.2354401 0.3785271 0.8951455 0.02796852 0 0 0 1 0.952817 -0.2714844 -0.1357799 0.197589 0.1916208 0.8848764 -0.4245883 0.02423936 0.2354176 0.3785366 0.8951473 0.02796852 0 0 0 1 0.9528183 -0.2714951 -0.1357498 0.197589 0.191641 0.8848692 -0.4245942 0.02423936 0.235396 0.3785458 0.8951491 0.02796852 0 0 0 1 0.9528194 -0.271505 -0.1357215 0.1975891 0.1916599 0.8848626 -0.4245997 0.02423936 0.2353758 0.3785544 0.8951508 0.02796852 0 0 0 1 0.9528194 -0.2715051 -0.1357215 0.197589 0.1916599 0.8848626 -0.4245997 0.02423936 0.2353758 0.3785544 0.8951508 0.02796852 0 0 0 1 0.9528238 -0.2715426 -0.1356151 0.1975891 0.1917311 0.8848371 -0.4246207 0.02423936 0.2352998 0.3785869 0.895157 0.02796852 0 0 0 1 0.9528288 -0.2715833 -0.1354997 0.1975891 0.1918083 0.8848097 -0.4246429 0.02423936 0.2352173 0.3786219 0.895164 0.02796852 0 0 0 1 0.9528338 -0.2716259 -0.1353783 0.197589 0.1918895 0.8847808 -0.4246662 0.02423936 0.2351304 0.3786587 0.8951712 0.02796852 0 0 0 1 0.9528391 -0.2716696 -0.1352538 0.197589 0.1919727 0.8847514 -0.4246901 0.02423936 0.2350414 0.3786961 0.8951787 0.02796852 0 0 0 1 0.9528442 -0.2717134 -0.1351293 0.1975891 0.192056 0.8847218 -0.4247142 0.02423936 0.2349523 0.3787338 0.8951862 0.02796852 0 0 0 1 0.9528492 -0.2717562 -0.1350079 0.197589 0.1921372 0.8846929 -0.4247377 0.02423936 0.2348656 0.3787708 0.8951933 0.02796852 0 0 0 1 0.9528539 -0.2717971 -0.1348924 0.1975891 0.1922145 0.8846651 -0.4247605 0.02423936 0.2347832 0.3788063 0.8951999 0.02796852 0 0 0 1 0.9528582 -0.2718349 -0.1347859 0.1975891 0.1922858 0.8846391 -0.424782 0.02423936 0.2347074 0.3788394 0.8952056 0.02796852 0 0 0 1 0.9528618 -0.2718689 -0.1346914 0.197589 0.1923493 0.8846159 -0.4248019 0.02423936 0.2346405 0.3788696 0.8952105 0.02796846 0 0 0 1 0.9528648 -0.2718979 -0.1346119 0.1975892 0.1924029 0.8845958 -0.4248196 0.02423936 0.2345847 0.3788958 0.895214 0.02796852 0 0 0 1</float_array>
        <technique_common>
          <accessor source="#node-Bip01_Spine_matrix-output-array" count="101" stride="16">
            <param name="TRANSFORM" type="float4x4"/>
          </accessor>
        </technique_common>
      </source>
      <source id="node-Bip01_Spine_matrix-interpolation">
        <Name_array id="node-Bip01_Spine_matrix-interpolation-array" count="101">LINEAR LINEAR LINEAR LINEAR LINEAR LINEAR LINEAR LINEAR LINEAR LINEAR LINEAR LINEAR LINEAR LINEAR LINEAR LINEAR LINEAR LINEAR LINEAR LINEAR LINEAR LINEAR LINEAR LINEAR LINEAR LINEAR LINEAR LINEAR LINEAR LINEAR LINEAR LINEAR LINEAR LINEAR LINEAR LINEAR LINEAR LINEAR LINEAR LINEAR LINEAR LINEAR LINEAR LINEAR LINEAR LINEAR LINEAR LINEAR LINEAR LINEAR LINEAR LINEAR LINEAR LINEAR LINEAR LINEAR LINEAR LINEAR LINEAR LINEAR LINEAR LINEAR LINEAR LINEAR LINEAR LINEAR LINEAR LINEAR LINEAR LINEAR LINEAR LINEAR LINEAR LINEAR LINEAR LINEAR LINEAR LINEAR LINEAR LINEAR LINEAR LINEAR LINEAR LINEAR LINEAR LINEAR LINEAR LINEAR LINEAR LINEAR LINEAR LINEAR LINEAR LINEAR LINEAR LINEAR LINEAR LINEAR LINEAR LINEAR LINEAR</Name_array>
        <technique_common>
          <accessor source="#node-Bip01_Spine_matrix-interpolation-array" count="101" stride="1">
            <param name="INTERPOLATION" type="name"/>
          </accessor>
        </technique_common>
      </source>
      <source id="node-Bip01_Spine1_matrix-input">
