<?xml version="1.0" encoding="utf-8"?>
<COLLADA xmlns="http://www.collada.org/2005/11/COLLADASchema" version="1.4.1">
  <asset>
    <contributor>
      <author>MattO</author>
      <authoring_tool>OpenCOLLADA for 3ds Max;  Version: 1.3.0;  Revision: 839M;  Platform: x64;  Configuration: Release_Max2012</authoring_tool>
      <source_data>file:///C:/Dropbox/Prj/GGStout/Kralmok/Soldier_TP_Kralmok_Animation_Master.max</source_data>
    </contributor>
    <created>2011-11-07T11:16:46</created>
    <modified>2011-11-07T11:16:46</modified>
    <unit name="meter" meter="1"/>
    <up_axis>Z_UP</up_axis>
  </asset>
  <library_effects>
    <effect id="ShapeBounds">
      <profile_COMMON>
        <technique sid="common">
          <blinn>
            <emission>
              <color>0 0 0 1</color>
            </emission>
            <ambient>
              <color>0.1647059 1 0 1</color>
            </ambient>
            <diffuse>
              <color>0.1647059 1 0 1</color>
            </diffuse>
            <specular>
              <color>0.9 0.9 0.9 1</color>
            </specular>
            <shininess>
              <float>10</float>
            </shininess>
            <reflective>
              <color>0 0 0 1</color>
            </reflective>
            <transparent opaque="A_ONE">
              <color>1 1 1 1</color>
            </transparent>
            <transparency>
              <float>1</float>
            </transparency>
          </blinn>
        </technique>
      </profile_COMMON>
      <extra>
        <technique profile="OpenCOLLADA3dsMax">
          <extended_shader>
            <apply_reflection_dimming>0</apply_reflection_dimming>
            <dim_level>0</dim_level>
            <falloff_type>0</falloff_type>
            <index_of_refraction>1.5</index_of_refraction>
            <opacity_type>0</opacity_type>
            <reflection_level>3</reflection_level>
            <wire_size>1</wire_size>
            <wire_units>0</wire_units>
          </extended_shader>
          <shader>
            <ambient_diffuse_lock>1</ambient_diffuse_lock>
            <ambient_diffuse_texture_lock>1</ambient_diffuse_texture_lock>
            <diffuse_specular_lock>0</diffuse_specular_lock>
            <soften>0.1</soften>
            <use_self_illum_color>0</use_self_illum_color>
          </shader>
        </technique>
      </extra>
    </effect>
  </library_effects>
  <library_materials>
    <material id="ShapeBounds-material" name="ShapeBounds">
      <instance_effect url="#ShapeBounds"/>
    </material>
  </library_materials>
  <library_geometries>
    <geometry id="geom-Bounds" name="Bounds">
      <mesh>
        <source id="geom-Bounds-positions">
          <float_array id="geom-Bounds-positions-array" count="24">-0.425 -0.425 0 0.425 -0.425 0 -0.425 0.425 0 0.425 0.425 0 -0.425 -0.425 1.84 0.425 -0.425 1.84 -0.425 0.425 1.84 0.425 0.425 1.84</float_array>
          <technique_common>
            <accessor source="#geom-Bounds-positions-array" count="8" stride="3">
              <param name="X" type="float"/>
              <param name="Y" type="float"/>
              <param name="Z" type="float"/>
            </accessor>
          </technique_common>
        </source>
        <source id="geom-Bounds-normals">
          <float_array id="geom-Bounds-normals-array" count="72">0 0 -1 0 0 -1 0 0 -1 0 0 -1 0 0 1 0 0 1 0 0 1 0 0 1 0 -1 0 0 -1 0 0 -1 0 0 -1 0 1 0 0 1 0 0 1 0 0 1 0 0 0 1 0 0 1 0 0 1 0 0 1 0 -1 0 0 -1 0 0 -1 0 0 -1 0 0</float_array>
          <technique_common>
            <accessor source="#geom-Bounds-normals-array" count="24" stride="3">
              <param name="X" type="float"/>
              <param name="Y" type="float"/>
              <param name="Z" type="float"/>
            </accessor>
          </technique_common>
        </source>
        <source id="geom-Bounds-map1">
          <float_array id="geom-Bounds-map1-array" count="36">0 0 0 1 0 0 0 1 0 1 1 0 0 0 0 1 0 0 0 1 0 1 1 0 0 0 0 1 0 0 0 1 0 1 1 0</float_array>
          <technique_common>
            <accessor source="#geom-Bounds-map1-array" count="12" stride="3">
              <param name="S" type="float"/>
              <param name="T" type="float"/>
              <param name="P" type="float"/>
            </accessor>
          </technique_common>
        </source>
        <vertices id="geom-Bounds-vertices">
          <input semantic="POSITION" source="#geom-Bounds-positions"/>
        </vertices>
        <triangles material="ShapeBounds" count="12">
          <input semantic="VERTEX" source="#geom-Bounds-vertices" offset="0"/>
          <input semantic="NORMAL" source="#geom-Bounds-normals" offset="1"/>
          <input semantic="TEXCOORD" source="#geom-Bounds-map1" offset="2" set="0"/>
          <p>0 0 9 2 1 11 3 2 10 3 2 10 1 3 8 0 0 9 4 4 8 5 5 9 7 6 11 7 6 11 6 7 10 4 4 8 0 8 4 1 9 5 5 10 7 5 10 7 4 11 6 0 8 4 1 12 0 3 13 1 7 14 3 7 14 3 5 15 2 1 12 0 3 16 4 2 17 5 6 18 7 6 18 7 7 19 6 3 16 4 2 20 0 0 21 1 4 22 3 4 22 3 6 23 2 2 20 0</p>
        </triangles>
      </mesh>
      <extra>
        <technique profile="OpenCOLLADA3dsMax">
          <max_box>
            <generateuvs>1</generateuvs>
            <height>1.84</height>
            <heightsegments>1</heightsegments>
            <length>0.85</length>
            <lengthsegments>1</lengthsegments>
            <width>0.85</width>
            <widthsegments>1</widthsegments>
          </max_box>
        </technique>
      </extra>
    </geometry>
  </library_geometries>
  <library_lights>
    <light id="EnvironmentAmbientLight" name="EnvironmentAmbientLight">
      <technique_common>
        <ambient>
          <color>0 0 0</color>
        </ambient>
      </technique_common>
    </light>
  </library_lights>
  <library_visual_scenes>
    <visual_scene id="MaxScene">
      <node name="EnvironmentAmbientLight">
        <instance_light url="#EnvironmentAmbientLight"/>
      </node>
      <node id="node-Bip01" name="Bip01">
        <matrix sid="matrix">0.7289143 -0.6739804 -0.1201431 0.003133237 0.2546437 0.4298182 -0.8662637 0.006081312 0.6354845 0.6008383 0.4849255 0.8005587 0 0 0 1</matrix>
        <node id="node-Bip01_Pelvis" name="Bip01_Pelvis">
          <matrix sid="matrix">-0.009626746 0.9981475 0.06007257 0 -0.1217414 -0.06079838 0.990698 0 0.9925153 0.002223879 0.1221012 0 0 0 0 1</matrix>
          <node id="node-Bip01_Spine" name="Bip01_Spine">
            <matrix sid="matrix">0.7471296 -0.2868872 -0.5995777 0.1975227 0.3148938 0.9471764 -0.06082009 0.02693251 0.5853544 -0.1433628 0.7980024 0.02593881 0 0 0 1</matrix>
            <node id="node-Bip01_Spine1" name="Bip01_Spine1">
              <matrix sid="matrix">0.9636471 -0.01650292 -0.2666679 0.1022314 0.00181669 0.9984722 -0.05522641 -1.00911e-4 0.2671719 0.05273432 0.962205 -5.34952e-6 0 0 0 1</matrix>
              <node id="node-Bip01_Spine2" name="Bip01_Spine2">
                <matrix>0.9514735 -0.2883001 0.107616 0.1269155 0.2840357 0.9573267 0.05338249 -1.63957e-4 -0.1184137 -0.02022527 0.9927586 3.48687e-6 0 0 0 1</matrix>
                <node id="node-Bip01_Neck" name="Bip01_Neck">
                  <matrix sid="matrix">0.8875928 -0.4495169 0.1005655 0.215108 0.4511094 0.8924364 0.007594745 -4.91515e-5 -0.09316238 0.03862495 0.9949014 -2.11596e-6 0 0 0 1</matrix>
                  <node id="node-Bip01_Head" name="Bip01_Head">
                    <matrix sid="matrix">0.932667 0.03427866 -0.3591066 0.07051826 -0.3112422 0.5797392 -0.7530144 -0.01395917 0.1823758 0.8140808 0.5513725 -1.49012e-8 0 0 0 1</matrix>
                    <node id="node-AltEye" name="AltEye">
                      <matrix sid="matrix">0.08906012 0.001144801 0.996026 0.06454694 0.05466182 0.998487 -0.006035051 0.2214611 -0.9945253 0.05498169 0.08886275 0.04716255 0 0 0 1</matrix>
                    </node>
                  </node>
                  <node id="node-Bip01_L_Clavicle" name="Bip01_L_Clavicle">
                    <matrix sid="matrix">-0.2480382 -0.4553974 0.8550382 -0.03100622 0.4909798 -0.8199601 -0.2942863 -0.01101124 0.8351144 0.3468122 0.4269724 0.06622368 0 0 0 1</matrix>
                    <node id="node-Bip01_L_UpperArm" name="Bip01_L_UpperArm">
                      <matrix sid="matrix">0.834482 -0.4183528 0.3586375 0.1824006 0.2473687 0.8659868 0.4345983 -2.23517e-8 -0.4923908 -0.2739487 0.8261377 1.19209e-7 0 0 0 1</matrix>
                      <node id="node-Bip01_L_Forearm" name="Bip01_L_Forearm">
                        <matrix sid="matrix">-0.3231432 0.9463501 -5.96046e-8 0.2843689 -0.9463501 -0.3231432 -2.98023e-8 -7.45058e-9 -5.96046e-8 5.96046e-8 1 0 0 0 0 1</matrix>
                        <node id="node-Bip01_L_Hand" name="Bip01_L_Hand">
                          <matrix sid="matrix">0.5003625 0.05206156 -0.8642493 0.2810681 0.4934979 0.803023 0.334087 2.98023e-8 0.7114052 -0.5936698 0.3761103 0 0 0 0 1</matrix>
                          <node id="node-Bip01_L_Finger0" name="Bip01_L_Finger0">
                            <matrix>0.6591591 0.3903028 0.6427851 0.02119684 0.6535138 0.125593 -0.7464221 -0.004734337 -0.37206 0.9120799 -0.1722827 -0.02572194 0 0 0 1</matrix>
                            <node id="node-Bip01_L_Finger01" name="Bip01_L_Finger01">
                              <matrix>0.8583042 -0.5131411 0 0.0498286 0.5131411 0.8583043 0 2.98023e-8 -1.49012e-8 0 1 -1.19209e-7 0 0 0 1</matrix>
                              <node id="node-Bip01_L_Finger02" name="Bip01_L_Finger02">
                                <matrix>0.6525694 -0.7577291 -1.49012e-8 0.05202234 0.7577291 0.6525693 -3.72529e-9 7.45058e-9 0 0 1 1.19209e-7 0 0 0 1</matrix>
                              </node>
                            </node>
                          </node>
                          <node id="node-Bip01_L_Finger1" name="Bip01_L_Finger1">
                            <matrix>0.8743498 -0.4850003 -0.01693495 0.1199946 0.4823663 0.872371 -0.07931913 -0.008367479 0.05324336 0.06118378 0.9967054 -0.04101387 0 0 0 1</matrix>
                            <node id="node-Bip01_L_Finger11" name="Bip01_L_Finger11">
                              <matrix>0.2787539 -0.9603626 -9.31323e-10 0.03644177 0.9603627 0.2787539 0 0 5.96046e-8 3.72529e-9 1 0 0 0 0 1</matrix>
                              <node id="node-Bip01_L_Finger12" name="Bip01_L_Finger12">
                                <matrix>0.8119803 -0.5836849 1.49012e-8 0.03117561 0.583685 0.8119802 3.72529e-9 0 -1.49012e-8 7.45058e-9 1 -2.98023e-8 0 0 0 1</matrix>
                              </node>
                            </node>
                          </node>
                          <node id="node-Bip01_L_Finger2" name="Bip01_L_Finger2">
                            <matrix>0.6472729 -0.7352319 -0.2011753 0.1229539 0.7556679 0.6535556 0.04279056 -0.008801997 0.1000182 -0.1797189 0.9786202 -0.01328245 0 0 0 1</matrix>
                            <node id="node-Bip01_L_Finger21" name="Bip01_L_Finger21">
                              <matrix>0.6013956 -0.7989513 0 0.03895509 0.7989512 0.6013957 -2.98023e-8 0 -5.96046e-8 -7.45058e-9 0.9999999 0 0 0 0 1</matrix>
                              <node id="node-Bip01_L_Finger22" name="Bip01_L_Finger22">
                                <matrix>0.8644753 -0.5026752 -2.98023e-8 0.03800559 0.5026751 0.8644753 7.45058e-9 5.96046e-8 0 -4.47035e-8 0.9999999 5.96046e-8 0 0 0 1</matrix>
                              </node>
                            </node>
                          </node>
                          <node id="node-Bip01_L_Finger3" name="Bip01_L_Finger3">
                            <matrix>0.3854296 -0.8817464 -0.271969 0.1211882 0.9217516 0.3815325 0.06932974 -0.001191199 0.04263382 -0.2774096 0.9598052 0.01196864 0 0 0 1</matrix>
                            <node id="node-Bip01_L_Finger31" name="Bip01_L_Finger31">
                              <matrix>0.9381478 -0.3462352 0 0.03155851 0.3462352 0.9381478 2.98023e-8 0 2.98023e-8 -4.47035e-8 1 -5.96046e-8 0 0 0 1</matrix>
                              <node id="node-Bip01_L_Finger32" name="Bip01_L_Finger32">
                                <matrix>0.6529357 -0.7574131 0 0.03366601 0.7574132 0.6529357 -1.49012e-8 0 -5.96046e-8 4.47035e-8 1 0 0 0 0 1</matrix>
                              </node>
                            </node>
                          </node>
                          <node id="node-Bip01_L_Finger4" name="Bip01_L_Finger4">
                            <matrix>0.7005675 -0.7005579 -0.1357337 0.1136798 0.7135147 0.6850149 0.1471445 0.005147517 -0.01010367 -0.1999327 0.9797575 0.03886575 0 0 0 1</matrix>
                            <node id="node-Bip01_L_Finger41" name="Bip01_L_Finger41">
                              <matrix>0.7966626 -0.6044244 0 0.03661618 0.6044244 0.7966627 2.98023e-8 0 0 2.98023e-8 1 -2.98023e-8 0 0 0 1</matrix>
                              <node id="node-Bip01_L_Finger42" name="Bip01_L_Finger42">
                                <matrix>0.8880923 -0.4596653 -2.98023e-8 0.0177263 0.4596653 0.8880923 -1.49012e-8 0 2.98023e-8 1.49012e-8 1 2.98023e-8 0 0 0 1</matrix>
                              </node>
                            </node>
                          </node>
                        </node>
                      </node>
                    </node>
                  </node>
                  <node id="node-Bip01_R_Clavicle" name="Bip01_R_Clavicle">
                    <matrix sid="matrix">0.005314112 -0.3342975 -0.9424527 -0.01827145 0.5633299 -0.7776897 0.2790309 -0.01629066 -0.8262151 -0.5323946 0.184187 -0.06977397 0 0 0 1</matrix>
                    <node id="node-Bip01_R_UpperArm" name="Bip01_R_UpperArm">
                      <matrix sid="matrix">0.8113517 0.5755358 -0.1023081 0.1824006 -0.5385974 0.8040458 0.2518398 2.98023e-8 0.2272034 -0.1492278 0.9623461 -2.38419e-7 0 0 0 1</matrix>
                      <node id="node-Bip01_R_Forearm" name="Bip01_R_Forearm">
                        <matrix sid="matrix">-0.2568893 0.9664408 2.98023e-8 0.2843689 -0.9664407 -0.2568893 0 -1.49012e-8 0 0 1 0 0 0 0 1</matrix>
                        <node id="node-Bip01_R_Hand" name="Bip01_R_Hand">
                          <matrix sid="matrix">0.9074076 0.2940253 0.3002678 0.2810681 0.4045876 -0.8044499 -0.4349361 5.96046e-8 0.1136681 0.5161489 -0.8489229 0 0 0 0 1</matrix>
                          <node id="node-Bip01_R_Finger0" name="Bip01_R_Finger0">
                            <matrix>0.5215105 0.269013 -0.8097275 0.02119678 0.7250717 0.3605265 0.5867639 -0.004734248 0.4497753 -0.893114 -0.007035501 0.02572179 0 0 0 1</matrix>
                            <node id="node-Bip01_R_Finger01" name="Bip01_R_Finger01">
                              <matrix sid="matrix">0.6423534 -0.7636238 0.06527569 0.04982859 0.7605616 0.645637 0.06854744 -1.19209e-7 -0.09448885 0.005614512 0.9955101 -2.98023e-8 0 0 0 1</matrix>
                              <node id="node-Bip01_R_Finger02" name="Bip01_R_Finger02">
                                <matrix>0.9505159 -0.3106765 4.09782e-8 0.05202234 0.3106765 0.9505157 0 0 -8.56817e-8 1.86265e-8 1 0 0 0 0 1</matrix>
                              </node>
                            </node>
                          </node>
                          <node id="node-Bip01_R_Finger1" name="Bip01_R_Finger1">
                            <matrix>0.9820225 -0.1733427 -0.0747267 0.1199946 0.1795577 0.9799358 0.08651491 -0.008367509 0.05823065 -0.09837732 0.9934441 0.04101384 0 0 0 1</matrix>
                            <node id="node-Bip01_R_Finger11" name="Bip01_R_Finger11">
                              <matrix>0.8240548 -0.5665104 0 0.03644173 0.5665103 0.8240548 0 0 -1.11759e-8 0 1 -2.38419e-7 0 0 0 1</matrix>
                              <node id="node-Bip01_R_Finger12" name="Bip01_R_Finger12">
                                <matrix>0.8146398 -0.5796778 0.01831833 0.03117548 0.5799671 0.8142333 -0.02573051 -2.98023e-8 -1.49012e-8 0.0315851 0.9995011 2.38419e-7 0 0 0 1</matrix>
                              </node>
                            </node>
                          </node>
                          <node id="node-Bip01_R_Finger2" name="Bip01_R_Finger2">
                            <matrix>0.6754014 -0.7374504 -1.52124e-4 0.1229538 0.7368314 0.6748428 -0.04082685 -0.008802027 0.03021044 0.02746242 0.9991663 0.01328242 0 0 0 1</matrix>
                            <node id="node-Bip01_R_Finger21" name="Bip01_R_Finger21">
                              <matrix>0.5508358 -0.8338858 -0.03484871 0.03895517 0.8322219 0.551937 -0.05265062 -1.49012e-8 0.06313889 -1.11759e-8 0.9980047 -1.19209e-7 0 0 0 1</matrix>
                              <node id="node-Bip01_R_Finger22" name="Bip01_R_Finger22">
                                <matrix>0.1984733 -0.9799249 0.01886614 0.03800543 0.9755275 0.1993679 0.09272985 -9.31323e-9 -0.09462959 5.21541e-8 0.9955126 0 0 0 0 1</matrix>
                              </node>
                            </node>
                          </node>
                          <node id="node-Bip01_R_Finger3" name="Bip01_R_Finger3">
                            <matrix>0.7159052 -0.6949216 0.06755477 0.1211881 0.6883787 0.6863562 -0.2346271 -0.001191258 0.1166808 0.214474 0.9697353 -0.01196861 0 0 0 1</matrix>
                            <node id="node-Bip01_R_Finger31" name="Bip01_R_Finger31">
                              <matrix>0.4441953 -0.8949347 0.04222359 0.03155843 0.8909184 0.4461976 0.08468761 -4.47035e-8 -0.09462987 -6.33299e-8 0.9955125 -1.19209e-7 0 0 0 1</matrix>
                              <node id="node-Bip01_R_Finger32" name="Bip01_R_Finger32">
                                <matrix>0.1993681 -0.9794358 -0.03095102 0.03366597 0.9799246 0.1992685 0.006297073 -1.86265e-9 -9.31323e-9 -0.0315851 0.999501 0 0 0 0 1</matrix>
                              </node>
                            </node>
                          </node>
                          <node id="node-Bip01_R_Finger4" name="Bip01_R_Finger4">
                            <matrix>0.5925791 -0.789795 -0.1583476 0.1136797 0.7783522 0.6120424 -0.1399001 0.005147427 0.2074078 -0.04034831 0.9774221 -0.0388658 0 0 0 1</matrix>
                            <node id="node-Bip01_R_Finger41" name="Bip01_R_Finger41">
                              <matrix>0.4202556 -0.9064696 0.04120626 0.03661622 0.906853 0.421151 0.01578782 1.49012e-8 -0.03166523 0.03073306 0.999026 -1.19209e-7 0 0 0 1</matrix>
                              <node id="node-Bip01_R_Finger42" name="Bip01_R_Finger42">
                                <matrix>0.4024472 -0.9138246 -0.05441488 0.0177263 0.9154232 0.4021218 0.01728319 1.49012e-8 0.006087631 -0.05676818 0.9983687 0 0 0 0 1</matrix>
                              </node>
                            </node>
                          </node>
                          <node id="node-mount0" name="mount0">
                            <matrix>-6.27886e-7 1 3.72529e-9 0.109539 -1 -6.47793e-7 4.76837e-7 0.0251826 4.76837e-7 -1.86265e-9 1 0.0132165 0 0 0 1</matrix>
                          </node>
                        </node>
                      </node>
                    </node>
                  </node>
                </node>
                <node id="node-Bip01_L_Pauldron_Upper" name="Bip01_L_Pauldron_Upper">
                  <matrix>0.9726583 0.1183441 0.1998269 0.176903 0.1843816 -0.9166573 -0.3546033 -0.03908366 0.1412075 0.3817522 -0.9134145 0.2290199 0 0 0 1</matrix>
                </node>
                <node id="node-Bip01_R_Pauldron_Lower" name="Bip01_R_Pauldron_Lower">
                  <matrix>-0.1156725 -0.940376 -0.3198653 0.1729059 0.909775 -0.2295502 0.3458563 -0.1133294 -0.3986599 -0.2509994 0.8820826 -0.2351094 0 0 0 1</matrix>
                </node>
                <node id="node-Bip01_L_Pauldron_Lower" name="Bip01_L_Pauldron_Lower">
                  <matrix>-0.414535 -0.3869152 0.8236855 0.1956228 0.213444 -0.9212055 -0.3253041 -0.05026325 0.8846485 0.04096074 0.4644562 0.2363185 0 0 0 1</matrix>
                </node>
              </node>
            </node>
            <node id="node-Bip01_L_Thigh" name="Bip01_L_Thigh">
              <matrix sid="matrix">-0.2885334 0.9479524 -0.1346652 -0.09661472 0.5762121 0.284242 0.7662807 0.01659897 0.7646751 0.1435019 -0.628235 0.2011036 0 0 0 1</matrix>
              <node id="node-Bip01_L_Calf" name="Bip01_L_Calf">
                <matrix sid="matrix">0.5171975 0.8558664 -1.39698e-9 0.4629987 -0.8558661 0.5171974 0 5.96046e-8 5.96046e-8 -1.11759e-8 1 2.23517e-8 0 0 0 1</matrix>
                <node id="node-Bip01_L_Foot" name="Bip01_L_Foot">
                  <matrix sid="matrix">0.8082492 0.5840479 -0.0749789 0.3610501 -0.5720924 0.8090211 0.1348896 1.19209e-7 0.1394414 -0.06612957 0.9880198 -2.23517e-8 0 0 0 1</matrix>
                  <node id="node-Bip01_L_Toe0" name="Bip01_L_Toe0">
                    <matrix sid="matrix">4.84288e-7 -1 1.38581e-6 0.1486307 1 4.76837e-7 3.44589e-8 0.1543275 -2.23517e-8 1.40071e-6 1 -1.11759e-8 0 0 0 1</matrix>
                  </node>
                </node>
              </node>
            </node>
            <node id="node-Bip01_R_Thigh" name="Bip01_R_Thigh">
              <matrix sid="matrix">-0.7689008 0.5827249 -0.2631027 -0.2458639 0.5022296 0.8051304 0.3154845 0.05315214 0.3956727 0.1104384 -0.9117272 -0.002365544 0 0 0 1</matrix>
              <node id="node-Bip01_R_Calf" name="Bip01_R_Calf">
                <matrix sid="matrix">0.7776473 0.6287009 -1.49012e-8 0.4629987 -0.6287007 0.7776475 0 0 0 1.49012e-8 1 1.49012e-8 0 0 0 1</matrix>
                <node id="node-Bip01_R_Foot" name="Bip01_R_Foot">
                  <matrix sid="matrix">0.7363167 0.674201 0.05736402 0.36105 -0.6758883 0.7368408 0.01549894 0 -0.03181872 -0.0501838 0.998233 2.98023e-8 0 0 0 1</matrix>
                  <node id="node-Bip01_R_Toe0" name="Bip01_R_Toe0">
                    <matrix sid="matrix">-0.1805803 -0.9786913 0.0977453 0.1486307 0.9833316 -0.1817875 -0.003513977 0.1543275 0.02120798 0.09548151 0.9952054 1.49012e-8 0 0 0 1</matrix>
                  </node>
                </node>
              </node>
            </node>
          </node>
          <node id="node-Bip01_FannyPack" name="Bip01_FannyPack">
            <matrix>-0.9629919 -0.2062317 0.1735378 0.2299507 -0.2083318 0.9780385 0.006226957 -0.1378936 -0.1710109 -0.03015691 -0.9848076 0.0101397 0 0 0 1</matrix>
          </node>
        </node>
        <node id="node-Eye" name="Eye">
          <matrix sid="matrix">0.7289144 0.2546436 0.6354843 0.514497 -0.6739805 0.4298181 0.6008383 0.5040947 -0.1201431 -0.8662637 0.4849255 0.2884598 0 0 0 1</matrix>
          <node id="node-cam" name="cam">
            <matrix>1 -6.03104e-8 3.55271e-15 4.84288e-8 6.03104e-8 1 -2.32831e-9 -0.104 -3.55271e-15 2.32832e-9 1 0.3005601 0 0 0 1</matrix>
          </node>
        </node>
      </node>
      <node id="node-Bounds" name="Bounds">
        <matrix>0.9999915 0.001706907 0.003750479 0 -0.001711356 0.9999978 0.001183292 0.1035326 -0.003748452 -0.0011897 0.9999923 -8.93474e-5 0 0 0 1</matrix>
        <instance_geometry url="#geom-Bounds">
          <bind_material>
            <technique_common>
              <instance_material symbol="ShapeBounds" target="#ShapeBounds-material"/>
            </technique_common>
          </bind_material>
        </instance_geometry>
      </node>
    </visual_scene>
  </library_visual_scenes>
  <library_animations>
    <animation>
      <source id="node-Bip01_matrix-input">
        <float_array id="node-Bip01_matrix-input-array" count="60">48.33333 48.36666 48.4 48.43333 48.46667 48.5 48.53333 48.56667 48.6 48.63334 48.66667 48.7 48.73333 48.76667 48.8 48.83333 48.86666 48.9 48.93333 48.96667 49 49.03333 49.06667 49.1 49.13334 49.16667 49.2 49.23333 49.26667 49.3 49.33333 49.36666 49.4 49.43333 49.46667 49.5 49.53333 49.56667 49.6 49.63334 49.66667 49.7 49.73333 49.76667 49.8 49.83333 49.86666 49.9 49.93333 49.96667 50 50.03333 50.06667 50.1 50.13334 50.16667 50.2 50.23333 50.26667 50.3</float_array>
        <technique_common>
          <accessor source="#node-Bip01_matrix-input-array" count="60" stride="1">
            <param name="TIME" type="float"/>
          </accessor>
        </technique_common>
      </source>
      <source id="node-Bip01_matrix-output">
        <float_array id="node-Bip01_matrix-output-array" count="960">0.7289143 -0.6739804 -0.1201431 0.003133237 0.2546437 0.4298182 -0.8662638 0.006081283 0.6354845 0.6008383 0.4849255 0.8005588 0 0 0 1 0.7289143 -0.6739805 -0.120143 0.003135502 0.2546438 0.4298182 -0.8662638 0.006080806 0.6354845 0.6008383 0.4849255 0.8034774 0 0 0 1 0.7289143 -0.6739804 -0.120143 0.003135263 0.2546437 0.4298182 -0.8662638 0.006079971 0.6354845 0.6008384 0.4849255 0.8066569 0 0 0 1 0.7289143 -0.6739805 -0.120143 0.003132522 0.2546438 0.4298182 -0.8662637 0.006078779 0.6354845 0.6008383 0.4849256 0.8100729 0 0 0 1 0.7289143 -0.6739804 -0.1201431 0.003127336 0.2546437 0.4298182 -0.8662638 0.006077468 0.6354845 0.6008383 0.4849255 0.8137018 0 0 0 1 0.7289143 -0.6739805 -0.1201431 0.003119766 0.2546437 0.4298182 -0.8662638 0.006076157 0.6354846 0.6008383 0.4849255 0.8175192 0 0 0 1 0.7289143 -0.6739804 -0.1201431 0.003109812 0.2546437 0.4298182 -0.8662638 0.006074845 0.6354845 0.6008383 0.4849255 0.8215011 0 0 0 1 0.7289143 -0.6739805 -0.1201431 0.003097534 0.2546438 0.4298182 -0.8662637 0.006073772 0.6354846 0.6008383 0.4849256 0.8256236 0 0 0 1 0.7289143 -0.6739804 -0.1201431 0.003082931 0.2546437 0.4298182 -0.8662638 0.006072938 0.6354845 0.6008383 0.4849255 0.8298648 0 0 0 1 0.7289143 -0.6739805 -0.1201431 0.003066122 0.2546438 0.4298182 -0.8662638 0.00607258 0.6354846 0.6008383 0.4849255 0.8341963 0 0 0 1 0.7289143 -0.6739804 -0.1201431 0.003047049 0.2546437 0.4298182 -0.8662637 0.006072759 0.6354845 0.6008383 0.4849256 0.8385965 0 0 0 1 0.7289143 -0.6739805 -0.120143 0.003025889 0.2546437 0.4298182 -0.8662638 0.006073534 0.6354845 0.6008383 0.4849255 0.8430408 0 0 0 1 0.7289143 -0.6739805 -0.120143 0.003002524 0.2546438 0.4298182 -0.8662638 0.006075143 0.6354845 0.6008383 0.4849255 0.8475055 0 0 0 1 0.7289143 -0.6739805 -0.120143 0.002977132 0.2546438 0.4298182 -0.8662638 0.006077647 0.6354846 0.6008383 0.4849255 0.8519666 0 0 0 1 0.7289142 -0.6739805 -0.120143 0.002949595 0.2546439 0.4298182 -0.8662638 0.006081104 0.6354846 0.6008382 0.4849256 0.8564 0 0 0 1 0.7289143 -0.6739805 -0.1201431 0.00292015 0.2546438 0.4298182 -0.8662638 0.006085753 0.6354846 0.6008383 0.4849255 0.8607815 0 0 0 1 0.7289143 -0.6739805 -0.1201431 0.002888679 0.2546438 0.4298182 -0.8662637 0.006091594 0.6354846 0.6008383 0.4849256 0.8650873 0 0 0 1 0.7289142 -0.6739805 -0.120143 0.002855241 0.2546439 0.4298182 -0.8662638 0.006098806 0.6354846 0.6008382 0.4849256 0.8692932 0 0 0 1 0.7289143 -0.6739805 -0.1201431 0.002819955 0.2546438 0.4298182 -0.8662638 0.006107509 0.6354846 0.6008383 0.4849255 0.8733753 0 0 0 1 0.7289142 -0.6739805 -0.1201431 0.002782821 0.2546439 0.4298182 -0.8662638 0.006117761 0.6354846 0.6008383 0.4849255 0.8773093 0 0 0 1 0.7289142 -0.6739805 -0.1201431 0.002743899 0.2546439 0.4298182 -0.8662636 0.006129741 0.6354846 0.6008382 0.4849256 0.8810716 0 0 0 1 0.7289142 -0.6739806 -0.120143 0.00270313 0.2546438 0.4298181 -0.8662639 0.006143569 0.6354846 0.6008383 0.4849255 0.8846378 0 0 0 1 0.7289142 -0.6739806 -0.1201431 0.002660632 0.2546438 0.4298181 -0.8662638 0.006159305 0.6354847 0.6008383 0.4849255 0.887984 0 0 0 1 0.7289142 -0.6739806 -0.1201431 0.002616465 0.2546438 0.4298182 -0.8662638 0.006177067 0.6354846 0.6008382 0.4849255 0.8910861 0 0 0 1 0.7289142 -0.6739806 -0.120143 0.002570629 0.2546438 0.4298181 -0.8662638 0.006197035 0.6354846 0.6008382 0.4849255 0.8939214 0 0 0 1 0.7289142 -0.6739806 -0.1201431 0.002523183 0.2546438 0.4298182 -0.8662638 0.006219327 0.6354846 0.6008382 0.4849255 0.8964632 0 0 0 1 0.7289142 -0.6739806 -0.1201431 0.002474188 0.2546438 0.4298182 -0.8662638 0.006244003 0.6354846 0.6008382 0.4849255 0.8986887 0 0 0 1 0.7289142 -0.6739806 -0.120143 0.002423584 0.2546439 0.4298182 -0.8662638 0.006271243 0.6354846 0.6008382 0.4849255 0.900574 0 0 0 1 0.7289142 -0.6739806 -0.1201431 0.002371549 0.2546438 0.4298182 -0.8662638 0.006301045 0.6354846 0.6008382 0.4849255 0.9020951 0 0 0 1 0.7289141 -0.6739807 -0.120143 0.002318024 0.2546439 0.4298181 -0.8662638 0.006333708 0.6354847 0.6008382 0.4849255 0.9032279 0 0 0 1 0.7289141 -0.6739807 -0.120143 0.002263069 0.2546439 0.4298181 -0.8662638 0.006369173 0.6354847 0.6008382 0.4849255 0.9039483 0 0 0 1 0.7289141 -0.6739807 -0.120143 0.002206742 0.2546439 0.4298181 -0.8662638 0.006407678 0.6354847 0.6008382 0.4849255 0.9042323 0 0 0 1 0.7289141 -0.6739807 -0.120143 0.002149045 0.2546439 0.4298181 -0.8662638 0.006449282 0.6354847 0.6008382 0.4849255 0.9040387 0 0 0 1 0.7289141 -0.6739807 -0.120143 0.002090096 0.2546439 0.4298181 -0.8662638 0.006494104 0.6354847 0.6008382 0.4849255 0.9033611 0 0 0 1 0.7289141 -0.6739807 -0.120143 0.002029895 0.2546439 0.4298181 -0.8662638 0.006542265 0.6354847 0.6008382 0.4849255 0.9022272 0 0 0 1 0.7289141 -0.6739807 -0.120143 0.001968443 0.2546439 0.4298181 -0.8662638 0.006593823 0.6354847 0.6008382 0.4849255 0.9006658 0 0 0 1 0.7289141 -0.6739807 -0.120143 0.001905739 0.2546439 0.4298182 -0.8662638 0.006649076 0.6354847 0.6008381 0.4849256 0.8987033 0 0 0 1 0.728914 -0.6739807 -0.1201431 0.001841962 0.2546439 0.429818 -0.8662639 0.006707966 0.6354847 0.6008382 0.4849255 0.8963682 0 0 0 1 0.7289141 -0.6739807 -0.1201431 0.001777112 0.2546439 0.4298181 -0.8662638 0.00677067 0.6354847 0.6008382 0.4849255 0.8936886 0 0 0 1 0.728914 -0.6739807 -0.1201431 0.001711189 0.2546439 0.429818 -0.8662639 0.006837308 0.6354847 0.6008382 0.4849255 0.8906923 0 0 0 1 0.728914 -0.6739807 -0.1201431 0.001644134 0.254644 0.4298182 -0.8662638 0.006907999 0.6354847 0.6008381 0.4849256 0.8874071 0 0 0 1 0.728914 -0.6739807 -0.120143 0.001576244 0.2546439 0.429818 -0.8662638 0.006982862 0.6354848 0.6008381 0.4849255 0.883861 0 0 0 1 0.728914 -0.6739807 -0.120143 0.001507341 0.2546439 0.429818 -0.8662638 0.007061958 0.6354848 0.6008381 0.4849255 0.8800837 0 0 0 1 0.7289141 -0.6739807 -0.120143 0.001437544 0.2546439 0.4298182 -0.8662638 0.007145464 0.6354847 0.6008381 0.4849256 0.8760997 0 0 0 1 0.728914 -0.6739807 -0.120143 0.001366794 0.2546439 0.429818 -0.8662638 0.00723356 0.6354847 0.6008381 0.4849255 0.8719382 0 0 0 1 0.728914 -0.6739807 -0.120143 0.001295328 0.254644 0.4298181 -0.8662638 0.007326245 0.6354847 0.6008381 0.4849256 0.8676276 0 0 0 1 0.728914 -0.6739807 -0.120143 0.001223027 0.254644 0.4298181 -0.8662638 0.007423639 0.6354847 0.6008381 0.4849256 0.8631957 0 0 0 1 0.728914 -0.6739808 -0.1201431 0.001149952 0.254644 0.4298181 -0.8662638 0.00752598 0.6354848 0.6008381 0.4849255 0.8586701 0 0 0 1 0.728914 -0.6739807 -0.120143 0.001076161 0.2546439 0.429818 -0.8662638 0.007633209 0.6354847 0.6008381 0.4849255 0.854079 0 0 0 1 0.728914 -0.6739807 -0.120143 0.001001775 0.2546439 0.429818 -0.8662638 0.007745563 0.6354847 0.6008381 0.4849255 0.8494501 0 0 0 1 0.728914 -0.6739808 -0.120143 9.26774e-4 0.2546439 0.429818 -0.8662638 0.007863104 0.6354848 0.6008381 0.4849255 0.8448136 0 0 0 1 0.728914 -0.6739808 -0.120143 8.51076e-4 0.254644 0.429818 -0.8662638 0.007986068 0.6354848 0.6008381 0.4849255 0.8401932 0 0 0 1 0.728914 -0.6739807 -0.1201431 7.74896e-4 0.2546439 0.4298181 -0.8662638 0.008114397 0.6354847 0.6008381 0.4849255 0.8356187 0 0 0 1 0.7289139 -0.6739808 -0.120143 6.98204e-4 0.2546439 0.429818 -0.8662639 0.008248269 0.6354848 0.6008381 0.4849254 0.831118 0 0 0 1 0.728914 -0.6739808 -0.120143 6.21041e-4 0.2546439 0.429818 -0.8662638 0.008387863 0.6354848 0.6008381 0.4849255 0.8267193 0 0 0 1 0.728914 -0.6739808 -0.120143 5.43373e-4 0.2546439 0.429818 -0.8662638 0.008533358 0.6354848 0.6008381 0.4849255 0.8224501 0 0 0 1 0.728914 -0.6739808 -0.120143 4.65383e-4 0.254644 0.429818 -0.8662638 0.008684635 0.6354848 0.6008381 0.4849255 0.8183387 0 0 0 1 0.728914 -0.6739808 -0.120143 3.8704e-4 0.2546439 0.429818 -0.8662638 0.008841991 0.6354848 0.6008381 0.4849255 0.8144146 0 0 0 1 0.7289139 -0.6739808 -0.120143 3.08383e-4 0.2546439 0.429818 -0.8662639 0.009005427 0.6354848 0.6008381 0.4849254 0.810702 0 0 0 1 0.728914 -0.6739808 -0.120143 2.29379e-4 0.2546439 0.429818 -0.8662638 0.00917536 0.6354848 0.6008381 0.4849255 0.8072308 0 0 0 1</float_array>
        <technique_common>
          <accessor source="#node-Bip01_matrix-output-array" count="60" stride="16">
            <param name="TRANSFORM" type="float4x4"/>
          </accessor>
        </technique_common>
      </source>
      <source id="node-Bip01_matrix-interpolation">
        <Name_array id="node-Bip01_matrix-interpolation-array" count="60">LINEAR LINEAR LINEAR LINEAR LINEAR LINEAR LINEAR LINEAR LINEAR LINEAR LINEAR LINEAR LINEAR LINEAR LINEAR LINEAR LINEAR LINEAR LINEAR LINEAR LINEAR LINEAR LINEAR LINEAR LINEAR LINEAR LINEAR LINEAR LINEAR LINEAR LINEAR LINEAR LINEAR LINEAR LINEAR LINEAR LINEAR LINEAR LINEAR LINEAR LINEAR LINEAR LINEAR LINEAR LINEAR LINEAR LINEAR LINEAR LINEAR LINEAR LINEAR LINEAR LINEAR LINEAR LINEAR LINEAR LINEAR LINEAR LINEAR LINEAR</Name_array>
        <technique_common>
          <accessor source="#node-Bip01_matrix-interpolation-array" count="60" stride="1">
            <param name="INTERPOLATION" type="name"/>
          </accessor>
        </technique_common>
      </source>
      <source id="node-Bip01_Pelvis_matrix-input">
        <float_array id="node-Bip01_Pelvis_matrix-input-array" count="60">48.33333 48.36666 48.4 48.43333 48.46667 48.5 48.53333 48.56667 48.6 48.63334 48.66667 48.7 48.73333 48.76667 48.8 48.83333 48.86666 48.9 48.93333 48.96667 49 49.03333 49.06667 49.1 49.13334 49.16667 49.2 49.23333 49.26667 49.3 49.33333 49.36666 49.4 49.43333 49.46667 49.5 49.53333 49.56667 49.6 49.63334 49.66667 49.7 49.73333 49.76667 49.8 49.83333 49.86666 49.9 49.93333 49.96667 50 50.03333 50.06667 50.1 50.13334 50.16667 50.2 50.23333 50.26667 50.3</float_array>
        <technique_common>
          <accessor source="#node-Bip01_Pelvis_matrix-input-array" count="60" stride="1">
            <param name="TIME" type="float"/>
          </accessor>
        </technique_common>
      </source>
      <source id="node-Bip01_Pelvis_matrix-output">
