<?xml version="1.0" encoding="utf-8"?>
<COLLADA xmlns="http://www.collada.org/2005/11/COLLADASchema" version="1.4.1">
  <asset>
    <contributor>
      <author>MattO</author>
      <authoring_tool>OpenCOLLADA for 3ds Max;  Version: 1.3.0;  Revision: 839M;  Platform: x64;  Configuration: Release_Max2012</authoring_tool>
      <source_data>file:///C:/Dropbox/Prj/GGStout/Kraad/Mantis_TP_Kraad_Animation_Master.max</source_data>
    </contributor>
    <created>2011-10-24T10:56:35</created>
    <modified>2011-10-24T10:56:35</modified>
    <unit name="meter" meter="1"/>
    <up_axis>Z_UP</up_axis>
  </asset>
  <library_effects>
    <effect id="ColorEffectR88G199B225">
      <profile_COMMON>
        <technique sid="common">
          <phong>
            <ambient>
              <color>0.345098 0.7803922 0.8823529 1</color>
            </ambient>
            <diffuse>
              <color>0.345098 0.7803922 0.8823529 1</color>
            </diffuse>
            <specular>
              <color>1 1 1 1</color>
            </specular>
            <shininess>
              <float>10</float>
            </shininess>
            <reflective>
              <color>0 0 0 1</color>
            </reflective>
            <transparent>
              <color>1 1 1 1</color>
            </transparent>
            <transparency>
              <float>1</float>
            </transparency>
          </phong>
        </technique>
      </profile_COMMON>
    </effect>
  </library_effects>
  <library_materials>
    <material id="ColorEffectR88G199B225-material" name="ColorEffectR88G199B225-material">
      <instance_effect url="#ColorEffectR88G199B225"/>
    </material>
  </library_materials>
  <library_geometries>
    <geometry id="geom-Bounds" name="Bounds">
      <mesh>
        <source id="geom-Bounds-positions">
          <float_array id="geom-Bounds-positions-array" count="24">-0.5 -0.5 0 0.5 -0.5 0 -0.5 0.5 0 0.5 0.5 0 -0.5 -0.5 2 0.5 -0.5 2 -0.5 0.5 2 0.5 0.5 2</float_array>
          <technique_common>
            <accessor source="#geom-Bounds-positions-array" count="8" stride="3">
              <param name="X" type="float"/>
              <param name="Y" type="float"/>
              <param name="Z" type="float"/>
            </accessor>
          </technique_common>
        </source>
        <source id="geom-Bounds-normals">
          <float_array id="geom-Bounds-normals-array" count="72">0 0 -1 0 0 -1 0 0 -1 0 0 -1 0 0 1 0 0 1 0 0 1 0 0 1 0 -1 0 0 -1 0 0 -1 0 0 -1 0 1 0 0 1 0 0 1 0 0 1 0 0 0 1 0 0 1 0 0 1 0 0 1 0 -1 0 0 -1 0 0 -1 0 0 -1 0 0</float_array>
          <technique_common>
            <accessor source="#geom-Bounds-normals-array" count="24" stride="3">
              <param name="X" type="float"/>
              <param name="Y" type="float"/>
              <param name="Z" type="float"/>
            </accessor>
          </technique_common>
        </source>
        <source id="geom-Bounds-map1">
          <float_array id="geom-Bounds-map1-array" count="36">0 0 0 1 0 0 0 1 0 1 1 0 0 0 0 1 0 0 0 1 0 1 1 0 0 0 0 1 0 0 0 1 0 1 1 0</float_array>
          <technique_common>
            <accessor source="#geom-Bounds-map1-array" count="12" stride="3">
              <param name="S" type="float"/>
              <param name="T" type="float"/>
              <param name="P" type="float"/>
            </accessor>
          </technique_common>
        </source>
        <vertices id="geom-Bounds-vertices">
          <input semantic="POSITION" source="#geom-Bounds-positions"/>
        </vertices>
        <triangles material="ColorMaterial" count="12">
          <input semantic="VERTEX" source="#geom-Bounds-vertices" offset="0"/>
          <input semantic="NORMAL" source="#geom-Bounds-normals" offset="1"/>
          <input semantic="TEXCOORD" source="#geom-Bounds-map1" offset="2" set="0"/>
          <p>0 0 9 2 1 11 3 2 10 3 2 10 1 3 8 0 0 9 4 4 8 5 5 9 7 6 11 7 6 11 6 7 10 4 4 8 0 8 4 1 9 5 5 10 7 5 10 7 4 11 6 0 8 4 1 12 0 3 13 1 7 14 3 7 14 3 5 15 2 1 12 0 3 16 4 2 17 5 6 18 7 6 18 7 7 19 6 3 16 4 2 20 0 0 21 1 4 22 3 4 22 3 6 23 2 2 20 0</p>
        </triangles>
      </mesh>
      <extra>
        <technique profile="OpenCOLLADA3dsMax">
          <max_box>
            <generateuvs>1</generateuvs>
            <height>2</height>
            <heightsegments>1</heightsegments>
            <length>1</length>
            <lengthsegments>1</lengthsegments>
            <width>1</width>
            <widthsegments>1</widthsegments>
          </max_box>
        </technique>
      </extra>
    </geometry>
  </library_geometries>
  <library_lights>
    <light id="EnvironmentAmbientLight" name="EnvironmentAmbientLight">
      <technique_common>
        <ambient>
          <color>0 0 0</color>
        </ambient>
      </technique_common>
    </light>
  </library_lights>
  <library_visual_scenes>
    <visual_scene id="MaxScene">
      <node name="EnvironmentAmbientLight">
        <instance_light url="#EnvironmentAmbientLight"/>
      </node>
      <node id="node-Bip001" name="Bip001">
        <matrix sid="matrix">0.4908427 -0.8335543 0.253497 0 0.8299861 0.5358466 0.1548918 -4.37066e-8 -0.2649463 0.1343715 0.9548548 0.8529336 0 0 0 1</matrix>
        <node id="node-Bip001_Pelvis" name="Bip001_Pelvis">
          <matrix sid="matrix">1.49012e-8 1 -1.34856e-6 0 -0.1140869 1.38208e-6 0.9934707 0 0.9934708 1.49012e-7 0.114087 0 0 0 0 1</matrix>
          <node id="node-Bip001_Spine" name="Bip001_Spine">
            <matrix sid="matrix">0.975136 -0.07331233 -0.2091303 0.09757125 0.05277598 0.9933682 -0.1021486 -8.77976e-5 0.2152321 0.08857177 0.9725381 0.01119617 0 0 0 1</matrix>
            <node id="node-Bip001_Spine1" name="Bip001_Spine1">
              <matrix sid="matrix">0.9235707 -0.3709308 -0.09709477 0.1110485 0.3695981 0.9286391 -0.03204077 -8.21352e-5 0.1020509 -0.00629409 0.9947593 5.40167e-7 0 0 0 1</matrix>
              <node id="node-Bip001_Spine2" name="Bip001_Spine2">
                <matrix sid="matrix">0.9833878 -0.1427243 -0.1121533 0.1110282 0.1487661 0.9877338 0.04744571 -8.72612e-5 0.1040058 -0.06334215 0.9925576 5.59911e-6 0 0 0 1</matrix>
                <node id="node-Bip001_Spine3" name="Bip001_Spine3">
                  <matrix sid="matrix">0.9532422 -0.241303 -0.1819402 0.1110561 0.2536191 0.966141 0.04742065 -1.62244e-4 0.1643372 -0.09134686 0.9821655 1.53184e-5 0 0 0 1</matrix>
                  <node id="node-Bip001_Neck" name="Bip001_Neck">
                    <matrix sid="matrix">0.9888968 -0.0641996 -0.1340206 0.2584252 0.04748261 0.9910948 -0.1244034 0.01280212 0.1408138 0.1166584 0.9831389 -4.58956e-6 0 0 0 1</matrix>
                    <node id="node-Bip001_Neck1" name="Bip001_Neck1">
                      <matrix sid="matrix">0.9879368 0.1545504 -0.00973165 0.04894263 -0.1547314 0.9826609 -0.1021558 -3.82662e-5 -0.006225295 0.1024294 0.9947207 -4.02331e-6 0 0 0 1</matrix>
                      <node id="node-Bip001_Neck2" name="Bip001_Neck2">
                        <matrix sid="matrix">0.9545162 0.2811761 -0.09918994 0.04893768 -0.2884499 0.9550411 -0.06850662 -3.70741e-5 0.07546806 0.09400193 0.9927075 -3.63588e-6 0 0 0 1</matrix>
                        <node id="node-Bip001_Head" name="Bip001_Head">
                          <matrix sid="matrix">0.9726765 0.1759889 0.1514202 0.04894865 -0.1765335 0.9842443 -0.009945492 1.19209e-7 -0.1507847 -0.0170569 0.9884195 0 0 0 0 1</matrix>
                          <node id="node-Bip001_Ponytail1" name="Bip001_Ponytail1">
                            <matrix sid="matrix">-0.05999061 -0.9981991 -2.76836e-6 0.009580851 0.9981991 -0.05999056 -2.94019e-6 0.1139534 2.76882e-6 -2.93925e-6 1 9.68575e-8 0 0 0 1</matrix>
                          </node>
                          <node id="node-ALTEYE" name="ALTEYE">
                            <matrix>-0.009488115 0.5772491 0.8165135 0.1153699 0.002645087 0.8165618 -0.5772524 0.2046645 -0.9999516 -0.003317287 -0.009274502 -0.001006715 0 0 0 1</matrix>
                          </node>
                        </node>
                      </node>
                    </node>
                    <node id="node-Bip001_L_Clavicle" name="Bip001_L_Clavicle">
                      <matrix sid="matrix">0.3867267 0.04316635 0.9211835 -0.04311728 0.6360109 -0.7358134 -0.2325271 0.007412195 0.6677817 0.6758071 -0.312013 0.0278405 0 0 0 1</matrix>
                      <node id="node-Bip001_L_UpperArm" name="Bip001_L_UpperArm">
                        <matrix sid="matrix">0.973909 -0.03060941 0.2248656 0.0796662 -0.2028133 0.3271899 0.9229376 5.96046e-8 -0.1018242 -0.9444627 0.312445 1.19209e-7 0 0 0 1</matrix>
                        <node id="node-Bip001_L_Forearm" name="Bip001_L_Forearm">
                          <matrix sid="matrix">0.2614576 0.9652151 8.9407e-8 0.4297334 -0.9652149 0.2614577 0 5.96046e-8 -5.21541e-8 2.98023e-8 1 5.96046e-8 0 0 0 1</matrix>
                          <node id="node-Bip001_L_Hand" name="Bip001_L_Hand">
                            <matrix sid="matrix">0.7050353 0.08403108 -0.7041761 0.3774395 -0.1677169 -0.94503 -0.2806944 -2.98023e-8 -0.6890545 0.3160017 -0.6521862 5.96046e-8 0 0 0 1</matrix>
                            <node id="node-Bip001_L_Finger0" name="Bip001_L_Finger0">
                              <matrix>0.49194 0.8244181 0.2798744 0.03908238 0.6521551 -0.135966 -0.7457929 0.01738548 -0.5767916 0.5494069 -0.6045355 -0.04049921 0 0 0 1</matrix>
                              <node id="node-Bip001_L_Finger01" name="Bip001_L_Finger01">
                                <matrix>0.9511044 0.3088696 -2.98023e-8 0.1027657 -0.3088697 0.9511043 -1.49012e-8 2.98023e-8 0 4.47035e-8 1 5.96046e-8 0 0 0 1</matrix>
                                <node id="node-Bip001_L_Finger02" name="Bip001_L_Finger02">
                                  <matrix>0.8065712 -0.5911369 -2.98023e-8 0.05252481 0.591137 0.8065712 0 1.49012e-8 5.96046e-8 -2.98023e-8 1 5.96046e-8 0 0 0 1</matrix>
                                </node>
                              </node>
                            </node>
                            <node id="node-Bip001_L_Finger1" name="Bip001_L_Finger1">
                              <matrix>0.6375437 -0.7703909 0.005984006 0.1458858 0.7704015 0.6375586 7.96303e-4 -1.53184e-5 -0.00442861 0.004102334 0.9999817 -0.01919675 0 0 0 1</matrix>
                              <node id="node-Bip001_L_Finger11" name="Bip001_L_Finger11">
                                <matrix>0.5190609 -0.8547373 -2.98023e-8 0.08578122 0.8547373 0.5190609 -1.49012e-8 -5.96046e-8 2.98023e-8 -2.6077e-8 1 0 0 0 0 1</matrix>
                                <node id="node-Bip001_L_Finger12" name="Bip001_L_Finger12">
                                  <matrix>0.9649357 -0.2624862 -1.49012e-8 0.05549783 0.2624862 0.9649357 3.72529e-9 0 0 -1.49012e-8 0.9999999 -1.19209e-7 0 0 0 1</matrix>
                                </node>
                              </node>
                            </node>
                            <node id="node-Bip001_L_Finger2" name="Bip001_L_Finger2">
                              <matrix>0.5018926 -0.8550149 -0.1305895 0.143758 0.8647376 0.492844 0.09661078 0.003213346 -0.01824333 -0.161414 0.9867181 0.02870381 0 0 0 1</matrix>
                              <node id="node-Bip001_L_Finger21" name="Bip001_L_Finger21">
                                <matrix>0.8477591 -0.5303817 2.98023e-8 0.07148445 0.5303817 0.8477591 3.72529e-8 5.96046e-8 7.45058e-9 -2.42144e-8 1 1.19209e-7 0 0 0 1</matrix>
                                <node id="node-Bip001_L_Finger22" name="Bip001_L_Finger22">
                                  <matrix>0.8033118 -0.5955588 0 0.05113882 0.5955588 0.8033119 -3.72529e-8 -1.19209e-7 2.23517e-8 1.49012e-8 1 -1.19209e-7 0 0 0 1</matrix>
                                </node>
                              </node>
                            </node>
                          </node>
                        </node>
                        <node id="node-Bip001_L_ForeTwist" name="Bip001_L_ForeTwist">
                          <matrix sid="matrix">0.2614576 0.7630598 0.5910838 0.4297334 -0.9652149 0.2066978 0.1601129 5.96046e-8 -5.21541e-8 -0.6123855 0.7905593 5.96046e-8 0 0 0 1</matrix>
                          <node id="node-Bip001_L_ForeTwist1" name="Bip001_L_ForeTwist1">
                            <matrix sid="matrix">0.9999999 2.23517e-8 -2.23517e-8 0.1887197 0 0.7905592 0.6123855 -1.19209e-7 1.67638e-8 -0.6123855 0.7905591 0 0 0 0 1</matrix>
                          </node>
                        </node>
                      </node>
                      <node id="node-Bip001_LUpArmTwist" name="Bip001_LUpArmTwist">
                        <matrix sid="matrix">0.973909 -0.03060941 0.2248656 0.0796662 -0.2028133 0.3271899 0.9229376 5.96046e-8 -0.1018242 -0.9444627 0.312445 1.19209e-7 0 0 0 1</matrix>
                        <node id="node-Bip001_LUpArmTwist1" name="Bip001_LUpArmTwist1">
                          <matrix>1 -2.98023e-8 8.9407e-8 0.2148667 2.98023e-8 1 0 5.96046e-8 0 1.49012e-8 1 0 0 0 0 1</matrix>
                        </node>
                      </node>
                    </node>
                    <node id="node-Bip001_R_Clavicle" name="Bip001_R_Clavicle">
                      <matrix sid="matrix">-0.4125288 -0.1381767 -0.9004038 -0.04935795 0.6517029 -0.7353823 -0.1857317 0.002241969 -0.6364772 -0.6634154 0.3934167 -0.01573151 0 0 0 1</matrix>
                      <node id="node-Bip001_R_UpperArm" name="Bip001_R_UpperArm">
                        <matrix sid="matrix">0.822401 0.09044081 -0.5616733 0.07966626 -0.3879508 0.8112773 -0.4374049 -5.96046e-8 0.4161134 0.5776238 0.7022819 5.96046e-8 0 0 0 1</matrix>
                        <node id="node-Bip001_R_Forearm" name="Bip001_R_Forearm">
                          <matrix sid="matrix">-0.6050351 0.7961987 -2.98023e-8 0.4297334 -0.7961987 -0.6050352 -7.45058e-9 0 -1.11759e-7 -2.98023e-8 0.9999999 5.96046e-8 0 0 0 1</matrix>
                          <node id="node-Bip001_R_Hand" name="Bip001_R_Hand">
                            <matrix sid="matrix">0.9183453 0.3509029 0.1830544 0.3774394 0.2237779 -0.07887772 -0.9714429 0 -0.3264433 0.9330838 -0.1509613 0 0 0 0 1</matrix>
                            <node id="node-Bip001_R_Finger0" name="Bip001_R_Finger0">
                              <matrix>0.6486481 0.5772245 -0.4960516 0.03908247 0.6676159 -0.1185831 0.7350016 0.01738538 0.3654375 -0.8079293 -0.4622829 0.04049915 0 0 0 1</matrix>
                              <node id="node-Bip001_R_Finger01" name="Bip001_R_Finger01">
                                <matrix>0.6155393 -0.7881062 4.47035e-8 0.1027657 0.7881061 0.6155394 0 -1.19209e-7 1.49012e-8 2.98023e-8 1 -1.19209e-7 0 0 0 1</matrix>
                                <node id="node-Bip001_R_Finger02" name="Bip001_R_Finger02">
                                  <matrix>0.1523349 -0.988329 2.98023e-8 0.05252489 0.9883291 0.1523349 0 -5.96046e-8 0 0 1 0 0 0 0 1</matrix>
                                </node>
                              </node>
                            </node>
                            <node id="node-Bip001_R_Finger1" name="Bip001_R_Finger1">
                              <matrix>0.7109716 -0.632343 -0.3076712 0.1458858 0.6327782 0.766136 -0.1123713 -1.52886e-5 0.3067752 -0.1147948 0.9448338 0.01919675 0 0 0 1</matrix>
                              <node id="node-Bip001_R_Finger11" name="Bip001_R_Finger11">
                                <matrix>-0.6406225 -0.7678562 0 0.08578128 0.7678561 -0.6406225 1.49012e-8 5.96046e-8 5.96046e-8 -1.49012e-8 1 -5.96046e-8 0 0 0 1</matrix>
                                <node id="node-Bip001_R_Finger12" name="Bip001_R_Finger12">
                                  <matrix>0.8432422 -0.5375336 0 0.05549777 0.5375336 0.8432422 -1.49012e-8 -7.45058e-9 -5.96046e-8 9.31323e-9 0.9999999 0 0 0 0 1</matrix>
                                </node>
                              </node>
                            </node>
                            <node id="node-Bip001_R_Finger2" name="Bip001_R_Finger2">
                              <matrix>0.2634968 -0.9557804 0.1305896 0.143758 0.9628298 0.2522402 -0.09661078 0.003213361 0.05939873 0.1511922 0.9867181 -0.02870381 0 0 0 1</matrix>
                              <node id="node-Bip001_R_Finger21" name="Bip001_R_Finger21">
                                <matrix>-0.03544476 -0.9993717 3.72529e-9 0.07148442 0.9993716 -0.03544478 2.98023e-8 -1.19209e-7 0 1.11759e-8 1 -1.19209e-7 0 0 0 1</matrix>
                                <node id="node-Bip001_R_Finger22" name="Bip001_R_Finger22">
                                  <matrix>0.7483485 -0.6633058 -1.49012e-8 0.05113894 0.6633057 0.7483485 0 0 -7.45058e-9 0 0.9999999 -1.19209e-7 0 0 0 1</matrix>
                                </node>
                              </node>
                            </node>
                            <node id="node-mount0" name="mount0">
                              <matrix>-3.71583e-8 1 5.06174e-7 0.1088288 -1 -3.20397e-7 -1.3411e-7 0.03070411 1.69501e-7 -4.51226e-7 0.9999998 0.01333505 0 0 0 1</matrix>
                            </node>
                          </node>
                        </node>
                        <node id="node-Bip001_R_ForeTwist" name="Bip001_R_ForeTwist">
                          <matrix sid="matrix">-0.6050351 0.7951476 -0.04089759 0.4297334 -0.7961987 -0.6042365 0.03107827 0 -1.11759e-7 0.051366 0.9986799 5.96046e-8 0 0 0 1</matrix>
                          <node id="node-Bip001_R_ForeTwist1" name="Bip001_R_ForeTwist1">
                            <matrix sid="matrix">0.9999999 -2.98023e-8 0 0.1887197 -1.49012e-8 0.9986799 -0.05136603 -5.96046e-8 -2.23517e-8 0.05136603 0.9986799 0 0 0 0 1</matrix>
                          </node>
                        </node>
                      </node>
                      <node id="node-Bip001_RUpArmTwist" name="Bip001_RUpArmTwist">
                        <matrix sid="matrix">0.822401 0.09044081 -0.5616733 0.07966626 -0.3879508 0.8112773 -0.4374049 -5.96046e-8 0.4161134 0.5776238 0.7022819 5.96046e-8 0 0 0 1</matrix>
                        <node id="node-Bip001_RUpArmTwist1" name="Bip001_RUpArmTwist1">
                          <matrix>0.9999999 2.98023e-8 -2.98023e-8 0.2148667 2.98023e-8 0.9999999 -7.45058e-9 2.98023e-8 1.49012e-8 2.23517e-8 0.9999999 0 0 0 0 1</matrix>
                        </node>
                      </node>
                    </node>
                  </node>
                </node>
              </node>
            </node>
            <node id="node-Bip001_L_Thigh" name="Bip001_L_Thigh">
              <matrix sid="matrix">-0.5049073 0.8628485 -0.02368005 -0.08190787 0.7444475 0.4491808 0.4939984 0.01268601 0.4368824 0.2317948 -0.8691403 0.08018947 0 0 0 1</matrix>
              <node id="node-Bip001_L_Calf" name="Bip001_L_Calf">
                <matrix sid="matrix">0.1987184 0.9800567 0 0.454169 -0.9800565 0.1987185 1.49012e-8 -5.96046e-8 -2.98023e-8 -3.72529e-8 1 2.98023e-8 0 0 0 1</matrix>
                <node id="node-Bip001_L_HorseLink" name="Bip001_L_HorseLink">
                  <matrix sid="matrix">0.04044941 -0.9991817 1.49012e-8 0.3208733 0.9991815 0.04044941 7.45058e-9 -2.98023e-8 -1.49012e-8 -4.47035e-8 1 2.98023e-8 0 0 0 1</matrix>
                  <node id="node-Bip001_L_Foot" name="Bip001_L_Foot">
                    <matrix sid="matrix">0.5610911 0.8272923 0.02765162 0.3617601 -0.7938528 0.5283484 0.3010746 0 0.234467 -0.1908814 0.9531996 -2.98023e-8 0 0 0 1</matrix>
                    <node id="node-Bip001_L_Toe0" name="Bip001_L_Toe0">
                      <matrix sid="matrix">-0.2454681 -0.9694048 5.17338e-8 0.08654235 0.9569955 -0.2423258 0.1594925 0.1234713 -0.1546127 0.03915034 0.9871992 -0.02420595 0 0 0 1</matrix>
                      <node id="node-Bip001_L_Toe01" name="Bip001_L_Toe01">
                        <matrix sid="matrix">0.9623386 0.2718535 -1.73915e-8 0.04576606 -0.2718535 0.9623385 3.12832e-9 0 -1.58482e-8 4.32328e-9 0.9999999 -1.86265e-8 0 0 0 1</matrix>
                        <node id="node-Bip001_L_Toe02" name="Bip001_L_Toe02">
                          <matrix sid="matrix">0.9133543 0.4071655 4.50494e-8 0.03187382 -0.4071655 0.9133543 -1.07832e-9 1.11759e-8 -2.0892e-8 -1.92455e-8 0.9999999 5.96046e-8 0 0 0 1</matrix>
                        </node>
                      </node>
                    </node>
                    <node id="node-Bip001_L_Toe1" name="Bip001_L_Toe1">
                      <matrix sid="matrix">-0.2402829 -0.9707029 1.09983e-7 0.09280639 0.9404519 -0.2327948 -0.2477028 0.1308166 0.2404459 -0.05951866 0.9688361 0.03696454 0 0 0 1</matrix>
                      <node id="node-Bip001_L_Toe11" name="Bip001_L_Toe11">
                        <matrix sid="matrix">0.9830521 0.1833258 1.0165e-10 0.043706 -0.1833258 0.9830521 -8.33325e-11 -1.49012e-8 1.85402e-10 7.3868e-11 1 -2.98023e-8 0 0 0 1</matrix>
                        <node id="node-Bip001_L_Toe12" name="Bip001_L_Toe12">
                          <matrix sid="matrix">0.9040335 0.4274615 6.60343e-11 0.03796011 -0.4274615 0.9040335 -7.04858e-12 -3.72529e-9 1.61364e-11 -1.44325e-10 1 2.98023e-8 0 0 0 1</matrix>
                        </node>
                      </node>
                    </node>
                    <node id="node-Bip001_L_Toe2" name="Bip001_L_Toe2">
                      <matrix sid="matrix">0.04881953 -0.8895264 0.454268 0.06798328 0.1495167 -0.4431772 -0.8838772 0.002803922 0.9875534 0.1110711 0.1113633 0.04295149 0 0 0 1</matrix>
                      <node id="node-Bip001_L_Toe21" name="Bip001_L_Toe21">
                        <matrix sid="matrix">0.9999999 -3.72529e-9 -1.67638e-8 0.01451743 0 0.9999999 0 0 -3.1665e-8 5.96046e-8 0.9999999 -2.98023e-8 0 0 0 1</matrix>
                        <node id="node-Bip001_L_Toe22" name="Bip001_L_Toe22">
                          <matrix sid="matrix">0.5236049 0.8519612 -1.67638e-8 0.03369505 -0.8519613 0.5236048 0 -1.49012e-8 -1.19209e-7 -1.49012e-8 0.9999999 -2.98023e-8 0 0 0 1</matrix>
                        </node>
                      </node>
                    </node>
                  </node>
                </node>
              </node>
            </node>
            <node id="node-Bip001_R_Thigh" name="Bip001_R_Thigh">
              <matrix sid="matrix">-0.7638808 0.3272638 0.5562231 -0.113193 0.3475924 0.9348262 -0.07266064 -1.88619e-4 -0.5437512 0.1378349 -0.8278502 -0.0611746 0 0 0 1</matrix>
              <node id="node-Bip001_R_Calf" name="Bip001_R_Calf">
                <matrix sid="matrix">0.07075106 0.997494 0 0.4541689 -0.997494 0.07075107 -1.11759e-8 -7.45058e-9 6.70552e-8 -2.98023e-8 1 -2.98023e-8 0 0 0 1</matrix>
                <node id="node-Bip001_R_HorseLink" name="Bip001_R_HorseLink">
                  <matrix sid="matrix">0.1141503 -0.9934635 -3.72529e-9 0.3208732 0.9934635 0.1141503 0 2.98023e-8 0 5.16884e-8 1 0 0 0 0 1</matrix>
                  <node id="node-Bip001_R_Foot" name="Bip001_R_Foot">
                    <matrix sid="matrix">0.8694347 0.2156152 0.4445149 0.36176 0.008154626 0.8933548 -0.4492781 0 -0.4939807 0.3942429 0.7749555 -2.98023e-8 0 0 0 1</matrix>
                    <node id="node-Bip001_R_Toe0" name="Bip001_R_Toe0">
                      <matrix sid="matrix">-0.2454688 -0.9694045 -3.26991e-7 0.08654235 0.9569952 -0.2423265 -0.159493 0.1234713 0.1546133 -0.03915087 0.9871991 0.02420592 0 0 0 1</matrix>
                      <node id="node-Bip001_R_Toe01" name="Bip001_R_Toe01">
                        <matrix>0.9623386 0.2718535 -6.14468e-9 0.045766 -0.2718536 0.9623387 -4.94202e-9 1.67638e-8 -3.63142e-8 1.38809e-8 1 0 0 0 0 1</matrix>
                        <node id="node-Bip001_R_Toe02" name="Bip001_R_Toe02">
                          <matrix>0.9133545 0.4071655 -5.94844e-9 0.03187381 -0.4071654 0.9133546 -2.08527e-9 1.86265e-9 -3.69459e-8 -3.68298e-8 1 -5.96046e-8 0 0 0 1</matrix>
                        </node>
                      </node>
                    </node>
                    <node id="node-Bip001_R_Toe1" name="Bip001_R_Toe1">
                      <matrix sid="matrix">-0.2402835 -0.9707027 -6.86523e-7 0.09280638 0.9404518 -0.2327955 0.2477027 0.1308167 -0.2404458 0.05951824 0.9688361 -0.03696454 0 0 0 1</matrix>
                      <node id="node-Bip001_R_Toe11" name="Bip001_R_Toe11">
                        <matrix>0.9830523 0.1833259 1.3772e-8 0.04370598 -0.1833258 0.9830523 4.66983e-9 9.31323e-9 -4.83197e-8 1.53365e-9 1 0 0 0 0 1</matrix>
                        <node id="node-Bip001_R_Toe12" name="Bip001_R_Toe12">
                          <matrix>0.9040335 0.4274614 1.05644e-8 0.0379601 -0.4274614 0.9040335 3.61496e-10 -1.86265e-9 -4.26608e-8 -4.3866e-8 0.9999999 -5.96046e-8 0 0 0 1</matrix>
                        </node>
                      </node>
                    </node>
                    <node id="node-Bip001_R_Toe2" name="Bip001_R_Toe2">
                      <matrix sid="matrix">0.04881999 -0.889526 -0.4542688 0.06798327 0.149518 -0.4431777 0.8838766 0.002803929 -0.9875531 -0.1110722 0.1113642 -0.04295146 0 0 0 1</matrix>
                      <node id="node-Bip001_R_Toe21" name="Bip001_R_Toe21">
                        <matrix>1 1.49012e-8 -3.72529e-9 0.01451743 -7.45058e-9 1 5.96046e-8 -1.86265e-8 -1.86265e-8 0 1 4.19095e-8 0 0 0 1</matrix>
                        <node id="node-Bip001_R_Toe22" name="Bip001_R_Toe22">
                          <matrix>0.5236049 0.8519613 -3.72529e-9 0.03369507 -0.8519613 0.5236049 5.96046e-8 7.45058e-9 0 1.49012e-8 1 -1.76951e-8 0 0 0 1</matrix>
                        </node>
                      </node>
                    </node>
                  </node>
                </node>
              </node>
            </node>
          </node>
        </node>
      </node>
      <node id="node-Bounds" name="Bounds">
        <matrix sid="matrix">1 0 0 0 0 1 0 0.411981 0 0 1 0 0 0 0 1</matrix>
        <instance_geometry url="#geom-Bounds">
          <bind_material>
            <technique_common>
              <instance_material symbol="ColorMaterial" target="#ColorEffectR88G199B225-material"/>
            </technique_common>
          </bind_material>
        </instance_geometry>
      </node>
      <node id="node-EYE" name="EYE">
        <matrix sid="matrix">-0.9998646 0.01645375 1.5346e-7 4.09043e-8 -0.01645375 -0.9998646 -1.48491e-7 0.411981 1.50996e-7 -1.50996e-7 0.9999999 1.6 0 0 0 1</matrix>
      </node>
      <node id="node-CAM" name="CAM">
        <matrix sid="matrix">0.9999996 -3.01991e-7 0 0 3.01991e-7 0.9999996 -1.77636e-15 -0.009719968 0 1.77636e-15 1 1.928079 0 0 0 1</matrix>
      </node>
    </visual_scene>
  </library_visual_scenes>
  <library_animations>
    <animation>
      <source id="node-Bip001_matrix-input">
        <float_array id="node-Bip001_matrix-input-array" count="151">4.333333 4.366667 4.4 4.433333 4.466667 4.5 4.533333 4.566667 4.6 4.633333 4.666667 4.7 4.733333 4.766667 4.8 4.833333 4.866667 4.9 4.933333 4.966667 5 5.033333 5.066667 5.1 5.133333 5.166667 5.2 5.233333 5.266667 5.3 5.333333 5.366667 5.4 5.433333 5.466667 5.5 5.533333 5.566667 5.6 5.633333 5.666667 5.7 5.733333 5.766667 5.8 5.833333 5.866667 5.9 5.933333 5.966667 6 6.033333 6.066667 6.1 6.133333 6.166667 6.2 6.233333 6.266667 6.3 6.333333 6.366667 6.4 6.433333 6.466667 6.5 6.533333 6.566667 6.6 6.633333 6.666667 6.7 6.733333 6.766667 6.8 6.833333 6.866667 6.9 6.933333 6.966667 7 7.033333 7.066667 7.1 7.133333 7.166667 7.2 7.233333 7.266667 7.3 7.333333 7.366667 7.4 7.433333 7.466667 7.5 7.533333 7.566667 7.6 7.633333 7.666667 7.7 7.733333 7.766667 7.8 7.833333 7.866667 7.9 7.933333 7.966667 8 8.033334 8.066667 8.1 8.133333 8.166667 8.2 8.233334 8.266666 8.3 8.333333 8.366667 8.4 8.433333 8.466666 8.5 8.533334 8.566667 8.6 8.633333 8.666667 8.7 8.733334 8.766666 8.8 8.833333 8.866667 8.9 8.933333 8.966666 9 9.033334 9.066667 9.1 9.133333 9.166667 9.2 9.233334 9.266666 9.3 9.333333</float_array>
        <technique_common>
          <accessor source="#node-Bip001_matrix-input-array" count="151" stride="1">
            <param name="TIME" type="float"/>
          </accessor>
        </technique_common>
      </source>
      <source id="node-Bip001_matrix-output">
