<?xml version="1.0" encoding="utf-8"?>
<COLLADA xmlns="http://www.collada.org/2005/11/COLLADASchema" version="1.4.1">
  <asset>
    <contributor>
      <author>MattO</author>
      <authoring_tool>OpenCOLLADA for 3ds Max;  Version: 1.3.0;  Revision: 839M;  Platform: x64;  Configuration: Release_Max2012</authoring_tool>
      <source_data>file:///C:/Dropbox/Prj/GGStout/Kraad/Mantis_TP_Kraad_Animation_Master.max</source_data>
    </contributor>
    <created>2011-10-24T10:56:24</created>
    <modified>2011-10-24T10:56:24</modified>
    <unit name="meter" meter="1"/>
    <up_axis>Z_UP</up_axis>
  </asset>
  <library_effects>
    <effect id="ColorEffectR88G199B225">
      <profile_COMMON>
        <technique sid="common">
          <phong>
            <ambient>
              <color>0.345098 0.7803922 0.8823529 1</color>
            </ambient>
            <diffuse>
              <color>0.345098 0.7803922 0.8823529 1</color>
            </diffuse>
            <specular>
              <color>1 1 1 1</color>
            </specular>
            <shininess>
              <float>10</float>
            </shininess>
            <reflective>
              <color>0 0 0 1</color>
            </reflective>
            <transparent>
              <color>1 1 1 1</color>
            </transparent>
            <transparency>
              <float>1</float>
            </transparency>
          </phong>
        </technique>
      </profile_COMMON>
    </effect>
  </library_effects>
  <library_materials>
    <material id="ColorEffectR88G199B225-material" name="ColorEffectR88G199B225-material">
      <instance_effect url="#ColorEffectR88G199B225"/>
    </material>
  </library_materials>
  <library_geometries>
    <geometry id="geom-Bounds" name="Bounds">
      <mesh>
        <source id="geom-Bounds-positions">
          <float_array id="geom-Bounds-positions-array" count="24">-0.5 -0.5 0 0.5 -0.5 0 -0.5 0.5 0 0.5 0.5 0 -0.5 -0.5 2 0.5 -0.5 2 -0.5 0.5 2 0.5 0.5 2</float_array>
          <technique_common>
            <accessor source="#geom-Bounds-positions-array" count="8" stride="3">
              <param name="X" type="float"/>
              <param name="Y" type="float"/>
              <param name="Z" type="float"/>
            </accessor>
          </technique_common>
        </source>
        <source id="geom-Bounds-normals">
          <float_array id="geom-Bounds-normals-array" count="72">0 0 -1 0 0 -1 0 0 -1 0 0 -1 0 0 1 0 0 1 0 0 1 0 0 1 0 -1 0 0 -1 0 0 -1 0 0 -1 0 1 0 0 1 0 0 1 0 0 1 0 0 0 1 0 0 1 0 0 1 0 0 1 0 -1 0 0 -1 0 0 -1 0 0 -1 0 0</float_array>
          <technique_common>
            <accessor source="#geom-Bounds-normals-array" count="24" stride="3">
              <param name="X" type="float"/>
              <param name="Y" type="float"/>
              <param name="Z" type="float"/>
            </accessor>
          </technique_common>
        </source>
        <source id="geom-Bounds-map1">
          <float_array id="geom-Bounds-map1-array" count="36">0 0 0 1 0 0 0 1 0 1 1 0 0 0 0 1 0 0 0 1 0 1 1 0 0 0 0 1 0 0 0 1 0 1 1 0</float_array>
          <technique_common>
            <accessor source="#geom-Bounds-map1-array" count="12" stride="3">
              <param name="S" type="float"/>
              <param name="T" type="float"/>
              <param name="P" type="float"/>
            </accessor>
          </technique_common>
        </source>
        <vertices id="geom-Bounds-vertices">
          <input semantic="POSITION" source="#geom-Bounds-positions"/>
        </vertices>
        <triangles material="ColorMaterial" count="12">
          <input semantic="VERTEX" source="#geom-Bounds-vertices" offset="0"/>
          <input semantic="NORMAL" source="#geom-Bounds-normals" offset="1"/>
          <input semantic="TEXCOORD" source="#geom-Bounds-map1" offset="2" set="0"/>
          <p>0 0 9 2 1 11 3 2 10 3 2 10 1 3 8 0 0 9 4 4 8 5 5 9 7 6 11 7 6 11 6 7 10 4 4 8 0 8 4 1 9 5 5 10 7 5 10 7 4 11 6 0 8 4 1 12 0 3 13 1 7 14 3 7 14 3 5 15 2 1 12 0 3 16 4 2 17 5 6 18 7 6 18 7 7 19 6 3 16 4 2 20 0 0 21 1 4 22 3 4 22 3 6 23 2 2 20 0</p>
        </triangles>
      </mesh>
      <extra>
        <technique profile="OpenCOLLADA3dsMax">
          <max_box>
            <generateuvs>1</generateuvs>
            <height>2</height>
            <heightsegments>1</heightsegments>
            <length>1</length>
            <lengthsegments>1</lengthsegments>
            <width>1</width>
            <widthsegments>1</widthsegments>
          </max_box>
        </technique>
      </extra>
    </geometry>
  </library_geometries>
  <library_lights>
    <light id="EnvironmentAmbientLight" name="EnvironmentAmbientLight">
      <technique_common>
        <ambient>
          <color>0 0 0</color>
        </ambient>
      </technique_common>
    </light>
  </library_lights>
  <library_visual_scenes>
    <visual_scene id="MaxScene">
      <node name="EnvironmentAmbientLight">
        <instance_light url="#EnvironmentAmbientLight"/>
      </node>
      <node id="node-Bip001" name="Bip001">
        <matrix sid="matrix">0.4908452 -0.8335521 0.2534995 0 0.8299838 0.5358499 0.1548928 -4.37066e-8 -0.2649489 0.134372 0.954854 0.946796 0 0 0 1</matrix>
        <node id="node-Bip001_Pelvis" name="Bip001_Pelvis">
          <matrix sid="matrix">-0.06006098 0.9981921 -0.002268121 0 -0.1512669 -0.006855609 0.9884692 0 0.9866666 0.05971153 0.1514051 0 0 0 0 1</matrix>
          <node id="node-Bip001_Spine" name="Bip001_Spine">
            <matrix sid="matrix">0.9613936 -0.1361308 -0.2391462 0.09690875 0.1112899 0.987166 -0.1145338 0.005776733 0.2516685 0.08349741 0.964205 0.01486149 0 0 0 1</matrix>
            <node id="node-Bip001_Spine1" name="Bip001_Spine1">
              <matrix sid="matrix">0.9117465 -0.3962545 -0.1081695 0.1110505 0.3955288 0.9179953 -0.02900774 -8.11517e-5 0.1107937 -0.01633639 0.993709 1.44541e-6 0 0 0 1</matrix>
              <node id="node-Bip001_Spine2" name="Bip001_Spine2">
                <matrix sid="matrix">0.9769404 -0.1406178 -0.160668 0.1110282 0.1588856 0.9814694 0.1071136 -8.69036e-5 0.1426286 -0.1301715 0.9811792 1.15037e-5 0 0 0 1</matrix>
                <node id="node-Bip001_Spine3" name="Bip001_Spine3">
                  <matrix sid="matrix">0.9138695 -0.3001341 -0.2734262 0.111066 0.3356065 0.9374303 0.09269705 -1.57297e-4 0.2284966 -0.1764767 0.9574159 2.96235e-5 0 0 0 1</matrix>
                  <node id="node-Bip001_Neck" name="Bip001_Neck">
                    <matrix sid="matrix">0.9550989 -0.2232759 -0.1947662 0.2584314 0.1978857 0.9699529 -0.1415368 0.01280296 0.2205158 0.0966402 0.9705842 -3.75509e-6 0 0 0 1</matrix>
                    <node id="node-Bip001_Neck1" name="Bip001_Neck1">
                      <matrix sid="matrix">0.9016954 0.4263064 0.07216927 0.04893196 -0.4193018 0.9029009 -0.09463692 -3.51667e-5 -0.105506 0.05507305 0.9928924 -2.08616e-6 0 0 0 1</matrix>
                      <node id="node-Bip001_Neck2" name="Bip001_Neck2">
                        <matrix sid="matrix">0.9545163 0.2811762 -0.09919003 0.04893768 -0.2884498 0.9550412 -0.06850679 -3.71933e-5 0.07546806 0.09400214 0.9927075 -3.66569e-6 0 0 0 1</matrix>
                        <node id="node-Bip001_Head" name="Bip001_Head">
                          <matrix sid="matrix">0.9525749 0.1896545 0.2379743 0.04894865 -0.1647242 0.9789159 -0.120784 0 -0.2558643 0.07585565 0.9637319 0 0 0 0 1</matrix>
                          <node id="node-Bip001_Ponytail1" name="Bip001_Ponytail1">
                            <matrix>-0.0599907 -0.998199 -2.76882e-6 0.009580731 0.9981991 -0.05999067 -2.94019e-6 0.1139535 2.76882e-6 -2.94112e-6 1 9.68575e-8 0 0 0 1</matrix>
                          </node>
                          <node id="node-ALTEYE" name="ALTEYE">
                            <matrix>-0.009488113 0.5772491 0.8165135 0.1153698 0.002645086 0.8165617 -0.5772524 0.2046644 -0.9999516 -0.003317288 -0.009274501 -0.001006715 0 0 0 1</matrix>
                          </node>
                        </node>
                      </node>
                    </node>
                    <node id="node-Bip001_L_Clavicle" name="Bip001_L_Clavicle">
                      <matrix sid="matrix">0.5258595 -0.03223358 0.8499604 -0.03949758 0.5682304 -0.730262 -0.379251 0.014382 0.6329185 0.6824061 -0.3656992 0.03037697 0 0 0 1</matrix>
                      <node id="node-Bip001_L_UpperArm" name="Bip001_L_UpperArm">
                        <matrix sid="matrix">0.9869241 -0.003097117 0.1611558 0.07966608 -0.1506017 0.3386029 0.9287987 0 -0.05744445 -0.9409243 0.3337089 0 0 0 0 1</matrix>
                        <node id="node-Bip001_L_Forearm" name="Bip001_L_Forearm">
                          <matrix sid="matrix">0.4243142 0.9055151 2.98023e-8 0.4297333 -0.9055151 0.4243142 2.98023e-8 5.96046e-8 -5.96046e-8 -2.98023e-8 1 -5.96046e-8 0 0 0 1</matrix>
                          <node id="node-Bip001_L_Hand" name="Bip001_L_Hand">
                            <matrix sid="matrix">0.641134 0.1022712 -0.7605838 0.3774394 -0.1529623 -0.9541645 -0.2572403 0 -0.7520303 0.2812662 -0.5961036 0 0 0 0 1</matrix>
                            <node id="node-Bip001_L_Finger0" name="Bip001_L_Finger0">
                              <matrix>0.4919401 0.8244179 0.2798744 0.03908238 0.6521552 -0.1359659 -0.7457928 0.01738536 -0.5767917 0.5494069 -0.6045355 -0.04049921 0 0 0 1</matrix>
                              <node id="node-Bip001_L_Finger01" name="Bip001_L_Finger01">
                                <matrix>0.9511045 0.3088697 -2.98023e-8 0.1027656 -0.3088697 0.9511045 2.98023e-8 0 0 3.72529e-8 1 0 0 0 0 1</matrix>
                                <node id="node-Bip001_L_Finger02" name="Bip001_L_Finger02">
                                  <matrix>0.8065712 -0.5911371 2.98023e-8 0.05252504 0.5911371 0.8065712 0 0 0 5.96046e-8 1 0 0 0 0 1</matrix>
                                </node>
                              </node>
                            </node>
                            <node id="node-Bip001_L_Finger1" name="Bip001_L_Finger1">
                              <matrix>0.6375437 -0.7703909 0.005983959 0.1458857 0.7704014 0.6375585 7.96296e-4 -1.52588e-5 -0.004428625 0.004102392 0.9999818 -0.01919663 0 0 0 1</matrix>
                              <node id="node-Bip001_L_Finger11" name="Bip001_L_Finger11">
                                <matrix>0.5190607 -0.8547373 -1.49012e-8 0.0857811 0.8547373 0.5190609 -5.58794e-9 0 -1.11759e-8 2.6077e-8 0.9999999 1.78814e-7 0 0 0 1</matrix>
                                <node id="node-Bip001_L_Finger12" name="Bip001_L_Finger12">
                                  <matrix>0.9649358 -0.2624862 3.72529e-9 0.05549777 0.2624862 0.9649358 -3.49246e-9 0 1.86265e-8 -1.49012e-8 1 0 0 0 0 1</matrix>
                                </node>
                              </node>
                            </node>
                            <node id="node-Bip001_L_Finger2" name="Bip001_L_Finger2">
                              <matrix>0.5018926 -0.855015 -0.1305896 0.1437581 0.8647375 0.4928439 0.09661076 0.003213465 -0.01824337 -0.161414 0.9867181 0.02870387 0 0 0 1</matrix>
                              <node id="node-Bip001_L_Finger21" name="Bip001_L_Finger21">
                                <matrix>0.8477591 -0.5303817 0 0.07148433 0.5303817 0.8477591 7.45058e-9 -2.98023e-8 2.98023e-8 1.49012e-8 1 -1.78814e-7 0 0 0 1</matrix>
                                <node id="node-Bip001_L_Finger22" name="Bip001_L_Finger22">
                                  <matrix>0.8033119 -0.5955588 -1.49012e-8 0.05113888 0.5955588 0.8033118 -7.45058e-9 0 -2.98023e-8 -2.23517e-8 1 1.78814e-7 0 0 0 1</matrix>
                                </node>
                              </node>
                            </node>
                          </node>
                        </node>
                        <node id="node-Bip001_L_ForeTwist" name="Bip001_L_ForeTwist">
                          <matrix sid="matrix">0.4243142 0.7156847 0.554755 0.4297333 -0.9055151 0.3353618 0.2599519 5.96046e-8 -5.96046e-8 -0.6126402 0.790362 -5.96046e-8 0 0 0 1</matrix>
                          <node id="node-Bip001_L_ForeTwist1" name="Bip001_L_ForeTwist1">
                            <matrix sid="matrix">0.9999999 -1.11759e-8 -2.23517e-8 0.1887196 0 0.7903619 0.6126401 -5.96046e-8 1.86265e-8 -0.6126401 0.7903619 -1.49012e-8 0 0 0 1</matrix>
                          </node>
                        </node>
                      </node>
                      <node id="node-Bip001_LUpArmTwist" name="Bip001_LUpArmTwist">
                        <matrix sid="matrix">0.9869241 -0.003097117 0.1611558 0.07966608 -0.1506017 0.3386029 0.9287987 0 -0.05744445 -0.9409243 0.3337089 0 0 0 0 1</matrix>
                        <node id="node-Bip001_LUpArmTwist1" name="Bip001_LUpArmTwist1">
                          <matrix>1 -2.98023e-8 2.98023e-8 0.2148666 2.98023e-8 1 2.98023e-8 5.96046e-8 2.98023e-8 2.98023e-8 1 -5.96046e-8 0 0 0 1</matrix>
                        </node>
                      </node>
                    </node>
                    <node id="node-Bip001_R_Clavicle" name="Bip001_R_Clavicle">
                      <matrix sid="matrix">-0.3425454 -0.2967242 -0.8914132 -0.04927069 0.7069357 -0.7063332 -0.03653917 0.01009905 -0.6187927 -0.642688 0.4517162 -0.01263857 0 0 0 1</matrix>
                      <node id="node-Bip001_R_UpperArm" name="Bip001_R_UpperArm">
                        <matrix sid="matrix">0.7393535 0.1977853 -0.6436125 0.07966632 -0.5326814 0.7564838 -0.37945 0 0.411833 0.6233882 0.6646658 -5.96046e-8 0 0 0 1</matrix>
                        <node id="node-Bip001_R_Forearm" name="Bip001_R_Forearm">
                          <matrix sid="matrix">-0.5821186 0.8131041 -7.45058e-9 0.4297335 -0.8131039 -0.5821186 7.45058e-9 -2.98023e-8 5.58794e-8 -1.49012e-8 1 0 0 0 0 1</matrix>
                          <node id="node-Bip001_R_Hand" name="Bip001_R_Hand">
                            <matrix sid="matrix">0.8790246 0.3228749 0.3508099 0.3774394 0.4001135 -0.09942537 -0.9110564 0 -0.2592778 0.9412047 -0.2165839 0 0 0 0 1</matrix>
                            <node id="node-Bip001_R_Finger0" name="Bip001_R_Finger0">
                              <matrix>0.6486482 0.5772245 -0.4960516 0.03908238 0.6676159 -0.1185831 0.7350014 0.01738539 0.3654375 -0.8079292 -0.462283 0.04049933 0 0 0 1</matrix>
                              <node id="node-Bip001_R_Finger01" name="Bip001_R_Finger01">
                                <matrix>0.6155393 -0.7881061 3.35276e-8 0.1027656 0.7881061 0.6155394 0 1.19209e-7 4.47035e-8 1.49012e-8 1 1.19209e-7 0 0 0 1</matrix>
                                <node id="node-Bip001_R_Finger02" name="Bip001_R_Finger02">
                                  <matrix>0.1523349 -0.9883289 0 0.05252495 0.9883291 0.152335 -2.98023e-8 0 0 -1.04308e-7 1 -1.19209e-7 0 0 0 1</matrix>
                                </node>
                              </node>
                            </node>
                            <node id="node-Bip001_R_Finger1" name="Bip001_R_Finger1">
                              <matrix>0.7109716 -0.632343 -0.3076713 0.1458857 0.6327783 0.7661361 -0.1123713 -1.52886e-5 0.3067753 -0.1147948 0.9448339 0.01919651 0 0 0 1</matrix>
                              <node id="node-Bip001_R_Finger11" name="Bip001_R_Finger11">
                                <matrix>-0.6406225 -0.7678561 7.45058e-9 0.08578134 0.7678562 -0.6406225 0 5.96046e-8 3.88827e-8 7.45058e-9 1 5.96046e-8 0 0 0 1</matrix>
                                <node id="node-Bip001_R_Finger12" name="Bip001_R_Finger12">
                                  <matrix>0.8432423 -0.5375337 9.31323e-10 0.05549783 0.5375336 0.8432423 -1.49012e-8 7.45058e-9 -3.35276e-8 0 1 0 0 0 0 1</matrix>
                                </node>
                              </node>
                            </node>
                            <node id="node-Bip001_R_Finger2" name="Bip001_R_Finger2">
                              <matrix>0.2634968 -0.9557804 0.1305896 0.143758 0.9628298 0.2522402 -0.09661079 0.003213406 0.05939873 0.1511922 0.9867182 -0.02870393 0 0 0 1</matrix>
                              <node id="node-Bip001_R_Finger21" name="Bip001_R_Finger21">
                                <matrix>-0.03544474 -0.9993716 1.49012e-8 0.07148439 0.9993716 -0.03544468 0 0 2.98023e-8 -3.72529e-9 1 -1.19209e-7 0 0 0 1</matrix>
                                <node id="node-Bip001_R_Finger22" name="Bip001_R_Finger22">
                                  <matrix>0.7483485 -0.6633058 0 0.05113897 0.6633057 0.7483485 0 1.11759e-8 0 2.98023e-8 1 0 0 0 0 1</matrix>
                                </node>
                              </node>
                            </node>
                            <node id="node-mount0" name="mount0">
                              <matrix>-3.86499e-8 1 5.36442e-7 0.1088288 -1 -2.75671e-7 -1.25729e-7 0.03070413 1.6205e-7 -4.76837e-7 0.9999999 0.01333499 0 0 0 1</matrix>
                            </node>
                          </node>
                        </node>
                        <node id="node-Bip001_R_ForeTwist" name="Bip001_R_ForeTwist">
                          <matrix sid="matrix">-0.5821186 0.8106446 -0.06319457 0.4297335 -0.8131039 -0.5803578 0.04524237 -2.98023e-8 5.58794e-8 0.07772015 0.9969751 0 0 0 0 1</matrix>
                          <node id="node-Bip001_R_ForeTwist1" name="Bip001_R_ForeTwist1">
                            <matrix sid="matrix">1 0 -1.72295e-8 0.1887197 0 0.9969754 -0.07772019 5.96046e-8 -1.49012e-8 0.07772018 0.9969753 0 0 0 0 1</matrix>
                          </node>
                        </node>
                      </node>
                      <node id="node-Bip001_RUpArmTwist" name="Bip001_RUpArmTwist">
                        <matrix sid="matrix">0.7393535 0.1977853 -0.6436125 0.07966632 -0.5326814 0.7564838 -0.37945 0 0.411833 0.6233882 0.6646658 -5.96046e-8 0 0 0 1</matrix>
                        <node id="node-Bip001_RUpArmTwist1" name="Bip001_RUpArmTwist1">
                          <matrix>0.9999999 0 -7.45058e-9 0.2148666 0 0.9999999 7.45058e-9 0 -2.23517e-8 -1.49012e-8 1 0 0 0 0 1</matrix>
                        </node>
                      </node>
                    </node>
                  </node>
                </node>
              </node>
            </node>
            <node id="node-Bip001_L_Thigh" name="Bip001_L_Thigh">
              <matrix sid="matrix">-0.6952005 0.7082477 0.1228062 -0.07925981 0.6810644 0.5943673 0.4276431 0.01231727 0.2298853 0.3809368 -0.8955668 0.07958382 0 0 0 1</matrix>
              <node id="node-Bip001_L_Calf" name="Bip001_L_Calf">
                <matrix sid="matrix">-0.8021194 0.5971638 0 0.454169 -0.5971637 -0.8021194 3.72529e-9 0 1.86265e-9 -5.96046e-8 1 0 0 0 0 1</matrix>
                <node id="node-Bip001_L_HorseLink" name="Bip001_L_HorseLink">
                  <matrix sid="matrix">-0.8806149 -0.4738325 3.72529e-9 0.3208733 0.4738325 -0.8806149 0 0 6.70552e-8 2.98023e-8 0.9999999 0 0 0 0 1</matrix>
                  <node id="node-Bip001_L_Foot" name="Bip001_L_Foot">
                    <matrix sid="matrix">0.2004843 0.9757997 0.0872963 0.36176 -0.9583406 0.1768306 0.224307 -2.98023e-8 0.2034422 -0.1286297 0.9706007 -1.49012e-8 0 0 0 1</matrix>
                    <node id="node-Bip001_L_Toe0" name="Bip001_L_Toe0">
                      <matrix sid="matrix">0.66259 -0.7481647 -0.03499857 0.0865424 0.7479941 0.6585928 0.08222425 0.1234713 -0.03846745 -0.08065965 0.9959992 -0.02420597 0 0 0 1</matrix>
                      <node id="node-Bip001_L_Toe01" name="Bip001_L_Toe01">
                        <matrix sid="matrix">0.6411613 0.767406 5.58794e-9 0.04576604 -0.7674061 0.6411613 -1.67638e-8 5.96046e-8 1.49012e-8 5.58794e-9 1 -3.72529e-9 0 0 0 1</matrix>
                        <node id="node-Bip001_L_Toe02" name="Bip001_L_Toe02">
                          <matrix sid="matrix">0.23221 0.9726657 -1.49012e-8 0.03187376 -0.9726657 0.2322101 1.49012e-8 0 3.44589e-8 -1.49012e-8 1 0 0 0 0 1</matrix>
                        </node>
                      </node>
                    </node>
                    <node id="node-Bip001_L_Toe1" name="Bip001_L_Toe1">
                      <matrix sid="matrix">0.7570089 -0.6476501 0.08652934 0.09280643 0.6528365 0.7552115 -0.05882602 0.1308167 -0.02724925 0.1010213 0.9945111 0.03696452 0 0 0 1</matrix>
                      <node id="node-Bip001_L_Toe11" name="Bip001_L_Toe11">
                        <matrix sid="matrix">0.7082107 0.706001 1.86265e-9 0.04370603 -0.706001 0.7082108 1.5425e-8 2.98023e-8 5.58794e-9 -1.30385e-8 1 0 0 0 0 1</matrix>
                        <node id="node-Bip001_L_Toe12" name="Bip001_L_Toe12">
                          <matrix sid="matrix">0.21043 0.977609 1.86265e-9 0.03796017 -0.9776089 0.21043 3.72529e-9 -1.49012e-8 2.14204e-8 1.67638e-8 1 -7.45058e-9 0 0 0 1</matrix>
                        </node>
                      </node>
                    </node>
                    <node id="node-Bip001_L_Toe2" name="Bip001_L_Toe2">
                      <matrix sid="matrix">0.2574657 -0.7047859 0.6610512 0.06798336 0.4526597 -0.5164372 -0.7269059 0.002804011 0.8537043 0.4863844 0.1860632 0.04295147 0 0 0 1</matrix>
                      <node id="node-Bip001_L_Toe21" name="Bip001_L_Toe21">
                        <matrix>1 0 2.23517e-8 0.01451741 0 1 0 0 -9.31323e-9 0 1 1.49012e-8 0 0 0 1</matrix>
                        <node id="node-Bip001_L_Toe22" name="Bip001_L_Toe22">
                          <matrix>0.5236049 0.8519613 2.23517e-8 0.03369503 -0.8519614 0.5236049 0 0 2.23517e-8 4.5402e-8 1 0 0 0 0 1</matrix>
                        </node>
                      </node>
                    </node>
                  </node>
                </node>
              </node>
            </node>
            <node id="node-Bip001_R_Thigh" name="Bip001_R_Thigh">
              <matrix sid="matrix">-0.498419 0.8236942 0.2703817 -0.1158411 0.84391 0.5323841 -0.0662064 1.80185e-4 -0.1984808 0.1951793 -0.9604741 -0.06056898 0 0 0 1</matrix>
              <node id="node-Bip001_R_Calf" name="Bip001_R_Calf">
                <matrix sid="matrix">-0.7306808 0.6827192 -4.47035e-8 0.4541689 -0.6827192 -0.7306809 0 5.96046e-8 8.56817e-8 -2.98023e-8 1 0 0 0 0 1</matrix>
                <node id="node-Bip001_R_HorseLink" name="Bip001_R_HorseLink">
                  <matrix sid="matrix">0.06706097 -0.9977489 -1.11759e-8 0.3208733 0.9977489 0.06706099 -1.49012e-8 0 -4.47035e-8 4.09782e-8 1 0 0 0 0 1</matrix>
                  <node id="node-Bip001_R_Foot" name="Bip001_R_Foot">
                    <matrix sid="matrix">0.5739503 0.8179405 0.03942798 0.3617601 -0.8129209 0.5749086 -0.09295073 -1.49012e-8 -0.09869564 0.02129722 0.9948897 0 0 0 0 1</matrix>
                    <node id="node-Bip001_R_Toe0" name="Bip001_R_Toe0">
                      <matrix sid="matrix">0.8511088 -0.4192201 0.3160192 0.08654237 0.4993359 0.8322938 -0.2407289 0.1234713 -0.1621024 0.3626863 0.9177044 0.02420595 0 0 0 1</matrix>
                      <node id="node-Bip001_R_Toe01" name="Bip001_R_Toe01">
                        <matrix sid="matrix">0.7469205 0.6649138 0 0.04576606 -0.6649137 0.7469204 -7.45058e-9 -3.72529e-9 2.23517e-8 0 1 2.98023e-8 0 0 0 1</matrix>
                        <node id="node-Bip001_R_Toe02" name="Bip001_R_Toe02">
                          <matrix sid="matrix">0.6437498 0.7652362 5.21541e-8 0.03187375 -0.7652361 0.6437498 -1.49012e-8 0 -5.96046e-8 -2.98023e-8 0.9999999 -2.98023e-8 0 0 0 1</matrix>
                        </node>
                      </node>
                    </node>
                    <node id="node-Bip001_R_Toe1" name="Bip001_R_Toe1">
                      <matrix sid="matrix">0.8319163 -0.5174388 0.2004301 0.09280641 0.5313873 0.8469115 -0.01918283 0.1308167 -0.1598206 0.1224646 0.9795201 -0.03696451 0 0 0 1</matrix>
                      <node id="node-Bip001_R_Toe11" name="Bip001_R_Toe11">
                        <matrix sid="matrix">0.6455593 0.7637101 2.23517e-8 0.04370601 -0.7637102 0.6455593 4.09782e-8 2.23517e-8 -2.79397e-8 -2.98023e-8 1 2.98023e-8 0 0 0 1</matrix>
                        <node id="node-Bip001_R_Toe12" name="Bip001_R_Toe12">
                          <matrix sid="matrix">0.4112939 0.9115028 -3.72529e-9 0.03796013 -0.9115028 0.4112939 0 7.45058e-9 1.49012e-8 1.2666e-7 1 -1.49012e-8 0 0 0 1</matrix>
                        </node>
                      </node>
                    </node>
                    <node id="node-Bip001_R_Toe2" name="Bip001_R_Toe2">
                      <matrix sid="matrix">0.4094537 -0.7245054 -0.5544723 0.06798328 0.1790135 -0.5321381 0.8275161 0.002804026 -0.8945959 -0.4380876 -0.08818959 -0.04295146 0 0 0 1</matrix>
                      <node id="node-Bip001_R_Toe21" name="Bip001_R_Toe21">
                        <matrix>1 -2.98023e-8 5.96046e-8 0.01451744 2.98023e-8 1 2.98023e-8 -2.98023e-8 2.98023e-8 2.98023e-8 1 0 0 0 0 1</matrix>
                        <node id="node-Bip001_R_Toe22" name="Bip001_R_Toe22">
                          <matrix>0.5236049 0.8519613 5.96046e-8 0.03369503 -0.8519613 0.5236049 2.98023e-8 1.49012e-8 -2.98023e-8 8.56817e-8 1 0 0 0 0 1</matrix>
                        </node>
                      </node>
                    </node>
                  </node>
                </node>
              </node>
            </node>
          </node>
        </node>
      </node>
      <node id="node-Bounds" name="Bounds">
        <matrix>1 0 0 0 0 1 0 0.411981 0 0 1 0 0 0 0 1</matrix>
        <instance_geometry url="#geom-Bounds">
          <bind_material>
            <technique_common>
              <instance_material symbol="ColorMaterial" target="#ColorEffectR88G199B225-material"/>
            </technique_common>
          </bind_material>
        </instance_geometry>
      </node>
      <node id="node-EYE" name="EYE">
        <matrix sid="matrix">-0.9997148 0.02387938 -8.94854e-8 4.09043e-8 -0.02387938 -0.9997148 8.53102e-8 0.411981 -8.74228e-8 8.74228e-8 0.9999999 1.6 0 0 0 1</matrix>
      </node>
      <node id="node-CAM" name="CAM">
        <matrix>-0.9999996 1.50996e-7 0 0 -1.50996e-7 -0.9999996 1.77636e-15 -0.009719968 0 1.77636e-15 1 1.928079 0 0 0 1</matrix>
      </node>
    </visual_scene>
  </library_visual_scenes>
  <library_animations>
    <animation>
      <source id="node-Bip001_matrix-input">
        <float_array id="node-Bip001_matrix-input-array" count="16">30.33333 30.36667 30.4 30.43333 30.46667 30.5 30.53333 30.56667 30.6 30.63333 30.66667 30.7 30.73333 30.76667 30.8 30.83333</float_array>
        <technique_common>
          <accessor source="#node-Bip001_matrix-input-array" count="16" stride="1">
            <param name="TIME" type="float"/>
          </accessor>
        </technique_common>
      </source>
      <source id="node-Bip001_matrix-output">
        <float_array id="node-Bip001_matrix-output-array" count="256">0.4908452 -0.8335521 0.2534995 0 0.8299838 0.5358499 0.1548928 0 -0.2649489 0.134372 0.954854 0.946796 0 0 0 1 0.4908452 -0.8335521 0.2534994 0 0.8299838 0.5358499 0.1548928 0 -0.2649489 0.1343719 0.9548541 0.9298725 0 0 0 1 0.4908452 -0.8335521 0.2534993 0 0.8299838 0.5358498 0.1548928 0 -0.2649487 0.1343719 0.9548541 0.8867527 0 0 0 1 0.4908452 -0.8335522 0.2534991 0 0.8299839 0.5358498 0.1548927 0 -0.2649486 0.1343718 0.9548541 0.8282561 0 0 0 1 0.4908451 -0.8335523 0.253499 0 0.829984 0.5358497 0.1548927 0 -0.2649486 0.1343718 0.9548542 0.7647546 0 0 0 1 0.4908449 -0.8335524 0.2534989 0 0.8299841 0.5358495 0.1548927 0 -0.2649484 0.1343718 0.9548542 0.7066742 0 0 0 1 0.4908449 -0.8335524 0.2534989 0 0.8299841 0.5358495 0.1548926 0 -0.2649484 0.1343718 0.9548542 0.6385795 0 0 0 1 0.4908449 -0.8335524 0.2534989 0 0.8299841 0.5358495 0.1548926 0 -0.2649484 0.1343718 0.9548542 0.5664417 0 0 0 1 0.4908447 -0.8335525 0.2534989 0 0.8299843 0.5358492 0.1548926 0 -0.2649484 0.1343718 0.9548543 0.5325592 0 0 0 1 0.4908446 -0.8335526 0.2534988 0 0.8299843 0.5358491 0.1548925 0 -0.2649482 0.1343718 0.9548543 0.5504435 0 0 0 1 0.4908442 -0.8335528 0.2534986 0 0.8299847 0.5358486 0.1548925 0 -0.264948 0.1343719 0.9548543 0.5961863 0 0 0 1 0.490844 -0.8335531 0.2534983 0 0.8299849 0.5358484 0.1548923 0 -0.2649477 0.1343718 0.9548544 0.658405 0 0 0 1 0.4908437 -0.8335533 0.2534981 0 0.8299852 0.535848 0.1548922 0 -0.2649474 0.1343718 0.9548545 0.7261241 0 0 0 1 0.4908434 -0.8335536 0.2534978 0 0.8299854 0.5358476 0.1548921 0 -0.2649471 0.1343717 0.9548546 0.788502 0 0 0 1 0.4908431 -0.8335538 0.2534977 0 0.8299856 0.5358473 0.154892 0 -0.2649469 0.1343717 0.9548546 0.834565 0 0 0 1 0.4908432 -0.8335538 0.2534977 0 0.8299856 0.5358474 0.154892 0 -0.2649469 0.1343716 0.9548547 0.8529337 0 0 0 1</float_array>
        <technique_common>
          <accessor source="#node-Bip001_matrix-output-array" count="16" stride="16">
            <param name="TRANSFORM" type="float4x4"/>
          </accessor>
        </technique_common>
      </source>
      <source id="node-Bip001_matrix-interpolation">
        <Name_array id="node-Bip001_matrix-interpolation-array" count="16">LINEAR LINEAR LINEAR LINEAR LINEAR LINEAR LINEAR LINEAR LINEAR LINEAR LINEAR LINEAR LINEAR LINEAR LINEAR LINEAR</Name_array>
        <technique_common>
          <accessor source="#node-Bip001_matrix-interpolation-array" count="16" stride="1">
            <param name="INTERPOLATION" type="name"/>
          </accessor>
        </technique_common>
      </source>
      <source id="node-Bip001_Pelvis_matrix-input">
        <float_array id="node-Bip001_Pelvis_matrix-input-array" count="16">30.33333 30.36667 30.4 30.43333 30.46667 30.5 30.53333 30.56667 30.6 30.63333 30.66667 30.7 30.73333 30.76667 30.8 30.83333</float_array>
        <technique_common>
          <accessor source="#node-Bip001_Pelvis_matrix-input-array" count="16" stride="1">
            <param name="TIME" type="float"/>
          </accessor>
        </technique_common>
      </source>
      <source id="node-Bip001_Pelvis_matrix-output">
        <float_array id="node-Bip001_Pelvis_matrix-output-array" count="256">-0.06006097 0.9981921 -0.002268075 0 -0.1512668 -0.006855607 0.9884692 0 0.9866666 0.05971151 0.1514051 0 0 0 0 1 -0.06006097 0.9981921 -0.002268135 0 -0.1512668 -0.006855607 0.9884692 0 0.9866666 0.05971157 0.1514051 0 0 0 0 1 -0.06006091 0.9981921 -0.002268135 0 -0.1512668 -0.006855547 0.9884692 0 0.9866667 0.05971151 0.1514051 0 0 0 0 1 -0.06006097 0.9981921 -0.002268135 0 -0.1512668 -0.006855607 0.9884692 0 0.9866666 0.05971151 0.1514052 0 0 0 0 1 -0.06006097 0.9981921 -0.002268075 0 -0.1512669 -0.006855547 0.9884692 0 0.9866666 0.05971151 0.1514052 0 0 0 0 1 -0.06006097 0.9981923 -0.002268135 0 -0.1512668 -0.006855607 0.9884693 0 0.9866668 0.05971151 0.1514051 0 0 0 0 1 -0.06006097 0.9981921 -0.002268135 0 -0.1512668 -0.006855547 0.9884693 0 0.9866667 0.05971145 0.1514051 0 0 0 0 1 -0.06006097 0.9981921 -0.002268135 0 -0.1512668 -0.006855547 0.9884693 0 0.9866667 0.05971145 0.1514051 0 0 0 0 1 -0.06006097 0.9981922 -0.002268135 0 -0.1512668 -0.006855547 0.9884693 0 0.9866668 0.05971151 0.1514051 0 0 0 0 1 -0.05674022 0.9983869 -0.002083301 0 -0.1492238 -0.006417274 0.9887827 0 0.9871743 0.0564146 0.1493472 0 0 0 0 1 -0.04817175 0.9988378 -0.001638948 0 -0.1439452 -0.005318343 0.9895714 0 0.9884126 0.04790532 0.1440341 0 0 0 0 1 -0.03644633 0.9993351 -0.001105964 0 -0.1367059 -0.003889441 0.9906041 0 0.989941 0.03625518 0.1367567 0 0 0 0 1 -0.02366089 0.9997198 -6.23412e-4 0 -0.1287913 -0.002429723 0.9916688 0 0.9913894 0.02354407 0.1288126 0 0 0 0 1 -0.01192009 0.999929 -2.70888e-4 0 -0.1215041 -0.001179575 0.9925901 0 0.9925194 0.01186466 0.1215095 0 0 0 0 1 -0.003330886 0.9999945 -6.76364e-5 0 -0.1161614 -3.1973e-4 0.9932304 0 0.9932247 0.003316223 0.1161619 0 0 0 0 1 0 1 -1.38581e-6 0 -0.1140869 1.40071e-6 0.9934707 0 0.9934707 1.49012e-7 0.1140869 0 0 0 0 1</float_array>
        <technique_common>
          <accessor source="#node-Bip001_Pelvis_matrix-output-array" count="16" stride="16">
            <param name="TRANSFORM" type="float4x4"/>
          </accessor>
        </technique_common>
      </source>
      <source id="node-Bip001_Pelvis_matrix-interpolation">
        <Name_array id="node-Bip001_Pelvis_matrix-interpolation-array" count="16">LINEAR LINEAR LINEAR LINEAR LINEAR LINEAR LINEAR LINEAR LINEAR LINEAR LINEAR LINEAR LINEAR LINEAR LINEAR LINEAR</Name_array>
        <technique_common>
          <accessor source="#node-Bip001_Pelvis_matrix-interpolation-array" count="16" stride="1">
            <param name="INTERPOLATION" type="name"/>
          </accessor>
        </technique_common>
      </source>
      <source id="node-Bip001_Spine_matrix-input">
        <float_array id="node-Bip001_Spine_matrix-input-array" count="16">30.33333 30.36667 30.4 30.43333 30.46667 30.5 30.53333 30.56667 30.6 30.63333 30.66667 30.7 30.73333 30.76667 30.8 30.83333</float_array>
        <technique_common>
          <accessor source="#node-Bip001_Spine_matrix-input-array" count="16" stride="1">
            <param name="TIME" type="float"/>
          </accessor>
        </technique_common>
      </source>
      <source id="node-Bip001_Spine_matrix-output">
        <float_array id="node-Bip001_Spine_matrix-output-array" count="256">0.9613936 -0.1361308 -0.2391461 0.09690874 0.1112899 0.987166 -0.1145338 0.005776703 0.2516685 0.0834974 0.964205 0.01486146 0 0 0 1 0.9613936 -0.1361308 -0.2391461 0.09690868 0.1112899 0.9871659 -0.1145338 0.005776703 0.2516685 0.0834974 0.964205 0.01486146 0 0 0 1 0.9613935 -0.1361308 -0.2391461 0.09690856 0.1112899 0.9871661 -0.1145337 0.005776762 0.2516684 0.08349734 0.964205 0.0148614 0 0 0 1 0.9613935 -0.1361308 -0.2391461 0.09690868 0.1112899 0.9871659 -0.1145336 0.005776703 0.2516685 0.08349728 0.964205 0.01486146 0 0 0 1 0.9613936 -0.1361308 -0.2391461 0.09690862 0.1112899 0.9871659 -0.1145337 0.005776703 0.2516685 0.08349728 0.964205 0.01486146 0 0 0 1 0.9613935 -0.1361308 -0.2391461 0.09690868 0.1112899 0.9871659 -0.1145337 0.005776703 0.2516685 0.08349728 0.964205 0.01486146 0 0 0 1 0.9613935 -0.1361308 -0.2391461 0.09690868 0.1112899 0.987166 -0.1145337 0.005776703 0.2516685 0.08349734 0.964205 0.01486146 0 0 0 1 0.9613935 -0.1361308 -0.2391461 0.09690868 0.1112899 0.987166 -0.1145337 0.005776762 0.2516685 0.08349734 0.964205 0.01486146 0 0 0 1 0.9613935 -0.1361308 -0.2391461 0.09690862 0.1112899 0.9871659 -0.1145336 0.005776703 0.2516685 0.08349728 0.964205 0.01486146 0 0 0 1 0.9622824 -0.132667 -0.2375117 0.09695822 0.1080703 0.9876084 -0.1138004 0.00545293 0.2496661 0.08384007 0.9646956 0.01465934 0 0 0 1 0.9645063 -0.1237245 -0.2332809 0.09707903 0.09975433 0.988696 -0.1119346 0.004617154 0.2444929 0.08469074 0.9659455 0.0141375 0 0 0 1 0.9673861 -0.1114752 -0.2274593 0.09722816 0.0883547 0.9900585 -0.1094427 0.003472864 0.2373982 0.08577626 0.967618 0.01342272 0 0 0 1 0.9703115 -0.09810268 -0.2210696 0.09736925 0.07589852 0.9913788 -0.1068064 0.002224445 0.2296419 0.08685648 0.9693919 0.0126425 0 0 0 1 0.9728008 -0.08580833 -0.2151638 0.09747904 0.06443631 0.9924395 -0.1044592 0.001077353 0.2225006 0.08775365 0.9709752 0.01192516 0 0 0 1 0.9745029 -0.07680559 -0.21082 0.09754759 0.05603665 0.9931236 -0.1027871 2.37823e-4 0.217265 0.08835262 0.9721058 0.01139992 0 0 0 1 0.9751359 -0.07331234 -0.2091302 0.09757131 0.05277591 0.9933682 -0.1021487 -8.78274e-5 0.2152321 0.08857178 0.9725381 0.01119613 0 0 0 1</float_array>
        <technique_common>
          <accessor source="#node-Bip001_Spine_matrix-output-array" count="16" stride="16">
            <param name="TRANSFORM" type="float4x4"/>
          </accessor>
        </technique_common>
      </source>
      <source id="node-Bip001_Spine_matrix-interpolation">
        <Name_array id="node-Bip001_Spine_matrix-interpolation-array" count="16">LINEAR LINEAR LINEAR LINEAR LINEAR LINEAR LINEAR LINEAR LINEAR LINEAR LINEAR LINEAR LINEAR LINEAR LINEAR LINEAR</Name_array>
        <technique_common>
          <accessor source="#node-Bip001_Spine_matrix-interpolation-array" count="16" stride="1">
            <param name="INTERPOLATION" type="name"/>
          </accessor>
        </technique_common>
      </source>
      <source id="node-Bip001_Spine1_matrix-input">
        <float_array id="node-Bip001_Spine1_matrix-input-array" count="16">30.33333 30.36667 30.4 30.43333 30.46667 30.5 30.53333 30.56667 30.6 30.63333 30.66667 30.7 30.73333 30.76667 30.8 30.83333</float_array>
        <technique_common>
          <accessor source="#node-Bip001_Spine1_matrix-input-array" count="16" stride="1">
            <param name="TIME" type="float"/>
          </accessor>
        </technique_common>
      </source>
      <source id="node-Bip001_Spine1_matrix-output">
        <float_array id="node-Bip001_Spine1_matrix-output-array" count="256">0.9117465 -0.3962545 -0.1081695 0.1110505 0.3955288 0.9179953 -0.02900773 -8.11517e-5 0.1107937 -0.01633638 0.993709 1.44541e-6 0 0 0 1 0.9217807 -0.3749666 -0.09859085 0.1110489 0.3738032 0.926999 -0.03072291 -8.2016e-5 0.1029137 -0.008533775 0.9946537 7.63684e-7 0 0 0 1 0.9466084 -0.3141287 -0.07249468 0.1110435 0.3121074 0.9492865 -0.03799778 -8.39829e-5 0.08075445 0.01334285 0.9966446 -1.17719e-6 0 0 0 1 0.9665822 -0.2518578 -0.04781657 0.1110378 0.2495859 0.9671233 -0.04877752 -8.55029e-5 0.05852955 0.03521317 0.9976645 -3.11062e-6 0 0 0 1 0.972541 -0.2293665 -0.0394271 0.1110358 0.2271645 0.9723892 -0.05343413 -8.59797e-5 0.0505945 0.04301041 0.9977926 -3.80352e-6 0 0 0 1 0.9654706 -0.2557878 -0.04938673 0.1110381 0.2535 0.9661353 -0.04816883 -8.54135e-5 0.06003528 0.03398597 0.9976176 -3.00258e-6 0 0 0 1 0.9512339 -0.3010361 -0.06731563 0.1110422 0.29887 0.9534359 -0.04045516 -8.42959e-5 0.07635962 0.01836371 0.9969113 -1.6205e-6 0 0 0 1 0.9344431 -0.3455711 -0.08600461 0.1110461 0.3438478 0.9383887 -0.03457611 -8.29846e-5 0.09265428 0.002736866 0.9956945 -2.45869e-7 0 0 0 1 0.9235708 -0.3709309 -0.09709477 0.1110484 0.369598 0.9286392 -0.03204077 -8.21352e-5 0.1020509 -0.006294071 0.9947592 5.47618e-7 0 0 0 1 0.9235709 -0.3709309 -0.09709477 0.1110484 0.369598 0.9286392 -0.03204077 -8.21054e-5 0.1020509 -0.006294071 0.9947593 5.53206e-7 0 0 0 1 0.9235709 -0.3709309 -0.09709477 0.1110483 0.369598 0.9286392 -0.03204077 -8.21054e-5 0.1020509 -0.006294071 0.9947593 5.4948e-7 0 0 0 1 0.9235707 -0.3709309 -0.09709477 0.1110483 0.369598 0.9286392 -0.03204077 -8.20756e-5 0.1020509 -0.006294131 0.9947592 5.43892e-7 0 0 0 1 0.9235708 -0.3709309 -0.09709477 0.1110484 0.369598 0.9286392 -0.03204077 -8.21352e-5 0.1020509 -0.006294131 0.9947593 5.55068e-7 0 0 0 1 0.9235709 -0.3709309 -0.09709477 0.1110483 0.369598 0.9286392 -0.03204077 -8.21054e-5 0.1020509 -0.006294131 0.9947593 5.43892e-7 0 0 0 1 0.9235708 -0.3709309 -0.09709477 0.1110482 0.369598 0.9286392 -0.03204071 -8.21054e-5 0.1020509 -0.006294071 0.9947593 5.43892e-7 0 0 0 1 0.9235707 -0.3709309 -0.09709477 0.1110484 0.369598 0.9286392 -0.03204065 -8.21054e-5 0.1020509 -0.006294071 0.994759 5.62519e-7 0 0 0 1</float_array>
        <technique_common>
          <accessor source="#node-Bip001_Spine1_matrix-output-array" count="16" stride="16">
            <param name="TRANSFORM" type="float4x4"/>
          </accessor>
        </technique_common>
      </source>
      <source id="node-Bip001_Spine1_matrix-interpolation">
        <Name_array id="node-Bip001_Spine1_matrix-interpolation-array" count="16">LINEAR LINEAR LINEAR LINEAR LINEAR LINEAR LINEAR LINEAR LINEAR LINEAR LINEAR LINEAR LINEAR LINEAR LINEAR LINEAR</Name_array>
        <technique_common>
          <accessor source="#node-Bip001_Spine1_matrix-interpolation-array" count="16" stride="1">
            <param name="INTERPOLATION" type="name"/>
          </accessor>
        </technique_common>
      </source>
      <source id="node-Bip001_Spine2_matrix-input">
