<?xml version="1.0" encoding="utf-8"?>
<COLLADA xmlns="http://www.collada.org/2005/11/COLLADASchema" version="1.4.1">
  <asset>
    <contributor>
      <author>MattO</author>
      <authoring_tool>OpenCOLLADA for 3ds Max;  Version: 1.3.0;  Revision: 839M;  Platform: x64;  Configuration: Release_Max2012</authoring_tool>
      <source_data>file:///C:/Dropbox/Prj/GGStout/Kraad/Mantis_TP_Kraad_Animation_Master.max</source_data>
    </contributor>
    <created>2011-10-24T10:56:27</created>
    <modified>2011-10-24T10:56:27</modified>
    <unit name="meter" meter="1"/>
    <up_axis>Z_UP</up_axis>
  </asset>
  <library_effects>
    <effect id="ColorEffectR88G199B225">
      <profile_COMMON>
        <technique sid="common">
          <phong>
            <ambient>
              <color>0.345098 0.7803922 0.8823529 1</color>
            </ambient>
            <diffuse>
              <color>0.345098 0.7803922 0.8823529 1</color>
            </diffuse>
            <specular>
              <color>1 1 1 1</color>
            </specular>
            <shininess>
              <float>10</float>
            </shininess>
            <reflective>
              <color>0 0 0 1</color>
            </reflective>
            <transparent>
              <color>1 1 1 1</color>
            </transparent>
            <transparency>
              <float>1</float>
            </transparency>
          </phong>
        </technique>
      </profile_COMMON>
    </effect>
  </library_effects>
  <library_materials>
    <material id="ColorEffectR88G199B225-material" name="ColorEffectR88G199B225-material">
      <instance_effect url="#ColorEffectR88G199B225"/>
    </material>
  </library_materials>
  <library_geometries>
    <geometry id="geom-Bounds" name="Bounds">
      <mesh>
        <source id="geom-Bounds-positions">
          <float_array id="geom-Bounds-positions-array" count="24">-0.5 -0.5 0 0.5 -0.5 0 -0.5 0.5 0 0.5 0.5 0 -0.5 -0.5 2 0.5 -0.5 2 -0.5 0.5 2 0.5 0.5 2</float_array>
          <technique_common>
            <accessor source="#geom-Bounds-positions-array" count="8" stride="3">
              <param name="X" type="float"/>
              <param name="Y" type="float"/>
              <param name="Z" type="float"/>
            </accessor>
          </technique_common>
        </source>
        <source id="geom-Bounds-normals">
          <float_array id="geom-Bounds-normals-array" count="72">0 0 -1 0 0 -1 0 0 -1 0 0 -1 0 0 1 0 0 1 0 0 1 0 0 1 0 -1 0 0 -1 0 0 -1 0 0 -1 0 1 0 0 1 0 0 1 0 0 1 0 0 0 1 0 0 1 0 0 1 0 0 1 0 -1 0 0 -1 0 0 -1 0 0 -1 0 0</float_array>
          <technique_common>
            <accessor source="#geom-Bounds-normals-array" count="24" stride="3">
              <param name="X" type="float"/>
              <param name="Y" type="float"/>
              <param name="Z" type="float"/>
            </accessor>
          </technique_common>
        </source>
        <source id="geom-Bounds-map1">
          <float_array id="geom-Bounds-map1-array" count="36">0 0 0 1 0 0 0 1 0 1 1 0 0 0 0 1 0 0 0 1 0 1 1 0 0 0 0 1 0 0 0 1 0 1 1 0</float_array>
          <technique_common>
            <accessor source="#geom-Bounds-map1-array" count="12" stride="3">
              <param name="S" type="float"/>
              <param name="T" type="float"/>
              <param name="P" type="float"/>
            </accessor>
          </technique_common>
        </source>
        <vertices id="geom-Bounds-vertices">
          <input semantic="POSITION" source="#geom-Bounds-positions"/>
        </vertices>
        <triangles material="ColorMaterial" count="12">
          <input semantic="VERTEX" source="#geom-Bounds-vertices" offset="0"/>
          <input semantic="NORMAL" source="#geom-Bounds-normals" offset="1"/>
          <input semantic="TEXCOORD" source="#geom-Bounds-map1" offset="2" set="0"/>
          <p>0 0 9 2 1 11 3 2 10 3 2 10 1 3 8 0 0 9 4 4 8 5 5 9 7 6 11 7 6 11 6 7 10 4 4 8 0 8 4 1 9 5 5 10 7 5 10 7 4 11 6 0 8 4 1 12 0 3 13 1 7 14 3 7 14 3 5 15 2 1 12 0 3 16 4 2 17 5 6 18 7 6 18 7 7 19 6 3 16 4 2 20 0 0 21 1 4 22 3 4 22 3 6 23 2 2 20 0</p>
        </triangles>
      </mesh>
      <extra>
        <technique profile="OpenCOLLADA3dsMax">
          <max_box>
            <generateuvs>1</generateuvs>
            <height>2</height>
            <heightsegments>1</heightsegments>
            <length>1</length>
            <lengthsegments>1</lengthsegments>
            <width>1</width>
            <widthsegments>1</widthsegments>
          </max_box>
        </technique>
      </extra>
    </geometry>
  </library_geometries>
  <library_lights>
    <light id="EnvironmentAmbientLight" name="EnvironmentAmbientLight">
      <technique_common>
        <ambient>
          <color>0 0 0</color>
        </ambient>
      </technique_common>
    </light>
  </library_lights>
  <library_visual_scenes>
    <visual_scene id="MaxScene">
      <node name="EnvironmentAmbientLight">
        <instance_light url="#EnvironmentAmbientLight"/>
      </node>
      <node id="node-Bip001" name="Bip001">
        <matrix sid="matrix">0.4908449 -0.8335524 0.2534989 0 0.8299841 0.5358495 0.1548927 -4.37066e-8 -0.2649485 0.1343718 0.9548542 0.600289 0 0 0 1</matrix>
        <node id="node-Bip001_Pelvis" name="Bip001_Pelvis">
          <matrix sid="matrix">-0.06006099 0.9981923 -0.002268143 0 -0.1512669 -0.006855613 0.9884692 0 0.9866668 0.05971153 0.1514052 0 0 0 0 1</matrix>
          <node id="node-Bip001_Spine" name="Bip001_Spine">
            <matrix sid="matrix">0.9210865 -0.05133526 -0.3859589 0.09690124 0.02174337 0.9965051 -0.08065195 0.005775914 0.3887504 0.06589534 0.9189837 0.01486306 0 0 0 1</matrix>
            <node id="node-Bip001_Spine1" name="Bip001_Spine1">
              <matrix>0.9235708 -0.3709309 -0.09709483 0.1110483 0.369598 0.9286392 -0.03204073 -8.20756e-5 0.1020509 -0.00629418 0.9947593 5.58794e-7 0 0 0 1</matrix>
              <node id="node-Bip001_Spine2" name="Bip001_Spine2">
                <matrix sid="matrix">0.9781343 -0.1350431 -0.1581679 0.1110275 0.1528822 0.9824772 0.1066114 -8.68738e-5 0.1409992 -0.1284612 0.98164 1.13398e-5 0 0 0 1</matrix>
                <node id="node-Bip001_Spine3" name="Bip001_Spine3">
                  <matrix sid="matrix">0.9451491 -0.2288201 -0.233098 0.111054 0.2576066 0.960933 0.101227 -1.61409e-4 0.2008286 -0.1557221 0.9671704 2.61366e-5 0 0 0 1</matrix>
                  <node id="node-Bip001_Neck" name="Bip001_Neck">
                    <matrix>0.9888969 -0.06419969 -0.1340207 0.2584252 0.04748259 0.9910949 -0.1244033 0.01280218 0.1408138 0.1166586 0.983139 -4.58956e-6 0 0 0 1</matrix>
                    <node id="node-Bip001_Neck1" name="Bip001_Neck1">
                      <matrix>0.9879369 0.1545504 -0.009731427 0.04894269 -0.1547313 0.9826609 -0.102156 -3.82066e-5 -0.006225526 0.1024293 0.9947209 -4.05312e-6 0 0 0 1</matrix>
                      <node id="node-Bip001_Neck2" name="Bip001_Neck2">
                        <matrix>0.9545163 0.2811763 -0.09919 0.04893774 -0.2884499 0.9550411 -0.06850681 -3.71337e-5 0.07546803 0.09400219 0.9927074 -3.63588e-6 0 0 0 1</matrix>
                        <node id="node-Bip001_Head" name="Bip001_Head">
                          <matrix sid="matrix">0.8997803 0.2683106 0.3440998 0.04894865 -0.1892875 0.9505494 -0.2462234 -5.96046e-8 -0.3931481 0.1564132 0.9060737 -5.96046e-8 0 0 0 1</matrix>
                          <node id="node-Bip001_Ponytail1" name="Bip001_Ponytail1">
                            <matrix>-0.05999058 -0.9981991 -2.76836e-6 0.009580612 0.998199 -0.05999053 -2.93972e-6 0.1139534 2.76789e-6 -2.93925e-6 1 9.49949e-8 0 0 0 1</matrix>
                          </node>
                          <node id="node-ALTEYE" name="ALTEYE">
                            <matrix>-0.009488114 0.5772491 0.8165135 0.1153697 0.002645087 0.8165618 -0.5772524 0.2046644 -0.9999515 -0.003317288 -0.0092745 -0.001006722 0 0 0 1</matrix>
                          </node>
                        </node>
                      </node>
                    </node>
                    <node id="node-Bip001_L_Clavicle" name="Bip001_L_Clavicle">
                      <matrix>0.3867268 0.04316636 0.9211835 -0.04311711 0.6360108 -0.7358134 -0.232527 0.007412016 0.6677817 0.6758072 -0.312013 0.02784038 0 0 0 1</matrix>
                      <node id="node-Bip001_L_UpperArm" name="Bip001_L_UpperArm">
                        <matrix sid="matrix">0.9974412 -0.06733835 -0.02400851 0.07966623 0.04954581 0.4090247 0.9111773 -2.98023e-8 -0.05153713 -0.9100353 0.4113144 0 0 0 0 1</matrix>
                        <node id="node-Bip001_L_Forearm" name="Bip001_L_Forearm">
                          <matrix sid="matrix">0.241555 0.970387 5.96046e-8 0.4297335 -0.9703869 0.241555 1.49012e-8 5.96046e-8 5.96046e-8 0 0.9999999 0 0 0 0 1</matrix>
                          <node id="node-Bip001_L_Hand" name="Bip001_L_Hand">
                            <matrix sid="matrix">0.6699015 0.1117906 -0.7339858 0.3774394 -0.1287821 -0.956118 -0.2631609 0 -0.7311957 0.270816 -0.6261084 5.96046e-8 0 0 0 1</matrix>
                            <node id="node-Bip001_L_Finger0" name="Bip001_L_Finger0">
                              <matrix>0.4919401 0.8244182 0.2798745 0.03908241 0.6521552 -0.135966 -0.745793 0.0173853 -0.5767916 0.5494069 -0.6045356 -0.04049933 0 0 0 1</matrix>
                              <node id="node-Bip001_L_Finger01" name="Bip001_L_Finger01">
                                <matrix>0.9511044 0.3088697 0 0.1027658 -0.3088696 0.9511045 -1.49012e-8 0 2.98023e-8 6.70552e-8 1 0 0 0 0 1</matrix>
                                <node id="node-Bip001_L_Finger02" name="Bip001_L_Finger02">
                                  <matrix>0.8065712 -0.5911371 0 0.05252481 0.5911371 0.8065712 -7.45058e-9 0 5.96046e-8 0 1 -1.19209e-7 0 0 0 1</matrix>
                                </node>
                              </node>
                            </node>
                            <node id="node-Bip001_L_Finger1" name="Bip001_L_Finger1">
                              <matrix>0.6375438 -0.7703911 0.00598398 0.1458857 0.7704016 0.6375587 7.96318e-4 -1.51992e-5 -0.004428625 0.004102409 0.9999819 -0.01919663 0 0 0 1</matrix>
                              <node id="node-Bip001_L_Finger11" name="Bip001_L_Finger11">
                                <matrix>0.5190609 -0.8547373 -1.49012e-8 0.08578122 0.8547373 0.5190608 0 -5.96046e-8 2.98023e-8 2.23517e-8 1 0 0 0 0 1</matrix>
                                <node id="node-Bip001_L_Finger12" name="Bip001_L_Finger12">
                                  <matrix>0.9649358 -0.2624862 0 0.05549774 0.2624862 0.9649357 3.35276e-8 -5.96046e-8 -5.96046e-8 -2.23517e-8 1 -2.38419e-7 0 0 0 1</matrix>
                                </node>
                              </node>
                            </node>
                            <node id="node-Bip001_L_Finger2" name="Bip001_L_Finger2">
                              <matrix>0.5018927 -0.8550151 -0.1305896 0.143758 0.8647377 0.492844 0.09661082 0.003213406 -0.01824334 -0.161414 0.9867183 0.02870393 0 0 0 1</matrix>
                              <node id="node-Bip001_L_Finger21" name="Bip001_L_Finger21">
                                <matrix>0.847759 -0.5303817 0 0.07148439 0.5303818 0.8477591 -7.45058e-9 -2.98023e-8 -7.45058e-9 -1.67638e-8 1 -1.19209e-7 0 0 0 1</matrix>
                                <node id="node-Bip001_L_Finger22" name="Bip001_L_Finger22">
                                  <matrix>0.8033119 -0.5955588 0 0.05113888 0.5955588 0.8033118 7.45058e-9 2.98023e-8 1.49012e-8 1.49012e-8 0.9999999 -1.19209e-7 0 0 0 1</matrix>
                                </node>
                              </node>
                            </node>
                          </node>
                        </node>
                        <node id="node-Bip001_L_ForeTwist" name="Bip001_L_ForeTwist">
                          <matrix sid="matrix">0.241555 0.7688358 0.5920663 0.4297335 -0.9703869 0.1913836 0.147381 5.96046e-8 5.96046e-8 -0.6101341 0.7922981 0 0 0 0 1</matrix>
                          <node id="node-Bip001_L_ForeTwist1" name="Bip001_L_ForeTwist1">
                            <matrix sid="matrix">1 1.49012e-8 1.49012e-8 0.1887197 0 0.792298 0.6101343 0 -1.11759e-8 -0.6101343 0.7922981 0 0 0 0 1</matrix>
                          </node>
                        </node>
                      </node>
                      <node id="node-Bip001_LUpArmTwist" name="Bip001_LUpArmTwist">
                        <matrix sid="matrix">0.9974412 -0.06733835 -0.02400851 0.07966623 0.04954581 0.4090247 0.9111773 -2.98023e-8 -0.05153713 -0.9100353 0.4113144 0 0 0 0 1</matrix>
                        <node id="node-Bip001_LUpArmTwist1" name="Bip001_LUpArmTwist1">
                          <matrix>0.9999999 0 5.96046e-8 0.2148668 -5.96046e-8 1 1.49012e-8 0 -2.98023e-8 0 0.9999999 0 0 0 0 1</matrix>
                        </node>
                      </node>
                    </node>
                    <node id="node-Bip001_R_Clavicle" name="Bip001_R_Clavicle">
                      <matrix>-0.4125289 -0.1381768 -0.9004038 -0.04935789 0.651703 -0.7353822 -0.1857317 0.002241969 -0.6364772 -0.6634156 0.3934166 -0.01573145 0 0 0 1</matrix>
                      <node id="node-Bip001_R_UpperArm" name="Bip001_R_UpperArm">
                        <matrix sid="matrix">0.6240983 0.2543256 -0.7387959 0.07966614 -0.5731856 0.7916086 -0.2116929 2.38419e-7 0.5309983 0.5555843 0.6398175 -5.96046e-8 0 0 0 1</matrix>
                        <node id="node-Bip001_R_Forearm" name="Bip001_R_Forearm">
                          <matrix sid="matrix">-0.5249047 0.8511611 -1.49012e-8 0.4297335 -0.8511609 -0.5249048 7.45058e-9 1.49012e-8 -6.89179e-8 -4.47035e-8 1 -5.96046e-8 0 0 0 1</matrix>
                          <node id="node-Bip001_R_Hand" name="Bip001_R_Hand">
                            <matrix sid="matrix">0.9438476 0.3239307 0.06496913 0.3774395 0.1072018 -0.1142698 -0.9876489 5.96046e-8 -0.3125057 0.9391547 -0.1425792 2.98023e-8 0 0 0 1</matrix>
                            <node id="node-Bip001_R_Finger0" name="Bip001_R_Finger0">
                              <matrix>0.6486482 0.5772245 -0.4960517 0.03908229 0.667616 -0.1185831 0.7350015 0.01738539 0.3654375 -0.8079294 -0.4622831 0.04049927 0 0 0 1</matrix>
                              <node id="node-Bip001_R_Finger01" name="Bip001_R_Finger01">
                                <matrix>0.6155394 -0.7881062 4.47035e-8 0.1027657 0.7881061 0.6155394 0 -5.96046e-8 -1.19209e-7 2.98023e-8 1 5.96046e-8 0 0 0 1</matrix>
                                <node id="node-Bip001_R_Finger02" name="Bip001_R_Finger02">
                                  <matrix>0.1523349 -0.9883291 1.49012e-8 0.05252486 0.9883292 0.152335 -2.98023e-8 -5.96046e-8 2.98023e-8 -1.49012e-8 1 -1.19209e-7 0 0 0 1</matrix>
                                </node>
                              </node>
                            </node>
                            <node id="node-Bip001_R_Finger1" name="Bip001_R_Finger1">
                              <matrix>0.7109717 -0.6323431 -0.3076712 0.1458856 0.6327782 0.7661361 -0.1123713 -1.53035e-5 0.3067753 -0.1147949 0.9448339 0.01919675 0 0 0 1</matrix>
                              <node id="node-Bip001_R_Finger11" name="Bip001_R_Finger11">
                                <matrix>-0.6406224 -0.7678561 2.98023e-8 0.08578134 0.7678561 -0.6406226 -7.45058e-9 0 -2.98023e-8 -1.49012e-8 0.9999999 -2.98023e-8 0 0 0 1</matrix>
                                <node id="node-Bip001_R_Finger12" name="Bip001_R_Finger12">
                                  <matrix>0.8432423 -0.5375336 -2.98023e-8 0.05549788 0.5375336 0.8432422 -1.49012e-8 0 -2.98023e-8 5.58794e-9 1 2.98023e-8 0 0 0 1</matrix>
                                </node>
                              </node>
                            </node>
                            <node id="node-Bip001_R_Finger2" name="Bip001_R_Finger2">
                              <matrix>0.2634968 -0.9557804 0.1305896 0.1437579 0.9628299 0.2522402 -0.09661079 0.003213391 0.05939874 0.1511922 0.9867182 -0.02870393 0 0 0 1</matrix>
                              <node id="node-Bip001_R_Finger21" name="Bip001_R_Finger21">
                                <matrix>-0.03544467 -0.9993718 -7.45058e-9 0.07148439 0.9993718 -0.03544477 -1.49012e-8 0 -1.49012e-8 0 1 5.96046e-8 0 0 0 1</matrix>
                                <node id="node-Bip001_R_Finger22" name="Bip001_R_Finger22">
                                  <matrix>0.7483485 -0.6633058 0 0.05113882 0.6633058 0.7483485 0 0 0 -1.49012e-8 1 -5.96046e-8 0 0 0 1</matrix>
                                </node>
                              </node>
                            </node>
                            <node id="node-mount0" name="mount0">
                              <matrix>-9.42673e-8 1 4.787e-7 0.1088287 -1 -2.90929e-7 -1.06171e-7 0.03070411 1.52737e-7 -4.13507e-7 0.9999999 0.01333499 0 0 0 1</matrix>
                            </node>
                          </node>
                        </node>
                        <node id="node-Bip001_R_ForeTwist" name="Bip001_R_ForeTwist">
                          <matrix sid="matrix">-0.5249047 0.8501894 -0.040662 0.4297335 -0.8511609 -0.5243055 0.02507598 1.49012e-8 -6.89179e-8 0.04777236 0.9988583 -5.96046e-8 0 0 0 1</matrix>
                          <node id="node-Bip001_R_ForeTwist1" name="Bip001_R_ForeTwist1">
                            <matrix sid="matrix">1 1.49012e-8 -2.09548e-8 0.1887197 -3.72529e-9 0.9988582 -0.04777242 0 -4.19095e-9 0.04777241 0.9988582 0 0 0 0 1</matrix>
                          </node>
                        </node>
                      </node>
                      <node id="node-Bip001_RUpArmTwist" name="Bip001_RUpArmTwist">
                        <matrix sid="matrix">0.6240983 0.2543256 -0.7387959 0.07966614 -0.5731856 0.7916086 -0.2116929 2.38419e-7 0.5309983 0.5555843 0.6398175 -5.96046e-8 0 0 0 1</matrix>
                        <node id="node-Bip001_RUpArmTwist1" name="Bip001_RUpArmTwist1">
                          <matrix>1 0 -1.49012e-8 0.2148668 0 1 7.45058e-9 1.49012e-8 -1.49012e-8 -7.45058e-9 1 -2.98023e-8 0 0 0 1</matrix>
                        </node>
                      </node>
                    </node>
                  </node>
                </node>
              </node>
            </node>
            <node id="node-Bip001_L_Thigh" name="Bip001_L_Thigh">
              <matrix sid="matrix">-0.9776029 0.210455 0.001176812 -0.06690449 0.1629266 0.7532614 0.6372223 0.003028512 0.1332202 0.6231421 -0.7706792 0.09099665 0 0 0 1</matrix>
              <node id="node-Bip001_L_Calf" name="Bip001_L_Calf">
                <matrix sid="matrix">-0.8599529 0.5103734 0 0.4541689 -0.5103734 -0.859953 1.16415e-8 0 -2.23517e-8 -4.47035e-8 1 -7.45058e-9 0 0 0 1</matrix>
                <node id="node-Bip001_L_HorseLink" name="Bip001_L_HorseLink">
                  <matrix sid="matrix">-0.9623386 -0.2718532 -1.49012e-8 0.3208732 0.2718531 -0.9623385 3.72529e-9 2.98023e-8 1.49012e-8 -4.28408e-8 0.9999999 1.49012e-8 0 0 0 1</matrix>
                  <node id="node-Bip001_L_Foot" name="Bip001_L_Foot">
                    <matrix sid="matrix">0.9706795 0.2288486 -0.07355219 0.3617601 -0.2262857 0.9731732 0.04158059 5.58794e-9 0.08109462 -0.02371754 0.9964241 -2.23517e-8 0 0 0 1</matrix>
                    <node id="node-Bip001_L_Toe0" name="Bip001_L_Toe0">
                      <matrix sid="matrix">-0.2454681 -0.9694048 5.10822e-8 0.08654235 0.9569955 -0.2423259 0.1594924 0.1234713 -0.1546128 0.03915034 0.9871992 -0.02420598 0 0 0 1</matrix>
                      <node id="node-Bip001_L_Toe01" name="Bip001_L_Toe01">
                        <matrix sid="matrix">0.9623386 0.2718536 6.01733e-9 0.04576605 -0.2718536 0.9623386 4.02679e-10 1.86265e-9 1.95761e-8 1.50749e-10 1 0 0 0 0 1</matrix>
                        <node id="node-Bip001_L_Toe02" name="Bip001_L_Toe02">
                          <matrix sid="matrix">0.9133543 0.4071654 -1.04684e-8 0.03187376 -0.4071654 0.9133543 6.28006e-10 -1.86265e-9 2.59774e-10 -2.11228e-8 1 1.49012e-8 0 0 0 1</matrix>
                        </node>
                      </node>
                    </node>
                    <node id="node-Bip001_L_Toe1" name="Bip001_L_Toe1">
                      <matrix sid="matrix">-0.2402829 -0.9707029 1.09992e-7 0.09280639 0.9404519 -0.2327948 -0.2477028 0.1308167 0.2404459 -0.05951865 0.9688361 0.03696451 0 0 0 1</matrix>
                      <node id="node-Bip001_L_Toe11" name="Bip001_L_Toe11">
                        <matrix sid="matrix">0.9830521 0.1833258 3.20465e-10 0.04370602 -0.1833258 0.9830522 -7.12248e-11 -1.86265e-9 -4.80567e-11 2.48264e-11 1 7.45058e-9 0 0 0 1</matrix>
                        <node id="node-Bip001_L_Toe12" name="Bip001_L_Toe12">
                          <matrix sid="matrix">0.9040334 0.4274615 -8.46878e-11 0.03796011 -0.4274614 0.9040335 -5.25802e-12 -2.79397e-9 3.35525e-10 2.04636e-12 1 0 0 0 0 1</matrix>
                        </node>
                      </node>
                    </node>
                    <node id="node-Bip001_L_Toe2" name="Bip001_L_Toe2">
                      <matrix sid="matrix">0.04881953 -0.8895264 0.454268 0.06798328 0.1495167 -0.4431772 -0.8838772 0.00280402 0.9875534 0.1110711 0.1113633 0.04295147 0 0 0 1</matrix>
                      <node id="node-Bip001_L_Toe21" name="Bip001_L_Toe21">
                        <matrix>0.9999999 -1.11759e-8 -3.72529e-9 0.01451743 1.11759e-8 0.9999999 0 -3.72529e-9 3.72529e-9 2.98023e-8 0.9999999 0 0 0 0 1</matrix>
                        <node id="node-Bip001_L_Toe22" name="Bip001_L_Toe22">
                          <matrix sid="matrix">0.5236049 0.8519612 -3.72529e-9 0.03369503 -0.8519612 0.5236049 0 0 -2.98023e-8 -2.98023e-8 0.9999999 -9.31323e-10 0 0 0 1</matrix>
                        </node>
                      </node>
                    </node>
                  </node>
                </node>
              </node>
            </node>
            <node id="node-Bip001_R_Thigh" name="Bip001_R_Thigh">
              <matrix sid="matrix">-0.1661502 0.9663292 0.1964741 -0.1234115 0.9423321 0.09689106 0.3203473 -0.00654994 0.2905243 0.2383696 -0.9267015 -0.04258301 0 0 0 1</matrix>
              <node id="node-Bip001_R_Calf" name="Bip001_R_Calf">
                <matrix sid="matrix">-0.962378 0.2717141 -1.49012e-8 0.454169 -0.271714 -0.9623781 0 2.98023e-8 -5.96046e-8 -7.45058e-8 1 0 0 0 0 1</matrix>
                <node id="node-Bip001_R_HorseLink" name="Bip001_R_HorseLink">
                  <matrix sid="matrix">-0.9686255 -0.2485248 -1.86265e-9 0.3208733 0.2485247 -0.9686254 1.49012e-8 5.96046e-8 -2.08616e-7 -8.9407e-8 1 1.49012e-8 0 0 0 1</matrix>
                  <node id="node-Bip001_R_Foot" name="Bip001_R_Foot">
                    <matrix sid="matrix">-0.3491498 0.9352188 0.05882369 0.3617601 -0.9331611 -0.3412833 -0.1128535 2.98023e-8 -0.08546726 -0.09429461 0.9918689 2.98023e-8 0 0 0 1</matrix>
                    <node id="node-Bip001_R_Toe0" name="Bip001_R_Toe0">
                      <matrix sid="matrix">0.3236805 -0.9395934 0.1113341 0.08654237 0.9433747 0.3114505 -0.1142064 0.1234713 0.07263257 0.1419961 0.9871989 0.02420597 0 0 0 1</matrix>
                      <node id="node-Bip001_R_Toe01" name="Bip001_R_Toe01">
                        <matrix sid="matrix">0.4002056 0.9164253 1.49012e-8 0.04576606 -0.9164253 0.4002056 3.72529e-9 0 3.72529e-9 1.11759e-8 1 7.45058e-9 0 0 0 1</matrix>
                        <node id="node-Bip001_R_Toe02" name="Bip001_R_Toe02">
                          <matrix sid="matrix">0.2645251 0.9643789 0 0.03187379 -0.964379 0.2645251 0 5.96046e-8 -7.45058e-9 0 1 -7.45058e-9 0 0 0 1</matrix>
                        </node>
                      </node>
                    </node>
                    <node id="node-Bip001_R_Toe1" name="Bip001_R_Toe1">
                      <matrix sid="matrix">0.3344743 -0.9264071 -0.1729073 0.0928064 0.9357711 0.3047505 0.177369 0.1308167 -0.1116223 -0.221127 0.9688362 -0.03696451 0 0 0 1</matrix>
                      <node id="node-Bip001_R_Toe11" name="Bip001_R_Toe11">
                        <matrix sid="matrix">0.4817857 0.876289 0 0.04370603 -0.8762891 0.4817856 -3.72529e-9 5.96046e-8 3.72529e-9 0 1 2.98023e-8 0 0 0 1</matrix>
                        <node id="node-Bip001_R_Toe12" name="Bip001_R_Toe12">
                          <matrix sid="matrix">0.2429219 0.9700459 -3.72529e-9 0.03796017 -0.970046 0.2429219 1.11759e-8 -5.96046e-8 1.86265e-9 -7.45058e-9 1 0 0 0 0 1</matrix>
                        </node>
                      </node>
                    </node>
                    <node id="node-Bip001_R_Toe2" name="Bip001_R_Toe2">
                      <matrix sid="matrix">-0.06941282 -0.3275928 -0.942266 0.06798333 0.1411414 -0.9382677 0.3158055 0.002803981 -0.9875531 -0.1110718 0.1113647 -0.04295148 0 0 0 1</matrix>
                      <node id="node-Bip001_R_Toe21" name="Bip001_R_Toe21">
                        <matrix>1 1.49012e-8 -1.86265e-8 0.01451743 0 1 -2.98023e-8 -2.98023e-8 -2.23517e-8 2.98023e-8 1 0 0 0 0 1</matrix>
                        <node id="node-Bip001_R_Toe22" name="Bip001_R_Toe22">
                          <matrix>0.5236049 0.8519613 -1.86265e-8 0.03369505 -0.8519613 0.5236049 -2.98023e-8 0 -5.96046e-8 -4.47035e-8 1 5.96046e-8 0 0 0 1</matrix>
                        </node>
                      </node>
                    </node>
                  </node>
                </node>
              </node>
            </node>
          </node>
        </node>
      </node>
      <node id="node-Bounds" name="Bounds">
        <matrix sid="matrix">1 0 0 0 0 1 0 0.411981 0 0 1 0 0 0 0 1</matrix>
        <instance_geometry url="#geom-Bounds">
          <bind_material>
            <technique_common>
              <instance_material symbol="ColorMaterial" target="#ColorEffectR88G199B225-material"/>
            </technique_common>
          </bind_material>
        </instance_geometry>
      </node>
      <node id="node-EYE" name="EYE">
        <matrix sid="matrix">-1 -7.64274e-15 -8.74228e-8 4.09043e-8 0 -1 8.74228e-8 0.411981 -8.74228e-8 8.74228e-8 1 1.111179 0 0 0 1</matrix>
      </node>
      <node id="node-CAM" name="CAM">
        <matrix sid="matrix">-0.9999996 1.50996e-7 0 0 -1.50996e-7 -0.9999996 1.77636e-15 -0.009719968 0 1.77636e-15 1 1.474 0 0 0 1</matrix>
      </node>
    </visual_scene>
  </library_visual_scenes>
  <library_animations>
    <animation>
      <source id="node-Bip001_matrix-input">
        <float_array id="node-Bip001_matrix-input-array" count="30">22.66667 22.7 22.73333 22.76667 22.8 22.83333 22.86667 22.9 22.93333 22.96667 23 23.03333 23.06667 23.1 23.13333 23.16667 23.2 23.23333 23.26667 23.3 23.33333 23.36667 23.4 23.43333 23.46667 23.5 23.53333 23.56667 23.6 23.63333</float_array>
        <technique_common>
          <accessor source="#node-Bip001_matrix-input-array" count="30" stride="1">
            <param name="TIME" type="float"/>
          </accessor>
        </technique_common>
      </source>
      <source id="node-Bip001_matrix-output">
        <float_array id="node-Bip001_matrix-output-array" count="480">0.4908449 -0.8335524 0.2534989 0 0.8299841 0.5358495 0.1548927 0 -0.2649484 0.1343718 0.9548542 0.600289 0 0 0 1 0.4908446 -0.8335526 0.253499 0 0.8299843 0.5358491 0.1548926 0.06043803 -0.2649484 0.1343719 0.9548542 0.608224 0 0 0 1 0.4908441 -0.8335529 0.2534989 -1.7905e-7 0.8299847 0.5358486 0.1548924 0.123738 -0.264948 0.1343721 0.9548543 0.6229791 0 0 0 1 0.4908431 -0.8335534 0.2534988 -3.67793e-7 0.8299854 0.5358476 0.1548922 0.1892774 -0.2649476 0.1343725 0.9548543 0.6415634 0 0 0 1 0.4908421 -0.8335542 0.2534987 -5.93088e-7 0.8299862 0.5358465 0.1548919 0.2563595 -0.2649472 0.134373 0.9548544 0.6610879 0 0 0 1 0.4908413 -0.8335546 0.2534987 -8.33521e-7 0.8299868 0.5358456 0.1548916 0.3242304 -0.2649468 0.1343733 0.9548544 0.6786936 0 0 0 1 0.4908407 -0.833555 0.2534986 -1.06767e-6 0.8299873 0.535845 0.1548914 0.392102 -0.2649465 0.1343736 0.9548545 0.6914823 0 0 0 1 0.4908404 -0.8335552 0.2534986 -1.27358e-6 0.8299875 0.5358447 0.1548913 0.4591802 -0.2649463 0.1343737 0.9548545 0.6964439 0 0 0 1 0.4908404 -0.8335552 0.2534986 -1.45817e-6 0.8299875 0.5358447 0.1548913 0.5257319 -0.2649464 0.1343737 0.9548545 0.6937054 0 0 0 1 0.4908406 -0.833555 0.2534986 -1.64342e-6 0.8299873 0.5358449 0.1548913 0.5925211 -0.2649464 0.1343736 0.9548545 0.6864209 0 0 0 1 0.4908409 -0.8335549 0.2534986 -1.82918e-6 0.8299871 0.5358453 0.1548914 0.6594973 -0.2649465 0.1343735 0.9548545 0.6759369 0 0 0 1 0.4908413 -0.8335546 0.2534987 -2.01533e-6 0.8299868 0.5358456 0.1548915 0.7266123 -0.2649467 0.1343734 0.9548544 0.6635521 0 0 0 1 0.4908415 -0.8335545 0.2534988 -2.20174e-6 0.8299866 0.5358459 0.1548916 0.7938191 -0.2649469 0.1343733 0.9548544 0.6505368 0 0 0 1 0.4908419 -0.8335542 0.2534989 -2.38827e-6 0.8299862 0.5358464 0.1548917 0.8610715 -0.2649471 0.1343731 0.9548544 0.6381522 0 0 0 1 0.4908423 -0.8335539 0.2534989 -2.5748e-6 0.829986 0.5358467 0.1548919 0.9283235 -0.2649474 0.134373 0.9548543 0.6276683 0 0 0 1 0.4908428 -0.8335536 0.253499 -2.7612e-6 0.8299857 0.5358473 0.154892 0.9955284 -0.2649475 0.1343728 0.9548543 0.6203836 0 0 0 1 0.4908433 -0.8335533 0.2534991 -2.94737e-6 0.8299853 0.5358479 0.1548922 1.062651 -0.2649478 0.1343727 0.9548543 0.6176444 0 0 0 1 0.4908437 -0.8335531 0.2534992 -3.13337e-6 0.829985 0.5358483 0.1548923 1.129712 -0.2649481 0.1343725 0.9548542 0.6205444 0 0 0 1 0.4908443 -0.8335526 0.2534993 -3.31941e-6 0.8299844 0.535849 0.1548925 1.196786 -0.2649484 0.1343723 0.9548541 0.628129 0 0 0 1 0.490845 -0.8335522 0.2534995 -3.50546e-6 0.8299839 0.5358497 0.1548928 1.263865 -0.2649488 0.1343721 0.9548541 0.638788 0 0 0 1 0.4908457 -0.8335517 0.2534996 -3.6915e-6 0.8299834 0.5358505 0.1548929 1.330941 -0.2649492 0.1343718 0.954854 0.6509701 0 0 0 1 0.4908463 -0.8335514 0.2534996 -3.87751e-6 0.8299829 0.5358511 0.1548931 1.398006 -0.2649495 0.1343716 0.954854 0.6631522 0 0 0 1 0.4908468 -0.8335511 0.2534998 -4.06346e-6 0.8299826 0.5358516 0.1548933 1.46505 -0.2649497 0.1343715 0.9548539 0.6738113 0 0 0 1 0.4908472 -0.8335508 0.2534998 -4.24934e-6 0.8299822 0.5358521 0.1548933 1.532066 -0.2649499 0.1343713 0.9548538 0.6813958 0 0 0 1 0.4908474 -0.8335507 0.2534998 -4.43509e-6 0.8299822 0.5358522 0.1548934 1.599038 -0.26495 0.1343712 0.9548538 0.6842954 0 0 0 1 0.4908473 -0.8335507 0.2534998 -4.64643e-6 0.8299822 0.5358522 0.1548934 1.6679 -0.2649499 0.1343713 0.9548538 0.6780076 0 0 0 1 0.4908471 -0.8335509 0.2534998 -4.88793e-6 0.8299823 0.535852 0.1548933 1.73898 -0.2649499 0.1343713 0.9548538 0.662433 0 0 0 1 0.4908467 -0.8335511 0.2534997 -5.12904e-6 0.8299827 0.5358515 0.1548933 1.810028 -0.2649497 0.1343715 0.9548539 0.6422917 0 0 0 1 0.4908465 -0.8335512 0.2534996 -5.33977e-6 0.8299828 0.5358512 0.1548932 1.878839 -0.2649495 0.1343716 0.954854 0.6221502 0 0 0 1 0.4908462 -0.8335514 0.2534997 -5.48976e-6 0.829983 0.535851 0.1548931 1.943067 -0.2649495 0.1343716 0.954854 0.6065755 0 0 0 1</float_array>
        <technique_common>
          <accessor source="#node-Bip001_matrix-output-array" count="30" stride="16">
            <param name="TRANSFORM" type="float4x4"/>
          </accessor>
        </technique_common>
      </source>
      <source id="node-Bip001_matrix-interpolation">
        <Name_array id="node-Bip001_matrix-interpolation-array" count="30">LINEAR LINEAR LINEAR LINEAR LINEAR LINEAR LINEAR LINEAR LINEAR LINEAR LINEAR LINEAR LINEAR LINEAR LINEAR LINEAR LINEAR LINEAR LINEAR LINEAR LINEAR LINEAR LINEAR LINEAR LINEAR LINEAR LINEAR LINEAR LINEAR LINEAR</Name_array>
        <technique_common>
          <accessor source="#node-Bip001_matrix-interpolation-array" count="30" stride="1">
            <param name="INTERPOLATION" type="name"/>
          </accessor>
        </technique_common>
      </source>
      <source id="node-Bip001_Pelvis_matrix-input">
        <float_array id="node-Bip001_Pelvis_matrix-input-array" count="30">22.66667 22.7 22.73333 22.76667 22.8 22.83333 22.86667 22.9 22.93333 22.96667 23 23.03333 23.06667 23.1 23.13333 23.16667 23.2 23.23333 23.26667 23.3 23.33333 23.36667 23.4 23.43333 23.46667 23.5 23.53333 23.56667 23.6 23.63333</float_array>
        <technique_common>
          <accessor source="#node-Bip001_Pelvis_matrix-input-array" count="30" stride="1">
            <param name="TIME" type="float"/>
          </accessor>
        </technique_common>
      </source>
      <source id="node-Bip001_Pelvis_matrix-output">
        <float_array id="node-Bip001_Pelvis_matrix-output-array" count="480">-0.06006097 0.9981923 -0.002268135 0 -0.1512668 -0.006855607 0.9884693 0 0.9866668 0.05971151 0.1514051 0 0 0 0 1 -0.05482476 0.9975624 -0.04317075 0 -0.1482199 0.034626 0.9883481 0 0.9874336 0.06058472 0.1459602 0 0 0 0 1 -0.04173314 0.9877147 -0.150593 0 -0.1380924 0.1435757 0.9799575 0 0.9895398 0.06169241 0.1304041 0 0 0 0 1 -0.02556681 0.9537715 -0.2994429 0 -0.1192958 0.2944894 0.9481796 0 0.9925296 0.05996423 0.1062518 0 0 0 0 1 -0.01159995 0.8870096 -0.4616054 0 -0.09159082 0.4587532 0.8838307 0 0.9957292 0.05253118 0.0759204 0 0 0 0 1 -0.004280745 0.7924984 -0.6098592 0 -0.05690705 0.6086835 0.7913698 0 0.9983703 0.03809291 0.0424931 0 0 0 0 1 -0.005850911 0.6896412 -0.7241277 0 -0.01882565 0.7239358 0.6896106 0 0.9998058 0.01766699 0.008747339 0 0 0 0 1 -0.01566237 0.6066815 -0.7947909 0 0.01876837 0.7949267 0.6064153 0 0.9997013 -0.005419015 -0.02383679 0 0 0 0 1 -0.03045731 0.5728848 -0.8190699 0 0.0528599 0.8192265 0.5710288 0 0.9981374 -0.02590388 -0.05523407 0 0 0 0 1 -0.05036908 0.6119781 -0.7892693 0 0.09246689 0.7897356 0.6064388 0 0.9944411 -0.04243546 -0.09636598 0 0 0 0 1 -0.07143682 0.7077504 -0.7028414 0 0.1448473 0.7045333 0.6947316 0 0.9868718 -0.05217528 -0.1528454 0 0 0 0 1 -0.08429312 0.8211732 -0.5644195 0 0.2040386 0.5686575 0.7968671 0 0.9753271 -0.04799294 -0.215485 0 0 0 0 1 -0.08424276 0.9166307 -0.3907574 0 0.2617636 0.3987361 0.8789138 0 0.9614485 -0.02824395 -0.2735312 0 0 0 0 1 -0.07317233 0.9742195 -0.2134061 0 0.3092316 0.2255965 0.9238408 0 0.9481675 0.001607716 -0.3177669 0 0 0 0 1 -0.0586065 0.9957804 -0.07061487 0 0.3400046 0.08641791 0.9364448 0 0.9385958 0.0308724 -0.3436347 0 0 0 0 1 -0.0501911 0.998738 0.001822054 0 0.3508526 0.01592385 0.9362953 0 0.9350846 0.04763299 -0.351209 0 0 0 0 1 -0.05213063 0.9986389 -0.001702368 0 0.3429618 0.01950418 0.9391468 0 0.9379017 0.04837441 -0.3435117 0 0 0 0 1 -0.06052088 0.9966385 -0.05521714 0 0.3206858 0.07179999 0.9444603 0 0.9452502 0.03945219 -0.3239532 0 0 0 0 1 -0.07082986 0.9871793 -0.1430387 0 0.2863526 0.1574862 0.9450927 0 0.9555028 0.02598124 -0.2938361 0 0 0 0 1 -0.07858979 0.9654328 -0.2485222 0 0.242791 0.2603228 0.9344969 0 0.9668899 0.01310294 -0.2548571 0 0 0 0 1 -0.08075362 0.9315221 -0.3546058 0 0.193847 0.3636523 0.9111422 0 0.9777024 0.004838764 -0.2099391 0 0 0 0 1 -0.07657355 0.8919995 -0.4455037 0 0.1440699 0.4520251 0.8802939 0 0.9866003 0.003223598 -0.1631234 0 0 0 0 1 -0.0677672 0.8586134 -0.5081246 0 0.09799814 0.512561 0.85304 0 0.9928765 0.008012831 -0.1188773 0 0 0 0 1 -0.05793225 0.8449876 -0.531639 0 0.05967533 0.5345122 0.8430513 0 0.9965353 0.0171141 -0.08139038 0 0 0 0 1 -0.0487079 0.8614088 -0.5055714 0 0.02336251 0.5070163 0.8616199 0 0.9985398 0.03015625 -0.04482042 0 0 0 0 1 -0.04153805 0.8993182 -0.4353177 0 -0.01703524 0.434993 0.9002727 0 0.9989918 0.04481136 -0.002748608 0 0 0 0 1 -0.0392878 0.9415631 -0.3345373 0 -0.05790442 0.3320878 0.9414694 0 0.9975487 0.05635946 0.04147368 0 0 0 0 1 -0.04259103 0.9745268 -0.2201895 0 -0.0951724 0.2154298 0.9718704 0 0.9945493 0.0623489 0.08357268 0 0 0 0 1 -0.04965072 0.9923996 -0.1125958 0 -0.1249803 0.1056752 0.9865154 0 0.9909161 0.06305348 0.1187835 0 0 0 0 1 -0.05685776 0.9978325 -0.03312826 0 -0.1443719 0.02461564 0.9892173 0 0.9878886 0.06102746 0.1426594 0 0 0 0 1</float_array>
        <technique_common>
          <accessor source="#node-Bip001_Pelvis_matrix-output-array" count="30" stride="16">
            <param name="TRANSFORM" type="float4x4"/>
          </accessor>
        </technique_common>
      </source>
      <source id="node-Bip001_Pelvis_matrix-interpolation">
        <Name_array id="node-Bip001_Pelvis_matrix-interpolation-array" count="30">LINEAR LINEAR LINEAR LINEAR LINEAR LINEAR LINEAR LINEAR LINEAR LINEAR LINEAR LINEAR LINEAR LINEAR LINEAR LINEAR LINEAR LINEAR LINEAR LINEAR LINEAR LINEAR LINEAR LINEAR LINEAR LINEAR LINEAR LINEAR LINEAR LINEAR</Name_array>
        <technique_common>
          <accessor source="#node-Bip001_Pelvis_matrix-interpolation-array" count="30" stride="1">
            <param name="INTERPOLATION" type="name"/>
          </accessor>
        </technique_common>
      </source>
      <source id="node-Bip001_Spine_matrix-input">
        <float_array id="node-Bip001_Spine_matrix-input-array" count="30">22.66667 22.7 22.73333 22.76667 22.8 22.83333 22.86667 22.9 22.93333 22.96667 23 23.03333 23.06667 23.1 23.13333 23.16667 23.2 23.23333 23.26667 23.3 23.33333 23.36667 23.4 23.43333 23.46667 23.5 23.53333 23.56667 23.6 23.63333</float_array>
        <technique_common>
          <accessor source="#node-Bip001_Spine_matrix-input-array" count="30" stride="1">
            <param name="TIME" type="float"/>
          </accessor>
        </technique_common>
      </source>
      <source id="node-Bip001_Spine_matrix-output">
