<?xml version="1.0" encoding="utf-8"?>
<COLLADA xmlns="http://www.collada.org/2005/11/COLLADASchema" version="1.4.1">
  <asset>
    <contributor>
      <author>MattO</author>
      <authoring_tool>OpenCOLLADA for 3ds Max;  Version: 1.3.0;  Revision: 839M;  Platform: x64;  Configuration: Release_Max2012</authoring_tool>
      <source_data>file:///C:/Dropbox/Prj/GGStout/Kraad/Mantis_TP_Kraad_Animation_Master.max</source_data>
    </contributor>
    <created>2011-10-24T10:56:28</created>
    <modified>2011-10-24T10:56:28</modified>
    <unit name="meter" meter="1"/>
    <up_axis>Z_UP</up_axis>
  </asset>
  <library_effects>
    <effect id="ColorEffectR88G199B225">
      <profile_COMMON>
        <technique sid="common">
          <phong>
            <ambient>
              <color>0.345098 0.7803922 0.8823529 1</color>
            </ambient>
            <diffuse>
              <color>0.345098 0.7803922 0.8823529 1</color>
            </diffuse>
            <specular>
              <color>1 1 1 1</color>
            </specular>
            <shininess>
              <float>10</float>
            </shininess>
            <reflective>
              <color>0 0 0 1</color>
            </reflective>
            <transparent>
              <color>1 1 1 1</color>
            </transparent>
            <transparency>
              <float>1</float>
            </transparency>
          </phong>
        </technique>
      </profile_COMMON>
    </effect>
  </library_effects>
  <library_materials>
    <material id="ColorEffectR88G199B225-material" name="ColorEffectR88G199B225-material">
      <instance_effect url="#ColorEffectR88G199B225"/>
    </material>
  </library_materials>
  <library_geometries>
    <geometry id="geom-Bounds" name="Bounds">
      <mesh>
        <source id="geom-Bounds-positions">
          <float_array id="geom-Bounds-positions-array" count="24">-0.5 -0.5 0 0.5 -0.5 0 -0.5 0.5 0 0.5 0.5 0 -0.5 -0.5 2 0.5 -0.5 2 -0.5 0.5 2 0.5 0.5 2</float_array>
          <technique_common>
            <accessor source="#geom-Bounds-positions-array" count="8" stride="3">
              <param name="X" type="float"/>
              <param name="Y" type="float"/>
              <param name="Z" type="float"/>
            </accessor>
          </technique_common>
        </source>
        <source id="geom-Bounds-normals">
          <float_array id="geom-Bounds-normals-array" count="72">0 0 -1 0 0 -1 0 0 -1 0 0 -1 0 0 1 0 0 1 0 0 1 0 0 1 0 -1 0 0 -1 0 0 -1 0 0 -1 0 1 0 0 1 0 0 1 0 0 1 0 0 0 1 0 0 1 0 0 1 0 0 1 0 -1 0 0 -1 0 0 -1 0 0 -1 0 0</float_array>
          <technique_common>
            <accessor source="#geom-Bounds-normals-array" count="24" stride="3">
              <param name="X" type="float"/>
              <param name="Y" type="float"/>
              <param name="Z" type="float"/>
            </accessor>
          </technique_common>
        </source>
        <source id="geom-Bounds-map1">
          <float_array id="geom-Bounds-map1-array" count="36">0 0 0 1 0 0 0 1 0 1 1 0 0 0 0 1 0 0 0 1 0 1 1 0 0 0 0 1 0 0 0 1 0 1 1 0</float_array>
          <technique_common>
            <accessor source="#geom-Bounds-map1-array" count="12" stride="3">
              <param name="S" type="float"/>
              <param name="T" type="float"/>
              <param name="P" type="float"/>
            </accessor>
          </technique_common>
        </source>
        <vertices id="geom-Bounds-vertices">
          <input semantic="POSITION" source="#geom-Bounds-positions"/>
        </vertices>
        <triangles material="ColorMaterial" count="12">
          <input semantic="VERTEX" source="#geom-Bounds-vertices" offset="0"/>
          <input semantic="NORMAL" source="#geom-Bounds-normals" offset="1"/>
          <input semantic="TEXCOORD" source="#geom-Bounds-map1" offset="2" set="0"/>
          <p>0 0 9 2 1 11 3 2 10 3 2 10 1 3 8 0 0 9 4 4 8 5 5 9 7 6 11 7 6 11 6 7 10 4 4 8 0 8 4 1 9 5 5 10 7 5 10 7 4 11 6 0 8 4 1 12 0 3 13 1 7 14 3 7 14 3 5 15 2 1 12 0 3 16 4 2 17 5 6 18 7 6 18 7 7 19 6 3 16 4 2 20 0 0 21 1 4 22 3 4 22 3 6 23 2 2 20 0</p>
        </triangles>
      </mesh>
      <extra>
        <technique profile="OpenCOLLADA3dsMax">
          <max_box>
            <generateuvs>1</generateuvs>
            <height>2</height>
            <heightsegments>1</heightsegments>
            <length>1</length>
            <lengthsegments>1</lengthsegments>
            <width>1</width>
            <widthsegments>1</widthsegments>
          </max_box>
        </technique>
      </extra>
    </geometry>
  </library_geometries>
  <library_lights>
    <light id="EnvironmentAmbientLight" name="EnvironmentAmbientLight">
      <technique_common>
        <ambient>
          <color>0 0 0</color>
        </ambient>
      </technique_common>
    </light>
  </library_lights>
  <library_visual_scenes>
    <visual_scene id="MaxScene">
      <node name="EnvironmentAmbientLight">
        <instance_light url="#EnvironmentAmbientLight"/>
      </node>
      <node id="node-Bip001" name="Bip001">
        <matrix sid="matrix">0.4908437 -0.8335533 0.2534982 0 0.8299851 0.535848 0.1548922 -4.37066e-8 -0.2649474 0.1343719 0.9548545 0.5325592 0 0 0 1</matrix>
        <node id="node-Bip001_Pelvis" name="Bip001_Pelvis">
          <matrix>-0.06006099 0.9981921 -0.002268121 0 -0.1512668 -0.006855544 0.9884691 0 0.9866667 0.05971155 0.1514052 0 0 0 0 1</matrix>
          <node id="node-Bip001_Spine" name="Bip001_Spine">
            <matrix sid="matrix">0.9613935 -0.1361308 -0.2391462 0.09690872 0.1112899 0.9871659 -0.1145336 0.005776748 0.2516685 0.08349722 0.9642051 0.01486152 0 0 0 1</matrix>
            <node id="node-Bip001_Spine1" name="Bip001_Spine1">
              <matrix>0.9235708 -0.3709308 -0.09709478 0.1110482 0.369598 0.9286391 -0.03204076 -8.20756e-5 0.1020509 -0.006294183 0.9947591 5.38304e-7 0 0 0 1</matrix>
              <node id="node-Bip001_Spine2" name="Bip001_Spine2">
                <matrix sid="matrix">0.9781342 -0.135043 -0.1581678 0.1110277 0.1528822 0.9824772 0.1066115 -8.69334e-5 0.1409992 -0.1284613 0.9816399 1.13435e-5 0 0 0 1</matrix>
                <node id="node-Bip001_Spine3" name="Bip001_Spine3">
                  <matrix sid="matrix">0.9451491 -0.2288201 -0.2330979 0.111054 0.2576066 0.9609329 0.1012271 -1.6129e-4 0.2008287 -0.1557222 0.9671704 2.61068e-5 0 0 0 1</matrix>
                  <node id="node-Bip001_Neck" name="Bip001_Neck">
                    <matrix sid="matrix">0.9888967 -0.06419969 -0.1340206 0.2584253 0.04748257 0.9910948 -0.1244034 0.01280218 0.1408138 0.1166585 0.9831389 -4.52995e-6 0 0 0 1</matrix>
                    <node id="node-Bip001_Neck1" name="Bip001_Neck1">
                      <matrix>0.9879369 0.1545504 -0.009731486 0.04894263 -0.1547313 0.9826608 -0.1021558 -3.83258e-5 -0.006225497 0.1024294 0.9947208 -3.93391e-6 0 0 0 1</matrix>
                      <node id="node-Bip001_Neck2" name="Bip001_Neck2">
                        <matrix sid="matrix">0.9545162 0.2811762 -0.09918998 0.04893768 -0.2884499 0.9550411 -0.06850675 -3.72529e-5 0.07546806 0.09400211 0.9927076 -3.63588e-6 0 0 0 1</matrix>
                        <node id="node-Bip001_Head" name="Bip001_Head">
                          <matrix sid="matrix">0.9415109 0.2383286 0.2382366 0.04894865 -0.2148936 0.9691983 -0.1203135 8.9407e-8 -0.2595726 0.0620809 0.9637262 -2.98023e-8 0 0 0 1</matrix>
                          <node id="node-Bip001_Ponytail1" name="Bip001_Ponytail1">
                            <matrix sid="matrix">-0.05999064 -0.9981991 -2.76789e-6 0.009580851 0.998199 -0.05999061 -2.93972e-6 0.1139535 2.76789e-6 -2.93972e-6 1 8.9407e-8 0 0 0 1</matrix>
                          </node>
                          <node id="node-ALTEYE" name="ALTEYE">
                            <matrix>-0.009488116 0.5772491 0.8165137 0.1153698 0.002645088 0.8165618 -0.5772524 0.2046644 -0.9999517 -0.003317288 -0.009274503 -0.00100673 0 0 0 1</matrix>
                          </node>
                        </node>
                      </node>
                    </node>
                    <node id="node-Bip001_L_Clavicle" name="Bip001_L_Clavicle">
                      <matrix sid="matrix">0.3867268 0.04316632 0.9211835 -0.04311717 0.6360109 -0.7358133 -0.2325271 0.007411897 0.6677818 0.6758071 -0.312013 0.02784047 0 0 0 1</matrix>
                      <node id="node-Bip001_L_UpperArm" name="Bip001_L_UpperArm">
                        <matrix sid="matrix">0.9912657 -0.03292164 0.1277038 0.07966623 -0.1095688 0.3333178 0.9364264 -2.98023e-8 -0.07339472 -0.9422397 0.3267993 0 0 0 0 1</matrix>
                        <node id="node-Bip001_L_Forearm" name="Bip001_L_Forearm">
                          <matrix sid="matrix">0.2563187 0.9665923 -2.98023e-8 0.4297335 -0.9665923 0.2563187 4.47035e-8 -5.96046e-8 5.21541e-8 0 1 2.98023e-8 0 0 0 1</matrix>
                          <node id="node-Bip001_L_Hand" name="Bip001_L_Hand">
                            <matrix sid="matrix">0.6801621 0.09551026 -0.7268131 0.3774394 -0.1300865 -0.960014 -0.2478921 -4.47035e-8 -0.7214271 0.2631553 -0.6405407 0 0 0 0 1</matrix>
                            <node id="node-Bip001_L_Finger0" name="Bip001_L_Finger0">
                              <matrix>0.4919401 0.8244181 0.2798745 0.03908229 0.6521552 -0.1359659 -0.7457929 0.01738548 -0.5767915 0.5494069 -0.6045355 -0.04049897 0 0 0 1</matrix>
                              <node id="node-Bip001_L_Finger01" name="Bip001_L_Finger01">
                                <matrix>0.9511043 0.3088696 0 0.1027658 -0.3088696 0.9511042 1.49012e-8 0 2.98023e-8 1.49012e-8 0.9999999 1.19209e-7 0 0 0 1</matrix>
                                <node id="node-Bip001_L_Finger02" name="Bip001_L_Finger02">
                                  <matrix>0.8065713 -0.5911371 -2.98023e-8 0.05252492 0.5911371 0.8065712 0 7.45058e-9 5.96046e-8 -2.98023e-8 1 5.96046e-8 0 0 0 1</matrix>
                                </node>
                              </node>
                            </node>
                            <node id="node-Bip001_L_Finger1" name="Bip001_L_Finger1">
                              <matrix>0.6375437 -0.770391 0.005983973 0.1458858 0.7704015 0.6375586 7.96303e-4 -1.53184e-5 -0.00442861 0.004102349 0.9999817 -0.01919675 0 0 0 1</matrix>
                              <node id="node-Bip001_L_Finger11" name="Bip001_L_Finger11">
                                <matrix>0.5190609 -0.8547373 0 0.08578122 0.8547372 0.5190609 1.49012e-8 2.98023e-8 1.49012e-8 -7.45058e-9 1 0 0 0 0 1</matrix>
                                <node id="node-Bip001_L_Finger12" name="Bip001_L_Finger12">
                                  <matrix>0.9649357 -0.2624862 0 0.05549771 0.2624862 0.9649358 -3.72529e-9 -1.19209e-7 0 -5.96046e-8 1 0 0 0 0 1</matrix>
                                </node>
                              </node>
                            </node>
                            <node id="node-Bip001_L_Finger2" name="Bip001_L_Finger2">
                              <matrix>0.5018926 -0.855015 -0.1305896 0.143758 0.8647376 0.492844 0.09661081 0.003213376 -0.01824333 -0.1614139 0.9867181 0.02870393 0 0 0 1</matrix>
                              <node id="node-Bip001_L_Finger21" name="Bip001_L_Finger21">
                                <matrix>0.8477589 -0.5303817 -7.45058e-9 0.07148445 0.5303817 0.8477588 1.49012e-8 2.98023e-8 -7.45058e-9 -1.86265e-9 0.9999999 0 0 0 0 1</matrix>
                                <node id="node-Bip001_L_Finger22" name="Bip001_L_Finger22">
                                  <matrix>0.8033118 -0.5955588 0 0.05113888 0.5955587 0.8033119 7.45058e-9 0 0 2.98023e-8 1 0 0 0 0 1</matrix>
                                </node>
                              </node>
                            </node>
                          </node>
                        </node>
                        <node id="node-Bip001_L_ForeTwist" name="Bip001_L_ForeTwist">
                          <matrix sid="matrix">0.2563187 0.7714244 0.5824131 0.4297335 -0.9665923 0.2045645 0.154443 -5.96046e-8 5.21541e-8 -0.6025428 0.7980866 2.98023e-8 0 0 0 1</matrix>
                          <node id="node-Bip001_L_ForeTwist1" name="Bip001_L_ForeTwist1">
                            <matrix sid="matrix">1 -7.45058e-9 0 0.1887196 0 0.7980868 0.6025427 -2.98023e-8 2.23517e-8 -0.6025428 0.7980867 0 0 0 0 1</matrix>
                          </node>
                        </node>
                      </node>
                      <node id="node-Bip001_LUpArmTwist" name="Bip001_LUpArmTwist">
                        <matrix sid="matrix">0.9912657 -0.03292164 0.1277038 0.07966623 -0.1095688 0.3333178 0.9364264 -2.98023e-8 -0.07339472 -0.9422397 0.3267993 0 0 0 0 1</matrix>
                        <node id="node-Bip001_LUpArmTwist1" name="Bip001_LUpArmTwist1">
                          <matrix>1 0 -2.98023e-8 0.2148668 0 1 4.47035e-8 0 2.98023e-8 0 1 2.98023e-8 0 0 0 1</matrix>
                        </node>
                      </node>
                    </node>
                    <node id="node-Bip001_R_Clavicle" name="Bip001_R_Clavicle">
                      <matrix sid="matrix">-0.4125288 -0.1381768 -0.9004039 -0.04935789 0.6517029 -0.7353823 -0.1857317 0.00224179 -0.6364772 -0.6634156 0.3934167 -0.01573151 0 0 0 1</matrix>
                      <node id="node-Bip001_R_UpperArm" name="Bip001_R_UpperArm">
                        <matrix sid="matrix">0.7419217 0.1666163 -0.6494545 0.0796662 -0.4888687 0.7973396 -0.3539164 5.96046e-8 0.4588674 0.5800764 0.673017 0 0 0 0 1</matrix>
                        <node id="node-Bip001_R_Forearm" name="Bip001_R_Forearm">
                          <matrix sid="matrix">-0.5551364 0.8317594 -1.49012e-8 0.4297335 -0.8317592 -0.5551364 -1.49012e-8 0 -3.1665e-8 5.96046e-8 1 0 0 0 0 1</matrix>
                          <node id="node-Bip001_R_Hand" name="Bip001_R_Hand">
                            <matrix sid="matrix">0.939377 0.3269267 0.1033911 0.3774394 0.1454793 -0.1069603 -0.9835625 -5.96046e-8 -0.3104942 0.9389774 -0.1480371 -2.98023e-8 0 0 0 1</matrix>
                            <node id="node-Bip001_R_Finger0" name="Bip001_R_Finger0">
                              <matrix>0.6486483 0.5772246 -0.4960517 0.03908235 0.6676158 -0.118583 0.7350016 0.01738539 0.3654375 -0.8079293 -0.462283 0.04049921 0 0 0 1</matrix>
                              <node id="node-Bip001_R_Finger01" name="Bip001_R_Finger01">
                                <matrix>0.6155393 -0.7881062 1.49012e-8 0.1027658 0.7881062 0.6155394 -2.98023e-8 -5.96046e-8 4.47035e-8 2.98023e-8 1 -1.19209e-7 0 0 0 1</matrix>
                                <node id="node-Bip001_R_Finger02" name="Bip001_R_Finger02">
                                  <matrix>0.152335 -0.9883291 -1.49012e-8 0.05252492 0.9883292 0.1523349 5.96046e-8 0 2.98023e-8 0 1 0 0 0 0 1</matrix>
                                </node>
                              </node>
                            </node>
                            <node id="node-Bip001_R_Finger1" name="Bip001_R_Finger1">
                              <matrix>0.7109717 -0.632343 -0.3076712 0.1458855 0.6327782 0.766136 -0.1123713 -1.52737e-5 0.3067753 -0.1147949 0.9448339 0.01919675 0 0 0 1</matrix>
                              <node id="node-Bip001_R_Finger11" name="Bip001_R_Finger11">
                                <matrix>-0.6406225 -0.7678561 0 0.08578134 0.7678561 -0.6406225 7.45058e-9 0 0 -1.49012e-8 0.9999999 0 0 0 0 1</matrix>
                                <node id="node-Bip001_R_Finger12" name="Bip001_R_Finger12">
                                  <matrix>0.8432421 -0.5375336 -2.98023e-8 0.05549771 0.5375335 0.8432422 0 0 -2.98023e-8 -3.72529e-9 0.9999999 2.98023e-8 0 0 0 1</matrix>
                                </node>
                              </node>
                            </node>
                            <node id="node-Bip001_R_Finger2" name="Bip001_R_Finger2">
                              <matrix>0.2634968 -0.9557803 0.1305896 0.1437578 0.9628298 0.2522402 -0.09661077 0.003213406 0.05939874 0.1511922 0.9867181 -0.02870381 0 0 0 1</matrix>
                              <node id="node-Bip001_R_Finger21" name="Bip001_R_Finger21">
                                <matrix>-0.03544474 -0.9993716 0 0.07148437 0.9993716 -0.03544478 -1.49012e-8 5.96046e-8 0 -3.72529e-9 1 0 0 0 0 1</matrix>
                                <node id="node-Bip001_R_Finger22" name="Bip001_R_Finger22">
                                  <matrix>0.7483484 -0.6633057 0 0.05113888 0.6633057 0.7483484 -3.72529e-9 -7.45058e-9 -7.45058e-9 -1.49012e-8 0.9999999 -5.96046e-8 0 0 0 1</matrix>
                                </node>
                              </node>
                            </node>
                            <node id="node-mount0" name="mount0">
                              <matrix>-2.66082e-8 1 5.06639e-7 0.1088288 -1 -2.8353e-7 -1.21072e-7 0.03070413 1.69501e-7 -4.20492e-7 0.9999999 0.01333505 0 0 0 1</matrix>
                            </node>
                          </node>
                        </node>
                        <node id="node-Bip001_R_ForeTwist" name="Bip001_R_ForeTwist">
                          <matrix sid="matrix">-0.5551364 0.8307283 -0.04140168 0.4297335 -0.8317592 -0.5544482 0.02763249 0 -3.1665e-8 0.04977609 0.9987603 0 0 0 0 1</matrix>
                          <node id="node-Bip001_R_ForeTwist1" name="Bip001_R_ForeTwist1">
                            <matrix sid="matrix">1 7.45058e-9 2.37487e-8 0.1887197 0 0.9987605 -0.04977604 0 2.79397e-9 0.04977604 0.9987605 2.98023e-8 0 0 0 1</matrix>
                          </node>
                        </node>
                      </node>
                      <node id="node-Bip001_RUpArmTwist" name="Bip001_RUpArmTwist">
                        <matrix sid="matrix">0.7419217 0.1666163 -0.6494545 0.0796662 -0.4888687 0.7973396 -0.3539164 5.96046e-8 0.4588674 0.5800764 0.673017 0 0 0 0 1</matrix>
                        <node id="node-Bip001_RUpArmTwist1" name="Bip001_RUpArmTwist1">
                          <matrix>0.9999999 0 -1.49012e-8 0.2148667 -2.98023e-8 1 -1.49012e-8 0 1.49012e-8 7.45058e-9 1 0 0 0 0 1</matrix>
                        </node>
                      </node>
                    </node>
                  </node>
                </node>
              </node>
            </node>
            <node id="node-Bip001_L_Thigh" name="Bip001_L_Thigh">
              <matrix sid="matrix">-0.1911508 0.9774363 -0.08988613 -0.07925981 0.7948104 0.2078672 0.5701469 0.01231726 0.5759666 0.03754162 -0.8166106 0.07958384 0 0 0 1</matrix>
              <node id="node-Bip001_L_Calf" name="Bip001_L_Calf">
                <matrix sid="matrix">-0.6250484 0.7805864 7.45058e-9 0.454169 -0.7805861 -0.6250484 -2.98023e-8 0 -2.98023e-8 0 1 0 0 0 0 1</matrix>
                <node id="node-Bip001_L_HorseLink" name="Bip001_L_HorseLink">
                  <matrix sid="matrix">-0.6250991 -0.7805455 0 0.3208733 0.7805454 -0.625099 0 1.49012e-8 1.49012e-8 -2.98023e-8 1 0 0 0 0 1</matrix>
                  <node id="node-Bip001_L_Foot" name="Bip001_L_Foot">
                    <matrix sid="matrix">0.3887371 0.9211389 -0.019669 0.3617601 -0.8649846 0.3722247 0.3365279 2.98023e-8 0.3173101 -0.1138074 0.9414681 1.49012e-8 0 0 0 1</matrix>
                    <node id="node-Bip001_L_Toe0" name="Bip001_L_Toe0">
                      <matrix>-0.2454681 -0.9694048 5.14779e-8 0.08654235 0.9569955 -0.2423259 0.1594924 0.1234713 -0.1546127 0.03915034 0.9871992 -0.02420597 0 0 0 1</matrix>
                      <node id="node-Bip001_L_Toe01" name="Bip001_L_Toe01">
                        <matrix>0.9623387 0.2718536 3.21335e-8 0.04576606 -0.2718536 0.9623386 -6.45105e-9 0 2.35497e-8 3.40606e-9 1 -3.35276e-8 0 0 0 1</matrix>
                        <node id="node-Bip001_L_Toe02" name="Bip001_L_Toe02">
                          <matrix>0.9133543 0.4071654 2.30973e-8 0.03187376 -0.4071655 0.9133545 1.33014e-9 0 -7.32825e-10 8.28686e-9 1 4.84288e-8 0 0 0 1</matrix>
                        </node>
                      </node>
                    </node>
                    <node id="node-Bip001_L_Toe1" name="Bip001_L_Toe1">
                      <matrix>-0.240283 -0.9707029 1.09988e-7 0.09280638 0.940452 -0.2327949 -0.2477028 0.1308166 0.2404459 -0.05951866 0.9688361 0.03696451 0 0 0 1</matrix>
                      <node id="node-Bip001_L_Toe11" name="Bip001_L_Toe11">
                        <matrix>0.9830523 0.1833259 -1.12209e-10 0.043706 -0.1833258 0.9830522 -1.45519e-11 0 -1.24487e-11 -1.47338e-10 1 -5.96046e-8 0 0 0 1</matrix>
                        <node id="node-Bip001_L_Toe12" name="Bip001_L_Toe12">
                          <matrix>0.9040335 0.4274614 1.22213e-11 0.03796011 -0.4274614 0.9040335 7.27596e-12 3.72529e-9 3.63229e-10 1.9304e-10 1 8.9407e-8 0 0 0 1</matrix>
                        </node>
                      </node>
                    </node>
                    <node id="node-Bip001_L_Toe2" name="Bip001_L_Toe2">
                      <matrix>0.04881953 -0.8895265 0.454268 0.06798328 0.1495167 -0.4431772 -0.8838773 0.002804041 0.9875534 0.1110712 0.1113633 0.04295146 0 0 0 1</matrix>
                      <node id="node-Bip001_L_Toe21" name="Bip001_L_Toe21">
                        <matrix>1 -7.45058e-9 0 0.01451743 3.72529e-9 1 -2.98023e-8 1.49012e-8 -2.98023e-8 0 1 0 0 0 0 1</matrix>
                        <node id="node-Bip001_L_Toe22" name="Bip001_L_Toe22">
                          <matrix>0.5236049 0.8519612 0 0.03369505 -0.8519613 0.5236049 -2.98023e-8 -2.98023e-8 -5.96046e-8 -2.98023e-8 1 -2.98023e-8 0 0 0 1</matrix>
                        </node>
                      </node>
                    </node>
                  </node>
                </node>
              </node>
            </node>
            <node id="node-Bip001_R_Thigh" name="Bip001_R_Thigh">
              <matrix sid="matrix">-0.6249809 0.2442594 0.741442 -0.1158412 0.06319076 0.9625 -0.2638192 1.80244e-4 -0.7780781 -0.1180297 -0.6169791 -0.06056899 0 0 0 1</matrix>
              <node id="node-Bip001_R_Calf" name="Bip001_R_Calf">
                <matrix sid="matrix">-0.4805906 0.8769452 0 0.454169 -0.876945 -0.4805906 1.49012e-8 -2.23517e-8 5.96046e-8 0 1 -5.96046e-8 0 0 0 1</matrix>
                <node id="node-Bip001_R_HorseLink" name="Bip001_R_HorseLink">
                  <matrix sid="matrix">-0.7285875 -0.6849529 -5.96046e-8 0.3208732 0.6849528 -0.7285873 -2.98023e-8 -1.49012e-8 0 1.49012e-8 1 0 0 0 0 1</matrix>
                  <node id="node-Bip001_R_Foot" name="Bip001_R_Foot">
                    <matrix sid="matrix">0.6553871 0.4205462 0.6273821 0.36176 -0.1347673 0.8824301 -0.450727 -2.98023e-8 -0.7431723 0.2108501 0.6350093 0 0 0 0 1</matrix>
                    <node id="node-Bip001_R_Toe0" name="Bip001_R_Toe0">
                      <matrix>-0.2454693 -0.9694044 -9.22353e-9 0.08654235 0.956995 -0.242327 -0.1594934 0.1234713 0.1546135 -0.03915073 0.9871989 0.02420598 0 0 0 1</matrix>
                      <node id="node-Bip001_R_Toe01" name="Bip001_R_Toe01">
                        <matrix>0.9623386 0.2718536 -1.92611e-8 0.04576598 -0.2718536 0.9623386 -7.4978e-9 2.04891e-8 5.69801e-9 1.00914e-9 1 0 0 0 0 1</matrix>
                        <node id="node-Bip001_R_Toe02" name="Bip001_R_Toe02">
                          <matrix>0.9133545 0.4071654 -2.4343e-8 0.03187376 -0.4071654 0.9133543 4.31342e-10 1.86265e-9 3.09116e-8 -2.50766e-8 0.9999999 5.96046e-8 0 0 0 1</matrix>
                        </node>
                      </node>
                    </node>
                    <node id="node-Bip001_R_Toe1" name="Bip001_R_Toe1">
                      <matrix>-0.2402842 -0.9707026 -7.00538e-7 0.09280638 0.9404515 -0.2327961 0.2477034 0.1308167 -0.2404465 0.05951854 0.9688359 -0.03696442 0 0 0 1</matrix>
                      <node id="node-Bip001_R_Toe11" name="Bip001_R_Toe11">
                        <matrix>0.9830523 0.1833258 6.00952e-8 0.04370605 -0.1833259 0.9830523 -3.92816e-10 -7.45058e-9 -4.58617e-8 4.19348e-9 1 0 0 0 0 1</matrix>
                        <node id="node-Bip001_R_Toe12" name="Bip001_R_Toe12">
                          <matrix>0.9040335 0.4274615 -1.43319e-8 0.03796015 -0.4274614 0.9040335 2.6796e-10 -3.72529e-9 -1.46952e-8 -2.0694e-8 1 0 0 0 0 1</matrix>
                        </node>
                      </node>
                    </node>
                    <node id="node-Bip001_R_Toe2" name="Bip001_R_Toe2">
                      <matrix>0.04881983 -0.8895258 -0.4542693 0.06798328 0.1495179 -0.4431782 0.8838764 0.002803966 -0.987553 -0.111072 0.111364 -0.04295141 0 0 0 1</matrix>
                      <node id="node-Bip001_R_Toe21" name="Bip001_R_Toe21">
                        <matrix>1 -3.72529e-9 -3.72529e-9 0.01451749 1.49012e-8 1 0 -7.45058e-9 5.58794e-9 2.98023e-8 0.9999999 1.49012e-8 0 0 0 1</matrix>
                        <node id="node-Bip001_R_Toe22" name="Bip001_R_Toe22">
                          <matrix>0.5236049 0.8519613 -3.72529e-9 0.03369498 -0.8519613 0.5236049 0 -1.67638e-8 2.98023e-8 1.49012e-8 0.9999999 1.86265e-8 0 0 0 1</matrix>
                        </node>
                      </node>
                    </node>
                  </node>
                </node>
              </node>
            </node>
          </node>
        </node>
      </node>
      <node id="node-Bounds" name="Bounds">
        <matrix>1 0 0 0 0 1 0 0.411981 0 0 1 0 0 0 0 1</matrix>
        <instance_geometry url="#geom-Bounds">
          <bind_material>
            <technique_common>
              <instance_material symbol="ColorMaterial" target="#ColorEffectR88G199B225-material"/>
            </technique_common>
          </bind_material>
        </instance_geometry>
      </node>
      <node id="node-EYE" name="EYE">
        <matrix sid="matrix">-1 -7.64274e-15 -8.74228e-8 4.09043e-8 0 -1 8.74228e-8 0.411981 -8.74228e-8 8.74228e-8 1 1.111179 0 0 0 1</matrix>
      </node>
      <node id="node-CAM" name="CAM">
        <matrix sid="matrix">-0.9999996 1.50996e-7 0 0 -1.50996e-7 -0.9999996 1.77636e-15 -0.009719968 0 1.77636e-15 1 1.474417 0 0 0 1</matrix>
      </node>
    </visual_scene>
  </library_visual_scenes>
  <library_animations>
    <animation>
      <source id="node-Bip001_matrix-input">
        <float_array id="node-Bip001_matrix-input-array" count="60">19.33333 19.36667 19.4 19.43333 19.46667 19.5 19.53333 19.56667 19.6 19.63333 19.66667 19.7 19.73333 19.76667 19.8 19.83333 19.86667 19.9 19.93333 19.96667 20 20.03333 20.06667 20.1 20.13333 20.16667 20.2 20.23333 20.26667 20.3 20.33333 20.36667 20.4 20.43333 20.46667 20.5 20.53333 20.56667 20.6 20.63333 20.66667 20.7 20.73333 20.76667 20.8 20.83333 20.86667 20.9 20.93333 20.96667 21 21.03333 21.06667 21.1 21.13333 21.16667 21.2 21.23333 21.26667 21.3</float_array>
        <technique_common>
          <accessor source="#node-Bip001_matrix-input-array" count="60" stride="1">
            <param name="TIME" type="float"/>
          </accessor>
        </technique_common>
      </source>
      <source id="node-Bip001_matrix-output">
        <float_array id="node-Bip001_matrix-output-array" count="960">0.4908437 -0.8335533 0.2534982 0 0.8299852 0.535848 0.1548922 0 -0.2649474 0.1343718 0.9548545 0.5325592 0 0 0 1 0.4908165 -0.8335708 0.2534932 0 0.8300059 0.5358184 0.1548837 0 -0.2649329 0.1343813 0.9548572 0.5325838 0 0 0 1 0.4907919 -0.8335868 0.2534886 0 0.8300247 0.5357914 0.1548759 0 -0.2649195 0.1343899 0.9548597 0.5326555 0 0 0 1 0.4907694 -0.8336012 0.2534843 0 0.8300418 0.5357669 0.1548688 0 -0.2649073 0.1343978 0.9548619 0.5327705 0 0 0 1 0.490749 -0.8336145 0.2534805 0 0.8300575 0.5357446 0.1548623 0 -0.2648963 0.1344048 0.954864 0.5329253 0 0 0 1 0.4907305 -0.8336265 0.253477 0 0.8300716 0.5357244 0.1548565 0 -0.2648863 0.1344113 0.9548659 0.5331162 0 0 0 1 0.4907138 -0.8336372 0.2534739 0 0.8300843 0.5357062 0.1548512 0 -0.2648773 0.134417 0.9548676 0.5333401 0 0 0 1 0.4906991 -0.8336467 0.2534711 0 0.8300955 0.5356901 0.1548466 0 -0.2648693 0.1344222 0.954869 0.5335934 0 0 0 1 0.4906859 -0.8336552 0.2534686 0 0.8301057 0.5356757 0.1548424 0 -0.2648622 0.1344267 0.9548704 0.5338727 0 0 0 1 0.4906742 -0.8336628 0.2534665 0 0.8301146 0.5356629 0.1548388 0 -0.2648559 0.1344308 0.9548715 0.5341747 0 0 0 1 0.4906643 -0.8336691 0.2534646 0 0.8301222 0.5356521 0.1548355 0 -0.2648504 0.1344343 0.9548726 0.5344961 0 0 0 1 0.4906554 -0.8336749 0.2534629 0 0.8301289 0.5356424 0.1548328 0 -0.2648457 0.1344373 0.9548735 0.5348337 0 0 0 1 0.4906479 -0.8336797 0.2534615 0 0.8301346 0.5356343 0.1548305 0 -0.2648417 0.1344399 0.9548742 0.5351842 0 0 0 1 0.4906417 -0.8336837 0.2534604 0 0.8301394 0.5356275 0.1548285 0 -0.2648383 0.134442 0.9548749 0.5355443 0 0 0 1 0.4906366 -0.833687 0.2534593 0 0.8301433 0.5356219 0.1548269 0 -0.2648355 0.1344438 0.9548754 0.5359108 0 0 0 1 0.4906325 -0.8336897 0.2534585 0 0.8301464 0.5356174 0.1548255 0 -0.2648333 0.1344452 0.9548758 0.5362805 0 0 0 1 0.4906293 -0.8336917 0.253458 0 0.8301488 0.5356139 0.1548246 0 -0.2648316 0.1344463 0.9548761 0.5366503 0 0 0 1 0.4906271 -0.8336933 0.2534575 0 0.8301506 0.5356114 0.1548238 0 -0.2648303 0.134447 0.9548764 0.5370168 0 0 0 1 0.4906253 -0.8336944 0.2534572 0 0.830152 0.5356095 0.1548233 0 -0.2648295 0.1344477 0.9548766 0.5373769 0 0 0 1 0.4906244 -0.8336949 0.253457 0 0.8301526 0.5356085 0.154823 0 -0.2648289 0.134448 0.9548766 0.5377274 0 0 0 1 0.490624 -0.8336952 0.2534568 0 0.8301529 0.5356081 0.1548229 0 -0.2648286 0.1344481 0.9548767 0.538065 0 0 0 1 0.4906241 -0.8336952 0.2534568 0 0.8301529 0.5356082 0.1548229 0 -0.2648286 0.1344481 0.9548767 0.5383864 0 0 0 1 0.4906244 -0.833695 0.253457 0 0.8301527 0.5356085 0.1548231 0 -0.2648289 0.1344479 0.9548767 0.5386884 0 0 0 1 0.4906252 -0.8336945 0.253457 0 0.830152 0.5356094 0.1548233 0 -0.2648293 0.1344476 0.9548766 0.5389677 0 0 0 1 0.4906262 -0.8336939 0.2534572 0 0.8301513 0.5356104 0.1548236 0 -0.2648298 0.1344473 0.9548765 0.5392209 0 0 0 1 0.4906273 -0.8336931 0.2534574 0 0.8301504 0.5356116 0.1548238 0 -0.2648304 0.1344469 0.9548764 0.5394448 0 0 0 1 0.4906283 -0.8336925 0.2534576 0 0.8301497 0.5356127 0.1548242 0 -0.2648309 0.1344465 0.9548763 0.5396358 0 0 0 1 0.4906292 -0.8336919 0.2534577 0 0.830149 0.5356137 0.1548246 0 -0.2648314 0.1344462 0.9548762 0.5397905 0 0 0 1 0.4906301 -0.8336913 0.2534579 0 0.8301483 0.5356147 0.1548248 0 -0.2648319 0.1344459 0.9548761 0.5399055 0 0 0 1 0.4906307 -0.833691 0.253458 0 0.8301478 0.5356153 0.1548249 0 -0.2648321 0.1344457 0.9548761 0.5399771 0 0 0 1 0.4906309 -0.8336908 0.253458 0 0.8301477 0.5356155 0.154825 0 -0.2648323 0.1344456 0.954876 0.5400019 0 0 0 1 0.4906314 -0.8336904 0.2534582 0 0.8301473 0.5356162 0.1548252 0 -0.2648326 0.1344454 0.954876 0.5399773 0 0 0 1 0.4906333 -0.8336893 0.2534584 0 0.8301459 0.5356181 0.1548258 0 -0.2648336 0.1344448 0.9548758 0.5399056 0 0 0 1 0.4906361 -0.8336875 0.253459 0 0.8301438 0.5356212 0.1548267 0 -0.2648351 0.1344438 0.9548755 0.5397906 0 0 0 1 0.49064 -0.8336849 0.2534598 0 0.8301407 0.5356255 0.1548279 0 -0.2648372 0.1344425 0.9548751 0.5396358 0 0 0 1 0.4906446 -0.833682 0.2534607 0 0.8301373 0.5356306 0.1548295 0 -0.2648398 0.1344408 0.9548746 0.5394449 0 0 0 1 0.4906504 -0.8336783 0.2534617 0 0.8301329 0.5356368 0.1548311 0 -0.2648428 0.1344389 0.954874 0.539221 0 0 0 1 0.4906567 -0.8336741 0.2534629 0 0.830128 0.5356437 0.1548331 0 -0.2648462 0.1344367 0.9548735 0.5389677 0 0 0 1 0.4906637 -0.8336697 0.2534642 0 0.8301228 0.5356513 0.1548354 0 -0.26485 0.1344342 0.9548727 0.5386884 0 0 0 1 0.4906713 -0.8336647 0.2534657 0 0.8301168 0.5356597 0.1548378 0 -0.2648542 0.1344316 0.954872 0.5383864 0 0 0 1 0.4906795 -0.8336594 0.2534672 0 0.8301106 0.5356686 0.1548404 0 -0.2648586 0.1344287 0.9548711 0.538065 0 0 0 1 0.4906883 -0.8336538 0.2534688 0 0.8301039 0.5356782 0.1548431 0 -0.2648633 0.1344257 0.9548702 0.5377274 0 0 0 1 0.4906973 -0.833648 0.2534705 0 0.8300971 0.5356881 0.154846 0 -0.2648682 0.1344226 0.9548693 0.5373769 0 0 0 1 0.4907066 -0.833642 0.2534723 0 0.8300899 0.5356982 0.1548489 0 -0.2648733 0.1344193 0.9548684 0.5370168 0 0 0 1 0.4907162 -0.8336358 0.2534741 0 0.8300826 0.5357087 0.154852 0 -0.2648785 0.1344161 0.9548674 0.5366503 0 0 0 1 0.490726 -0.8336294 0.253476 0 0.8300751 0.5357194 0.1548551 0 -0.2648838 0.1344126 0.9548664 0.5362806 0 0 0 1 0.490736 -0.833623 0.2534778 0 0.8300675 0.5357303 0.1548582 0 -0.2648891 0.1344091 0.9548654 0.5359108 0 0 0 1 0.4907459 -0.8336164 0.2534797 0 0.8300598 0.5357412 0.1548613 0 -0.2648944 0.1344057 0.9548644 0.5355443 0 0 0 1 0.4907556 -0.8336102 0.2534816 0 0.8300524 0.5357518 0.1548644 0 -0.2648999 0.1344023 0.9548634 0.5351842 0 0 0 1 0.4907655 -0.8336039 0.2534834 0 0.8300449 0.5357626 0.1548675 0 -0.264905 0.1343989 0.9548624 0.5348337 0 0 0 1 0.490775 -0.8335978 0.2534852 0 0.8300377 0.5357729 0.1548706 0 -0.2649103 0.1343957 0.9548614 0.5344961 0 0 0 1 0.4907844 -0.8335916 0.253487 0 0.8300305 0.5357832 0.1548734 0 -0.2649154 0.1343924 0.9548605 0.5341747 0 0 0 1 0.4907933 -0.8335859 0.2534886 0 0.8300237 0.535793 0.1548763 0 -0.2649201 0.1343893 0.9548596 0.5338727 0 0 0 1 0.4908019 -0.8335803 0.2534903 0 0.830017 0.5358024 0.154879 0 -0.2649248 0.1343863 0.9548587 0.5335934 0 0 0 1 0.4908099 -0.8335752 0.2534918 0 0.830011 0.5358111 0.1548815 0 -0.2649291 0.1343835 0.9548579 0.5333402 0 0 0 1 0.4908174 -0.8335703 0.2534933 0 0.8300052 0.5358193 0.1548839 0 -0.2649332 0.1343809 0.9548571 0.5331164 0 0 0 1 0.4908244 -0.8335658 0.2534946 0 0.8299999 0.5358268 0.1548861 0 -0.264937 0.1343786 0.9548564 0.5329253 0 0 0 1 0.4908305 -0.8335618 0.2534957 0 0.8299952 0.5358336 0.154888 0 -0.2649403 0.1343764 0.9548558 0.5327706 0 0 0 1 0.490836 -0.8335583 0.2534968 0 0.8299911 0.5358396 0.1548897 0 -0.2649433 0.1343746 0.9548553 0.5326556 0 0 0 1 0.4908403 -0.8335555 0.2534976 0 0.8299877 0.5358443 0.1548912 0 -0.2649457 0.134373 0.9548548 0.532584 0 0 0 1</float_array>
        <technique_common>
          <accessor source="#node-Bip001_matrix-output-array" count="60" stride="16">
            <param name="TRANSFORM" type="float4x4"/>
          </accessor>
        </technique_common>
      </source>
      <source id="node-Bip001_matrix-interpolation">
        <Name_array id="node-Bip001_matrix-interpolation-array" count="60">LINEAR LINEAR LINEAR LINEAR LINEAR LINEAR LINEAR LINEAR LINEAR LINEAR LINEAR LINEAR LINEAR LINEAR LINEAR LINEAR LINEAR LINEAR LINEAR LINEAR LINEAR LINEAR LINEAR LINEAR LINEAR LINEAR LINEAR LINEAR LINEAR LINEAR LINEAR LINEAR LINEAR LINEAR LINEAR LINEAR LINEAR LINEAR LINEAR LINEAR LINEAR LINEAR LINEAR LINEAR LINEAR LINEAR LINEAR LINEAR LINEAR LINEAR LINEAR LINEAR LINEAR LINEAR LINEAR LINEAR LINEAR LINEAR LINEAR LINEAR</Name_array>
        <technique_common>
          <accessor source="#node-Bip001_matrix-interpolation-array" count="60" stride="1">
            <param name="INTERPOLATION" type="name"/>
          </accessor>
        </technique_common>
      </source>
      <source id="node-Bip001_Spine_matrix-input">
        <float_array id="node-Bip001_Spine_matrix-input-array" count="60">19.33333 19.36667 19.4 19.43333 19.46667 19.5 19.53333 19.56667 19.6 19.63333 19.66667 19.7 19.73333 19.76667 19.8 19.83333 19.86667 19.9 19.93333 19.96667 20 20.03333 20.06667 20.1 20.13333 20.16667 20.2 20.23333 20.26667 20.3 20.33333 20.36667 20.4 20.43333 20.46667 20.5 20.53333 20.56667 20.6 20.63333 20.66667 20.7 20.73333 20.76667 20.8 20.83333 20.86667 20.9 20.93333 20.96667 21 21.03333 21.06667 21.1 21.13333 21.16667 21.2 21.23333 21.26667 21.3</float_array>
        <technique_common>
          <accessor source="#node-Bip001_Spine_matrix-input-array" count="60" stride="1">
            <param name="TIME" type="float"/>
          </accessor>
        </technique_common>
      </source>
      <source id="node-Bip001_Spine_matrix-output">
