<?xml version="1.0" encoding="utf-8"?>
<COLLADA xmlns="http://www.collada.org/2005/11/COLLADASchema" version="1.4.1">
  <asset>
    <contributor>
      <author>MattO</author>
      <authoring_tool>OpenCOLLADA for 3ds Max;  Version: 1.3.0;  Revision: 839M;  Platform: x64;  Configuration: Release_Max2012</authoring_tool>
      <source_data>file:///C:/Dropbox/Prj/GGStout/Kraad/Mantis_TP_Kraad_Animation_Master.max</source_data>
    </contributor>
    <created>2011-10-24T10:56:24</created>
    <modified>2011-10-24T10:56:24</modified>
    <unit name="meter" meter="1"/>
    <up_axis>Z_UP</up_axis>
  </asset>
  <library_effects>
    <effect id="ColorEffectR88G199B225">
      <profile_COMMON>
        <technique sid="common">
          <phong>
            <ambient>
              <color>0.345098 0.7803922 0.8823529 1</color>
            </ambient>
            <diffuse>
              <color>0.345098 0.7803922 0.8823529 1</color>
            </diffuse>
            <specular>
              <color>1 1 1 1</color>
            </specular>
            <shininess>
              <float>10</float>
            </shininess>
            <reflective>
              <color>0 0 0 1</color>
            </reflective>
            <transparent>
              <color>1 1 1 1</color>
            </transparent>
            <transparency>
              <float>1</float>
            </transparency>
          </phong>
        </technique>
      </profile_COMMON>
    </effect>
  </library_effects>
  <library_materials>
    <material id="ColorEffectR88G199B225-material" name="ColorEffectR88G199B225-material">
      <instance_effect url="#ColorEffectR88G199B225"/>
    </material>
  </library_materials>
  <library_geometries>
    <geometry id="geom-Bounds" name="Bounds">
      <mesh>
        <source id="geom-Bounds-positions">
          <float_array id="geom-Bounds-positions-array" count="24">-0.5 -0.5 0 0.5 -0.5 0 -0.5 0.5 0 0.5 0.5 0 -0.5 -0.5 2 0.5 -0.5 2 -0.5 0.5 2 0.5 0.5 2</float_array>
          <technique_common>
            <accessor source="#geom-Bounds-positions-array" count="8" stride="3">
              <param name="X" type="float"/>
              <param name="Y" type="float"/>
              <param name="Z" type="float"/>
            </accessor>
          </technique_common>
        </source>
        <source id="geom-Bounds-normals">
          <float_array id="geom-Bounds-normals-array" count="72">0 0 -1 0 0 -1 0 0 -1 0 0 -1 0 0 1 0 0 1 0 0 1 0 0 1 0 -1 0 0 -1 0 0 -1 0 0 -1 0 1 0 0 1 0 0 1 0 0 1 0 0 0 1 0 0 1 0 0 1 0 0 1 0 -1 0 0 -1 0 0 -1 0 0 -1 0 0</float_array>
          <technique_common>
            <accessor source="#geom-Bounds-normals-array" count="24" stride="3">
              <param name="X" type="float"/>
              <param name="Y" type="float"/>
              <param name="Z" type="float"/>
            </accessor>
          </technique_common>
        </source>
        <source id="geom-Bounds-map1">
          <float_array id="geom-Bounds-map1-array" count="36">0 0 0 1 0 0 0 1 0 1 1 0 0 0 0 1 0 0 0 1 0 1 1 0 0 0 0 1 0 0 0 1 0 1 1 0</float_array>
          <technique_common>
            <accessor source="#geom-Bounds-map1-array" count="12" stride="3">
              <param name="S" type="float"/>
              <param name="T" type="float"/>
              <param name="P" type="float"/>
            </accessor>
          </technique_common>
        </source>
        <vertices id="geom-Bounds-vertices">
          <input semantic="POSITION" source="#geom-Bounds-positions"/>
        </vertices>
        <triangles material="ColorMaterial" count="12">
          <input semantic="VERTEX" source="#geom-Bounds-vertices" offset="0"/>
          <input semantic="NORMAL" source="#geom-Bounds-normals" offset="1"/>
          <input semantic="TEXCOORD" source="#geom-Bounds-map1" offset="2" set="0"/>
          <p>0 0 9 2 1 11 3 2 10 3 2 10 1 3 8 0 0 9 4 4 8 5 5 9 7 6 11 7 6 11 6 7 10 4 4 8 0 8 4 1 9 5 5 10 7 5 10 7 4 11 6 0 8 4 1 12 0 3 13 1 7 14 3 7 14 3 5 15 2 1 12 0 3 16 4 2 17 5 6 18 7 6 18 7 7 19 6 3 16 4 2 20 0 0 21 1 4 22 3 4 22 3 6 23 2 2 20 0</p>
        </triangles>
      </mesh>
      <extra>
        <technique profile="OpenCOLLADA3dsMax">
          <max_box>
            <generateuvs>1</generateuvs>
            <height>2</height>
            <heightsegments>1</heightsegments>
            <length>1</length>
            <lengthsegments>1</lengthsegments>
            <width>1</width>
            <widthsegments>1</widthsegments>
          </max_box>
        </technique>
      </extra>
    </geometry>
  </library_geometries>
  <library_lights>
    <light id="EnvironmentAmbientLight" name="EnvironmentAmbientLight">
      <technique_common>
        <ambient>
          <color>0 0 0</color>
        </ambient>
      </technique_common>
    </light>
  </library_lights>
  <library_visual_scenes>
    <visual_scene id="MaxScene">
      <node name="EnvironmentAmbientLight">
        <instance_light url="#EnvironmentAmbientLight"/>
      </node>
      <node id="node-Bip001" name="Bip001">
        <matrix sid="matrix">0.4908435 -0.8335536 0.2534977 0 0.8299854 0.5358477 0.1548922 -4.37066e-8 -0.2649471 0.1343716 0.9548546 0.8529336 0 0 0 1</matrix>
        <node id="node-Bip001_Pelvis" name="Bip001_Pelvis">
          <matrix>-1.49012e-8 1 -1.38581e-6 0 -0.114087 1.39698e-6 0.9934708 0 0.9934708 1.49012e-7 0.114087 0 0 0 0 1</matrix>
          <node id="node-Bip001_Spine" name="Bip001_Spine">
            <matrix>0.9751358 -0.0733123 -0.2091303 0.09757131 0.05277598 0.9933681 -0.1021488 -8.78125e-5 0.2152321 0.08857182 0.9725379 0.01119618 0 0 0 1</matrix>
            <node id="node-Bip001_Spine1" name="Bip001_Spine1">
              <matrix>0.9235706 -0.3709309 -0.09709476 0.1110485 0.369598 0.9286392 -0.03204068 -8.2165e-5 0.1020509 -0.006294094 0.9947593 5.58794e-7 0 0 0 1</matrix>
              <node id="node-Bip001_Spine2" name="Bip001_Spine2">
                <matrix>0.9833878 -0.1427243 -0.1121533 0.1110282 0.148766 0.9877337 0.0474457 -8.72612e-5 0.1040059 -0.0633422 0.9925575 5.59539e-6 0 0 0 1</matrix>
                <node id="node-Bip001_Spine3" name="Bip001_Spine3">
                  <matrix>0.9532421 -0.241303 -0.1819402 0.111056 0.253619 0.966141 0.04742065 -1.62184e-4 0.1643372 -0.09134683 0.9821654 1.53184e-5 0 0 0 1</matrix>
                  <node id="node-Bip001_Neck" name="Bip001_Neck">
                    <matrix sid="matrix">0.9595833 0.2767266 -0.05120921 0.2584121 -0.2810971 0.9512445 -0.1269578 0.01280367 0.01357988 0.1362214 0.9905853 -5.30481e-6 0 0 0 1</matrix>
                    <node id="node-Bip001_Neck1" name="Bip001_Neck1">
                      <matrix sid="matrix">0.9293275 0.3686695 0.02081383 0.04893422 -0.3650395 0.9257479 -0.09867637 -3.60012e-5 -0.05564734 0.08410479 0.9949018 -3.27826e-6 0 0 0 1</matrix>
                      <node id="node-Bip001_Neck2" name="Bip001_Neck2">
                        <matrix sid="matrix">0.8779078 0.4714023 -0.08400951 0.04893029 -0.4756228 0.8787733 -0.03924892 -3.43025e-5 0.05532331 0.07441377 0.9956917 -2.90573e-6 0 0 0 1</matrix>
                        <node id="node-Bip001_Head" name="Bip001_Head">
                          <matrix sid="matrix">0.9273576 0.3418207 0.1522043 0.04894865 -0.3446233 0.9387034 -0.008404904 0 -0.1457477 -0.04465875 0.9883134 0 0 0 0 1</matrix>
                          <node id="node-Bip001_Ponytail1" name="Bip001_Ponytail1">
                            <matrix>-0.05999067 -0.998199 -2.76789e-6 0.009580612 0.998199 -0.05999058 -2.94019e-6 0.1139534 2.76882e-6 -2.94019e-6 1 8.9407e-8 0 0 0 1</matrix>
                          </node>
                          <node id="node-ALTEYE" name="ALTEYE">
                            <matrix>-0.009488116 0.577249 0.8165135 0.1153697 0.002645086 0.8165617 -0.5772524 0.2046643 -0.9999516 -0.003317288 -0.009274502 -0.001006722 0 0 0 1</matrix>
                          </node>
                        </node>
                      </node>
                    </node>
                    <node id="node-Bip001_L_Clavicle" name="Bip001_L_Clavicle">
                      <matrix sid="matrix">0.09357932 0.2353692 0.9673905 -0.04515386 0.7147794 -0.6922661 0.09928715 -0.008195996 0.6930608 0.6821795 -0.2330189 0.02412176 0 0 0 1</matrix>
                      <node id="node-Bip001_L_UpperArm" name="Bip001_L_UpperArm">
                        <matrix sid="matrix">0.9739091 -0.03060545 0.2248653 0.07966614 -0.2028143 0.3271897 0.9229373 0 -0.1018203 -0.944463 0.3124457 1.19209e-7 0 0 0 1</matrix>
                        <node id="node-Bip001_L_Forearm" name="Bip001_L_Forearm">
                          <matrix sid="matrix">0.2614683 0.9652121 2.98023e-8 0.4297335 -0.965212 0.2614684 1.49012e-8 0 -6.70552e-8 -2.98023e-8 1 0 0 0 0 1</matrix>
                          <node id="node-Bip001_L_Hand" name="Bip001_L_Hand">
                            <matrix sid="matrix">0.7050354 0.08402055 -0.7041772 0.3774394 -0.1677222 -0.9450318 -0.2806854 2.98023e-8 -0.6890532 0.3159992 -0.6521889 5.96046e-8 0 0 0 1</matrix>
                            <node id="node-Bip001_L_Finger0" name="Bip001_L_Finger0">
                              <matrix>0.49194 0.824418 0.2798744 0.03908235 0.6521552 -0.1359659 -0.7457927 0.01738554 -0.5767916 0.5494068 -0.6045355 -0.04049909 0 0 0 1</matrix>
                              <node id="node-Bip001_L_Finger01" name="Bip001_L_Finger01">
                                <matrix>0.9511043 0.3088697 -8.9407e-8 0.1027657 -0.3088696 0.9511044 2.98023e-8 5.96046e-8 -5.96046e-8 -7.45058e-9 1 1.78814e-7 0 0 0 1</matrix>
                                <node id="node-Bip001_L_Finger02" name="Bip001_L_Finger02">
                                  <matrix>0.8065713 -0.5911371 -5.96046e-8 0.05252504 0.591137 0.8065712 0 1.49012e-8 8.9407e-8 0 1 1.78814e-7 0 0 0 1</matrix>
                                </node>
                              </node>
                            </node>
                            <node id="node-Bip001_L_Finger1" name="Bip001_L_Finger1">
                              <matrix>0.6375437 -0.7703909 0.005984053 0.1458857 0.7704014 0.6375586 7.96273e-4 -1.53184e-5 -0.004428595 0.004102349 0.9999817 -0.01919663 0 0 0 1</matrix>
                              <node id="node-Bip001_L_Finger11" name="Bip001_L_Finger11">
                                <matrix>0.5190609 -0.8547374 2.98023e-8 0.08578128 0.8547372 0.5190609 1.49012e-8 0 1.49012e-8 2.6077e-8 1 0 0 0 0 1</matrix>
                                <node id="node-Bip001_L_Finger12" name="Bip001_L_Finger12">
                                  <matrix>0.9649359 -0.2624862 1.49012e-8 0.05549771 0.2624862 0.9649358 5.21541e-8 0 1.49012e-8 1.49012e-8 1 0 0 0 0 1</matrix>
                                </node>
                              </node>
                            </node>
                            <node id="node-Bip001_L_Finger2" name="Bip001_L_Finger2">
                              <matrix>0.5018924 -0.8550149 -0.1305895 0.1437581 0.8647376 0.492844 0.09661075 0.003213465 -0.01824339 -0.161414 0.986718 0.02870381 0 0 0 1</matrix>
                              <node id="node-Bip001_L_Finger21" name="Bip001_L_Finger21">
                                <matrix>0.8477591 -0.5303817 -1.49012e-8 0.07148433 0.5303817 0.8477591 2.23517e-8 0 1.49012e-8 -2.51457e-8 1 2.38419e-7 0 0 0 1</matrix>
                                <node id="node-Bip001_L_Finger22" name="Bip001_L_Finger22">
                                  <matrix>0.8033119 -0.5955587 0 0.05113876 0.5955588 0.8033118 1.39698e-8 -2.98023e-8 1.49012e-8 1.11759e-8 0.9999999 -1.19209e-7 0 0 0 1</matrix>
                                </node>
                              </node>
                            </node>
                          </node>
                        </node>
                        <node id="node-Bip001_L_ForeTwist" name="Bip001_L_ForeTwist">
                          <matrix sid="matrix">0.2614683 0.7630599 0.5910786 0.4297335 -0.965212 0.2067069 0.1601185 0 -6.70552e-8 -0.6123821 0.7905618 0 0 0 0 1</matrix>
                          <node id="node-Bip001_L_ForeTwist1" name="Bip001_L_ForeTwist1">
                            <matrix sid="matrix">1 0 4.47035e-8 0.1887199 1.49012e-8 0.790562 0.6123822 0 9.31323e-9 -0.6123821 0.790562 0 0 0 0 1</matrix>
                          </node>
                        </node>
                      </node>
                      <node id="node-Bip001_LUpArmTwist" name="Bip001_LUpArmTwist">
                        <matrix sid="matrix">0.9739091 -0.03060545 0.2248653 0.07966614 -0.2028143 0.3271897 0.9229373 0 -0.1018203 -0.944463 0.3124457 1.19209e-7 0 0 0 1</matrix>
                        <node id="node-Bip001_LUpArmTwist1" name="Bip001_LUpArmTwist1">
                          <matrix>0.9999999 2.98023e-8 2.98023e-8 0.2148667 8.9407e-8 0.9999999 1.49012e-8 5.96046e-8 0 2.98023e-8 1 5.96046e-8 0 0 0 1</matrix>
                        </node>
                      </node>
                    </node>
                    <node id="node-Bip001_R_Clavicle" name="Bip001_R_Clavicle">
                      <matrix sid="matrix">-0.5563208 0.1727328 -0.8128164 -0.04575562 0.4874352 -0.7243609 -0.4875531 -0.01423317 -0.672989 -0.6674313 0.3187811 -0.01978031 0 0 0 1</matrix>
                      <node id="node-Bip001_R_UpperArm" name="Bip001_R_UpperArm">
                        <matrix sid="matrix">0.8224007 0.09044451 -0.5616732 0.07966614 -0.3879536 0.8112769 -0.4374037 1.19209e-7 0.4161116 0.5776241 0.7022831 0 0 0 0 1</matrix>
                        <node id="node-Bip001_R_Forearm" name="Bip001_R_Forearm">
                          <matrix sid="matrix">-0.605033 0.7962005 -2.98023e-8 0.4297334 -0.7962005 -0.6050328 0 2.98023e-8 -4.84288e-8 -2.98023e-8 1 -5.96046e-8 0 0 0 1</matrix>
                          <node id="node-Bip001_R_Hand" name="Bip001_R_Hand">
                            <matrix sid="matrix">0.9183458 0.3509026 0.1830532 0.3774393 0.2237765 -0.07887755 -0.9714435 5.96046e-8 -0.3264432 0.933084 -0.1509606 5.96046e-8 0 0 0 1</matrix>
                            <node id="node-Bip001_R_Finger0" name="Bip001_R_Finger0">
                              <matrix>0.6486483 0.5772245 -0.4960517 0.03908229 0.6676159 -0.1185831 0.7350015 0.01738535 0.3654375 -0.8079293 -0.462283 0.04049921 0 0 0 1</matrix>
                              <node id="node-Bip001_R_Finger01" name="Bip001_R_Finger01">
                                <matrix>0.6155393 -0.7881061 -4.47035e-8 0.1027657 0.7881061 0.6155394 -2.98023e-8 -2.98023e-8 -1.49012e-8 2.98023e-8 1 0 0 0 0 1</matrix>
                                <node id="node-Bip001_R_Finger02" name="Bip001_R_Finger02">
                                  <matrix>0.1523349 -0.9883289 1.49012e-8 0.05252498 0.9883291 0.1523349 0 -1.19209e-7 -5.96046e-8 1.49012e-8 1 0 0 0 0 1</matrix>
                                </node>
                              </node>
                            </node>
                            <node id="node-Bip001_R_Finger1" name="Bip001_R_Finger1">
                              <matrix>0.7109717 -0.6323431 -0.3076712 0.1458856 0.6327782 0.7661361 -0.1123713 -1.52886e-5 0.3067753 -0.1147949 0.9448339 0.01919669 0 0 0 1</matrix>
                              <node id="node-Bip001_R_Finger11" name="Bip001_R_Finger11">
                                <matrix>-0.6406225 -0.7678561 2.98023e-8 0.08578134 0.7678561 -0.6406227 0 0 2.98023e-8 1.49012e-8 1 -5.96046e-8 0 0 0 1</matrix>
                                <node id="node-Bip001_R_Finger12" name="Bip001_R_Finger12">
                                  <matrix>0.8432423 -0.5375336 5.96046e-8 0.05549777 0.5375336 0.8432422 1.49012e-8 7.45058e-9 -2.98023e-8 -3.72529e-9 1 5.96046e-8 0 0 0 1</matrix>
                                </node>
                              </node>
                            </node>
                            <node id="node-Bip001_R_Finger2" name="Bip001_R_Finger2">
                              <matrix>0.2634968 -0.9557804 0.1305896 0.1437579 0.9628298 0.2522402 -0.09661078 0.003213361 0.05939874 0.1511922 0.9867182 -0.02870387 0 0 0 1</matrix>
                              <node id="node-Bip001_R_Finger21" name="Bip001_R_Finger21">
                                <matrix>-0.03544476 -0.9993716 3.72529e-9 0.07148439 0.9993716 -0.03544475 1.49012e-8 0 -2.98023e-8 -7.45058e-9 1 0 0 0 0 1</matrix>
                                <node id="node-Bip001_R_Finger22" name="Bip001_R_Finger22">
                                  <matrix>0.7483484 -0.6633057 0 0.051139 0.6633058 0.7483484 -3.72529e-9 1.49012e-8 0 0 0.9999999 -1.19209e-7 0 0 0 1</matrix>
                                </node>
                              </node>
                            </node>
                            <node id="node-mount0" name="mount0">
                              <matrix>-3.04717e-8 1 5.07571e-7 0.1088288 -1 -2.93192e-7 -1.6205e-7 0.03070408 1.50874e-7 -4.06057e-7 0.9999998 0.01333505 0 0 0 1</matrix>
                            </node>
                          </node>
                        </node>
                        <node id="node-Bip001_R_ForeTwist" name="Bip001_R_ForeTwist">
                          <matrix sid="matrix">-0.605033 0.7951494 -0.0408975 0.4297334 -0.7962005 -0.6042341 0.03107797 2.98023e-8 -4.84288e-8 0.05136575 0.99868 -5.96046e-8 0 0 0 1</matrix>
                          <node id="node-Bip001_R_ForeTwist1" name="Bip001_R_ForeTwist1">
                            <matrix>1 0 2.6077e-8 0.1887197 0 0.9986799 -0.05136579 5.96046e-8 2.79397e-8 0.05136578 0.9986799 -2.98023e-8 0 0 0 1</matrix>
                          </node>
                        </node>
                      </node>
                      <node id="node-Bip001_RUpArmTwist" name="Bip001_RUpArmTwist">
                        <matrix sid="matrix">0.8224007 0.09044451 -0.5616732 0.07966614 -0.3879536 0.8112769 -0.4374037 1.19209e-7 0.4161116 0.5776241 0.7022831 0 0 0 0 1</matrix>
                        <node id="node-Bip001_RUpArmTwist1" name="Bip001_RUpArmTwist1">
                          <matrix>1 0 -2.98023e-8 0.2148666 0 0.9999999 0 0 1.49012e-8 2.98023e-8 1 -5.96046e-8 0 0 0 1</matrix>
                        </node>
                      </node>
                    </node>
                  </node>
                </node>
              </node>
            </node>
            <node id="node-Bip001_L_Thigh" name="Bip001_L_Thigh">
              <matrix sid="matrix">-0.5058646 0.8621885 -0.02704903 -0.08190799 0.744646 0.4522991 0.4908438 0.01268604 0.4354343 0.2281587 -0.8708275 0.08018947 0 0 0 1</matrix>
              <node id="node-Bip001_L_Calf" name="Bip001_L_Calf">
                <matrix sid="matrix">0.2000105 0.9797936 1.49012e-8 0.4541689 -0.9797935 0.2000106 -1.49012e-8 5.96046e-8 -2.98023e-8 4.47035e-8 1 2.98023e-8 0 0 0 1</matrix>
                <node id="node-Bip001_L_HorseLink" name="Bip001_L_HorseLink">
                  <matrix sid="matrix">0.03937829 -0.9992244 0 0.3208733 0.9992244 0.03937823 0 -2.98023e-8 -4.47035e-8 -5.96046e-8 1 5.96046e-8 0 0 0 1</matrix>
                  <node id="node-Bip001_L_Foot" name="Bip001_L_Foot">
                    <matrix sid="matrix">0.5605419 0.8275798 0.03007076 0.3617601 -0.7935488 0.5264 0.3052588 0 0.2367968 -0.1949731 0.9517945 2.98023e-8 0 0 0 1</matrix>
                    <node id="node-Bip001_L_Toe0" name="Bip001_L_Toe0">
                      <matrix>-0.2454681 -0.9694048 5.13003e-8 0.08654235 0.9569957 -0.2423258 0.1594924 0.1234713 -0.1546127 0.03915034 0.9871992 -0.024206 0 0 0 1</matrix>
                      <node id="node-Bip001_L_Toe01" name="Bip001_L_Toe01">
                        <matrix>0.9623386 0.2718536 -9.27514e-10 0.045766 -0.2718535 0.9623386 1.02796e-8 0 -1.00354e-8 2.94744e-9 1 -7.82311e-8 0 0 0 1</matrix>
                        <node id="node-Bip001_L_Toe02" name="Bip001_L_Toe02">
                          <matrix>0.9133543 0.4071654 -9.7094e-9 0.0318737 -0.4071655 0.9133544 -5.96856e-10 -3.72529e-9 -2.47264e-8 -1.4054e-9 1 7.82311e-8 0 0 0 1</matrix>
                        </node>
                      </node>
                    </node>
                    <node id="node-Bip001_L_Toe1" name="Bip001_L_Toe1">
                      <matrix>-0.2402829 -0.9707028 1.09978e-7 0.09280638 0.9404519 -0.2327949 -0.2477028 0.1308166 0.2404459 -0.05951866 0.9688361 0.03696451 0 0 0 1</matrix>
                      <node id="node-Bip001_L_Toe11" name="Bip001_L_Toe11">
                        <matrix>0.9830521 0.1833258 -9.9476e-13 0.04370594 -0.1833258 0.9830521 -3.97904e-12 1.49012e-8 2.74198e-10 1.01977e-10 1 -2.98023e-8 0 0 0 1</matrix>
                        <node id="node-Bip001_L_Toe12" name="Bip001_L_Toe12">
                          <matrix>0.9040335 0.4274615 3.41451e-10 0.03796011 -0.4274615 0.9040334 3.08091e-11 5.58794e-9 6.07088e-11 -1.96223e-10 1 0 0 0 0 1</matrix>
                        </node>
                      </node>
                    </node>
                    <node id="node-Bip001_L_Toe2" name="Bip001_L_Toe2">
                      <matrix>0.04881953 -0.8895264 0.4542679 0.06798327 0.1495167 -0.4431771 -0.8838772 0.002803981 0.9875534 0.1110712 0.1113633 0.04295146 0 0 0 1</matrix>
                      <node id="node-Bip001_L_Toe21" name="Bip001_L_Toe21">
                        <matrix>1 0 5.58794e-9 0.01451743 0 0.9999999 0 1.49012e-8 -1.30385e-8 0 1 0 0 0 0 1</matrix>
                        <node id="node-Bip001_L_Toe22" name="Bip001_L_Toe22">
                          <matrix>0.5236049 0.8519612 5.58794e-9 0.03369503 -0.8519613 0.5236048 0 0 -2.98023e-8 -4.47035e-8 1 0 0 0 0 1</matrix>
                        </node>
                      </node>
                    </node>
                  </node>
                </node>
              </node>
            </node>
            <node id="node-Bip001_R_Thigh" name="Bip001_R_Thigh">
              <matrix sid="matrix">-0.76378 0.3275128 0.5562151 -0.113193 0.3475758 0.9347944 -0.07314727 -1.88619e-4 -0.5439034 0.1374586 -0.8278129 -0.06117461 0 0 0 1</matrix>
              <node id="node-Bip001_R_Calf" name="Bip001_R_Calf">
                <matrix sid="matrix">0.07075512 0.9974937 2.98023e-8 0.4541689 -0.9974936 0.07075509 5.58794e-9 5.58794e-9 -5.58794e-8 2.98023e-8 0.9999999 -2.98023e-8 0 0 0 1</matrix>
                <node id="node-Bip001_R_HorseLink" name="Bip001_R_HorseLink">
                  <matrix sid="matrix">0.1141455 -0.9934642 1.86265e-8 0.3208733 0.993464 0.1141456 0 -2.98023e-8 -2.08616e-7 -3.95812e-8 1 0 0 0 0 1</matrix>
                  <node id="node-Bip001_R_Foot" name="Bip001_R_Foot">
                    <matrix sid="matrix">0.8693541 0.2156834 0.4446396 0.3617601 0.007923421 0.8935353 -0.448923 -2.98023e-8 -0.4941263 0.3937961 0.7750896 -2.98023e-8 0 0 0 1</matrix>
                    <node id="node-Bip001_R_Toe0" name="Bip001_R_Toe0">
                      <matrix>-0.2454689 -0.9694045 -1.57126e-7 0.08654235 0.9569951 -0.2423266 -0.1594938 0.1234713 0.154614 -0.03915091 0.9871989 0.02420598 0 0 0 1</matrix>
                      <node id="node-Bip001_R_Toe01" name="Bip001_R_Toe01">
                        <matrix>0.9623385 0.2718535 2.46029e-8 0.04576606 -0.2718535 0.9623385 1.81829e-9 5.58794e-9 6.14361e-8 -1.30135e-8 0.9999999 0 0 0 0 1</matrix>
                        <node id="node-Bip001_R_Toe02" name="Bip001_R_Toe02">
                          <matrix>0.9133545 0.4071654 3.03809e-8 0.03187378 -0.4071654 0.9133544 2.46816e-10 7.45058e-9 -7.27385e-9 4.23696e-8 1 -5.96046e-8 0 0 0 1</matrix>
                        </node>
                      </node>
                    </node>
                    <node id="node-Bip001_R_Toe1" name="Bip001_R_Toe1">
                      <matrix>-0.2402836 -0.9707028 -5.82158e-7 0.09280638 0.9404517 -0.2327956 0.2477029 0.1308167 -0.240446 0.05951841 0.9688361 -0.03696454 0 0 0 1</matrix>
                      <node id="node-Bip001_R_Toe11" name="Bip001_R_Toe11">
                        <matrix>0.9830522 0.1833259 -1.84236e-8 0.043706 -0.1833258 0.9830522 7.52821e-9 1.86265e-9 2.19897e-8 -1.28108e-8 1 5.96046e-8 0 0 0 1</matrix>
                        <node id="node-Bip001_R_Toe12" name="Bip001_R_Toe12">
                          <matrix>0.9040336 0.4274615 -3.4269e-8 0.03796016 -0.4274615 0.9040336 -1.75845e-10 3.72529e-9 -1.03025e-7 -2.46026e-8 1 -5.96046e-8 0 0 0 1</matrix>
                        </node>
                      </node>
                    </node>
                    <node id="node-Bip001_R_Toe2" name="Bip001_R_Toe2">
                      <matrix>0.04881982 -0.8895259 -0.454269 0.06798327 0.1495183 -0.4431778 0.8838766 0.002803974 -0.9875531 -0.1110722 0.1113645 -0.04295146 0 0 0 1</matrix>
                      <node id="node-Bip001_R_Toe21" name="Bip001_R_Toe21">
                        <matrix>1 1.11759e-8 -4.47035e-8 0.01451743 -3.72529e-9 1 0 -1.67638e-8 -2.6077e-8 0 1 2.79397e-8 0 0 0 1</matrix>
                        <node id="node-Bip001_R_Toe22" name="Bip001_R_Toe22">
                          <matrix>0.5236049 0.8519613 -4.47035e-8 0.03369504 -0.8519613 0.5236049 0 1.86265e-8 2.98023e-8 0 1 -4.28408e-8 0 0 0 1</matrix>
                        </node>
                      </node>
                    </node>
                  </node>
                </node>
              </node>
            </node>
          </node>
        </node>
      </node>
      <node id="node-Bounds" name="Bounds">
        <matrix>1 0 0 0 0 1 0 0.411981 0 0 1 0 0 0 0 1</matrix>
        <instance_geometry url="#geom-Bounds">
          <bind_material>
            <technique_common>
              <instance_material symbol="ColorMaterial" target="#ColorEffectR88G199B225-material"/>
            </technique_common>
          </bind_material>
        </instance_geometry>
      </node>
      <node id="node-EYE" name="EYE">
        <matrix sid="matrix">-0.9993967 0.03472997 -9.04062e-8 4.09043e-8 -0.03472997 -0.9993967 8.43338e-8 0.411981 -8.74228e-8 8.74228e-8 1 1.6 0 0 0 1</matrix>
      </node>
      <node id="node-CAM" name="CAM">
        <matrix>-0.9999996 1.50996e-7 0 0 -1.50996e-7 -0.9999996 1.77636e-15 -0.009719968 0 1.77636e-15 1 1.928079 0 0 0 1</matrix>
      </node>
    </visual_scene>
  </library_visual_scenes>
  <library_animations>
    <animation>
      <source id="node-Bip001_matrix-input">
        <float_array id="node-Bip001_matrix-input-array" count="11">32 32.03333 32.06667 32.1 32.13334 32.16667 32.2 32.23333 32.26667 32.3 32.33333</float_array>
        <technique_common>
          <accessor source="#node-Bip001_matrix-input-array" count="11" stride="1">
            <param name="TIME" type="float"/>
          </accessor>
        </technique_common>
      </source>
      <source id="node-Bip001_matrix-output">
        <float_array id="node-Bip001_matrix-output-array" count="176">0.4908435 -0.8335536 0.2534977 0 0.8299854 0.5358477 0.1548922 0 -0.2649471 0.1343715 0.9548546 0.8529337 0 0 0 1 0.4908435 -0.8335536 0.2534977 0 0.8299854 0.5358477 0.1548922 0 -0.2649471 0.1343715 0.9548546 0.8533326 0 0 0 1 0.4908436 -0.8335535 0.2534978 0 0.8299853 0.5358478 0.1548922 0 -0.2649472 0.1343715 0.9548546 0.8534615 0 0 0 1 0.4908436 -0.8335535 0.2534978 0 0.8299853 0.5358478 0.1548922 0 -0.2649472 0.1343716 0.9548546 0.8533909 0 0 0 1 0.4908435 -0.8335535 0.2534979 0 0.8299853 0.5358478 0.1548922 0 -0.2649472 0.1343716 0.9548546 0.8531889 0 0 0 1 0.4908435 -0.8335535 0.253498 0 0.8299853 0.5358478 0.1548922 0 -0.2649473 0.1343717 0.9548546 0.8529221 0 0 0 1 0.4908435 -0.8335535 0.253498 0 0.8299853 0.5358478 0.1548922 0 -0.2649473 0.1343718 0.9548545 0.8526561 0 0 0 1 0.4908435 -0.8335535 0.2534981 0 0.8299853 0.5358478 0.1548922 0 -0.2649474 0.1343718 0.9548545 0.8524569 0 0 0 1 0.4908435 -0.8335535 0.2534981 0 0.8299853 0.5358478 0.1548922 0 -0.2649474 0.1343718 0.9548545 0.8523908 0 0 0 1 0.4908435 -0.8335535 0.2534982 0 0.8299853 0.5358478 0.1548922 0 -0.2649474 0.1343719 0.9548545 0.8525262 0 0 0 1 0.4908437 -0.8335533 0.2534982 0 0.8299852 0.535848 0.1548922 0 -0.2649474 0.1343718 0.9548545 0.8529337 0 0 0 1</float_array>
        <technique_common>
          <accessor source="#node-Bip001_matrix-output-array" count="11" stride="16">
            <param name="TRANSFORM" type="float4x4"/>
          </accessor>
        </technique_common>
      </source>
      <source id="node-Bip001_matrix-interpolation">
        <Name_array id="node-Bip001_matrix-interpolation-array" count="11">LINEAR LINEAR LINEAR LINEAR LINEAR LINEAR LINEAR LINEAR LINEAR LINEAR LINEAR</Name_array>
        <technique_common>
          <accessor source="#node-Bip001_matrix-interpolation-array" count="11" stride="1">
            <param name="INTERPOLATION" type="name"/>
          </accessor>
        </technique_common>
      </source>
      <source id="node-Bip001_Neck_matrix-input">
        <float_array id="node-Bip001_Neck_matrix-input-array" count="11">32 32.03333 32.06667 32.1 32.13334 32.16667 32.2 32.23333 32.26667 32.3 32.33333</float_array>
        <technique_common>
          <accessor source="#node-Bip001_Neck_matrix-input-array" count="11" stride="1">
            <param name="TIME" type="float"/>
          </accessor>
        </technique_common>
      </source>
      <source id="node-Bip001_Neck_matrix-output">
        <float_array id="node-Bip001_Neck_matrix-output-array" count="176">0.9595833 0.2767266 -0.05120921 0.2584121 -0.2810971 0.9512445 -0.1269578 0.01280367 0.01357984 0.1362214 0.9905853 -5.30481e-6 0 0 0 1 0.9684974 0.2419062 -0.05911117 0.2584133 -0.2475613 0.9609784 -0.1234256 0.01280331 0.0269472 0.1341711 0.9905916 -5.27501e-6 0 0 0 1 0.9842181 0.1584073 -0.07887911 0.2584165 -0.1670044 0.9788673 -0.1180166 0.01280266 0.05851751 0.1293273 0.9898738 -5.06639e-6 0 0 0 1 0.9929419 0.05749481 -0.1037335 0.2584204 -0.06960409 0.9906697 -0.1171703 0.01280218 0.09602898 0.1235635 0.9876793 -4.79817e-6 0 0 0 1 0.9917557 -0.02799302 -0.1250473 0.2584238 0.01272016 0.9925337 -0.1213039 0.01280206 0.1275094 0.1187132 0.9847072 -4.64916e-6 0 0 0 1 0.9888968 -0.06419962 -0.1340206 0.2584252 0.0474826 0.9910948 -0.1244033 0.01280206 0.1408138 0.1166584 0.9831389 -4.52995e-6 0 0 0 1 0.989952 -0.05268043 -0.1312243 0.2584248 0.03635549 0.9916371 -0.1238312 0.01280224 0.1366503 0.1178162 0.9835883 -4.55976e-6 0 0 0 1 0.9918757 -0.02546614 -0.1246355 0.2584238 0.01004856 0.9923805 -0.1227998 0.0128023 0.1268131 0.1205496 0.9845741 -4.61936e-6 0 0 0 1 0.9931256 0.006894946 -0.1168504 0.2584225 -0.02126169 0.9922834 -0.1221542 0.01280194 0.1151064 0.1237989 0.9856086 -4.85778e-6 0 0 0 1 0.9933061 0.03408443 -0.1103688 0.2584214 -0.04758465 0.991377 -0.1220957 0.01280224 0.1052555 0.1265302 0.9863626 -4.88758e-6 0 0 0 1 0.9931435 0.0455864 -0.1076472 0.2584209 -0.05872297 0.9907663 -0.1222033 0.0128023 0.1010825 0.1276867 0.9866502 -4.88758e-6 0 0 0 1</float_array>
        <technique_common>
          <accessor source="#node-Bip001_Neck_matrix-output-array" count="11" stride="16">
            <param name="TRANSFORM" type="float4x4"/>
          </accessor>
        </technique_common>
      </source>
      <source id="node-Bip001_Neck_matrix-interpolation">
        <Name_array id="node-Bip001_Neck_matrix-interpolation-array" count="11">LINEAR LINEAR LINEAR LINEAR LINEAR LINEAR LINEAR LINEAR LINEAR LINEAR LINEAR</Name_array>
        <technique_common>
          <accessor source="#node-Bip001_Neck_matrix-interpolation-array" count="11" stride="1">
            <param name="INTERPOLATION" type="name"/>
          </accessor>
        </technique_common>
      </source>
      <source id="node-Bip001_Neck1_matrix-input">
        <float_array id="node-Bip001_Neck1_matrix-input-array" count="11">32 32.03333 32.06667 32.1 32.13334 32.16667 32.2 32.23333 32.26667 32.3 32.33333</float_array>
        <technique_common>
          <accessor source="#node-Bip001_Neck1_matrix-input-array" count="11" stride="1">
            <param name="TIME" type="float"/>
          </accessor>
        </technique_common>
      </source>
      <source id="node-Bip001_Neck1_matrix-output">
        <float_array id="node-Bip001_Neck1_matrix-output-array" count="176">0.9293275 0.3686695 0.02081382 0.04893422 -0.3650395 0.9257479 -0.09867632 -3.60012e-5 -0.05564731 0.08410477 0.9949018 -3.27826e-6 0 0 0 1 0.9323106 0.3611295 0.01954549 0.04893445 -0.3576073 0.9285867 -0.09921425 -3.60012e-5 -0.05397886 0.08550888 0.9948742 -3.30806e-6 0 0 0 1 0.9410989 0.3377603 0.01584172 0.04893553 -0.3346066 0.9370127 -0.1002265 -3.6478e-5 -0.04869645 0.08902227 0.9948385 -3.45707e-6 0 0 0 1 0.9548203 0.2970219 0.009800314 0.04893714 -0.2945677 0.950267 -0.1011072 -3.70741e-5 -0.03934395 0.09365236 0.9948273 -3.66569e-6 0 0 0 1 0.9715535 0.2368161 0.001366734 0.04893946 -0.2354546 0.9665543 -0.1016568 -3.76105e-5 -0.02539497 0.09844326 0.9948187 -3.8147e-6 0 0 0 1 0.9879369 0.1545503 -0.00973159 0.04894262 -0.1547313 0.9826608 -0.1021558 -3.83854e-5 -0.006225287 0.1024293 0.9947208 -3.99351e-6 0 0 0 1 0.9984314 0.05082398 -0.02348637 0.04894661 -0.05299818 0.9931877 -0.1037754 -3.8743e-5 0.01805216 0.1048573 0.9943234 -4.08292e-6 0 0 0 1 0.9974928 -0.05979448 -0.03785532 0.04895091 0.05538797 0.9925701 -0.1083365 -3.86238e-5 0.044052 0.1059682 0.9933933 -4.14252e-6 0 0 0 1 0.985933 -0.1594151 -0.05022984 0.04895472 0.1528097 0.9814805 -0.115522 -3.82066e-5 0.06771558 0.1062213 0.9920341 -4.14252e-6 0 0 0 1 0.9711577 -0.2311255 -0.05859732 0.04895764 0.222766 0.9671265 -0.1226439 -3.75509e-5 0.0850172 0.1060531 0.9907194 -4.14252e-6 0 0 0 1 0.9639691 -0.2587666 -0.06167083 0.04895877 0.2496826 0.9601175 -0.1258298 -3.75509e-5 0.09177178 0.105898 0.9901331 -4.17232e-6 0 0 0 1</float_array>
        <technique_common>
          <accessor source="#node-Bip001_Neck1_matrix-output-array" count="11" stride="16">
            <param name="TRANSFORM" type="float4x4"/>
          </accessor>
        </technique_common>
      </source>
      <source id="node-Bip001_Neck1_matrix-interpolation">
        <Name_array id="node-Bip001_Neck1_matrix-interpolation-array" count="11">LINEAR LINEAR LINEAR LINEAR LINEAR LINEAR LINEAR LINEAR LINEAR LINEAR LINEAR</Name_array>
        <technique_common>
          <accessor source="#node-Bip001_Neck1_matrix-interpolation-array" count="11" stride="1">
            <param name="INTERPOLATION" type="name"/>
          </accessor>
        </technique_common>
      </source>
      <source id="node-Bip001_Neck2_matrix-input">
        <float_array id="node-Bip001_Neck2_matrix-input-array" count="11">32 32.03333 32.06667 32.1 32.13334 32.16667 32.2 32.23333 32.26667 32.3 32.33333</float_array>
        <technique_common>
          <accessor source="#node-Bip001_Neck2_matrix-input-array" count="11" stride="1">
            <param name="TIME" type="float"/>
          </accessor>
        </technique_common>
      </source>
      <source id="node-Bip001_Neck2_matrix-output">
        <float_array id="node-Bip001_Neck2_matrix-output-array" count="176">0.8779078 0.4714023 -0.08400946 0.04893028 -0.4756228 0.8787733 -0.03924888 -3.43025e-5 0.0553233 0.07441377 0.9956917 -2.90573e-6 0 0 0 1 0.88212 0.4633268 -0.08480846 0.0489304 -0.4676768 0.8829653 -0.04062867 -3.44515e-5 0.05605858 0.07550227 0.9955687 -2.96533e-6 0 0 0 1 0.8938501 0.4398347 -0.08704954 0.04893159 -0.4445568 0.8946467 -0.04446327 -3.48985e-5 0.05832207 0.07844197 0.9952112 -3.05474e-6 0 0 0 1 0.911358 0.4015579 -0.09043049 0.04893302 -0.406885 0.9120846 -0.05045962 -3.54052e-5 0.06221777 0.08278161 0.9946235 -3.21865e-6 0 0 0 1 0.9324526 0.3486874 -0.09460008 0.04893505 -0.3548586 0.9330887 -0.05848401 -3.62992e-5 0.06787759 0.08810323 0.9937959 -3.42727e-6 0 0 0 1 0.9545161 0.2811763 -0.09918993 0.04893767 -0.28845 0.9550411 -0.06850653 -3.70741e-5 0.075468 0.09400194 0.9927074 -3.66569e-6 0 0 0 1 0.9741176 0.2008607 -0.1036813 0.04894083 -0.209497 0.9744978 -0.08040487 -3.80278e-5 0.08488696 0.1000447 0.9913552 -3.93391e-6 0 0 0 1 0.987278 0.1174745 -0.1071544 0.04894405 -0.1276105 0.987434 -0.09321731 -3.86238e-5 0.09485715 0.1057054 0.9898627 -4.11272e-6 0 0 0 1 0.993097 0.0429331 -0.1091564 0.04894697 -0.05449277 0.9929542 -0.1052252 -3.86238e-5 0.1038698 0.110447 0.9884395 -4.29153e-6 0 0 0 1 0.9938821 -0.0107851 -0.109919 0.04894912 -0.001851558 0.9934537 -0.1142196 -3.88622e-5 0.1104313 0.1137242 0.9873558 -4.41074e-6 0 0 0 1 0.9934253 -0.03151667 -0.1100595 0.04894989 0.01845258 0.9928705 -0.117761 -3.8743e-5 0.1129863 0.1149558 0.9869241 -4.44055e-6 0 0 0 1</float_array>
        <technique_common>
          <accessor source="#node-Bip001_Neck2_matrix-output-array" count="11" stride="16">
            <param name="TRANSFORM" type="float4x4"/>
          </accessor>
        </technique_common>
      </source>
      <source id="node-Bip001_Neck2_matrix-interpolation">
        <Name_array id="node-Bip001_Neck2_matrix-interpolation-array" count="11">LINEAR LINEAR LINEAR LINEAR LINEAR LINEAR LINEAR LINEAR LINEAR LINEAR LINEAR</Name_array>
        <technique_common>
          <accessor source="#node-Bip001_Neck2_matrix-interpolation-array" count="11" stride="1">
            <param name="INTERPOLATION" type="name"/>
          </accessor>
        </technique_common>
      </source>
      <source id="node-Bip001_Head_matrix-input">
        <float_array id="node-Bip001_Head_matrix-input-array" count="11">32 32.03333 32.06667 32.1 32.13334 32.16667 32.2 32.23333 32.26667 32.3 32.33333</float_array>
        <technique_common>
          <accessor source="#node-Bip001_Head_matrix-input-array" count="11" stride="1">
            <param name="TIME" type="float"/>
          </accessor>
        </technique_common>
      </source>
      <source id="node-Bip001_Head_matrix-output">
        <float_array id="node-Bip001_Head_matrix-output-array" count="176">0.9273576 0.3418207 0.1522042 0.04894864 -0.3446233 0.9387034 -0.00840485 0 -0.1457477 -0.04465872 0.9883134 0 0 0 0 1 0.9387723 0.301465 0.1668086 0.04894864 -0.3077846 0.95137 0.01279902 0 -0.1548381 -0.06335645 0.9859062 0 0 0 0 1 0.9599964 0.2083818 0.1870386 0.04894864 -0.2202284 0.9744221 0.04473203 0 -0.1729332 -0.08413368 0.9813337 0 0 0 0 1 0.9755884 0.1150544 0.1870552 0.04894852 -0.1255874 0.9910417 0.04543101 0 -0.1801525 -0.06781375 0.9812985 0 0 0 0 1 0.9822153 0.08513337 0.1673479 0.04894864 -0.0884996 0.9959948 0.01274812 0 -0.1655923 -0.02733165 0.9858156 0 0 0 0 1 0.9725248 0.1764708 0.1518332 0.04894864 -0.17706 0.9841518 -0.009739518 0 -0.1511455 -0.01741164 0.9883581 0 0 0 0 1 0.9477294 0.2728195 0.1654637 0.04894864 -0.2752194 0.9613418 -0.008697926 0 -0.1614401 -0.03729546 0.9861776 0 0 0 0 1 0.9481185 0.2595706 0.1835595 0.04894864 -0.2626681 0.9648557 -0.007668316 1.19209e-7 -0.1790989 -0.04094469 0.9829788 0 0 0 0 1 0.9653019 0.1861878 0.1831015 0.04894864 -0.1879699 0.9821441 -0.007730126 -1.19209e-7 -0.1812714 -0.02695554 0.9830636 0 0 0 0 1 0.9810091 0.1024844 0.1646756 0.04894864 -0.1023451 0.9947049 -0.009353101 -1.19209e-7 -0.164762 -0.007678091 0.9863035 0 0 0 0 1 0.9865829 0.06199294 0.1510334 0.04894864 -0.06102526 0.998075 -0.01103776 0 -0.1514268 0.001672744 0.9884672 0 0 0 0 1</float_array>
        <technique_common>
          <accessor source="#node-Bip001_Head_matrix-output-array" count="11" stride="16">
            <param name="TRANSFORM" type="float4x4"/>
          </accessor>
        </technique_common>
      </source>
      <source id="node-Bip001_Head_matrix-interpolation">
        <Name_array id="node-Bip001_Head_matrix-interpolation-array" count="11">LINEAR LINEAR LINEAR LINEAR LINEAR LINEAR LINEAR LINEAR LINEAR LINEAR LINEAR</Name_array>
        <technique_common>
          <accessor source="#node-Bip001_Head_matrix-interpolation-array" count="11" stride="1">
            <param name="INTERPOLATION" type="name"/>
          </accessor>
        </technique_common>
      </source>
      <source id="node-Bip001_L_Clavicle_matrix-input">
