<?xml version="1.0" encoding="utf-8"?>
<COLLADA xmlns="http://www.collada.org/2005/11/COLLADASchema" version="1.4.1">
  <asset>
    <contributor>
      <author>MattO</author>
      <authoring_tool>OpenCOLLADA for 3ds Max;  Version: 1.3.0;  Revision: 839M;  Platform: x64;  Configuration: Release_Max2012</authoring_tool>
      <source_data>file:///C:/Dropbox/Prj/GGStout/Kraad/Mantis_TP_Kraad_Animation_Master.max</source_data>
    </contributor>
    <created>2011-10-24T10:56:22</created>
    <modified>2011-10-24T10:56:22</modified>
    <unit name="meter" meter="1"/>
    <up_axis>Z_UP</up_axis>
  </asset>
  <library_effects>
    <effect id="ColorEffectR88G199B225">
      <profile_COMMON>
        <technique sid="common">
          <phong>
            <ambient>
              <color>0.345098 0.7803922 0.8823529 1</color>
            </ambient>
            <diffuse>
              <color>0.345098 0.7803922 0.8823529 1</color>
            </diffuse>
            <specular>
              <color>1 1 1 1</color>
            </specular>
            <shininess>
              <float>10</float>
            </shininess>
            <reflective>
              <color>0 0 0 1</color>
            </reflective>
            <transparent>
              <color>1 1 1 1</color>
            </transparent>
            <transparency>
              <float>1</float>
            </transparency>
          </phong>
        </technique>
      </profile_COMMON>
    </effect>
  </library_effects>
  <library_materials>
    <material id="ColorEffectR88G199B225-material" name="ColorEffectR88G199B225-material">
      <instance_effect url="#ColorEffectR88G199B225"/>
    </material>
  </library_materials>
  <library_geometries>
    <geometry id="geom-Bounds" name="Bounds">
      <mesh>
        <source id="geom-Bounds-positions">
          <float_array id="geom-Bounds-positions-array" count="24">-0.5 -0.5 0 0.5 -0.5 0 -0.5 0.5 0 0.5 0.5 0 -0.5 -0.5 2 0.5 -0.5 2 -0.5 0.5 2 0.5 0.5 2</float_array>
          <technique_common>
            <accessor source="#geom-Bounds-positions-array" count="8" stride="3">
              <param name="X" type="float"/>
              <param name="Y" type="float"/>
              <param name="Z" type="float"/>
            </accessor>
          </technique_common>
        </source>
        <source id="geom-Bounds-normals">
          <float_array id="geom-Bounds-normals-array" count="72">0 0 -1 0 0 -1 0 0 -1 0 0 -1 0 0 1 0 0 1 0 0 1 0 0 1 0 -1 0 0 -1 0 0 -1 0 0 -1 0 1 0 0 1 0 0 1 0 0 1 0 0 0 1 0 0 1 0 0 1 0 0 1 0 -1 0 0 -1 0 0 -1 0 0 -1 0 0</float_array>
          <technique_common>
            <accessor source="#geom-Bounds-normals-array" count="24" stride="3">
              <param name="X" type="float"/>
              <param name="Y" type="float"/>
              <param name="Z" type="float"/>
            </accessor>
          </technique_common>
        </source>
        <source id="geom-Bounds-map1">
          <float_array id="geom-Bounds-map1-array" count="36">0 0 0 1 0 0 0 1 0 1 1 0 0 0 0 1 0 0 0 1 0 1 1 0 0 0 0 1 0 0 0 1 0 1 1 0</float_array>
          <technique_common>
            <accessor source="#geom-Bounds-map1-array" count="12" stride="3">
              <param name="S" type="float"/>
              <param name="T" type="float"/>
              <param name="P" type="float"/>
            </accessor>
          </technique_common>
        </source>
        <vertices id="geom-Bounds-vertices">
          <input semantic="POSITION" source="#geom-Bounds-positions"/>
        </vertices>
        <triangles material="ColorMaterial" count="12">
          <input semantic="VERTEX" source="#geom-Bounds-vertices" offset="0"/>
          <input semantic="NORMAL" source="#geom-Bounds-normals" offset="1"/>
          <input semantic="TEXCOORD" source="#geom-Bounds-map1" offset="2" set="0"/>
          <p>0 0 9 2 1 11 3 2 10 3 2 10 1 3 8 0 0 9 4 4 8 5 5 9 7 6 11 7 6 11 6 7 10 4 4 8 0 8 4 1 9 5 5 10 7 5 10 7 4 11 6 0 8 4 1 12 0 3 13 1 7 14 3 7 14 3 5 15 2 1 12 0 3 16 4 2 17 5 6 18 7 6 18 7 7 19 6 3 16 4 2 20 0 0 21 1 4 22 3 4 22 3 6 23 2 2 20 0</p>
        </triangles>
      </mesh>
      <extra>
        <technique profile="OpenCOLLADA3dsMax">
          <max_box>
            <generateuvs>1</generateuvs>
            <height>2</height>
            <heightsegments>1</heightsegments>
            <length>1</length>
            <lengthsegments>1</lengthsegments>
            <width>1</width>
            <widthsegments>1</widthsegments>
          </max_box>
        </technique>
      </extra>
    </geometry>
  </library_geometries>
  <library_lights>
    <light id="EnvironmentAmbientLight" name="EnvironmentAmbientLight">
      <technique_common>
        <ambient>
          <color>0 0 0</color>
        </ambient>
      </technique_common>
    </light>
  </library_lights>
  <library_visual_scenes>
    <visual_scene id="MaxScene">
      <node name="EnvironmentAmbientLight">
        <instance_light url="#EnvironmentAmbientLight"/>
      </node>
      <node id="node-Bip001" name="Bip001">
        <matrix sid="matrix">0.4908427 -0.8335541 0.2534975 0 0.8299859 0.5358468 0.1548919 -4.37066e-8 -0.2649466 0.1343718 0.9548547 0.8529336 0 0 0 1</matrix>
        <node id="node-Bip001_Pelvis" name="Bip001_Pelvis">
          <matrix sid="matrix">1.49012e-8 1 -1.40071e-6 0 -0.114087 1.40071e-6 0.9934708 0 0.9934707 1.49012e-7 0.114087 0 0 0 0 1</matrix>
          <node id="node-Bip001_Spine" name="Bip001_Spine">
            <matrix sid="matrix">0.9751359 -0.07331231 -0.2091303 0.09757131 0.05277598 0.9933682 -0.1021487 -8.78274e-5 0.2152321 0.08857175 0.9725382 0.01119615 0 0 0 1</matrix>
            <node id="node-Bip001_Spine1" name="Bip001_Spine1">
              <matrix sid="matrix">0.9235708 -0.3709309 -0.09709477 0.1110485 0.369598 0.9286391 -0.03204075 -8.21352e-5 0.1020509 -0.006294135 0.9947592 5.58794e-7 0 0 0 1</matrix>
              <node id="node-Bip001_Spine2" name="Bip001_Spine2">
                <matrix sid="matrix">0.9833878 -0.1427243 -0.1121532 0.1110283 0.1487661 0.9877337 0.0474457 -8.744e-5 0.1040059 -0.06334217 0.9925576 5.58794e-6 0 0 0 1</matrix>
                <node id="node-Bip001_Spine3" name="Bip001_Spine3">
                  <matrix sid="matrix">0.9532421 -0.2413031 -0.1819402 0.111056 0.253619 0.966141 0.04742065 -1.62125e-4 0.1643372 -0.09134686 0.9821655 1.53631e-5 0 0 0 1</matrix>
                  <node id="node-Bip001_Neck" name="Bip001_Neck">
                    <matrix sid="matrix">0.9888968 -0.06419966 -0.1340206 0.2584252 0.04748261 0.9910948 -0.1244034 0.01280206 0.1408138 0.1166585 0.9831389 -4.55976e-6 0 0 0 1</matrix>
                    <node id="node-Bip001_Neck1" name="Bip001_Neck1">
                      <matrix sid="matrix">0.987937 0.1545505 -0.009731654 0.04894269 -0.1547313 0.9826609 -0.1021558 -3.83854e-5 -0.006225295 0.1024293 0.9947209 -3.99351e-6 0 0 0 1</matrix>
                      <node id="node-Bip001_Neck2" name="Bip001_Neck2">
                        <matrix sid="matrix">0.9545162 0.2811762 -0.09918995 0.04893756 -0.28845 0.9550411 -0.0685066 -3.71337e-5 0.07546805 0.09400201 0.9927074 -3.66569e-6 0 0 0 1</matrix>
                        <node id="node-Bip001_Head" name="Bip001_Head">
                          <matrix sid="matrix">0.9726765 0.1759889 0.1514202 0.04894853 -0.1765335 0.9842445 -0.009945517 0 -0.1507847 -0.01705695 0.9884196 0 0 0 0 1</matrix>
                          <node id="node-Bip001_Ponytail1" name="Bip001_Ponytail1">
                            <matrix sid="matrix">-0.05999056 -0.9981991 -2.76929e-6 0.009580851 0.998199 -0.05999061 -2.93972e-6 0.1139534 2.76789e-6 -2.93925e-6 1 8.19564e-8 0 0 0 1</matrix>
                          </node>
                          <node id="node-ALTEYE" name="ALTEYE">
                            <matrix>-0.009488115 0.5772491 0.8165137 0.1153697 0.002645086 0.8165618 -0.5772524 0.2046644 -0.9999516 -0.003317288 -0.009274502 -0.001006722 0 0 0 1</matrix>
                          </node>
                        </node>
                      </node>
                    </node>
                    <node id="node-Bip001_L_Clavicle" name="Bip001_L_Clavicle">
                      <matrix sid="matrix">0.3867267 0.04316634 0.9211836 -0.04311717 0.636011 -0.7358134 -0.2325271 0.007412076 0.6677818 0.6758072 -0.3120131 0.0278405 0 0 0 1</matrix>
                      <node id="node-Bip001_L_UpperArm" name="Bip001_L_UpperArm">
                        <matrix sid="matrix">0.9738252 -0.03073326 0.2252106 0.07966626 -0.2031555 0.3266893 0.9230396 0 -0.1019416 -0.9446319 0.3118945 0 0 0 0 1</matrix>
                        <node id="node-Bip001_L_Forearm" name="Bip001_L_Forearm">
                          <matrix sid="matrix">0.2614488 0.9652175 0 0.4297335 -0.9652172 0.2614488 0 0 -7.45058e-9 2.98023e-8 1 -5.96046e-8 0 0 0 1</matrix>
                          <node id="node-Bip001_L_Hand" name="Bip001_L_Hand">
                            <matrix sid="matrix">0.7047433 0.08417304 -0.7044516 0.3774394 -0.1673655 -0.9451878 -0.2803728 -2.98023e-8 -0.6894388 0.3154917 -0.6520271 0 0 0 0 1</matrix>
                            <node id="node-Bip001_L_Finger0" name="Bip001_L_Finger0">
                              <matrix sid="matrix">0.49194 0.8244179 0.2798744 0.03908238 0.6521552 -0.135966 -0.7457929 0.01738536 -0.5767916 0.5494068 -0.6045356 -0.04049909 0 0 0 1</matrix>
                              <node id="node-Bip001_L_Finger01" name="Bip001_L_Finger01">
                                <matrix sid="matrix">0.9511045 0.3088697 0 0.1027657 -0.3088696 0.9511044 0 0 2.98023e-8 2.98023e-8 1 1.78814e-7 0 0 0 1</matrix>
                                <node id="node-Bip001_L_Finger02" name="Bip001_L_Finger02">
                                  <matrix sid="matrix">0.8065712 -0.591137 0 0.05252469 0.5911371 0.8065712 -7.45058e-9 -2.98023e-8 0 -2.98023e-8 1 -5.96046e-8 0 0 0 1</matrix>
                                </node>
                              </node>
                            </node>
                            <node id="node-Bip001_L_Finger1" name="Bip001_L_Finger1">
                              <matrix sid="matrix">0.6375437 -0.7703909 0.005983962 0.1458857 0.7704015 0.6375586 7.96318e-4 -1.54376e-5 -0.00442858 0.004102364 0.9999817 -0.01919663 0 0 0 1</matrix>
                              <node id="node-Bip001_L_Finger11" name="Bip001_L_Finger11">
                                <matrix sid="matrix">0.5190608 -0.8547373 4.47035e-8 0.08578122 0.8547373 0.5190609 0 -5.96046e-8 -8.9407e-8 -7.45058e-9 0.9999999 -1.19209e-7 0 0 0 1</matrix>
                                <node id="node-Bip001_L_Finger12" name="Bip001_L_Finger12">
                                  <matrix sid="matrix">0.9649355 -0.2624862 4.47035e-8 0.05549788 0.2624863 0.9649357 -2.23517e-8 0 1.49012e-8 1.49012e-8 1 0 0 0 0 1</matrix>
                                </node>
                              </node>
                            </node>
                            <node id="node-Bip001_L_Finger2" name="Bip001_L_Finger2">
                              <matrix sid="matrix">0.5018924 -0.8550149 -0.1305896 0.143758 0.8647376 0.492844 0.09661081 0.003213346 -0.01824337 -0.1614139 0.9867181 0.02870393 0 0 0 1</matrix>
                              <node id="node-Bip001_L_Finger21" name="Bip001_L_Finger21">
                                <matrix sid="matrix">0.8477591 -0.5303817 7.45058e-9 0.07148451 0.5303817 0.8477591 7.45058e-9 0 2.98023e-8 -8.10251e-8 1 -2.38419e-7 0 0 0 1</matrix>
                                <node id="node-Bip001_L_Finger22" name="Bip001_L_Finger22">
                                  <matrix sid="matrix">0.8033119 -0.5955587 7.45058e-9 0.05113888 0.5955586 0.8033118 3.81842e-8 2.98023e-8 0 1.11759e-8 1 0 0 0 0 1</matrix>
                                </node>
                              </node>
                            </node>
                          </node>
                        </node>
                        <node id="node-Bip001_L_ForeTwist" name="Bip001_L_ForeTwist">
                          <matrix sid="matrix">0.2614488 0.7631261 0.5910019 0.4297335 -0.9652172 0.2067083 0.1600849 0 -7.45058e-9 -0.6122991 0.7906262 -5.96046e-8 0 0 0 1</matrix>
                          <node id="node-Bip001_L_ForeTwist1" name="Bip001_L_ForeTwist1">
                            <matrix sid="matrix">1 -7.45058e-9 5.96046e-8 0.1887197 0 0.7906263 0.6122993 -5.96046e-8 1.86265e-8 -0.6122992 0.7906262 0 0 0 0 1</matrix>
                          </node>
                        </node>
                      </node>
                      <node id="node-Bip001_LUpArmTwist" name="Bip001_LUpArmTwist">
                        <matrix sid="matrix">0.9738252 -0.03073326 0.2252106 0.07966626 -0.2031555 0.3266893 0.9230396 0 -0.1019416 -0.9446319 0.3118945 0 0 0 0 1</matrix>
                        <node id="node-Bip001_LUpArmTwist1" name="Bip001_LUpArmTwist1">
                          <matrix>1 0 0 0.2148668 0 1 0 0 0 2.98023e-8 1 0 0 0 0 1</matrix>
                        </node>
                      </node>
                    </node>
                    <node id="node-Bip001_R_Clavicle" name="Bip001_R_Clavicle">
                      <matrix sid="matrix">-0.4125289 -0.1381767 -0.900404 -0.04935795 0.651703 -0.7353824 -0.1857317 0.002242088 -0.6364772 -0.6634156 0.3934166 -0.01573148 0 0 0 1</matrix>
                      <node id="node-Bip001_R_UpperArm" name="Bip001_R_UpperArm">
                        <matrix sid="matrix">0.8224003 0.09044144 -0.5616743 0.0796662 -0.387951 0.8112782 -0.4374034 2.38419e-7 0.4161144 0.5776229 0.7022823 0 0 0 0 1</matrix>
                        <node id="node-Bip001_R_Forearm" name="Bip001_R_Forearm">
                          <matrix sid="matrix">-0.6050342 0.7961995 0 0.4297335 -0.7961994 -0.6050342 0 -2.98023e-8 -8.56817e-8 2.98023e-8 1 0 0 0 0 1</matrix>
                          <node id="node-Bip001_R_Hand" name="Bip001_R_Hand">
                            <matrix sid="matrix">0.9183457 0.350903 0.1830527 0.3774393 0.2237756 -0.07887623 -0.9714439 0 -0.326444 0.933084 -0.1509591 -5.96046e-8 0 0 0 1</matrix>
                            <node id="node-Bip001_R_Finger0" name="Bip001_R_Finger0">
                              <matrix>0.6486481 0.5772245 -0.4960516 0.03908229 0.6676158 -0.1185831 0.7350014 0.01738536 0.3654375 -0.8079293 -0.462283 0.04049933 0 0 0 1</matrix>
                              <node id="node-Bip001_R_Finger01" name="Bip001_R_Finger01">
                                <matrix>0.6155394 -0.7881061 -1.49012e-8 0.1027657 0.7881061 0.6155394 2.98023e-8 5.96046e-8 2.98023e-8 0 1 5.96046e-8 0 0 0 1</matrix>
                                <node id="node-Bip001_R_Finger02" name="Bip001_R_Finger02">
                                  <matrix>0.1523349 -0.9883289 2.98023e-8 0.05252492 0.9883291 0.1523349 -2.98023e-8 -5.96046e-8 0 -5.96046e-8 1 -1.19209e-7 0 0 0 1</matrix>
                                </node>
                              </node>
                            </node>
                            <node id="node-Bip001_R_Finger1" name="Bip001_R_Finger1">
                              <matrix>0.7109717 -0.632343 -0.3076712 0.1458857 0.6327782 0.766136 -0.1123713 -1.53035e-5 0.3067753 -0.1147949 0.9448338 0.01919675 0 0 0 1</matrix>
                              <node id="node-Bip001_R_Finger11" name="Bip001_R_Finger11">
                                <matrix>-0.6406225 -0.7678562 0 0.08578128 0.7678562 -0.6406226 7.45058e-9 0 5.96046e-8 4.47035e-8 1 0 0 0 0 1</matrix>
                                <node id="node-Bip001_R_Finger12" name="Bip001_R_Finger12">
                                  <matrix>0.8432423 -0.5375336 0 0.05549783 0.5375336 0.8432423 0 0 2.98023e-8 -3.72529e-9 1 1.19209e-7 0 0 0 1</matrix>
                                </node>
                              </node>
                            </node>
                            <node id="node-Bip001_R_Finger2" name="Bip001_R_Finger2">
                              <matrix>0.2634968 -0.9557803 0.1305896 0.143758 0.9628298 0.2522402 -0.09661077 0.003213391 0.05939874 0.1511922 0.9867181 -0.02870393 0 0 0 1</matrix>
                              <node id="node-Bip001_R_Finger21" name="Bip001_R_Finger21">
                                <matrix>-0.03544471 -0.9993716 0 0.07148437 0.9993716 -0.03544477 -1.49012e-8 0 0 3.72529e-9 0.9999999 0 0 0 0 1</matrix>
                                <node id="node-Bip001_R_Finger22" name="Bip001_R_Finger22">
                                  <matrix>0.7483485 -0.6633058 1.49012e-8 0.05113888 0.6633057 0.7483484 0 0 -7.45058e-9 0 1 0 0 0 0 1</matrix>
                                </node>
                              </node>
                            </node>
                            <node id="node-mount0" name="mount0">
                              <matrix>-2.17115e-8 0.9999999 5.05708e-7 0.1088288 -1 -2.91293e-7 -1.2666e-7 0.0307041 1.37836e-7 -4.06522e-7 0.9999998 0.01333499 0 0 0 1</matrix>
                            </node>
                          </node>
                        </node>
                        <node id="node-Bip001_R_ForeTwist" name="Bip001_R_ForeTwist">
                          <matrix sid="matrix">-0.6050342 0.7951484 -0.04089703 0.4297335 -0.7961994 -0.6042356 0.03107776 -2.98023e-8 -8.56817e-8 0.05136532 0.99868 0 0 0 0 1</matrix>
                          <node id="node-Bip001_R_ForeTwist1" name="Bip001_R_ForeTwist1">
                            <matrix sid="matrix">1 1.49012e-8 -1.02445e-8 0.1887197 0 0.9986799 -0.05136528 0 -2.23517e-8 0.05136526 0.9986799 2.98023e-8 0 0 0 1</matrix>
                          </node>
                        </node>
                      </node>
                      <node id="node-Bip001_RUpArmTwist" name="Bip001_RUpArmTwist">
                        <matrix sid="matrix">0.8224003 0.09044144 -0.5616743 0.0796662 -0.387951 0.8112782 -0.4374034 2.38419e-7 0.4161144 0.5776229 0.7022823 0 0 0 0 1</matrix>
                        <node id="node-Bip001_RUpArmTwist1" name="Bip001_RUpArmTwist1">
                          <matrix>1 2.98023e-8 0 0.2148668 0 1 0 -2.98023e-8 1.49012e-8 2.23517e-8 1 0 0 0 0 1</matrix>
                        </node>
                      </node>
                    </node>
                  </node>
                </node>
              </node>
            </node>
            <node id="node-Bip001_L_Thigh" name="Bip001_L_Thigh">
              <matrix sid="matrix">-0.5049046 0.8628502 -0.02368155 -0.08190787 0.7444491 0.4491793 0.4939973 0.01268604 0.4368828 0.2317918 -0.8691407 0.08018947 0 0 0 1</matrix>
              <node id="node-Bip001_L_Calf" name="Bip001_L_Calf">
                <matrix sid="matrix">0.1987142 0.9800575 0 0.4541689 -0.9800575 0.1987143 0 0 4.47035e-8 2.23517e-8 1 -2.98023e-8 0 0 0 1</matrix>
                <node id="node-Bip001_L_HorseLink" name="Bip001_L_HorseLink">
                  <matrix sid="matrix">0.04045257 -0.9991814 0 0.3208733 0.9991815 0.04045251 7.45058e-9 2.98023e-8 1.49012e-8 5.96046e-8 1 0 0 0 0 1</matrix>
                  <node id="node-Bip001_L_Foot" name="Bip001_L_Foot">
                    <matrix sid="matrix">0.5610948 0.8272898 0.0276511 0.36176 -0.7938499 0.5283516 0.3010769 2.98023e-8 0.2344683 -0.1908835 0.9531989 -2.98023e-8 0 0 0 1</matrix>
                    <node id="node-Bip001_L_Toe0" name="Bip001_L_Toe0">
                      <matrix sid="matrix">-0.2454681 -0.9694048 5.15321e-8 0.08654235 0.9569955 -0.2423258 0.1594924 0.1234713 -0.1546127 0.03915035 0.9871992 -0.02420594 0 0 0 1</matrix>
                      <node id="node-Bip001_L_Toe01" name="Bip001_L_Toe01">
                        <matrix sid="matrix">0.9623386 0.2718535 8.84896e-9 0.04576606 -0.2718535 0.9623384 -1.97372e-9 1.49012e-8 -1.01501e-8 1.6073e-9 0.9999999 -3.35276e-8 0 0 0 1</matrix>
                        <node id="node-Bip001_L_Toe02" name="Bip001_L_Toe02">
                          <matrix sid="matrix">0.9133544 0.4071655 -1.0843e-8 0.03187394 -0.4071655 0.9133544 -4.36557e-11 3.72529e-9 8.00799e-9 1.94825e-8 0.9999999 5.96046e-8 0 0 0 1</matrix>
                        </node>
                      </node>
                    </node>
                    <node id="node-Bip001_L_Toe1" name="Bip001_L_Toe1">
                      <matrix sid="matrix">-0.2402829 -0.9707029 1.1009e-7 0.09280638 0.9404519 -0.2327948 -0.2477028 0.1308167 0.2404459 -0.05951866 0.9688361 0.03696453 0 0 0 1</matrix>
                      <node id="node-Bip001_L_Toe11" name="Bip001_L_Toe11">
                        <matrix sid="matrix">0.9830521 0.1833258 -4.97096e-11 0.04370594 -0.1833258 0.9830521 1.71099e-11 1.49012e-8 6.44e-11 -4.59295e-11 1 2.98023e-8 0 0 0 1</matrix>
                        <node id="node-Bip001_L_Toe12" name="Bip001_L_Toe12">
                          <matrix sid="matrix">0.9040335 0.4274614 4.97948e-11 0.03796011 -0.4274614 0.9040335 -5.05906e-12 -5.58794e-9 9.12479e-11 1.22554e-10 1 0 0 0 0 1</matrix>
                        </node>
                      </node>
                    </node>
                    <node id="node-Bip001_L_Toe2" name="Bip001_L_Toe2">
                      <matrix sid="matrix">0.04881953 -0.8895265 0.454268 0.06798327 0.1495167 -0.4431772 -0.8838772 0.002804041 0.9875534 0.1110711 0.1113633 0.04295146 0 0 0 1</matrix>
                      <node id="node-Bip001_L_Toe21" name="Bip001_L_Toe21">
                        <matrix sid="matrix">1 0 1.49012e-8 0.01451743 -1.86265e-8 1 -2.98023e-8 1.49012e-8 -1.49012e-8 -2.98023e-8 1 0 0 0 0 1</matrix>
                        <node id="node-Bip001_L_Toe22" name="Bip001_L_Toe22">
                          <matrix sid="matrix">0.5236049 0.8519613 1.49012e-8 0.03369504 -0.8519613 0.5236049 -2.98023e-8 -4.47035e-8 -2.98023e-8 -4.47035e-8 1 -2.98023e-8 0 0 0 1</matrix>
                        </node>
                      </node>
                    </node>
                  </node>
                </node>
              </node>
            </node>
            <node id="node-Bip001_R_Thigh" name="Bip001_R_Thigh">
              <matrix sid="matrix">-0.763881 0.3272626 0.5562238 -0.1131929 0.347591 0.9348266 -0.07266082 -1.88619e-4 -0.543752 0.1378342 -0.8278499 -0.0611746 0 0 0 1</matrix>
              <node id="node-Bip001_R_Calf" name="Bip001_R_Calf">
                <matrix sid="matrix">0.07075267 0.9974939 0 0.4541689 -0.9974938 0.07075269 2.79397e-9 2.79397e-9 -5.58794e-8 -8.9407e-8 1 0 0 0 0 1</matrix>
                <node id="node-Bip001_R_HorseLink" name="Bip001_R_HorseLink">
                  <matrix sid="matrix">0.1141484 -0.9934639 1.49012e-8 0.3208733 0.9934638 0.1141483 -2.98023e-8 -2.98023e-8 -5.96046e-8 -4.09782e-8 1 -2.98023e-8 0 0 0 1</matrix>
                  <node id="node-Bip001_R_Foot" name="Bip001_R_Foot">
                    <matrix sid="matrix">0.8694342 0.2156169 0.4445146 0.36176 0.008153094 0.8933544 -0.4492785 0 -0.493981 0.3942425 0.7749551 0 0 0 0 1</matrix>
                    <node id="node-Bip001_R_Toe0" name="Bip001_R_Toe0">
                      <matrix sid="matrix">-0.245469 -0.9694045 -5.33604e-7 0.08654235 0.9569952 -0.2423267 -0.1594934 0.1234714 0.1546134 -0.03915117 0.9871991 0.02420592 0 0 0 1</matrix>
                      <node id="node-Bip001_R_Toe01" name="Bip001_R_Toe01">
                        <matrix sid="matrix">0.9623386 0.2718535 1.69285e-8 0.04576604 -0.2718535 0.9623387 -7.65137e-9 5.58794e-9 -2.23847e-9 1.39393e-8 1 0 0 0 0 1</matrix>
                        <node id="node-Bip001_R_Toe02" name="Bip001_R_Toe02">
                          <matrix sid="matrix">0.9133545 0.4071655 -1.88362e-9 0.03187385 -0.4071655 0.9133545 -9.10504e-10 3.72529e-9 -2.97698e-8 2.55189e-9 1 0 0 0 0 1</matrix>
                        </node>
                      </node>
                    </node>
                    <node id="node-Bip001_R_Toe1" name="Bip001_R_Toe1">
                      <matrix sid="matrix">-0.2402838 -0.9707026 -9.12524e-7 0.09280638 0.9404517 -0.2327958 0.2477027 0.1308167 -0.240446 0.05951811 0.9688361 -0.0369646 0 0 0 1</matrix>
                      <node id="node-Bip001_R_Toe11" name="Bip001_R_Toe11">
                        <matrix sid="matrix">0.9830521 0.1833258 2.74007e-8 0.04370597 -0.1833258 0.9830522 -2.25138e-9 1.49012e-8 -8.68077e-10 1.88795e-9 1 0 0 0 0 1</matrix>
                        <node id="node-Bip001_R_Toe12" name="Bip001_R_Toe12">
                          <matrix sid="matrix">0.9040334 0.4274614 -5.82252e-10 0.03796013 -0.4274614 0.9040335 -6.64576e-10 1.86265e-9 5.57408e-9 -4.36217e-8 1 0 0 0 0 1</matrix>
                        </node>
                      </node>
                    </node>
                    <node id="node-Bip001_R_Toe2" name="Bip001_R_Toe2">
                      <matrix sid="matrix">0.0488201 -0.8895258 -0.4542692 0.06798328 0.1495177 -0.443178 0.8838765 0.002803952 -0.9875531 -0.1110722 0.1113638 -0.04295146 0 0 0 1</matrix>
                      <node id="node-Bip001_R_Toe21" name="Bip001_R_Toe21">
                        <matrix>1 3.72529e-9 -2.98023e-8 0.01451743 0 1 0 -1.49012e-8 -1.86265e-9 0 1 2.79397e-8 0 0 0 1</matrix>
                        <node id="node-Bip001_R_Toe22" name="Bip001_R_Toe22">
                          <matrix>0.5236048 0.8519613 -2.98023e-8 0.03369507 -0.8519614 0.5236049 0 -3.72529e-9 2.98023e-8 7.45058e-8 1 2.79397e-9 0 0 0 1</matrix>
                        </node>
                      </node>
                    </node>
                  </node>
                </node>
              </node>
            </node>
          </node>
        </node>
      </node>
      <node id="node-Bounds" name="Bounds">
        <matrix>1 0 0 0 0 1 0 0.411981 0 0 1 0 0 0 0 1</matrix>
        <instance_geometry url="#geom-Bounds">
          <bind_material>
            <technique_common>
              <instance_material symbol="ColorMaterial" target="#ColorEffectR88G199B225-material"/>
            </technique_common>
          </bind_material>
        </instance_geometry>
      </node>
      <node id="node-EYE" name="EYE">
        <matrix sid="matrix">-0.9999231 0.01240574 -8.85006e-8 4.09043e-8 -0.01240574 -0.9999231 8.63315e-8 0.411981 -8.74228e-8 8.74228e-8 1 1.6 0 0 0 1</matrix>
      </node>
      <node id="node-CAM" name="CAM">
        <matrix>-0.9999996 1.50996e-7 0 0 -1.50996e-7 -0.9999996 1.77636e-15 -0.009719968 0 1.77636e-15 1 1.928079 0 0 0 1</matrix>
      </node>
    </visual_scene>
  </library_visual_scenes>
  <library_animations>
    <animation>
      <source id="node-Bip001_matrix-input">
        <float_array id="node-Bip001_matrix-input-array" count="41">35 35.03333 35.06667 35.1 35.13334 35.16667 35.2 35.23333 35.26667 35.3 35.33333 35.36666 35.4 35.43333 35.46667 35.5 35.53333 35.56667 35.6 35.63334 35.66667 35.7 35.73333 35.76667 35.8 35.83333 35.86666 35.9 35.93333 35.96667 36 36.03333 36.06667 36.1 36.13334 36.16667 36.2 36.23333 36.26667 36.3 36.33333</float_array>
        <technique_common>
          <accessor source="#node-Bip001_matrix-input-array" count="41" stride="1">
            <param name="TIME" type="float"/>
          </accessor>
        </technique_common>
      </source>
      <source id="node-Bip001_matrix-output">
        <float_array id="node-Bip001_matrix-output-array" count="656">0.4908427 -0.8335541 0.2534976 0 0.8299859 0.5358468 0.1548919 0 -0.2649466 0.1343718 0.9548547 0.8529337 0 0 0 1 0.5097581 -0.8230797 0.2503728 0 0.839679 0.5393571 0.06350785 -0.01467055 -0.1873124 0.1778591 0.9660643 0.8674663 0 0 0 1 0.51584 -0.8176658 0.2556009 1.35884e-7 0.8560502 0.503464 -0.1170561 -0.04899197 -0.03297311 0.2791894 0.9596698 0.8980064 0 0 0 1 0.4908438 -0.833553 0.2534988 2.47841e-7 0.8645167 0.4298824 -0.2604072 -0.08935731 0.1080884 0.3469732 0.9316257 0.9274597 0 0 0 1 0.4733014 -0.8527752 0.2208172 3.61341e-7 0.8501121 0.376482 -0.3681992 -0.1302787 0.2308574 0.3619887 0.903144 0.9537608 0 0 0 1 0.4546869 -0.8749598 0.1664488 4.83397e-7 0.8036745 0.322506 -0.5000971 -0.1742851 0.3838841 0.3611583 0.8498222 0.982954 0 0 0 1 0.4128231 -0.9042571 0.1090696 6.10154e-7 0.7152132 0.2476891 -0.6535443 -0.2199864 0.5639567 0.3478062 0.7489884 1.010065 0 0 0 1 0.3376886 -0.9383166 0.07435309 7.37902e-7 0.5700908 0.141032 -0.8093865 -0.2660448 0.7489746 0.3157086 0.5825505 1.030149 0 0 0 1 0.2453122 -0.9660034 0.08160561 8.62894e-7 0.353614 0.01078426 -0.9353293 -0.3111097 0.9026512 0.2583047 0.3442378 1.038057 0 0 0 1 0.1973132 -0.974283 0.1088119 9.85203e-7 -0.00618267 -0.1122285 -0.9936632 -0.3552072 0.980321 0.1953901 -0.02816784 0.9510394 0 0 0 1 0.1824463 -0.9783597 0.09759962 1.10722e-6 -0.4723513 -0.174277 -0.8640091 -0.3991984 0.862321 0.1115339 -0.4939257 0.7614682 0 0 0 1 0.1271353 -0.9905681 0.05110454 1.22853e-6 -0.8387677 -0.134868 -0.5275221 -0.442936 0.5294389 0.02420186 -0.8480029 0.5719001 0 0 0 1 0.03404086 -0.9982404 0.04855227 1.34873e-6 -0.987903 -0.04096281 -0.1495651 -0.4862734 0.1512907 -0.04287362 -0.9875591 0.4848691 0 0 0 1 -0.01698493 -0.9975178 0.06833726 1.47293e-6 -0.9873425 0.02751225 0.1561982 -0.5310547 -0.1576905 -0.06481927 -0.985359 0.4848691 0 0 0 1 0.01716613 -0.9988254 0.0453124 1.59536e-6 -0.9265524 0.001140832 0.3761641 -0.5751938 -0.375774 -0.04844158 -0.9254445 0.4848691 0 0 0 1 0.05595839 -0.9982404 0.01961606 1.69922e-6 -0.8899543 -0.04096281 0.4542064 -0.6126412 -0.4526036 -0.04287409 -0.8906806 0.4848691 0 0 0 1 0.03498971 -0.9989733 0.02877718 1.79119e-6 -0.9244689 -0.02141487 0.3806556 -0.6487231 -0.3796485 -0.03992265 -0.9242692 0.4938334 0 0 0 1 0.004507601 -0.9991486 0.04101032 1.87828e-6 -0.9823974 0.003234088 0.1867748 -0.6849441 -0.1867484 -0.04113036 -0.9815465 0.5084474 0 0 0 1 0.00324428 -0.9988759 0.0472908 1.94359e-6 -0.9972307 -0.006745457 -0.07406359 -0.7094675 0.07429933 -0.04691952 -0.9961317 0.5108293 0 0 0 1 0.02462029 -0.9982403 0.05394566 1.96955e-6 -0.9440953 -0.04096257 -0.3271179 -0.7101054 0.3287521 -0.04287606 -0.9434425 0.4827248 0 0 0 1 0.03447204 -0.9972785 0.06517088 1.99099e-6 -0.8080471 -0.06618547 -0.5853883 -0.7071787 0.5881085 -0.03248161 -0.8081296 0.3980652 0 0 0 1 0.01852607 -0.9971499 0.0731368 2.03957e-6 -0.5641416 -0.07081818 -0.8226355 -0.7258898 0.8254703 -0.02601927 -0.5638456 0.2743632 0 0 0 1 -0.01500058 -0.9979485 0.06223809 2.0928e-6 -0.2922226 -0.05515193 -0.9547587 -0.7509719 0.9562327 -0.03250932 -0.2907958 0.1557451 0 0 0 1 -0.03772532 -0.9982402 0.04575139 2.12833e-6 -0.1191591 -0.04096353 -0.9920298 -0.7673541 0.9921582 -0.0428763 -0.1174039 0.08647418 0 0 0 1 -0.0448153 -0.9982465 0.03867411 2.14661e-6 -0.05052918 -0.03639841 -0.9980592 -0.7739441 0.9977167 -0.04668235 -0.0488094 0.06267476 0 0 0 1 -0.04934275 -0.998203 0.03400152 2.16352e-6 -0.007673203 -0.03366315 -0.9994038 -0.7800394 0.9987524 -0.04957431 -0.005998373 0.048303 0 0 0 1 -0.05177593 -0.9981532 0.03177165 2.17894e-6 0.01389032 -0.03253102 -0.9993742 -0.7855995 0.9985621 -0.05130231 0.015549 0.04162645 0 0 0 1 -0.05252528 -0.9981175 0.03166633 2.19276e-6 0.0186401 -0.03268456 -0.999292 -0.790582 0.9984457 -0.0518977 0.02032172 0.04098606 0 0 0 1 -0.05193924 -0.9980995 0.03316473 2.20485e-6 0.01093435 -0.03377604 -0.9993697 -0.7949424 0.9985905 -0.05154377 0.01266783 0.044775 0 0 0 1 -0.05033326 -0.9980959 0.03565472 2.21509e-6 -0.004962682 -0.03544962 -0.9993592 -0.7986337 0.9987202 -0.05047792 -0.00316894 0.05141872 0 0 0 1 -0.04801845 -0.9981039 0.03851056 2.22333e-6 -0.02482038 -0.03735089 -0.998994 -0.8016056 0.9985381 -0.04892593 -0.02297997 0.05935627 0 0 0 1 -0.04531872 -0.9981251 0.04114091 2.22943e-6 -0.0443924 -0.03913044 -0.9982476 -0.803804 0.9979858 -0.04706555 -0.0425359 0.06702154 0 0 0 1 -0.04257559 -0.998167 0.04301279 2.23322e-6 -0.0593782 -0.04044771 -0.9974158 -0.8051705 0.9973273 -0.0450195 -0.05754733 0.07282483 0 0 0 1 -0.04014265 -0.9982404 0.04364573 2.23453e-6 -0.06537723 -0.04096341 -0.9970195 -0.8056413 0.9970529 -0.04287636 -0.06361782 0.07513236 0 0 0 1 -0.03856611 -0.9983069 0.04354518 2.23453e-6 -0.06537729 -0.04096353 -0.9970195 -0.8056413 0.9971151 -0.04129797 -0.06368684 0.07513236 0 0 0 1 -0.03796076 -0.9983317 0.04350644 2.23453e-6 -0.06537729 -0.04096341 -0.9970195 -0.8056413 0.9971383 -0.04069185 -0.06371331 0.07513236 0 0 0 1 -0.03805017 -0.998328 0.04351222 2.23453e-6 -0.06537729 -0.04096341 -0.9970194 -0.8056413 0.9971349 -0.04078143 -0.06370925 0.07513236 0 0 0 1 -0.03857111 -0.9983066 0.04354554 2.23453e-6 -0.06537717 -0.04096341 -0.9970195 -0.8056413 0.997115 -0.04130291 -0.06368649 0.07513236 0 0 0 1 -0.0392661 -0.9982776 0.04358989 2.23453e-6 -0.06537729 -0.04096341 -0.9970195 -0.8056413 0.9970878 -0.0419988 -0.06365633 0.07513236 0 0 0 1 -0.03987765 -0.9982517 0.04362887 2.23453e-6 -0.06537735 -0.04096341 -0.9970195 -0.8056413 0.9970635 -0.04261118 -0.06362962 0.07513236 0 0 0 1 -0.04014265 -0.9982402 0.04364579 2.23453e-6 -0.06537729 -0.04096341 -0.9970194 -0.8056413 0.9970528 -0.04287642 -0.06361782 0.07513236 0 0 0 1</float_array>
        <technique_common>
          <accessor source="#node-Bip001_matrix-output-array" count="41" stride="16">
            <param name="TRANSFORM" type="float4x4"/>
          </accessor>
        </technique_common>
      </source>
      <source id="node-Bip001_matrix-interpolation">
        <Name_array id="node-Bip001_matrix-interpolation-array" count="41">LINEAR LINEAR LINEAR LINEAR LINEAR LINEAR LINEAR LINEAR LINEAR LINEAR LINEAR LINEAR LINEAR LINEAR LINEAR LINEAR LINEAR LINEAR LINEAR LINEAR LINEAR LINEAR LINEAR LINEAR LINEAR LINEAR LINEAR LINEAR LINEAR LINEAR LINEAR LINEAR LINEAR LINEAR LINEAR LINEAR LINEAR LINEAR LINEAR LINEAR LINEAR</Name_array>
        <technique_common>
          <accessor source="#node-Bip001_matrix-interpolation-array" count="41" stride="1">
            <param name="INTERPOLATION" type="name"/>
          </accessor>
        </technique_common>
      </source>
      <source id="node-Bip001_Pelvis_matrix-input">
        <float_array id="node-Bip001_Pelvis_matrix-input-array" count="41">35 35.03333 35.06667 35.1 35.13334 35.16667 35.2 35.23333 35.26667 35.3 35.33333 35.36666 35.4 35.43333 35.46667 35.5 35.53333 35.56667 35.6 35.63334 35.66667 35.7 35.73333 35.76667 35.8 35.83333 35.86666 35.9 35.93333 35.96667 36 36.03333 36.06667 36.1 36.13334 36.16667 36.2 36.23333 36.26667 36.3 36.33333</float_array>
        <technique_common>
          <accessor source="#node-Bip001_Pelvis_matrix-input-array" count="41" stride="1">
            <param name="TIME" type="float"/>
          </accessor>
        </technique_common>
      </source>
      <source id="node-Bip001_Pelvis_matrix-output">
        <float_array id="node-Bip001_Pelvis_matrix-output-array" count="656">0 1 -1.40071e-6 0 -0.1140869 1.40071e-6 0.9934708 0 0.9934707 1.49012e-7 0.1140869 0 0 0 0 1 0 1 -1.43796e-6 0 -0.112228 1.34483e-6 0.9936824 0 0.9936826 1.49012e-7 0.1122282 0 0 0 0 1 0 1 -1.42679e-6 0 -0.1070525 1.32434e-6 0.9942534 0 0.9942533 1.60187e-7 0.1070525 0 0 0 0 1 0 1 -1.36346e-6 0 -0.09916079 1.3411e-6 0.9950713 0 0.9950714 1.63913e-7 0.09916085 0 0 0 0 1 0 1 -1.43051e-6 0 -0.08915305 1.38581e-6 0.996018 0 0.9960179 0 0.08915305 0 0 0 0 1 0 1 -1.37091e-6 0 -0.07763087 1.37091e-6 0.9969823 0 0.9969823 1.19209e-7 0.07763087 0 0 0 0 1 0 1 -1.43051e-6 0 -0.06519973 1.40071e-6 0.9978724 0 0.9978722 0 0.06519973 0 0 0 0 1 0 1 -1.40071e-6 0 -0.05246669 1.35601e-6 0.9986227 0 0.9986227 1.19209e-7 0.05246669 0 0 0 0 1 0 0.9999999 -1.37091e-6 0 -0.04004085 1.40071e-6 0.9991979 0 0.999198 0 0.04004085 0 0 0 0 1 0 1 -1.38581e-6 0 -0.02853429 1.38581e-6 0.9995928 0 0.9995928 0 0.02853429 0 0 0 0 1 0 1 -1.38581e-6 0 -0.01855778 1.37836e-6 0.9998278 0 0.9998279 0 0.01855772 0 0 0 0 1 0 0.9999999 -1.39046e-6 0 -0.01072174 1.37743e-6 0.9999424 0 0.9999424 0 0.01072174 0 0 0 0 1 0 1 -1.38674e-6 0 -0.005636811 1.38627e-6 0.9999842 0 0.9999842 0 0.005636811 0 0 0 0 1 0 1 -1.38581e-6 0 -0.002489805 1.38674e-6 0.999997 0 0.999997 0 0.002489805 0 0 0 0 1 0 1 -1.38581e-6 0 -2.27354e-5 1.38581e-6 1 0 1 0 2.27392e-5 0 0 0 0 1 0 0.9999999 -1.38208e-6 0 0.00182265 1.38953e-6 0.9999982 0 0.9999983 0 -0.00182265 0 0 0 0 1 0 0.9999999 -1.3886e-6 0 0.003104805 1.38581e-6 0.9999951 0 0.9999951 0 -0.003104805 0 0 0 0 1 0 1 -1.38814e-6 0 0.003881871 1.38627e-6 0.9999924 0 0.9999924 0 -0.003881871 0 0 0 0 1 0 1 -1.38651e-6 0 0.004212141 1.38674e-6 0.9999911 0 0.9999911 0 -0.004212141 0 0 0 0 1 0 1 -1.38301e-6 0 0.004153847 1.38208e-6 0.9999915 0 0.9999913 0 -0.004153847 0 0 0 0 1 0 1 -1.38395e-6 0 0.003765344 1.38395e-6 0.9999929 0 0.999993 0 -0.003765344 0 0 0 0 1 0 1 -1.38953e-6 0 0.003104865 1.3914e-6 0.9999951 0 0.9999951 0 -0.003104865 0 0 0 0 1 0 1 -1.38395e-6 0 0.002230644 1.38767e-6 0.9999976 0 0.9999976 0 -0.002230644 0 0 0 0 1 0 1 -1.38208e-6 0 0.001201033 1.38953e-6 0.9999992 0 0.9999993 0 -0.001201033 0 0 0 0 1 0 1 -1.38208e-6 0 7.43777e-5 1.38581e-6 1 0 0.9999999 0 -7.43738e-5 0 0 0 0 1 0 1 -1.38953e-6 0 -0.001091182 1.38208e-6 0.9999994 0 0.9999995 0 0.001091182 0 0 0 0 1 0 1 -1.38581e-6 0 -0.002237319 1.38953e-6 0.9999975 0 0.9999975 0 0.002237319 0 0 0 0 1 0 1 -1.38953e-6 0 -0.003305733 1.38581e-6 0.9999945 0 0.9999946 0 0.003305733 0 0 0 0 1 0 1 -1.38208e-6 0 -0.004238188 1.38208e-6 0.9999909 0 0.9999909 0 0.004238188 0 0 0 0 1 0 1 -1.38953e-6 0 -0.004976332 1.38581e-6 0.9999876 0 0.9999876 0 0.004976332 0 0 0 0 1 0 1 -1.38208e-6 0 -0.00546199 1.38208e-6 0.9999851 0 0.9999852 0 0.00546199 0 0 0 0 1 0 1 -1.39326e-6 0 -0.005636811 1.38581e-6 0.9999841 0 0.999984 0 0.005636811 0 0 0 0 1 0 1 -1.38208e-6 0 -0.005361557 1.38581e-6 0.9999856 0 0.9999856 0 0.005361557 0 0 0 0 1 0 1 -1.38581e-6 0 -0.004673361 1.38953e-6 0.999989 0 0.9999891 0 0.004673361 0 0 0 0 1 0 1 -1.39326e-6 0 -0.003778755 1.38953e-6 0.9999928 0 0.9999929 0 0.003778755 0 0 0 0 1 0 1 -1.38581e-6 0 -0.002884149 1.38581e-6 0.9999958 0 0.9999958 0 0.002884149 0 0 0 0 1 0 1 -1.38953e-6 0 -0.002195894 1.38581e-6 0.9999977 0 0.9999977 0 0.002195894 0 0 0 0 1 0 1 -1.39326e-6 0 -0.00192064 1.38581e-6 0.9999982 0 0.9999982 0 0.00192064 0 0 0 0 1 0 1 -1.38581e-6 0 -0.002264738 1.38581e-6 0.9999974 0 0.9999974 0 0.002264738 0 0 0 0 1 0 1 -1.38208e-6 0 -0.003434658 1.38953e-6 0.9999942 0 0.9999941 0 0.003434658 0 0 0 0 1 0 1 -1.38953e-6 0 -0.005636811 1.38953e-6 0.9999842 0 0.9999843 0 0.005636811 0 0 0 0 1</float_array>
        <technique_common>
          <accessor source="#node-Bip001_Pelvis_matrix-output-array" count="41" stride="16">
            <param name="TRANSFORM" type="float4x4"/>
          </accessor>
        </technique_common>
      </source>
      <source id="node-Bip001_Pelvis_matrix-interpolation">
        <Name_array id="node-Bip001_Pelvis_matrix-interpolation-array" count="41">LINEAR LINEAR LINEAR LINEAR LINEAR LINEAR LINEAR LINEAR LINEAR LINEAR LINEAR LINEAR LINEAR LINEAR LINEAR LINEAR LINEAR LINEAR LINEAR LINEAR LINEAR LINEAR LINEAR LINEAR LINEAR LINEAR LINEAR LINEAR LINEAR LINEAR LINEAR LINEAR LINEAR LINEAR LINEAR LINEAR LINEAR LINEAR LINEAR LINEAR LINEAR</Name_array>
        <technique_common>
          <accessor source="#node-Bip001_Pelvis_matrix-interpolation-array" count="41" stride="1">
            <param name="INTERPOLATION" type="name"/>
          </accessor>
        </technique_common>
      </source>
      <source id="node-Bip001_Spine_matrix-input">
        <float_array id="node-Bip001_Spine_matrix-input-array" count="41">35 35.03333 35.06667 35.1 35.13334 35.16667 35.2 35.23333 35.26667 35.3 35.33333 35.36666 35.4 35.43333 35.46667 35.5 35.53333 35.56667 35.6 35.63334 35.66667 35.7 35.73333 35.76667 35.8 35.83333 35.86666 35.9 35.93333 35.96667 36 36.03333 36.06667 36.1 36.13334 36.16667 36.2 36.23333 36.26667 36.3 36.33333</float_array>
        <technique_common>
          <accessor source="#node-Bip001_Spine_matrix-input-array" count="41" stride="1">
            <param name="TIME" type="float"/>
          </accessor>
        </technique_common>
      </source>
