<?xml version="1.0" encoding="utf-8"?>
<COLLADA xmlns="http://www.collada.org/2005/11/COLLADASchema" version="1.4.1">
  <asset>
    <contributor>
      <author>MattO</author>
      <authoring_tool>OpenCOLLADA for 3ds Max;  Version: 1.3.0;  Revision: 839M;  Platform: x64;  Configuration: Release_Max2012</authoring_tool>
      <source_data>file:///C:/Dropbox/Prj/GGStout/Kraad/Mantis_TP_Kraad_Animation_Master.max</source_data>
    </contributor>
    <created>2011-10-24T10:56:26</created>
    <modified>2011-10-24T10:56:26</modified>
    <unit name="meter" meter="1"/>
    <up_axis>Z_UP</up_axis>
  </asset>
  <library_effects>
    <effect id="ColorEffectR88G199B225">
      <profile_COMMON>
        <technique sid="common">
          <phong>
            <ambient>
              <color>0.345098 0.7803922 0.8823529 1</color>
            </ambient>
            <diffuse>
              <color>0.345098 0.7803922 0.8823529 1</color>
            </diffuse>
            <specular>
              <color>1 1 1 1</color>
            </specular>
            <shininess>
              <float>10</float>
            </shininess>
            <reflective>
              <color>0 0 0 1</color>
            </reflective>
            <transparent>
              <color>1 1 1 1</color>
            </transparent>
            <transparency>
              <float>1</float>
            </transparency>
          </phong>
        </technique>
      </profile_COMMON>
    </effect>
  </library_effects>
  <library_materials>
    <material id="ColorEffectR88G199B225-material" name="ColorEffectR88G199B225-material">
      <instance_effect url="#ColorEffectR88G199B225"/>
    </material>
  </library_materials>
  <library_geometries>
    <geometry id="geom-Bounds" name="Bounds">
      <mesh>
        <source id="geom-Bounds-positions">
          <float_array id="geom-Bounds-positions-array" count="24">-0.5 -0.5 0 0.5 -0.5 0 -0.5 0.5 0 0.5 0.5 0 -0.5 -0.5 2 0.5 -0.5 2 -0.5 0.5 2 0.5 0.5 2</float_array>
          <technique_common>
            <accessor source="#geom-Bounds-positions-array" count="8" stride="3">
              <param name="X" type="float"/>
              <param name="Y" type="float"/>
              <param name="Z" type="float"/>
            </accessor>
          </technique_common>
        </source>
        <source id="geom-Bounds-normals">
          <float_array id="geom-Bounds-normals-array" count="72">0 0 -1 0 0 -1 0 0 -1 0 0 -1 0 0 1 0 0 1 0 0 1 0 0 1 0 -1 0 0 -1 0 0 -1 0 0 -1 0 1 0 0 1 0 0 1 0 0 1 0 0 0 1 0 0 1 0 0 1 0 0 1 0 -1 0 0 -1 0 0 -1 0 0 -1 0 0</float_array>
          <technique_common>
            <accessor source="#geom-Bounds-normals-array" count="24" stride="3">
              <param name="X" type="float"/>
              <param name="Y" type="float"/>
              <param name="Z" type="float"/>
            </accessor>
          </technique_common>
        </source>
        <source id="geom-Bounds-map1">
          <float_array id="geom-Bounds-map1-array" count="36">0 0 0 1 0 0 0 1 0 1 1 0 0 0 0 1 0 0 0 1 0 1 1 0 0 0 0 1 0 0 0 1 0 1 1 0</float_array>
          <technique_common>
            <accessor source="#geom-Bounds-map1-array" count="12" stride="3">
              <param name="S" type="float"/>
              <param name="T" type="float"/>
              <param name="P" type="float"/>
            </accessor>
          </technique_common>
        </source>
        <vertices id="geom-Bounds-vertices">
          <input semantic="POSITION" source="#geom-Bounds-positions"/>
        </vertices>
        <triangles material="ColorMaterial" count="12">
          <input semantic="VERTEX" source="#geom-Bounds-vertices" offset="0"/>
          <input semantic="NORMAL" source="#geom-Bounds-normals" offset="1"/>
          <input semantic="TEXCOORD" source="#geom-Bounds-map1" offset="2" set="0"/>
          <p>0 0 9 2 1 11 3 2 10 3 2 10 1 3 8 0 0 9 4 4 8 5 5 9 7 6 11 7 6 11 6 7 10 4 4 8 0 8 4 1 9 5 5 10 7 5 10 7 4 11 6 0 8 4 1 12 0 3 13 1 7 14 3 7 14 3 5 15 2 1 12 0 3 16 4 2 17 5 6 18 7 6 18 7 7 19 6 3 16 4 2 20 0 0 21 1 4 22 3 4 22 3 6 23 2 2 20 0</p>
        </triangles>
      </mesh>
      <extra>
        <technique profile="OpenCOLLADA3dsMax">
          <max_box>
            <generateuvs>1</generateuvs>
            <height>2</height>
            <heightsegments>1</heightsegments>
            <length>1</length>
            <lengthsegments>1</lengthsegments>
            <width>1</width>
            <widthsegments>1</widthsegments>
          </max_box>
        </technique>
      </extra>
    </geometry>
  </library_geometries>
  <library_lights>
    <light id="EnvironmentAmbientLight" name="EnvironmentAmbientLight">
      <technique_common>
        <ambient>
          <color>0 0 0</color>
        </ambient>
      </technique_common>
    </light>
  </library_lights>
  <library_visual_scenes>
    <visual_scene id="MaxScene">
      <node name="EnvironmentAmbientLight">
        <instance_light url="#EnvironmentAmbientLight"/>
      </node>
      <node id="node-Bip001" name="Bip001">
        <matrix sid="matrix">0.4908457 -0.8335517 0.2534996 0 0.8299834 0.5358505 0.154893 -4.37066e-8 -0.2649491 0.1343719 0.954854 0.6716862 0 0 0 1</matrix>
        <node id="node-Bip001_Pelvis" name="Bip001_Pelvis">
          <matrix sid="matrix">-0.1241325 0.9145278 -0.3850064 0 0.4279402 0.3994093 0.8107646 0 0.895242 -0.06411752 -0.4409428 0 0 0 0 1</matrix>
          <node id="node-Bip001_Spine" name="Bip001_Spine">
            <matrix sid="matrix">0.9764933 -0.07870905 0.2006629 0.0879252 0.004093155 0.9375485 0.3478304 -0.006379649 -0.2155086 -0.3388328 0.9158321 -0.04327334 0 0 0 1</matrix>
            <node id="node-Bip001_Spine1" name="Bip001_Spine1">
              <matrix>0.9235706 -0.3709308 -0.09709477 0.1110483 0.369598 0.9286391 -0.0320407 -8.21054e-5 0.1020509 -0.006294157 0.9947591 5.58794e-7 0 0 0 1</matrix>
              <node id="node-Bip001_Spine2" name="Bip001_Spine2">
                <matrix sid="matrix">0.9781342 -0.1350431 -0.1581678 0.1110275 0.1528821 0.9824771 0.1066114 -8.6844e-5 0.1409992 -0.1284613 0.98164 1.13249e-5 0 0 0 1</matrix>
                <node id="node-Bip001_Spine3" name="Bip001_Spine3">
                  <matrix sid="matrix">0.9451491 -0.22882 -0.233098 0.111054 0.2576066 0.9609329 0.1012271 -1.6129e-4 0.2008288 -0.1557222 0.9671703 2.61068e-5 0 0 0 1</matrix>
                  <node id="node-Bip001_Neck" name="Bip001_Neck">
                    <matrix sid="matrix">0.9888968 -0.06419972 -0.1340206 0.2584252 0.04748262 0.9910951 -0.1244034 0.01280212 0.1408138 0.1166585 0.983139 -4.52995e-6 0 0 0 1</matrix>
                    <node id="node-Bip001_Neck1" name="Bip001_Neck1">
                      <matrix>0.9879369 0.1545505 -0.009731464 0.04894257 -0.1547313 0.9826608 -0.102156 -3.82662e-5 -0.006225511 0.1024293 0.9947209 -3.93391e-6 0 0 0 1</matrix>
                      <node id="node-Bip001_Neck2" name="Bip001_Neck2">
                        <matrix>0.9545162 0.2811762 -0.09919001 0.04893774 -0.2884499 0.9550411 -0.06850672 -3.72529e-5 0.07546806 0.09400222 0.9927074 -3.69549e-6 0 0 0 1</matrix>
                        <node id="node-Bip001_Head" name="Bip001_Head">
                          <matrix sid="matrix">0.8997803 0.2683106 0.3440999 0.04894865 -0.1892875 0.9505495 -0.2462235 -2.98023e-8 -0.3931481 0.1564132 0.9060737 -5.96046e-8 0 0 0 1</matrix>
                          <node id="node-Bip001_Ponytail1" name="Bip001_Ponytail1">
                            <matrix>-0.05999058 -0.998199 -2.76882e-6 0.009580731 0.998199 -0.05999064 -2.93972e-6 0.1139534 2.76882e-6 -2.93832e-6 1 9.31323e-8 0 0 0 1</matrix>
                          </node>
                          <node id="node-ALTEYE" name="ALTEYE">
                            <matrix>-0.009488115 0.5772491 0.8165135 0.1153697 0.002645087 0.8165618 -0.5772523 0.2046643 -0.9999515 -0.003317287 -0.0092745 -0.001006722 0 0 0 1</matrix>
                          </node>
                        </node>
                      </node>
                    </node>
                    <node id="node-Bip001_L_Clavicle" name="Bip001_L_Clavicle">
                      <matrix sid="matrix">0.3867268 0.04316635 0.9211835 -0.04311717 0.6360109 -0.7358135 -0.232527 0.007411957 0.6677818 0.6758072 -0.312013 0.0278405 0 0 0 1</matrix>
                      <node id="node-Bip001_L_UpperArm" name="Bip001_L_UpperArm">
                        <matrix sid="matrix">0.9975377 -0.06719837 -0.02006879 0.07966626 0.04555807 0.4033541 0.9139091 2.98023e-8 -0.05331823 -0.9125733 0.4054223 5.96046e-8 0 0 0 1</matrix>
                        <node id="node-Bip001_L_Forearm" name="Bip001_L_Forearm">
                          <matrix sid="matrix">0.2415589 0.9703862 -2.98023e-8 0.4297335 -0.970386 0.2415589 1.49012e-8 1.19209e-7 5.21541e-8 0 1 0 0 0 0 1</matrix>
                          <node id="node-Bip001_L_Hand" name="Bip001_L_Hand">
                            <matrix sid="matrix">0.6662529 0.1131222 -0.737096 0.3774394 -0.1245723 -0.9576557 -0.2595712 2.98023e-8 -0.7352475 0.2647616 -0.6239489 0 0 0 0 1</matrix>
                            <node id="node-Bip001_L_Finger0" name="Bip001_L_Finger0">
                              <matrix>0.49194 0.8244181 0.2798744 0.03908241 0.6521552 -0.135966 -0.7457927 0.01738542 -0.5767916 0.5494068 -0.6045355 -0.04049921 0 0 0 1</matrix>
                              <node id="node-Bip001_L_Finger01" name="Bip001_L_Finger01">
                                <matrix>0.9511044 0.3088697 0 0.1027656 -0.3088696 0.9511045 -1.49012e-8 -2.98023e-8 0 7.45058e-9 0.9999999 -1.19209e-7 0 0 0 1</matrix>
                                <node id="node-Bip001_L_Finger02" name="Bip001_L_Finger02">
                                  <matrix>0.8065714 -0.5911371 2.98023e-8 0.05252481 0.5911371 0.8065712 -7.45058e-9 1.49012e-8 5.96046e-8 -2.98023e-8 1 5.96046e-8 0 0 0 1</matrix>
                                </node>
                              </node>
                            </node>
                            <node id="node-Bip001_L_Finger1" name="Bip001_L_Finger1">
                              <matrix>0.6375437 -0.7703909 0.005984016 0.1458857 0.7704014 0.6375585 7.96288e-4 -1.52588e-5 -0.00442861 0.004102424 0.9999816 -0.01919663 0 0 0 1</matrix>
                              <node id="node-Bip001_L_Finger11" name="Bip001_L_Finger11">
                                <matrix>0.5190609 -0.8547374 0 0.08578128 0.8547374 0.5190609 0 5.96046e-8 -7.45058e-8 0 1 0 0 0 0 1</matrix>
                                <node id="node-Bip001_L_Finger12" name="Bip001_L_Finger12">
                                  <matrix>0.9649357 -0.2624862 1.49012e-8 0.05549777 0.2624862 0.9649357 7.45058e-9 -5.96046e-8 2.98023e-8 7.45058e-9 1 -1.19209e-7 0 0 0 1</matrix>
                                </node>
                              </node>
                            </node>
                            <node id="node-Bip001_L_Finger2" name="Bip001_L_Finger2">
                              <matrix>0.5018926 -0.855015 -0.1305895 0.143758 0.8647376 0.492844 0.09661075 0.003213346 -0.01824336 -0.1614139 0.9867181 0.02870393 0 0 0 1</matrix>
                              <node id="node-Bip001_L_Finger21" name="Bip001_L_Finger21">
                                <matrix>0.8477591 -0.5303817 7.45058e-9 0.07148433 0.5303817 0.847759 -1.49012e-8 0 -1.49012e-8 9.31323e-10 1 0 0 0 0 1</matrix>
                                <node id="node-Bip001_L_Finger22" name="Bip001_L_Finger22">
                                  <matrix>0.8033118 -0.5955586 -7.45058e-9 0.05113888 0.5955588 0.8033119 -2.14204e-8 -2.98023e-8 1.49012e-8 2.23517e-8 1 0 0 0 0 1</matrix>
                                </node>
                              </node>
                            </node>
                          </node>
                        </node>
                        <node id="node-Bip001_L_ForeTwist" name="Bip001_L_ForeTwist">
                          <matrix sid="matrix">0.2415589 0.7695567 0.5911277 0.4297335 -0.970386 0.1915663 0.1471498 1.19209e-7 5.21541e-8 -0.6091675 0.7930416 0 0 0 0 1</matrix>
                          <node id="node-Bip001_L_ForeTwist1" name="Bip001_L_ForeTwist1">
                            <matrix sid="matrix">0.9999999 -1.49012e-8 -1.49012e-8 0.1887197 0 0.7930415 0.6091674 0 -2.04891e-8 -0.6091673 0.7930416 2.98023e-8 0 0 0 1</matrix>
                          </node>
                        </node>
                      </node>
                      <node id="node-Bip001_LUpArmTwist" name="Bip001_LUpArmTwist">
                        <matrix sid="matrix">0.9975377 -0.06719837 -0.02006879 0.07966626 0.04555807 0.4033541 0.9139091 2.98023e-8 -0.05331823 -0.9125733 0.4054223 5.96046e-8 0 0 0 1</matrix>
                        <node id="node-Bip001_LUpArmTwist1" name="Bip001_LUpArmTwist1">
                          <matrix>1 -2.98023e-8 -2.98023e-8 0.2148668 -2.98023e-8 1 1.49012e-8 1.19209e-7 0 -1.49012e-8 1 -5.96046e-8 0 0 0 1</matrix>
                        </node>
                      </node>
                    </node>
                    <node id="node-Bip001_R_Clavicle" name="Bip001_R_Clavicle">
                      <matrix sid="matrix">-0.4125289 -0.1381768 -0.9004039 -0.04935795 0.6517029 -0.7353822 -0.1857317 0.002241969 -0.6364772 -0.6634156 0.3934166 -0.01573145 0 0 0 1</matrix>
                      <node id="node-Bip001_R_UpperArm" name="Bip001_R_UpperArm">
                        <matrix sid="matrix">0.6240984 0.2543256 -0.7387961 0.0796662 -0.5731855 0.7916086 -0.2116929 1.78814e-7 0.5309983 0.5555844 0.6398175 0 0 0 0 1</matrix>
                        <node id="node-Bip001_R_Forearm" name="Bip001_R_Forearm">
                          <matrix sid="matrix">-0.5249048 0.8511611 1.49012e-8 0.4297335 -0.851161 -0.5249048 0 -2.98023e-8 -3.63216e-8 -2.98023e-8 1 2.98023e-8 0 0 0 1</matrix>
                          <node id="node-Bip001_R_Hand" name="Bip001_R_Hand">
                            <matrix sid="matrix">0.9438474 0.3239306 0.06496912 0.3774393 0.1072018 -0.1142698 -0.9876487 -5.96046e-8 -0.3125057 0.9391546 -0.1425792 -2.98023e-8 0 0 0 1</matrix>
                            <node id="node-Bip001_R_Finger0" name="Bip001_R_Finger0">
                              <matrix>0.6486482 0.5772246 -0.4960517 0.03908235 0.6676159 -0.1185831 0.7350016 0.01738538 0.3654374 -0.8079293 -0.4622829 0.04049921 0 0 0 1</matrix>
                              <node id="node-Bip001_R_Finger01" name="Bip001_R_Finger01">
                                <matrix>0.6155393 -0.7881061 -2.98023e-8 0.1027658 0.7881061 0.6155394 0 -2.98023e-8 2.98023e-8 2.98023e-8 1 -5.96046e-8 0 0 0 1</matrix>
                                <node id="node-Bip001_R_Finger02" name="Bip001_R_Finger02">
                                  <matrix>0.1523349 -0.9883289 -4.47035e-8 0.05252483 0.988329 0.1523349 -5.96046e-8 -1.19209e-7 0 2.98023e-8 1 0 0 0 0 1</matrix>
                                </node>
                              </node>
                            </node>
                            <node id="node-Bip001_R_Finger1" name="Bip001_R_Finger1">
                              <matrix>0.7109716 -0.632343 -0.3076712 0.1458857 0.6327782 0.7661359 -0.1123713 -1.52737e-5 0.3067753 -0.1147949 0.9448339 0.01919681 0 0 0 1</matrix>
                              <node id="node-Bip001_R_Finger11" name="Bip001_R_Finger11">
                                <matrix>-0.6406224 -0.7678561 2.98023e-8 0.08578128 0.7678561 -0.6406225 1.49012e-8 0 2.98023e-8 2.98023e-8 1 -1.19209e-7 0 0 0 1</matrix>
                                <node id="node-Bip001_R_Finger12" name="Bip001_R_Finger12">
                                  <matrix>0.8432422 -0.5375336 0 0.05549783 0.5375336 0.8432423 0 1.49012e-8 -2.98023e-8 7.45058e-9 0.9999999 1.19209e-7 0 0 0 1</matrix>
                                </node>
                              </node>
                            </node>
                            <node id="node-Bip001_R_Finger2" name="Bip001_R_Finger2">
                              <matrix>0.2634968 -0.9557803 0.1305896 0.1437579 0.9628298 0.2522402 -0.09661078 0.003213391 0.05939874 0.1511922 0.9867181 -0.02870387 0 0 0 1</matrix>
                              <node id="node-Bip001_R_Finger21" name="Bip001_R_Finger21">
                                <matrix>-0.03544476 -0.9993716 3.72529e-9 0.07148438 0.9993715 -0.03544477 1.49012e-8 -5.96046e-8 -1.49012e-8 0 0.9999999 0 0 0 0 1</matrix>
                                <node id="node-Bip001_R_Finger22" name="Bip001_R_Finger22">
                                  <matrix>0.7483484 -0.6633058 0 0.05113876 0.6633058 0.7483484 -3.72529e-9 -2.98023e-8 1.49012e-8 -1.49012e-8 1 0 0 0 0 1</matrix>
                                </node>
                              </node>
                            </node>
                            <node id="node-mount0" name="mount0">
                              <matrix>-4.24479e-8 1 5.15021e-7 0.1088288 -1 -3.11491e-7 -1.47149e-7 0.03070411 1.52737e-7 -4.05591e-7 0.9999998 0.01333511 0 0 0 1</matrix>
                            </node>
                          </node>
                        </node>
                        <node id="node-Bip001_R_ForeTwist" name="Bip001_R_ForeTwist">
                          <matrix sid="matrix">-0.5249048 0.8501894 -0.04066199 0.4297335 -0.851161 -0.5243055 0.02507595 -2.98023e-8 -3.63216e-8 0.04777239 0.9988583 2.98023e-8 0 0 0 1</matrix>
                          <node id="node-Bip001_R_ForeTwist1" name="Bip001_R_ForeTwist1">
                            <matrix sid="matrix">1 -3.72529e-9 6.51926e-9 0.1887197 0 0.9988582 -0.0477724 -5.96046e-8 -1.81608e-8 0.04777241 0.9988582 0 0 0 0 1</matrix>
                          </node>
                        </node>
                      </node>
                      <node id="node-Bip001_RUpArmTwist" name="Bip001_RUpArmTwist">
                        <matrix sid="matrix">0.6240984 0.2543256 -0.7387961 0.0796662 -0.5731855 0.7916086 -0.2116929 1.78814e-7 0.5309983 0.5555844 0.6398175 0 0 0 0 1</matrix>
                        <node id="node-Bip001_RUpArmTwist1" name="Bip001_RUpArmTwist1">
                          <matrix>1 2.98023e-8 1.49012e-8 0.2148668 2.98023e-8 1 0 0 0 1.49012e-8 1 0 0 0 0 1</matrix>
                        </node>
                      </node>
                    </node>
                  </node>
                </node>
              </node>
            </node>
            <node id="node-Bip001_L_Thigh" name="Bip001_L_Thigh">
              <matrix sid="matrix">-0.6719457 0.4317963 -0.6016981 -0.1108208 0.004739732 0.8149371 0.5795298 -0.02638628 0.7405851 0.3865608 -0.5496401 0.09076758 0 0 0 1</matrix>
              <node id="node-Bip001_L_Calf" name="Bip001_L_Calf">
                <matrix sid="matrix">-0.4010959 0.916036 0 0.4541689 -0.9160362 -0.401096 0 1.49012e-8 -1.11759e-7 -2.98023e-8 1 0 0 0 0 1</matrix>
                <node id="node-Bip001_L_HorseLink" name="Bip001_L_HorseLink">
                  <matrix sid="matrix">-0.2814514 -0.9595754 0 0.3208733 0.9595755 -0.2814514 0 -1.49012e-8 -1.19209e-7 -7.45058e-8 1 0 0 0 0 1</matrix>
                  <node id="node-Bip001_L_Foot" name="Bip001_L_Foot">
                    <matrix sid="matrix">0.7233737 0.1918833 -0.6632583 0.3617601 -0.09340221 0.9789725 0.1813529 0 0.6841103 -0.06923611 0.7260851 0 0 0 0 1</matrix>
                    <node id="node-Bip001_L_Toe0" name="Bip001_L_Toe0">
                      <matrix sid="matrix">-0.2454682 -0.9694049 5.40167e-8 0.08654237 0.9569957 -0.2423259 0.1594925 0.1234713 -0.1546127 0.03915035 0.9871992 -0.02420592 0 0 0 1</matrix>
                      <node id="node-Bip001_L_Toe01" name="Bip001_L_Toe01">
                        <matrix sid="matrix">0.9623386 0.2718535 -1.02445e-8 0.04576607 -0.2718535 0.9623386 0 -2.79397e-9 -2.15368e-9 -5.58794e-9 1 0 0 0 0 1</matrix>
                        <node id="node-Bip001_L_Toe02" name="Bip001_L_Toe02">
                          <matrix sid="matrix">0.9133545 0.4071655 2.44472e-8 0.03187379 -0.4071655 0.9133544 1.86265e-9 3.72529e-9 -3.1665e-8 -1.67638e-8 1 -5.96046e-8 0 0 0 1</matrix>
                        </node>
                      </node>
                    </node>
                    <node id="node-Bip001_L_Toe1" name="Bip001_L_Toe1">
                      <matrix sid="matrix">-0.240283 -0.9707031 1.09896e-7 0.0928064 0.940452 -0.2327949 -0.2477028 0.1308167 0.2404459 -0.05951866 0.9688361 0.03696454 0 0 0 1</matrix>
                      <node id="node-Bip001_L_Toe11" name="Bip001_L_Toe11">
                        <matrix sid="matrix">0.9830523 0.1833258 -4.65661e-10 0.04370601 -0.1833259 0.9830523 1.86265e-9 0 -2.32831e-10 1.86265e-9 1 -5.96046e-8 0 0 0 1</matrix>
                        <node id="node-Bip001_L_Toe12" name="Bip001_L_Toe12">
                          <matrix sid="matrix">0.9040335 0.4274615 -2.32831e-10 0.03796013 -0.4274614 0.9040335 1.86265e-9 0 9.31323e-10 -1.86265e-9 0.9999999 0 0 0 0 1</matrix>
                        </node>
                      </node>
                    </node>
                    <node id="node-Bip001_L_Toe2" name="Bip001_L_Toe2">
                      <matrix>0.04881954 -0.8895265 0.454268 0.0679833 0.1495167 -0.4431772 -0.8838772 0.002804011 0.9875535 0.1110711 0.1113633 0.04295146 0 0 0 1</matrix>
                      <node id="node-Bip001_L_Toe21" name="Bip001_L_Toe21">
                        <matrix>0.9999999 -7.45058e-9 0 0.01451743 3.72529e-9 0.9999999 0 -1.86265e-9 -2.04891e-8 0 1 -9.31323e-10 0 0 0 1</matrix>
                        <node id="node-Bip001_L_Toe22" name="Bip001_L_Toe22">
                          <matrix>0.5236049 0.8519612 0 0.03369504 -0.8519613 0.5236048 0 5.58794e-9 -8.9407e-8 -1.49012e-8 1 2.98023e-8 0 0 0 1</matrix>
                        </node>
                      </node>
                    </node>
                  </node>
                </node>
              </node>
            </node>
            <node id="node-Bip001_R_Thigh" name="Bip001_R_Thigh">
              <matrix sid="matrix">-0.3864369 0.9158158 0.1093054 -0.07949525 0.8769847 0.3281574 0.3510129 0.02286483 0.2855938 0.2315036 -0.9299688 -0.04235396 0 0 0 1</matrix>
              <node id="node-Bip001_R_Calf" name="Bip001_R_Calf">
                <matrix sid="matrix">-0.7983759 0.6021595 7.45058e-9 0.454169 -0.6021594 -0.7983758 -7.45058e-9 -5.96046e-8 3.39933e-8 -2.98023e-8 1 0 0 0 0 1</matrix>
                <node id="node-Bip001_R_HorseLink" name="Bip001_R_HorseLink">
                  <matrix sid="matrix">-0.4578515 -0.8890286 4.65661e-9 0.3208732 0.8890286 -0.4578515 0 2.98023e-8 1.04308e-7 -2.23517e-8 0.9999999 0 0 0 0 1</matrix>
                  <node id="node-Bip001_R_Foot" name="Bip001_R_Foot">
                    <matrix sid="matrix">0.9373054 0.3465422 0.03697172 0.36176 -0.3466232 0.9379941 -0.004398726 4.47035e-8 -0.03620367 -0.008692296 0.9993067 -1.49012e-8 0 0 0 1</matrix>
                    <node id="node-Bip001_R_Toe0" name="Bip001_R_Toe0">
                      <matrix sid="matrix">0.3233292 -0.9414723 -0.09533224 0.08654235 0.9047871 0.3370839 -0.260259 0.1234713 0.2771615 -0.002106063 0.9608209 0.02420598 0 0 0 1</matrix>
                      <node id="node-Bip001_R_Toe01" name="Bip001_R_Toe01">
                        <matrix sid="matrix">0.9980366 -0.06263426 2.42144e-8 0.04576606 0.06263439 0.9980366 1.49012e-8 0 -9.31323e-9 -1.49012e-8 1 -2.23517e-8 0 0 0 1</matrix>
                        <node id="node-Bip001_R_Toe02" name="Bip001_R_Toe02">
                          <matrix sid="matrix">0.9966924 0.08126473 -1.86265e-9 0.0318737 -0.08126487 0.9966925 1.49012e-8 3.72529e-9 1.30385e-8 2.98023e-8 0.9999999 2.23517e-8 0 0 0 1</matrix>
                        </node>
                      </node>
                    </node>
                    <node id="node-Bip001_R_Toe1" name="Bip001_R_Toe1">
                      <matrix sid="matrix">0.2232211 -0.9743427 0.02878726 0.09280638 0.9585618 0.224777 0.1750272 0.1308166 -0.1770071 -0.01147538 0.9841427 -0.03696452 0 0 0 1</matrix>
                      <node id="node-Bip001_R_Toe11" name="Bip001_R_Toe11">
                        <matrix sid="matrix">0.9882229 -0.1530218 6.51926e-9 0.04370603 0.1530218 0.9882228 3.72529e-9 3.72529e-9 -1.86265e-8 -3.72529e-9 1 0 0 0 0 1</matrix>
                        <node id="node-Bip001_R_Toe12" name="Bip001_R_Toe12">
                          <matrix sid="matrix">0.994629 0.1035032 -4.42378e-9 0.03796014 -0.1035032 0.9946291 3.72529e-9 1.86265e-9 -5.12227e-9 3.72529e-9 0.9999999 0 0 0 0 1</matrix>
                        </node>
                      </node>
                    </node>
                    <node id="node-Bip001_R_Toe2" name="Bip001_R_Toe2">
                      <matrix sid="matrix">0.08836051 -0.4996365 -0.861717 0.06798327 0.00941881 -0.8646427 0.5022988 0.002803996 -0.996044 -0.0524997 -0.07169428 -0.04295146 0 0 0 1</matrix>
                      <node id="node-Bip001_R_Toe21" name="Bip001_R_Toe21">
                        <matrix sid="matrix">0.9999999 1.11759e-8 0 0.01451742 -7.45058e-9 0.9999999 -2.98023e-8 -2.98023e-8 0 0 0.9999999 1.49012e-8 0 0 0 1</matrix>
                        <node id="node-Bip001_R_Toe22" name="Bip001_R_Toe22">
                          <matrix sid="matrix">0.6635916 0.7480949 0 0.03369505 -0.7480949 0.6635916 -2.98023e-8 1.49012e-8 2.98023e-8 -1.49012e-8 0.9999999 -1.49012e-8 0 0 0 1</matrix>
                        </node>
                      </node>
                    </node>
                  </node>
                </node>
              </node>
            </node>
          </node>
        </node>
      </node>
      <node id="node-Bounds" name="Bounds">
        <matrix sid="matrix">1 0 0 0 0 1 0 0.411981 0 0 1 0 0 0 0 1</matrix>
        <instance_geometry url="#geom-Bounds">
          <bind_material>
            <technique_common>
              <instance_material symbol="ColorMaterial" target="#ColorEffectR88G199B225-material"/>
            </technique_common>
          </bind_material>
        </instance_geometry>
      </node>
      <node id="node-EYE" name="EYE">
        <matrix sid="matrix">-1 -7.64274e-15 -8.74228e-8 4.09043e-8 0 -1 8.74228e-8 0.411981 -8.74228e-8 8.74228e-8 1 1.111179 0 0 0 1</matrix>
      </node>
      <node id="node-CAM" name="CAM">
        <matrix sid="matrix">-0.9999996 1.50996e-7 0 0 -1.50996e-7 -0.9999996 1.77636e-15 -0.009719968 0 1.77636e-15 1 1.474 0 0 0 1</matrix>
      </node>
    </visual_scene>
  </library_visual_scenes>
  <library_animations>
    <animation>
      <source id="node-Bip001_matrix-input">
        <float_array id="node-Bip001_matrix-input-array" count="30">24.66667 24.7 24.73333 24.76667 24.8 24.83333 24.86667 24.9 24.93333 24.96667 25 25.03333 25.06667 25.1 25.13333 25.16667 25.2 25.23333 25.26667 25.3 25.33333 25.36667 25.4 25.43333 25.46667 25.5 25.53333 25.56667 25.6 25.63333</float_array>
        <technique_common>
          <accessor source="#node-Bip001_matrix-input-array" count="30" stride="1">
            <param name="TIME" type="float"/>
          </accessor>
        </technique_common>
      </source>
      <source id="node-Bip001_matrix-output">
        <float_array id="node-Bip001_matrix-output-array" count="480">0.4908457 -0.8335517 0.2534996 0 0.8299834 0.5358505 0.1548929 0 -0.2649492 0.1343718 0.954854 0.6716862 0 0 0 1 0.4904482 -0.8333495 0.2549299 -0.0325933 0.8299834 0.5358505 0.1548929 0 -0.2656843 0.1356206 0.9544731 0.6751253 0 0 0 1 0.4893712 -0.8327949 0.2587828 -0.06518501 0.8299834 0.5358506 0.154893 0 -0.267663 0.1389852 0.9534357 0.6795828 0 0 0 1 0.487779 -0.8319578 0.2644202 -0.09777522 0.8299832 0.5358508 0.1548931 -1.83279e-7 -0.2705543 0.1439107 0.9518876 0.6847237 0 0 0 1 0.4858301 -0.8309062 0.2712267 -0.1303642 0.8299831 0.535851 0.1548931 -2.76456e-7 -0.2740387 0.1498618 0.9499706 0.6902232 0 0 0 1 0.4836854 -0.829716 0.2786035 -0.1629524 0.8299829 0.5358512 0.1548932 -3.83796e-7 -0.2778074 0.1563165 0.9478334 0.6957626 0 0 0 1 0.4815113 -0.8284755 0.2859635 -0.19554 0.8299827 0.5358515 0.1548932 -4.99999e-7 -0.2815592 0.1627619 0.9456389 0.7010261 0 0 0 1 0.4794838 -0.8272892 0.2927247 -0.2281274 0.8299825 0.5358517 0.1548933 -6.19808e-7 -0.2849987 0.1686875 0.9435679 0.7056962 0 0 0 1 0.4777892 -0.8262765 0.2983032 -0.2607148 0.8299825 0.5358519 0.1548933 -7.37944e-7 -0.2878311 0.17358 0.9418191 0.7094506 0 0 0 1 0.476623 -0.8255685 0.3021046 -0.2933027 0.8299822 0.5358521 0.1548934 -8.49045e-7 -0.2897585 0.1769157 0.9406067 0.7119578 0 0 0 1 0.4761886 -0.8253024 0.3035136 -0.3258913 0.8299821 0.5358524 0.1548935 -9.47599e-7 -0.2904725 0.1781523 0.9401529 0.712873 0 0 0 1 0.4767273 -0.8256317 0.3017671 -0.3590136 0.8299821 0.5358525 0.1548935 -1.03947e-6 -0.2895877 0.1766192 0.940715 0.7114233 0 0 0 1 0.4781864 -0.8265148 0.2970036 -0.3921358 0.829982 0.5358526 0.1548935 -1.13133e-6 -0.287172 0.1724396 0.9422297 0.7074741 0 0 0 1 0.4803318 -0.8277876 0.2899122 -0.4252581 0.8299819 0.5358527 0.1548936 -1.2232e-6 -0.2835693 0.1662215 0.9444357 0.7016063 0 0 0 1 0.482936 -0.8292905 0.2811586 -0.4583803 0.8299817 0.5358529 0.1548936 -1.31507e-6 -0.2791115 0.1585527 0.9470786 0.6943818 0 0 0 1 0.4857829 -0.8308783 0.2713966 -0.4915027 0.8299816 0.5358529 0.1548936 -1.40694e-6 -0.2741265 0.1500095 0.949922 0.6863484 0 0 0 1 0.4886712 -0.8324267 0.261278 -0.5246252 0.8299816 0.5358531 0.1548937 -1.49881e-6 -0.2689443 0.1411638 0.9527548 0.6780462 0 0 0 1 0.4914133 -0.8338355 0.2514587 -0.5577479 0.8299816 0.5358532 0.1548938 -1.59068e-6 -0.2639008 0.1325892 0.9553934 0.6700128 0 0 0 1 0.493835 -0.8350268 0.2426051 -0.5908707 0.8299813 0.5358534 0.1548937 -1.68255e-6 -0.2593412 0.1248657 0.9576799 0.6627882 0 0 0 1 0.4957707 -0.8359418 0.2353991 -0.6239939 0.8299813 0.5358534 0.1548938 -1.77442e-6 -0.2556217 0.1185851 0.9594765 0.6569204 0 0 0 1 0.4970576 -0.8365311 0.2305418 -0.6571174 0.8299814 0.5358534 0.1548938 -1.86629e-6 -0.2531101 0.1143542 0.9606552 0.6529713 0 0 0 1 0.4975267 -0.836742 0.2287577 -0.6902349 0.8299814 0.5358534 0.1548938 -1.95814e-6 -0.2521868 0.1128008 0.9610816 0.651522 0 0 0 1 0.4973 -0.8366405 0.2296202 -0.7244776 0.8299815 0.5358533 0.1548938 -2.06306e-6 -0.2526332 0.1135518 0.9608759 0.6522228 0 0 0 1 0.4966953 -0.8363671 0.2319136 -0.7584558 0.8299815 0.5358532 0.1548938 -2.18198e-6 -0.2538197 0.115549 0.960325 0.6540868 0 0 0 1 0.4958202 -0.8359651 0.235212 -0.7923044 0.8299816 0.535853 0.1548937 -2.30774e-6 -0.2555248 0.1184222 0.9595224 0.6567696 0 0 0 1 0.4947786 -0.8354778 0.2391049 -0.8261615 0.8299819 0.5358528 0.1548936 -2.4334e-6 -0.2575353 0.1218146 0.9585598 0.6599388 0 0 0 1 0.4936753 -0.8349506 0.2431916 -0.8601626 0.829982 0.5358526 0.1548936 -2.55209e-6 -0.2596434 0.1253775 0.9575311 0.6632693 0 0 0 1 0.4926172 -0.8344349 0.2470762 -0.8944365 0.8299821 0.5358524 0.1548935 -2.65692e-6 -0.261645 0.1287656 0.9565361 0.6664384 0 0 0 1 0.4917151 -0.8339877 0.2503615 -0.9291006 0.8299822 0.5358522 0.1548934 -2.74093e-6 -0.263336 0.1316321 0.9556815 0.6691212 0 0 0 1 0.4910846 -0.8336712 0.2526425 -0.9642583 0.8299824 0.5358519 0.1548933 -2.7969e-6 -0.2645091 0.133623 0.9550811 0.6709852 0 0 0 1</float_array>
        <technique_common>
          <accessor source="#node-Bip001_matrix-output-array" count="30" stride="16">
            <param name="TRANSFORM" type="float4x4"/>
          </accessor>
        </technique_common>
      </source>
      <source id="node-Bip001_matrix-interpolation">
        <Name_array id="node-Bip001_matrix-interpolation-array" count="30">LINEAR LINEAR LINEAR LINEAR LINEAR LINEAR LINEAR LINEAR LINEAR LINEAR LINEAR LINEAR LINEAR LINEAR LINEAR LINEAR LINEAR LINEAR LINEAR LINEAR LINEAR LINEAR LINEAR LINEAR LINEAR LINEAR LINEAR LINEAR LINEAR LINEAR</Name_array>
        <technique_common>
          <accessor source="#node-Bip001_matrix-interpolation-array" count="30" stride="1">
            <param name="INTERPOLATION" type="name"/>
          </accessor>
        </technique_common>
      </source>
      <source id="node-Bip001_Pelvis_matrix-input">
        <float_array id="node-Bip001_Pelvis_matrix-input-array" count="30">24.66667 24.7 24.73333 24.76667 24.8 24.83333 24.86667 24.9 24.93333 24.96667 25 25.03333 25.06667 25.1 25.13333 25.16667 25.2 25.23333 25.26667 25.3 25.33333 25.36667 25.4 25.43333 25.46667 25.5 25.53333 25.56667 25.6 25.63333</float_array>
        <technique_common>
          <accessor source="#node-Bip001_Pelvis_matrix-input-array" count="30" stride="1">
            <param name="TIME" type="float"/>
          </accessor>
        </technique_common>
      </source>
      <source id="node-Bip001_Pelvis_matrix-output">
        <float_array id="node-Bip001_Pelvis_matrix-output-array" count="480">-0.1241325 0.9145278 -0.3850064 0 0.4279402 0.3994093 0.8107646 0 0.895242 -0.06411749 -0.4409428 0 0 0 0 1 -0.1193722 0.9134176 -0.3891253 0 0.4191864 0.4016501 0.8142236 0 0.9000184 -0.06592041 -0.4308382 0 0 0 0 1 -0.1060463 0.910286 -0.4001669 0 0.3949161 0.4078921 0.8232042 0 0.9125763 -0.07073456 -0.4027421 0 0 0 0 1 -0.08544117 0.9053797 -0.4159175 0 0.3580236 0.417461 0.8351919 0 0.9297952 -0.07754844 -0.3598156 0 0 0 0 1 -0.05887091 0.8989493 -0.4340788 0 0.3114837 0.429665 0.8475647 0 0.9484261 -0.08531147 -0.3053029 0 0 0 0 1 -0.02788197 0.891317 -0.4525228 0 0.2585197 0.4437271 0.858064 0 0.9656035 -0.09306156 -0.242795 0 0 0 0 1 0.005657017 0.8829121 -0.469504 0 0.2026298 0.4587594 0.865148 0 0.9792391 -0.1000297 -0.1763091 0 0 0 0 1 0.03955787 0.8742786 -0.4838103 0 0.1475107 0.4737745 0.8682042 0 0.9882692 -0.1057115 -0.110224 0 0 0 0 1 0.07140338 0.8660513 -0.4948301 0 0.09689593 0.4877274 0.867602 0 0.9927299 -0.1098967 -0.04909139 0 0 0 0 1 0.09865754 0.8589255 -0.5025078 0 0.05442124 0.4995587 0.8645692 0 0.9936324 -0.1126434 0.002541422 0 0 0 0 1 0.1187753 0.853617 -0.5071789 0 0.02354729 0.5082294 0.8608998 0 0.9926419 -0.1141963 0.04026472 0 0 0 0 1 0.1292727 0.8508312 -0.5092884 0 0.007594645 0.5127333 0.8585143 0 0.99158 -0.1148504 0.05982065 0 0 0 0 1 0.1266496 0.8515284 -0.5087821 0 0.01157087 0.5116092 0.8591403 0 0.9918799 -0.1146969 0.05494207 0 0 0 0 1 0.1113486 0.8555812 -0.5055514 0 0.0348981 0.5050346 0.8623933 0 0.9931685 -0.1136691 0.0263766 0 0 0 0 1 0.08697533 0.8619891 -0.4994099 0 0.07253468 0.4944995 0.8661462 0 0.9935663 -0.1115579 -0.01951485 0 0 0 0 1 0.05720269 0.8697336 -0.4901954 0 0.1193319 0.4815229 0.8682717 0 0.9912053 -0.1081634 -0.0762425 0 0 0 0 1 0.02565819 0.8778344 -0.4782764 0 0.1699504 0.4676389 0.8674277 0 0.9851185 -0.1035398 -0.1371895 0 0 0 0 1 -0.004223406 0.8854027 -0.4648053 0 0.2189484 0.45435 0.8634973 0 0.9757272 -0.09812146 -0.1957764 0 0 0 0 1 -0.02932524 0.8916752 -0.4517248 0 0.2609569 0.4430762 0.8576625 0 0.9649049 -0.09272944 -0.2456821 0 0 0 0 1 -0.04686838 0.8960093 -0.441555 0 0.2908096 0.4351326 0.8521089 0 0.9556324 -0.08847153 -0.2809621 0 0 0 0 1 -0.05933398 0.8990623 -0.4337817 0 0.3122851 0.4294537 0.8473768 0 0.9481337 -0.08518528 -0.3062451 0 0 0 0 1 -0.07088768 0.9018713 -0.4261492 0 0.3323951 0.4241636 0.8423769 0 0.9404726 -0.0819357 -0.3298456 0 0 0 0 1 -0.0814619 0.9044239 -0.4187857 0 0.3509821 0.4192981 0.8372579 0 0.932832 -0.0787816 -0.3515934 0 0 0 0 1 -0.09099692 0.9067099 -0.4118213 0 0.3678983 0.4148905 0.832176 0 0.925403 -0.07578283 -0.3713307 0 0 0 0 1 -0.09943711 0.9087204 -0.4053879 0 0.3830012 0.4109719 0.827292 0 0.9183803 -0.07300055 -0.3889069 0 0 0 0 1 -0.1067306 0.9104477 -0.3996168 0 0.3961541 0.4075728 0.8227675 0 0.9119597 -0.07049536 -0.4041781 0 0 0 0 1 -0.112826 0.9118834 -0.3946375 0 0.4072214 0.404722 0.8187616 0 0.9063338 -0.06832724 -0.4170017 0 0 0 0 1 -0.1176718 0.9130199 -0.3905739 0 0.4160705 0.4024491 0.8154262 0 0.9016866 -0.06655353 -0.4272375 0 0 0 0 1 -0.1212133 0.9138475 -0.3875436 0 0.4225666 0.4007842 0.8129018 0 0.8981898 -0.06522846 -0.4347418 0 0 0 0 1 -0.1233898 0.914355 -0.3856553 0 0.4265716 0.3997593 0.8113133 0 0.8959976 -0.06440174 -0.4393641 0 0 0 0 1</float_array>
        <technique_common>
          <accessor source="#node-Bip001_Pelvis_matrix-output-array" count="30" stride="16">
            <param name="TRANSFORM" type="float4x4"/>
          </accessor>
        </technique_common>
      </source>
      <source id="node-Bip001_Pelvis_matrix-interpolation">
        <Name_array id="node-Bip001_Pelvis_matrix-interpolation-array" count="30">LINEAR LINEAR LINEAR LINEAR LINEAR LINEAR LINEAR LINEAR LINEAR LINEAR LINEAR LINEAR LINEAR LINEAR LINEAR LINEAR LINEAR LINEAR LINEAR LINEAR LINEAR LINEAR LINEAR LINEAR LINEAR LINEAR LINEAR LINEAR LINEAR LINEAR</Name_array>
        <technique_common>
          <accessor source="#node-Bip001_Pelvis_matrix-interpolation-array" count="30" stride="1">
            <param name="INTERPOLATION" type="name"/>
          </accessor>
        </technique_common>
      </source>
      <source id="node-Bip001_Spine_matrix-input">
        <float_array id="node-Bip001_Spine_matrix-input-array" count="30">24.66667 24.7 24.73333 24.76667 24.8 24.83333 24.86667 24.9 24.93333 24.96667 25 25.03333 25.06667 25.1 25.13333 25.16667 25.2 25.23333 25.26667 25.3 25.33333 25.36667 25.4 25.43333 25.46667 25.5 25.53333 25.56667 25.6 25.63333</float_array>
        <technique_common>
          <accessor source="#node-Bip001_Spine_matrix-input-array" count="30" stride="1">
            <param name="TIME" type="float"/>
          </accessor>
        </technique_common>
      </source>
      <source id="node-Bip001_Spine_matrix-output">
