<?xml version="1.0" encoding="utf-8"?>
<COLLADA xmlns="http://www.collada.org/2005/11/COLLADASchema" version="1.4.1">
  <asset>
    <contributor>
      <author>MattO</author>
      <authoring_tool>OpenCOLLADA for 3ds Max;  Version: 1.3.0;  Revision: 839M;  Platform: x64;  Configuration: Release_Max2012</authoring_tool>
      <source_data>file:///C:/Dropbox/Prj/GGStout/Kraad/TP_Soldier_Kraad_Animation_Master.max</source_data>
    </contributor>
    <created>2011-10-25T11:10:20</created>
    <modified>2011-10-25T11:10:20</modified>
    <unit name="meter" meter="1"/>
    <up_axis>Z_UP</up_axis>
  </asset>
  <library_effects>
    <effect id="ShapeBounds">
      <profile_COMMON>
        <technique sid="common">
          <blinn>
            <emission>
              <color>0 0 0 1</color>
            </emission>
            <ambient>
              <color>0.1647059 1 0 1</color>
            </ambient>
            <diffuse>
              <color>0.1647059 1 0 1</color>
            </diffuse>
            <specular>
              <color>0.9 0.9 0.9 1</color>
            </specular>
            <shininess>
              <float>10</float>
            </shininess>
            <reflective>
              <color>0 0 0 1</color>
            </reflective>
            <transparent opaque="A_ONE">
              <color>1 1 1 1</color>
            </transparent>
            <transparency>
              <float>1</float>
            </transparency>
          </blinn>
        </technique>
      </profile_COMMON>
      <extra>
        <technique profile="OpenCOLLADA3dsMax">
          <extended_shader>
            <apply_reflection_dimming>0</apply_reflection_dimming>
            <dim_level>0</dim_level>
            <falloff_type>0</falloff_type>
            <index_of_refraction>1.5</index_of_refraction>
            <opacity_type>0</opacity_type>
            <reflection_level>3</reflection_level>
            <wire_size>1</wire_size>
            <wire_units>0</wire_units>
          </extended_shader>
          <shader>
            <ambient_diffuse_lock>1</ambient_diffuse_lock>
            <ambient_diffuse_texture_lock>1</ambient_diffuse_texture_lock>
            <diffuse_specular_lock>0</diffuse_specular_lock>
            <soften>0.1</soften>
            <use_self_illum_color>0</use_self_illum_color>
          </shader>
        </technique>
      </extra>
    </effect>
  </library_effects>
  <library_materials>
    <material id="ShapeBounds-material" name="ShapeBounds">
      <instance_effect url="#ShapeBounds"/>
    </material>
  </library_materials>
  <library_geometries>
    <geometry id="geom-Bounds" name="Bounds">
      <mesh>
        <source id="geom-Bounds-positions">
          <float_array id="geom-Bounds-positions-array" count="24">-0.425 -0.425 0 0.425 -0.425 0 -0.425 0.425 0 0.425 0.425 0 -0.425 -0.425 1.84 0.425 -0.425 1.84 -0.425 0.425 1.84 0.425 0.425 1.84</float_array>
          <technique_common>
            <accessor source="#geom-Bounds-positions-array" count="8" stride="3">
              <param name="X" type="float"/>
              <param name="Y" type="float"/>
              <param name="Z" type="float"/>
            </accessor>
          </technique_common>
        </source>
        <source id="geom-Bounds-normals">
          <float_array id="geom-Bounds-normals-array" count="72">0 0 -1 0 0 -1 0 0 -1 0 0 -1 0 0 1 0 0 1 0 0 1 0 0 1 0 -1 0 0 -1 0 0 -1 0 0 -1 0 1 0 0 1 0 0 1 0 0 1 0 0 0 1 0 0 1 0 0 1 0 0 1 0 -1 0 0 -1 0 0 -1 0 0 -1 0 0</float_array>
          <technique_common>
            <accessor source="#geom-Bounds-normals-array" count="24" stride="3">
              <param name="X" type="float"/>
              <param name="Y" type="float"/>
              <param name="Z" type="float"/>
            </accessor>
          </technique_common>
        </source>
        <source id="geom-Bounds-map1">
          <float_array id="geom-Bounds-map1-array" count="36">0 0 0 1 0 0 0 1 0 1 1 0 0 0 0 1 0 0 0 1 0 1 1 0 0 0 0 1 0 0 0 1 0 1 1 0</float_array>
          <technique_common>
            <accessor source="#geom-Bounds-map1-array" count="12" stride="3">
              <param name="S" type="float"/>
              <param name="T" type="float"/>
              <param name="P" type="float"/>
            </accessor>
          </technique_common>
        </source>
        <vertices id="geom-Bounds-vertices">
          <input semantic="POSITION" source="#geom-Bounds-positions"/>
        </vertices>
        <triangles material="ShapeBounds" count="12">
          <input semantic="VERTEX" source="#geom-Bounds-vertices" offset="0"/>
          <input semantic="NORMAL" source="#geom-Bounds-normals" offset="1"/>
          <input semantic="TEXCOORD" source="#geom-Bounds-map1" offset="2" set="0"/>
          <p>0 0 9 2 1 11 3 2 10 3 2 10 1 3 8 0 0 9 4 4 8 5 5 9 7 6 11 7 6 11 6 7 10 4 4 8 0 8 4 1 9 5 5 10 7 5 10 7 4 11 6 0 8 4 1 12 0 3 13 1 7 14 3 7 14 3 5 15 2 1 12 0 3 16 4 2 17 5 6 18 7 6 18 7 7 19 6 3 16 4 2 20 0 0 21 1 4 22 3 4 22 3 6 23 2 2 20 0</p>
        </triangles>
      </mesh>
      <extra>
        <technique profile="OpenCOLLADA3dsMax">
          <max_box>
            <generateuvs>1</generateuvs>
            <height>1.84</height>
            <heightsegments>1</heightsegments>
            <length>0.85</length>
            <lengthsegments>1</lengthsegments>
            <width>0.85</width>
            <widthsegments>1</widthsegments>
          </max_box>
        </technique>
      </extra>
    </geometry>
  </library_geometries>
  <library_lights>
    <light id="EnvironmentAmbientLight" name="EnvironmentAmbientLight">
      <technique_common>
        <ambient>
          <color>0 0 0</color>
        </ambient>
      </technique_common>
    </light>
  </library_lights>
  <library_visual_scenes>
    <visual_scene id="MaxScene">
      <node name="EnvironmentAmbientLight">
        <instance_light url="#EnvironmentAmbientLight"/>
      </node>
      <node id="node-Bip01" name="Bip01">
        <matrix sid="matrix">0.356311 -0.3060082 0.8828373 -8.10623e-5 0.8213639 0.5530028 -0.1398192 0.009366653 -0.4454257 0.7749497 0.4483849 0.7990584 0 0 0 1</matrix>
        <node id="node-Bip01_Pelvis" name="Bip01_Pelvis">
          <matrix sid="matrix">-0.009626701 0.9981475 0.06007257 0 -0.1217414 -0.06079838 0.9906979 0 0.992515 0.002223849 0.1221011 0 0 0 0 1</matrix>
          <node id="node-Bip01_Spine" name="Bip01_Spine">
            <matrix sid="matrix">0.7705342 -0.03786553 -0.6362731 0.1975024 0.03273544 0.9992675 -0.01982477 0.02692828 0.6365578 -0.005552888 0.7712094 0.02592748 0 0 0 1</matrix>
            <node id="node-Bip01_Spine1" name="Bip01_Spine1">
              <matrix sid="matrix">0.9713835 0.2342763 -0.03909883 0.1022061 -0.235096 0.971809 -0.01781565 -9.8139e-5 0.03382283 0.02649777 0.9990765 -2.65241e-6 0 0 0 1</matrix>
              <node id="node-Bip01_Spine2" name="Bip01_Spine2">
                <matrix>0.9495971 -0.281175 0.1385856 0.1269142 0.2879941 0.9571149 -0.03147192 -1.63987e-4 -0.1237933 0.06979756 0.9898502 -1.19656e-5 0 0 0 1</matrix>
                <node id="node-Bip01_Neck" name="Bip01_Neck">
                  <matrix>0.8407079 -0.4308256 0.3280236 0.215107 0.413622 0.9019014 0.1244631 -4.96805e-5 -0.3494669 0.03104067 0.9364346 -1.75834e-6 0 0 0 1</matrix>
                  <node id="node-Bip01_Head" name="Bip01_Head">
                    <matrix sid="matrix">0.4938003 0.1772062 -0.851328 0.0705182 -0.4492697 0.8902178 -0.07529112 -0.01395917 0.7445253 0.4196546 0.5192033 -5.96046e-8 0 0 0 1</matrix>
                    <node id="node-ALTEYE" name="ALTEYE">
                      <matrix sid="matrix">0.201112 0.3708831 0.9066426 0.06454694 -0.0831314 0.928676 -0.3614562 0.2214611 -0.9760343 -0.002677646 0.2175998 0.04716253 0 0 0 1</matrix>
                    </node>
                  </node>
                  <node id="node-Bip01_L_Clavicle" name="Bip01_L_Clavicle">
                    <matrix sid="matrix">-0.419373 -0.3901516 0.8196999 -0.04690331 -0.006484568 -0.9016276 -0.4324643 -0.01204771 0.9077908 -0.1866791 0.3755884 0.055884 0 0 0 1</matrix>
                    <node id="node-Bip01_L_UpperArm" name="Bip01_L_UpperArm">
                      <matrix sid="matrix">0.9867485 0.150125 0.06156224 0.1824007 0.02537303 0.2319784 -0.9723898 1.19209e-7 -0.1602612 0.9610663 0.2250952 0 0 0 0 1</matrix>
                      <node id="node-Bip01_L_Forearm" name="Bip01_L_Forearm">
                        <matrix sid="matrix">0.6879389 0.7257687 2.98023e-8 0.2843689 -0.7257687 0.687939 0 0 2.23517e-8 1.49012e-8 1 2.98023e-8 0 0 0 1</matrix>
                        <node id="node-Bip01_L_Hand" name="Bip01_L_Hand">
                          <matrix sid="matrix">0.1697855 0.9096049 0.379199 0.281068 0.3094563 -0.4145327 0.8558034 0 0.9356333 -0.02795742 -0.3518647 -2.98023e-8 0 0 0 1</matrix>
                          <node id="node-Bip01_L_Finger0" name="Bip01_L_Finger0">
                            <matrix sid="matrix">0.6787979 0.5245167 0.5139218 0.02119672 0.4372769 0.2735207 -0.8567235 -0.004734337 -0.5899341 0.8062682 -0.04369393 -0.02572179 0 0 0 1</matrix>
                            <node id="node-Bip01_L_Finger01" name="Bip01_L_Finger01">
                              <matrix>0.9975641 -0.06975643 0 0.04982853 0.06975642 0.9975641 1.49012e-8 0 -2.98023e-8 1.49012e-8 1 0 0 0 0 1</matrix>
                              <node id="node-Bip01_L_Finger02" name="Bip01_L_Finger02">
                                <matrix sid="matrix">0.986252 0.1652489 5.96046e-8 0.05202234 -0.1652489 0.9862518 0 -5.96046e-8 2.98023e-8 -4.47035e-8 1 0 0 0 0 1</matrix>
                              </node>
                            </node>
                          </node>
                          <node id="node-Bip01_L_Finger1" name="Bip01_L_Finger1">
                            <matrix sid="matrix">0.900955 -0.1884572 0.3908501 0.1199946 0.1959121 0.9803939 0.02111888 -0.008367538 -0.3871671 0.0575451 0.9202119 -0.04101396 0 0 0 1</matrix>
                            <node id="node-Bip01_L_Finger11" name="Bip01_L_Finger11">
                              <matrix sid="matrix">0.9450802 -0.3268385 2.98023e-8 0.03644177 0.3268385 0.9450803 0 0 1.19209e-7 5.96046e-8 1 0 0 0 0 1</matrix>
                              <node id="node-Bip01_L_Finger12" name="Bip01_L_Finger12">
                                <matrix sid="matrix">0.992913 -0.1188438 -2.98023e-8 0.03117537 0.1188438 0.9929129 0 0 -5.96046e-8 -2.98023e-8 0.9999999 1.19209e-7 0 0 0 1</matrix>
                              </node>
                            </node>
                          </node>
                          <node id="node-Bip01_L_Finger2" name="Bip01_L_Finger2">
                            <matrix sid="matrix">0.9836146 -0.1308815 0.1239848 0.1229537 0.1248046 0.9906219 0.05560717 -0.008802056 -0.1301 -0.03922209 0.9907247 -0.01328254 0 0 0 1</matrix>
                            <node id="node-Bip01_L_Finger21" name="Bip01_L_Finger21">
                              <matrix sid="matrix">0.9937665 -0.1114799 0 0.03895518 0.1114799 0.9937667 0 0 -2.98023e-8 2.98023e-8 1 0 0 0 0 1</matrix>
                              <node id="node-Bip01_L_Finger22" name="Bip01_L_Finger22">
                                <matrix sid="matrix">0.9917209 -0.128412 0 0.03800541 0.128412 0.991721 0 0 -2.98023e-8 -8.9407e-8 1 1.19209e-7 0 0 0 1</matrix>
                              </node>
                            </node>
                          </node>
                          <node id="node-Bip01_L_Finger3" name="Bip01_L_Finger3">
                            <matrix sid="matrix">0.9923953 -0.08355363 -0.09038849 0.1211881 0.09595637 0.9850679 0.1429456 -0.001191199 0.07709518 -0.1505319 0.9855945 0.01196861 0 0 0 1</matrix>
                            <node id="node-Bip01_L_Finger31" name="Bip01_L_Finger31">
                              <matrix sid="matrix">0.9911381 -0.1328349 0 0.03155845 0.1328349 0.9911381 0 5.96046e-8 1.49012e-8 0 1 -5.96046e-8 0 0 0 1</matrix>
                              <node id="node-Bip01_L_Finger32" name="Bip01_L_Finger32">
                                <matrix sid="matrix">0.9911954 -0.1324064 0 0.03366593 0.1324064 0.9911954 -5.96046e-8 -2.38419e-7 1.49012e-8 5.96046e-8 1 1.19209e-7 0 0 0 1</matrix>
                              </node>
                            </node>
                          </node>
                          <node id="node-Bip01_L_Finger4" name="Bip01_L_Finger4">
                            <matrix sid="matrix">0.9284371 -0.3108517 -0.20341 0.1136796 0.3264969 0.9439974 0.04763129 0.005147517 0.1772122 -0.1106355 0.9779342 0.03886557 0 0 0 1</matrix>
                            <node id="node-Bip01_L_Finger41" name="Bip01_L_Finger41">
                              <matrix>0.9790111 -0.2038068 1.49012e-8 0.03661621 0.2038069 0.9790112 -5.96046e-8 -1.19209e-7 1.49012e-8 2.98023e-8 1 1.19209e-7 0 0 0 1</matrix>
                              <node id="node-Bip01_L_Finger42" name="Bip01_L_Finger42">
                                <matrix sid="matrix">0.9802642 -0.1976918 -1.49012e-8 0.01772636 0.1976916 0.9802644 0 0 5.96046e-8 5.96046e-8 1 -1.19209e-7 0 0 0 1</matrix>
                              </node>
                            </node>
                          </node>
                        </node>
                      </node>
                    </node>
                  </node>
                  <node id="node-Bip01_R_Clavicle" name="Bip01_R_Clavicle">
                    <matrix>0.2073931 -0.1669673 -0.9639035 8.67009e-4 0.5679265 -0.7817279 0.2576057 -0.01629043 -0.7965221 -0.600852 -0.06729984 -0.07212138 0 0 0 1</matrix>
                    <node id="node-Bip01_R_UpperArm" name="Bip01_R_UpperArm">
                      <matrix sid="matrix">0.6545454 0.4290958 -0.6224527 0.1824007 -0.68849 0.6784528 -0.2562873 0 0.312333 0.5963041 0.7395062 0 0 0 0 1</matrix>
                      <node id="node-Bip01_R_Forearm" name="Bip01_R_Forearm">
                        <matrix>0.03562689 0.9993652 0 0.2843689 -0.9993653 0.0356268 0 0 -1.49012e-8 4.47035e-8 0.9999999 2.98023e-8 0 0 0 1</matrix>
                        <node id="node-Bip01_R_Hand" name="Bip01_R_Hand">
                          <matrix>0.849771 -0.1683105 0.4995603 0.281068 0.5042899 -0.0165038 -0.8633767 0 0.15356 0.9855958 0.07085287 0 0 0 0 1</matrix>
                          <node id="node-Bip01_R_Finger0" name="Bip01_R_Finger0">
                            <matrix>0.5215105 0.2690131 -0.8097275 0.02119672 0.7250717 0.3605264 0.5867637 -0.004734188 0.4497752 -0.8931141 -0.007035483 0.02572185 0 0 0 1</matrix>
                            <node id="node-Bip01_R_Finger01" name="Bip01_R_Finger01">
                              <matrix>0.6423533 -0.7636237 0.06527573 0.04982853 0.7605616 0.645637 0.06854747 -5.96046e-8 -0.09448877 0.005614497 0.9955101 0 0 0 0 1</matrix>
                              <node id="node-Bip01_R_Finger02" name="Bip01_R_Finger02">
                                <matrix>0.9505158 -0.3106764 4.65661e-9 0.05202237 0.3106765 0.9505158 -5.58794e-9 0 1.86265e-8 3.72529e-9 1 5.96046e-8 0 0 0 1</matrix>
                              </node>
                            </node>
                          </node>
                          <node id="node-Bip01_R_Finger1" name="Bip01_R_Finger1">
                            <matrix>0.9820224 -0.1733427 -0.0747267 0.1199946 0.1795577 0.9799357 0.0865149 -0.008367568 0.05823066 -0.09837732 0.9934441 0.04101378 0 0 0 1</matrix>
                            <node id="node-Bip01_R_Finger11" name="Bip01_R_Finger11">
                              <matrix>0.8240547 -0.5665103 7.45058e-9 0.03644174 0.5665102 0.8240547 3.72529e-9 -5.96046e-8 -7.45058e-9 1.86265e-8 1 -5.96046e-8 0 0 0 1</matrix>
                              <node id="node-Bip01_R_Finger12" name="Bip01_R_Finger12">
                                <matrix>0.8146399 -0.5796779 0.01831835 0.03117549 0.5799673 0.8142334 -0.0257305 -5.96046e-8 0 0.03158513 0.9995011 0 0 0 0 1</matrix>
                              </node>
                            </node>
                          </node>
                          <node id="node-Bip01_R_Finger2" name="Bip01_R_Finger2">
                            <matrix>0.6754013 -0.7374504 -1.52122e-4 0.1229538 0.7368313 0.6748427 -0.04082685 -0.008801937 0.03021045 0.02746242 0.9991663 0.01328242 0 0 0 1</matrix>
                            <node id="node-Bip01_R_Finger21" name="Bip01_R_Finger21">
                              <matrix>0.5508358 -0.8338858 -0.0348487 0.03895515 0.8322219 0.5519372 -0.05265062 -5.96046e-8 0.06313892 -1.11759e-8 0.9980047 0 0 0 0 1</matrix>
                              <node id="node-Bip01_R_Finger22" name="Bip01_R_Finger22">
                                <matrix>0.1984734 -0.9799248 0.01886614 0.03800538 0.9755274 0.1993679 0.09272987 5.96046e-8 -0.0946296 2.98023e-8 0.9955126 0 0 0 0 1</matrix>
                              </node>
                            </node>
                          </node>
                          <node id="node-Bip01_R_Finger3" name="Bip01_R_Finger3">
                            <matrix>0.7159052 -0.6949216 0.06755473 0.1211881 0.6883787 0.6863561 -0.2346271 -0.001191229 0.1166808 0.214474 0.9697353 -0.01196861 0 0 0 1</matrix>
                            <node id="node-Bip01_R_Finger31" name="Bip01_R_Finger31">
                              <matrix>0.4441953 -0.8949345 0.04222356 0.03155841 0.8909185 0.4461976 0.08468758 0 -0.09462997 -6.33299e-8 0.9955125 0 0 0 0 1</matrix>
                              <node id="node-Bip01_R_Finger32" name="Bip01_R_Finger32">
                                <matrix>0.1993681 -0.9794357 -0.03095099 0.03366601 0.9799247 0.1992685 0.006297044 -2.98023e-8 -1.02445e-8 -0.0315851 0.999501 0 0 0 0 1</matrix>
                              </node>
                            </node>
                          </node>
                          <node id="node-Bip01_R_Finger4" name="Bip01_R_Finger4">
                            <matrix>0.5925791 -0.7897949 -0.1583476 0.1136796 0.7783521 0.6120424 -0.1399001 0.005147368 0.2074078 -0.04034832 0.9774222 -0.03886575 0 0 0 1</matrix>
                            <node id="node-Bip01_R_Finger41" name="Bip01_R_Finger41">
                              <matrix>0.4202556 -0.9064696 0.04120624 0.03661624 0.9068531 0.421151 0.01578781 -5.96046e-8 -0.03166522 0.03073308 0.9990259 -1.19209e-7 0 0 0 1</matrix>
                              <node id="node-Bip01_R_Finger42" name="Bip01_R_Finger42">
                                <matrix>0.4024471 -0.9138246 -0.05441487 0.0177263 0.9154231 0.4021218 0.01728314 0 0.006087631 -0.05676813 0.9983688 5.96046e-8 0 0 0 1</matrix>
                              </node>
                            </node>
                          </node>
                          <node id="node-MOUNT0" name="MOUNT0">
                            <matrix>-6.23288e-7 1 1.86265e-9 0.109539 -0.9999999 -6.63102e-7 4.69387e-7 0.02518252 4.76837e-7 7.45058e-9 1 0.01321661 0 0 0 1</matrix>
                          </node>
                        </node>
                      </node>
                    </node>
                  </node>
                </node>
                <node id="node-Bip01_L_Pauldron_Upper" name="Bip01_L_Pauldron_Upper">
                  <matrix sid="matrix">0.9862572 0.1219392 -0.1114801 0.216791 0.129148 -0.9898159 0.05988348 -0.05140221 -0.1030426 -0.07345793 -0.991961 0.2310462 0 0 0 1</matrix>
                </node>
                <node id="node-Bip01_R_Pauldron_Lower" name="Bip01_R_Pauldron_Lower">
                  <matrix>-0.1156725 -0.9403762 -0.3198653 0.172906 0.9097751 -0.2295502 0.3458564 -0.1133294 -0.3986599 -0.2509995 0.8820827 -0.2351094 0 0 0 1</matrix>
                </node>
                <node id="node-Bip01_L_Pauldron_Lower" name="Bip01_L_Pauldron_Lower">
                  <matrix sid="matrix">0.1740948 0.04713625 0.9836002 0.2315448 -0.05116403 -0.997072 0.05683768 -0.04484811 0.983399 -0.06022018 -0.1711734 0.2484654 0 0 0 1</matrix>
                </node>
              </node>
            </node>
            <node id="node-Bip01_L_Thigh" name="Bip01_L_Thigh">
              <matrix sid="matrix">-0.4097291 0.8345186 -0.368376 -0.08841592 0.4395792 0.5344762 0.7218763 -0.01999378 0.7993073 0.1338432 -0.5858274 0.2045225 0 0 0 1</matrix>
              <node id="node-Bip01_L_Calf" name="Bip01_L_Calf">
                <matrix sid="matrix">0.5122989 0.8588073 -2.98023e-8 0.4629989 -0.8588072 0.5122989 2.98023e-8 -2.98023e-8 0 -5.7742e-8 1 0 0 0 0 1</matrix>
                <node id="node-Bip01_L_Foot" name="Bip01_L_Foot">
                  <matrix sid="matrix">0.8140748 0.5763059 -0.0717918 0.36105 -0.5642483 0.8141302 0.1371719 0 0.1375008 -0.07115971 0.9879422 -5.96046e-8 0 0 0 1</matrix>
                  <node id="node-Bip01_L_Toe0" name="Bip01_L_Toe0">
                    <matrix sid="matrix">4.47035e-7 -1 1.46031e-6 0.1486306 1 4.47035e-7 1.49012e-8 0.1543274 -4.47035e-8 1.3113e-6 1 0 0 0 0 1</matrix>
                  </node>
                </node>
              </node>
            </node>
            <node id="node-Bip01_R_Thigh" name="Bip01_R_Thigh">
              <matrix sid="matrix">-0.865213 0.3333509 -0.3745443 -0.2507206 0.2437541 0.9324207 0.2667881 -0.01857826 0.4381669 0.1395318 -0.8879982 0.007884935 0 0 0 1</matrix>
              <node id="node-Bip01_R_Calf" name="Bip01_R_Calf">
                <matrix sid="matrix">0.7818699 0.6234416 2.98023e-8 0.4629988 -0.6234416 0.7818698 1.49012e-8 -2.98023e-8 2.98023e-8 -8.9407e-8 1 0 0 0 0 1</matrix>
                <node id="node-Bip01_R_Foot" name="Bip01_R_Foot">
                  <matrix sid="matrix">0.7349802 0.675068 0.06393231 0.3610502 -0.6771922 0.7355851 0.0180327 7.45058e-9 -0.03485433 -0.05654803 0.9977913 -5.96046e-8 0 0 0 1</matrix>
                  <node id="node-Bip01_R_Toe0" name="Bip01_R_Toe0">
                    <matrix sid="matrix">-0.1805803 -0.9786913 0.09774533 0.1486307 0.9833315 -0.1817874 -0.003513992 0.1543275 0.02120802 0.09548147 0.9952053 -2.98023e-8 0 0 0 1</matrix>
                  </node>
                </node>
              </node>
            </node>
          </node>
          <node id="node-Bip01_FannyPack" name="Bip01_FannyPack">
            <matrix>-0.9629917 -0.2062316 0.1735378 0.2299507 -0.2083319 0.9780384 0.006227046 -0.1378936 -0.1710108 -0.03015682 -0.9848075 0.01013958 0 0 0 1</matrix>
          </node>
        </node>
        <node id="node-EYE" name="EYE">
          <matrix sid="matrix">0.3563109 0.8213636 -0.4454255 -0.2645228 -0.306008 0.5530025 0.7749494 0.648748 0.8828372 -0.1398192 0.4483847 0.3359698 0 0 0 1</matrix>
          <node id="node-CAM" name="CAM">
            <matrix>1 -6.03104e-8 3.55271e-15 4.84288e-8 6.03104e-8 1 -2.32831e-9 -0.104 -3.55271e-15 2.32832e-9 1 0.3005601 0 0 0 1</matrix>
          </node>
        </node>
      </node>
      <node id="node-Bounds" name="Bounds">
        <matrix>0.9999915 0.001706907 0.003750479 0 -0.001711356 0.9999978 0.001183292 0.1035326 -0.003748452 -0.0011897 0.9999923 -8.93474e-5 0 0 0 1</matrix>
        <instance_geometry url="#geom-Bounds">
          <bind_material>
            <technique_common>
              <instance_material symbol="ShapeBounds" target="#ShapeBounds-material"/>
            </technique_common>
          </bind_material>
        </instance_geometry>
      </node>
    </visual_scene>
  </library_visual_scenes>
  <library_animations>
    <animation>
      <source id="node-Bip01_matrix-input">
        <float_array id="node-Bip01_matrix-input-array" count="61">58.66667 58.7 58.73333 58.76667 58.8 58.83333 58.86666 58.9 58.93333 58.96667 59 59.03333 59.06667 59.1 59.13334 59.16667 59.2 59.23333 59.26667 59.3 59.33333 59.36666 59.4 59.43333 59.46667 59.5 59.53333 59.56667 59.6 59.63334 59.66667 59.7 59.73333 59.76667 59.8 59.83333 59.86666 59.9 59.93333 59.96667 60 60.03333 60.06667 60.1 60.13334 60.16667 60.2 60.23333 60.26667 60.3 60.33333 60.36666 60.4 60.43333 60.46667 60.5 60.53333 60.56667 60.6 60.63334 60.66667</float_array>
        <technique_common>
          <accessor source="#node-Bip01_matrix-input-array" count="61" stride="1">
            <param name="TIME" type="float"/>
          </accessor>
        </technique_common>
      </source>
      <source id="node-Bip01_matrix-output">
        <float_array id="node-Bip01_matrix-output-array" count="976">0.356311 -0.3060082 0.8828373 -8.10623e-5 0.8213639 0.5530028 -0.1398192 0.009366631 -0.4454256 0.7749497 0.448385 0.7990584 0 0 0 1 0.356311 -0.3060082 0.8828373 -8.10623e-5 0.8213639 0.5530028 -0.1398192 0.009369432 -0.4454256 0.7749497 0.448385 0.7993727 0 0 0 1 0.356311 -0.3060082 0.8828373 -8.10623e-5 0.8213639 0.5530028 -0.1398192 0.009372115 -0.4454256 0.7749497 0.448385 0.80028 0 0 0 1 0.356311 -0.3060082 0.8828373 -8.10623e-5 0.8213639 0.5530028 -0.1398192 0.009374558 -0.4454256 0.7749497 0.448385 0.8017359 0 0 0 1 0.356311 -0.3060082 0.8828373 -8.10623e-5 0.8213639 0.5530028 -0.1398192 0.009376883 -0.4454256 0.7749497 0.448385 0.8036968 0 0 0 1 0.356311 -0.3060082 0.8828373 -8.10623e-5 0.8213639 0.5530028 -0.1398192 0.009379029 -0.4454256 0.7749497 0.448385 0.8061206 0 0 0 1 0.356311 -0.3060082 0.8828373 -8.10623e-5 0.8213639 0.5530028 -0.1398192 0.009380996 -0.4454256 0.7749497 0.448385 0.8089648 0 0 0 1 0.356311 -0.3060082 0.8828373 -8.10623e-5 0.8213639 0.5530028 -0.1398192 0.009382843 -0.4454256 0.7749497 0.448385 0.8121878 0 0 0 1 0.356311 -0.3060082 0.8828373 -8.10623e-5 0.8213639 0.5530028 -0.1398192 0.009384572 -0.4454256 0.7749497 0.448385 0.8157499 0 0 0 1 0.356311 -0.3060082 0.8828373 -8.10623e-5 0.8213639 0.5530028 -0.1398192 0.009386122 -0.4454256 0.7749497 0.448385 0.8196076 0 0 0 1 0.356311 -0.3060082 0.8828373 -8.10623e-5 0.8213639 0.5530028 -0.1398192 0.009387493 -0.4454256 0.7749497 0.448385 0.8237219 0 0 0 1 0.356311 -0.3060082 0.8828373 -8.10623e-5 0.8213639 0.5530028 -0.1398192 0.009388804 -0.4454256 0.7749497 0.448385 0.8280526 0 0 0 1 0.356311 -0.3060082 0.8828373 -8.10623e-5 0.8213639 0.5530028 -0.1398192 0.009389936 -0.4454256 0.7749497 0.448385 0.8325603 0 0 0 1 0.356311 -0.3060082 0.8828373 -8.10623e-5 0.8213639 0.5530028 -0.1398192 0.00939095 -0.4454256 0.7749497 0.448385 0.8372042 0 0 0 1 0.356311 -0.3060082 0.8828373 -8.10623e-5 0.8213639 0.5530028 -0.1398192 0.009391844 -0.4454256 0.7749497 0.448385 0.841947 0 0 0 1 0.356311 -0.3060082 0.8828373 -8.10623e-5 0.8213639 0.5530028 -0.1398192 0.009392678 -0.4454256 0.7749497 0.448385 0.8467483 0 0 0 1 0.356311 -0.3060082 0.8828373 -8.10623e-5 0.8213639 0.5530028 -0.1398192 0.009393334 -0.4454256 0.7749497 0.448385 0.8515692 0 0 0 1 0.356311 -0.3060082 0.8828373 -8.10623e-5 0.8213639 0.5530028 -0.1398192 0.00939387 -0.4454256 0.7749497 0.448385 0.8563704 0 0 0 1 0.356311 -0.3060082 0.8828373 -8.10623e-5 0.8213639 0.5530028 -0.1398192 0.009394347 -0.4454256 0.7749497 0.448385 0.8611127 0 0 0 1 0.356311 -0.3060082 0.8828373 -8.10623e-5 0.8213639 0.5530028 -0.1398192 0.009394645 -0.4454256 0.7749497 0.448385 0.8657561 0 0 0 1 0.356311 -0.3060082 0.8828373 -8.10623e-5 0.8213639 0.5530028 -0.1398192 0.009394943 -0.4454256 0.7749497 0.448385 0.870263 0 0 0 1 0.356311 -0.3060082 0.8828373 -8.10623e-5 0.8213639 0.5530028 -0.1398192 0.009395062 -0.4454256 0.7749497 0.448385 0.8745929 0 0 0 1 0.356311 -0.3060082 0.8828373 -8.10623e-5 0.8213639 0.5530028 -0.1398192 0.009395122 -0.4454256 0.7749497 0.448385 0.878706 0 0 0 1 0.356311 -0.3060082 0.8828373 -8.10623e-5 0.8213639 0.5530028 -0.1398192 0.009395122 -0.4454256 0.7749497 0.448385 0.8825623 0 0 0 1 0.356311 -0.3060082 0.8828373 -8.10623e-5 0.8213639 0.5530028 -0.1398192 0.009395003 -0.4454256 0.7749497 0.448385 0.886123 0 0 0 1 0.356311 -0.3060082 0.8828373 -8.10623e-5 0.8213639 0.5530028 -0.1398192 0.009394824 -0.4454256 0.7749497 0.448385 0.8893443 0 0 0 1 0.356311 -0.3060082 0.8828373 -8.10623e-5 0.8213639 0.5530028 -0.1398192 0.009394526 -0.4454256 0.7749497 0.448385 0.8921866 0 0 0 1 0.356311 -0.3060082 0.8828373 -8.10623e-5 0.8213639 0.5530028 -0.1398192 0.009394228 -0.4454256 0.7749497 0.448385 0.8946083 0 0 0 1 0.356311 -0.3060082 0.8828373 -8.10623e-5 0.8213639 0.5530028 -0.1398192 0.009393811 -0.4454256 0.7749497 0.448385 0.8965669 0 0 0 1 0.356311 -0.3060082 0.8828373 -8.10623e-5 0.8213639 0.5530028 -0.1398192 0.009393334 -0.4454256 0.7749497 0.448385 0.8980204 0 0 0 1 0.356311 -0.3060082 0.8828373 -8.10623e-5 0.8213639 0.5530028 -0.1398192 0.009392797 -0.4454256 0.7749497 0.448385 0.898925 0 0 0 1 0.356311 -0.3060082 0.8828373 -8.10623e-5 0.8213639 0.5530028 -0.1398192 0.009392201 -0.4454256 0.7749497 0.448385 0.8992365 0 0 0 1 0.356311 -0.3060082 0.8828373 -8.10623e-5 0.8213639 0.5530028 -0.1398192 0.009391546 -0.4454256 0.7749497 0.448385 0.8988808 0 0 0 1 0.356311 -0.3060082 0.8828373 -8.10623e-5 0.8213639 0.5530028 -0.1398192 0.00939089 -0.4454256 0.7749497 0.448385 0.89785 0 0 0 1 0.356311 -0.3060082 0.8828373 -8.10623e-5 0.8213639 0.5530028 -0.1398192 0.009390115 -0.4454256 0.7749497 0.448385 0.8961985 0 0 0 1 0.356311 -0.3060082 0.8828373 -8.10623e-5 0.8213639 0.5530028 -0.1398192 0.00938934 -0.4454256 0.7749497 0.448385 0.8939799 0 0 0 1 0.356311 -0.3060082 0.8828373 -8.10623e-5 0.8213639 0.5530028 -0.1398192 0.009388506 -0.4454256 0.7749497 0.448385 0.8912447 0 0 0 1 0.356311 -0.3060082 0.8828373 -8.10623e-5 0.8213639 0.5530028 -0.1398192 0.009387671 -0.4454256 0.7749497 0.448385 0.8880444 0 0 0 1 0.356311 -0.3060082 0.8828373 -8.10623e-5 0.8213639 0.5530028 -0.1398192 0.009386777 -0.4454256 0.7749497 0.448385 0.8844308 0 0 0 1 0.356311 -0.3060082 0.8828373 -8.10623e-5 0.8213639 0.5530028 -0.1398192 0.009385824 -0.4454256 0.7749497 0.448385 0.8804536 0 0 0 1 0.356311 -0.3060082 0.8828373 -8.10623e-5 0.8213639 0.5530028 -0.1398192 0.00938493 -0.4454256 0.7749497 0.448385 0.8761614 0 0 0 1 0.356311 -0.3060082 0.8828373 -8.10623e-5 0.8213639 0.5530028 -0.1398192 0.009383916 -0.4454256 0.7749497 0.448385 0.871605 0 0 0 1 0.356311 -0.3060082 0.8828373 -8.10623e-5 0.8213639 0.5530028 -0.1398192 0.009382963 -0.4454256 0.7749497 0.448385 0.8668342 0 0 0 1 0.356311 -0.3060082 0.8828373 -8.10623e-5 0.8213639 0.5530028 -0.1398192 0.009381949 -0.4454256 0.7749497 0.448385 0.8618938 0 0 0 1 0.356311 -0.3060082 0.8828373 -8.10623e-5 0.8213639 0.5530028 -0.1398192 0.009380936 -0.4454256 0.7749497 0.448385 0.8568326 0 0 0 1 0.356311 -0.3060082 0.8828373 -8.10623e-5 0.8213639 0.5530028 -0.1398192 0.009379923 -0.4454256 0.7749497 0.448385 0.8517009 0 0 0 1 0.356311 -0.3060082 0.8828373 -8.10623e-5 0.8213639 0.5530028 -0.1398192 0.00937891 -0.4454256 0.7749497 0.448385 0.8465453 0 0 0 1 0.356311 -0.3060082 0.8828373 -8.10623e-5 0.8213639 0.5530028 -0.1398192 0.009377896 -0.4454256 0.7749497 0.448385 0.841414 0 0 0 1 0.356311 -0.3060082 0.8828373 -8.10623e-5 0.8213639 0.5530028 -0.1398192 0.009376943 -0.4454256 0.7749497 0.448385 0.8363538 0 0 0 1 0.356311 -0.3060082 0.8828373 -8.10623e-5 0.8213639 0.5530028 -0.1398192 0.009375929 -0.4454256 0.7749497 0.448385 0.8314147 0 0 0 1 0.356311 -0.3060082 0.8828373 -8.10623e-5 0.8213639 0.5530028 -0.1398192 0.009374916 -0.4454256 0.7749497 0.448385 0.8266457 0 0 0 1 0.356311 -0.3060082 0.8828373 -8.10623e-5 0.8213639 0.5530028 -0.1398192 0.009373962 -0.4454256 0.7749497 0.448385 0.8220916 0 0 0 1 0.356311 -0.3060082 0.8828373 -8.10623e-5 0.8213639 0.5530028 -0.1398192 0.009373009 -0.4454256 0.7749497 0.448385 0.8178022 0 0 0 1 0.356311 -0.3060082 0.8828373 -8.10623e-5 0.8213639 0.5530028 -0.1398192 0.009372115 -0.4454256 0.7749497 0.448385 0.8138282 0 0 0 1 0.356311 -0.3060082 0.8828373 -8.10623e-5 0.8213639 0.5530028 -0.1398192 0.009371221 -0.4454256 0.7749497 0.448385 0.8102184 0 0 0 1 0.356311 -0.3060082 0.8828373 -8.10623e-5 0.8213639 0.5530028 -0.1398192 0.009370326 -0.4454256 0.7749497 0.448385 0.8070222 0 0 0 1 0.356311 -0.3060082 0.8828373 -8.10623e-5 0.8213639 0.5530028 -0.1398192 0.009369492 -0.4454256 0.7749497 0.448385 0.8042917 0 0 0 1 0.356311 -0.3060082 0.8828373 -8.10623e-5 0.8213639 0.5530028 -0.1398192 0.009368717 -0.4454256 0.7749497 0.448385 0.8020782 0 0 0 1 0.356311 -0.3060082 0.8828373 -8.10623e-5 0.8213639 0.5530028 -0.1398192 0.009367942 -0.4454256 0.7749497 0.448385 0.8004322 0 0 0 1 0.356311 -0.3060082 0.8828373 -8.10623e-5 0.8213639 0.5530028 -0.1398192 0.009367287 -0.4454256 0.7749497 0.448385 0.7994075 0 0 0 1 0.356311 -0.3060082 0.8828373 -8.10623e-5 0.8213639 0.5530028 -0.1398192 0.009366631 -0.4454256 0.7749497 0.448385 0.7990584 0 0 0 1</float_array>
        <technique_common>
          <accessor source="#node-Bip01_matrix-output-array" count="61" stride="16">
            <param name="TRANSFORM" type="float4x4"/>
          </accessor>
        </technique_common>
      </source>
      <source id="node-Bip01_matrix-interpolation">
        <Name_array id="node-Bip01_matrix-interpolation-array" count="61">LINEAR LINEAR LINEAR LINEAR LINEAR LINEAR LINEAR LINEAR LINEAR LINEAR LINEAR LINEAR LINEAR LINEAR LINEAR LINEAR LINEAR LINEAR LINEAR LINEAR LINEAR LINEAR LINEAR LINEAR LINEAR LINEAR LINEAR LINEAR LINEAR LINEAR LINEAR LINEAR LINEAR LINEAR LINEAR LINEAR LINEAR LINEAR LINEAR LINEAR LINEAR LINEAR LINEAR LINEAR LINEAR LINEAR LINEAR LINEAR LINEAR LINEAR LINEAR LINEAR LINEAR LINEAR LINEAR LINEAR LINEAR LINEAR LINEAR LINEAR LINEAR</Name_array>
        <technique_common>
          <accessor source="#node-Bip01_matrix-interpolation-array" count="61" stride="1">
            <param name="INTERPOLATION" type="name"/>
          </accessor>
        </technique_common>
      </source>
      <source id="node-Bip01_Pelvis_matrix-input">
        <float_array id="node-Bip01_Pelvis_matrix-input-array" count="61">58.66667 58.7 58.73333 58.76667 58.8 58.83333 58.86666 58.9 58.93333 58.96667 59 59.03333 59.06667 59.1 59.13334 59.16667 59.2 59.23333 59.26667 59.3 59.33333 59.36666 59.4 59.43333 59.46667 59.5 59.53333 59.56667 59.6 59.63334 59.66667 59.7 59.73333 59.76667 59.8 59.83333 59.86666 59.9 59.93333 59.96667 60 60.03333 60.06667 60.1 60.13334 60.16667 60.2 60.23333 60.26667 60.3 60.33333 60.36666 60.4 60.43333 60.46667 60.5 60.53333 60.56667 60.6 60.63334 60.66667</float_array>
        <technique_common>
          <accessor source="#node-Bip01_Pelvis_matrix-input-array" count="61" stride="1">
            <param name="TIME" type="float"/>
          </accessor>
        </technique_common>
      </source>
      <source id="node-Bip01_Pelvis_matrix-output">
