<?xml version="1.0" encoding="utf-8"?>
<COLLADA xmlns="http://www.collada.org/2005/11/COLLADASchema" version="1.4.1">
  <asset>
    <contributor>
      <author>MattO</author>
      <authoring_tool>OpenCOLLADA for 3ds Max;  Version: 1.3.0;  Revision: 839M;  Platform: x64;  Configuration: Release_Max2012</authoring_tool>
      <source_data>file:///C:/Dropbox/Prj/GGStout/Kraad/TP_Soldier_Kraad_Animation_Master.max</source_data>
    </contributor>
    <created>2011-10-25T11:10:26</created>
    <modified>2011-10-25T11:10:26</modified>
    <unit name="meter" meter="1"/>
    <up_axis>Z_UP</up_axis>
  </asset>
  <library_effects>
    <effect id="ShapeBounds">
      <profile_COMMON>
        <technique sid="common">
          <blinn>
            <emission>
              <color>0 0 0 1</color>
            </emission>
            <ambient>
              <color>0.1647059 1 0 1</color>
            </ambient>
            <diffuse>
              <color>0.1647059 1 0 1</color>
            </diffuse>
            <specular>
              <color>0.9 0.9 0.9 1</color>
            </specular>
            <shininess>
              <float>10</float>
            </shininess>
            <reflective>
              <color>0 0 0 1</color>
            </reflective>
            <transparent opaque="A_ONE">
              <color>1 1 1 1</color>
            </transparent>
            <transparency>
              <float>1</float>
            </transparency>
          </blinn>
        </technique>
      </profile_COMMON>
      <extra>
        <technique profile="OpenCOLLADA3dsMax">
          <extended_shader>
            <apply_reflection_dimming>0</apply_reflection_dimming>
            <dim_level>0</dim_level>
            <falloff_type>0</falloff_type>
            <index_of_refraction>1.5</index_of_refraction>
            <opacity_type>0</opacity_type>
            <reflection_level>3</reflection_level>
            <wire_size>1</wire_size>
            <wire_units>0</wire_units>
          </extended_shader>
          <shader>
            <ambient_diffuse_lock>1</ambient_diffuse_lock>
            <ambient_diffuse_texture_lock>1</ambient_diffuse_texture_lock>
            <diffuse_specular_lock>0</diffuse_specular_lock>
            <soften>0.1</soften>
            <use_self_illum_color>0</use_self_illum_color>
          </shader>
        </technique>
      </extra>
    </effect>
  </library_effects>
  <library_materials>
    <material id="ShapeBounds-material" name="ShapeBounds">
      <instance_effect url="#ShapeBounds"/>
    </material>
  </library_materials>
  <library_geometries>
    <geometry id="geom-Bounds" name="Bounds">
      <mesh>
        <source id="geom-Bounds-positions">
          <float_array id="geom-Bounds-positions-array" count="24">-0.425 -0.425 0 0.425 -0.425 0 -0.425 0.425 0 0.425 0.425 0 -0.425 -0.425 1.84 0.425 -0.425 1.84 -0.425 0.425 1.84 0.425 0.425 1.84</float_array>
          <technique_common>
            <accessor source="#geom-Bounds-positions-array" count="8" stride="3">
              <param name="X" type="float"/>
              <param name="Y" type="float"/>
              <param name="Z" type="float"/>
            </accessor>
          </technique_common>
        </source>
        <source id="geom-Bounds-normals">
          <float_array id="geom-Bounds-normals-array" count="72">0 0 -1 0 0 -1 0 0 -1 0 0 -1 0 0 1 0 0 1 0 0 1 0 0 1 0 -1 0 0 -1 0 0 -1 0 0 -1 0 1 0 0 1 0 0 1 0 0 1 0 0 0 1 0 0 1 0 0 1 0 0 1 0 -1 0 0 -1 0 0 -1 0 0 -1 0 0</float_array>
          <technique_common>
            <accessor source="#geom-Bounds-normals-array" count="24" stride="3">
              <param name="X" type="float"/>
              <param name="Y" type="float"/>
              <param name="Z" type="float"/>
            </accessor>
          </technique_common>
        </source>
        <source id="geom-Bounds-map1">
          <float_array id="geom-Bounds-map1-array" count="36">0 0 0 1 0 0 0 1 0 1 1 0 0 0 0 1 0 0 0 1 0 1 1 0 0 0 0 1 0 0 0 1 0 1 1 0</float_array>
          <technique_common>
            <accessor source="#geom-Bounds-map1-array" count="12" stride="3">
              <param name="S" type="float"/>
              <param name="T" type="float"/>
              <param name="P" type="float"/>
            </accessor>
          </technique_common>
        </source>
        <vertices id="geom-Bounds-vertices">
          <input semantic="POSITION" source="#geom-Bounds-positions"/>
        </vertices>
        <triangles material="ShapeBounds" count="12">
          <input semantic="VERTEX" source="#geom-Bounds-vertices" offset="0"/>
          <input semantic="NORMAL" source="#geom-Bounds-normals" offset="1"/>
          <input semantic="TEXCOORD" source="#geom-Bounds-map1" offset="2" set="0"/>
          <p>0 0 9 2 1 11 3 2 10 3 2 10 1 3 8 0 0 9 4 4 8 5 5 9 7 6 11 7 6 11 6 7 10 4 4 8 0 8 4 1 9 5 5 10 7 5 10 7 4 11 6 0 8 4 1 12 0 3 13 1 7 14 3 7 14 3 5 15 2 1 12 0 3 16 4 2 17 5 6 18 7 6 18 7 7 19 6 3 16 4 2 20 0 0 21 1 4 22 3 4 22 3 6 23 2 2 20 0</p>
        </triangles>
      </mesh>
      <extra>
        <technique profile="OpenCOLLADA3dsMax">
          <max_box>
            <generateuvs>1</generateuvs>
            <height>1.84</height>
            <heightsegments>1</heightsegments>
            <length>0.85</length>
            <lengthsegments>1</lengthsegments>
            <width>0.85</width>
            <widthsegments>1</widthsegments>
          </max_box>
        </technique>
      </extra>
    </geometry>
  </library_geometries>
  <library_lights>
    <light id="EnvironmentAmbientLight" name="EnvironmentAmbientLight">
      <technique_common>
        <ambient>
          <color>0 0 0</color>
        </ambient>
      </technique_common>
    </light>
  </library_lights>
  <library_visual_scenes>
    <visual_scene id="MaxScene">
      <node name="EnvironmentAmbientLight">
        <instance_light url="#EnvironmentAmbientLight"/>
      </node>
      <node id="node-Bip01" name="Bip01">
        <matrix>0.7792372 -0.6267179 0.003750079 -8.10623e-5 0.6267184 0.7792449 0.00118307 0.009366653 -0.003663681 0.001428351 0.9999923 0.7990584 0 0 0 1</matrix>
        <node id="node-Bip01_Pelvis" name="Bip01_Pelvis">
          <matrix>-0.009626739 0.991236 0.1317525 0 -0.1217414 -0.1319404 0.9837535 0 0.9925151 -0.006569402 0.1219446 0 0 0 0 1</matrix>
          <node id="node-Bip01_Spine" name="Bip01_Spine">
            <matrix>0.9142386 -0.1596023 -0.3724171 0.1975123 0.1756539 0.9844077 0.009333467 0.02499345 0.3651207 -0.0739495 0.9280184 0.02780975 0 0 0 1</matrix>
            <node id="node-Bip01_Spine1" name="Bip01_Spine1">
              <matrix sid="matrix">0.9850425 0.02363078 -0.1706849 0.1022275 -0.01319326 0.9979874 0.06202855 -1.00851e-4 0.1718071 -0.0588489 0.9833716 5.91576e-6 0 0 0 1</matrix>
              <node id="node-Bip01_Spine2" name="Bip01_Spine2">
                <matrix>0.9369742 -0.3477308 -0.03409582 0.1269257 0.3490359 0.9270917 0.1366549 -1.58794e-4 -0.01590919 -0.1399426 0.9900317 2.39909e-5 0 0 0 1</matrix>
                <node id="node-Bip01_Neck" name="Bip01_Neck">
                  <matrix sid="matrix">0.840708 -0.4308254 0.3280234 0.215107 0.4136219 0.9019012 0.124463 -4.96805e-5 -0.3494667 0.03104064 0.9364344 -1.66893e-6 0 0 0 1</matrix>
                  <node id="node-Bip01_Head" name="Bip01_Head">
                    <matrix sid="matrix">0.9475711 -0.06889553 -0.3120296 0.07051814 -0.2855059 0.2560087 -0.9235507 -0.01395917 0.1435108 0.9642162 0.2229163 -1.49012e-8 0 0 0 1</matrix>
                    <node id="node-ALTEYE" name="ALTEYE">
                      <matrix sid="matrix">0.4506332 0.3792481 0.8081471 0.06454694 0.0441276 0.8947047 -0.444474 0.2214611 -0.8916181 0.235956 0.3864482 0.04716253 0 0 0 1</matrix>
                    </node>
                  </node>
                  <node id="node-Bip01_L_Clavicle" name="Bip01_L_Clavicle">
                    <matrix sid="matrix">-0.5778344 -0.4531803 0.6787747 -0.04690331 0.283809 -0.8913432 -0.3534966 -0.01204765 0.7652188 -0.01162013 0.6436654 0.05588405 0 0 0 1</matrix>
                    <node id="node-Bip01_L_UpperArm" name="Bip01_L_UpperArm">
                      <matrix sid="matrix">0.8909777 0.4284352 0.1503385 0.1824007 -0.3034248 0.3155084 0.8991038 -2.98023e-8 0.3377747 -0.8466979 0.4111089 -5.96046e-8 0 0 0 1</matrix>
                      <node id="node-Bip01_L_Forearm" name="Bip01_L_Forearm">
                        <matrix sid="matrix">0.3454965 0.9384202 -1.49012e-8 0.2843689 -0.9384201 0.3454964 0 -1.19209e-7 1.49012e-8 -2.98023e-8 1 1.19209e-7 0 0 0 1</matrix>
                        <node id="node-Bip01_L_Hand" name="Bip01_L_Hand">
                          <matrix sid="matrix">0.9513593 0.241855 -0.1908451 0.2810682 0.1384708 -0.8890384 -0.4363905 1.19209e-7 -0.2752118 0.3887375 -0.8792848 -5.96046e-8 0 0 0 1</matrix>
                          <node id="node-Bip01_L_Finger0" name="Bip01_L_Finger0">
                            <matrix sid="matrix">0.6413841 0.3141903 0.6999363 0.02119666 0.7352948 0.008702941 -0.6776914 -0.004734397 -0.2190155 0.9493201 -0.2254408 -0.02572185 0 0 0 1</matrix>
                            <node id="node-Bip01_L_Finger01" name="Bip01_L_Finger01">
                              <matrix>0.9975643 -0.06975641 0 0.04982865 0.06975646 0.9975643 -8.3819e-9 -8.9407e-8 0 -7.45058e-9 1 -5.96046e-8 0 0 0 1</matrix>
                              <node id="node-Bip01_L_Finger02" name="Bip01_L_Finger02">
                                <matrix>0.9203137 0.3911815 2.98023e-8 0.05202222 -0.3911815 0.9203136 -7.45058e-9 -2.98023e-8 -2.98023e-8 0 1 -5.96046e-8 0 0 0 1</matrix>
                              </node>
                            </node>
                          </node>
                          <node id="node-Bip01_L_Finger1" name="Bip01_L_Finger1">
                            <matrix sid="matrix">0.9592717 -0.2819768 -0.016935 0.1199946 0.2798395 0.9567645 -0.07931919 -0.008367538 0.03856901 0.07134953 0.9967054 -0.0410139 0 0 0 1</matrix>
                            <node id="node-Bip01_L_Finger11" name="Bip01_L_Finger11">
                              <matrix sid="matrix">0.7001772 -0.7139691 7.45058e-9 0.0364418 0.7139692 0.7001773 1.49012e-8 1.78814e-7 -2.98023e-8 4.09782e-8 1 -5.96046e-8 0 0 0 1</matrix>
                              <node id="node-Bip01_L_Finger12" name="Bip01_L_Finger12">
                                <matrix sid="matrix">0.8757259 -0.4828088 1.49012e-8 0.03117526 0.4828088 0.8757259 0 2.98023e-8 0 -4.84288e-8 1 5.96046e-8 0 0 0 1</matrix>
                              </node>
                            </node>
                          </node>
                          <node id="node-Bip01_L_Finger2" name="Bip01_L_Finger2">
                            <matrix sid="matrix">0.6611331 -0.7495597 -0.03260921 0.1229539 0.7489769 0.656822 0.08728344 -0.008802176 -0.04400576 -0.08212953 0.9956496 -0.01328254 0 0 0 1</matrix>
                            <node id="node-Bip01_L_Finger21" name="Bip01_L_Finger21">
                              <matrix sid="matrix">0.8156036 -0.5786111 2.6077e-8 0.03895509 0.5786111 0.8156035 6.0536e-8 5.96046e-8 4.47035e-8 3.74857e-8 1 5.96046e-8 0 0 0 1</matrix>
                              <node id="node-Bip01_L_Finger22" name="Bip01_L_Finger22">
                                <matrix sid="matrix">0.976296 -0.2164396 -3.72529e-9 0.03800535 0.2164396 0.9762961 -4.72646e-8 0 -5.58794e-9 -6.51926e-9 1 0 0 0 0 1</matrix>
                              </node>
                            </node>
                          </node>
                          <node id="node-Bip01_L_Finger3" name="Bip01_L_Finger3">
                            <matrix sid="matrix">0.4124629 -0.906479 -0.09038854 0.1211882 0.9061532 0.3980611 0.1429456 -0.001191258 -0.09359705 -0.1408656 0.9855943 0.01196867 0 0 0 1</matrix>
                            <node id="node-Bip01_L_Finger31" name="Bip01_L_Finger31">
                              <matrix sid="matrix">0.9381479 -0.3462352 1.30385e-8 0.03155851 0.3462351 0.9381478 -5.4948e-8 1.19209e-7 -1.86265e-8 4.19095e-9 1 0 0 0 0 1</matrix>
                              <node id="node-Bip01_L_Finger32" name="Bip01_L_Finger32">
                                <matrix sid="matrix">0.9636306 -0.2672384 -5.58794e-9 0.03366601 0.2672384 0.9636305 -8.56817e-8 -5.96046e-8 2.04891e-8 1.07102e-7 1 0 0 0 0 1</matrix>
                              </node>
                            </node>
                          </node>
                          <node id="node-Bip01_L_Finger4" name="Bip01_L_Finger4">
                            <matrix sid="matrix">0.07120569 -0.9696807 0.2337718 0.1136796 0.9750154 0.1171045 0.1887628 0.005147576 -0.2104155 0.2144903 0.953792 0.03886575 0 0 0 1</matrix>
                            <node id="node-Bip01_L_Finger41" name="Bip01_L_Finger41">
                              <matrix sid="matrix">0.9790112 -0.2038069 0 0.03661609 0.2038068 0.9790111 -1.11759e-8 5.96046e-8 0 -1.11759e-8 1 -1.49012e-8 0 0 0 1</matrix>
                              <node id="node-Bip01_L_Finger42" name="Bip01_L_Finger42">
                                <matrix sid="matrix">0.9645151 0.2640274 1.49012e-8 0.01772618 -0.2640274 0.9645151 -5.96046e-8 -1.19209e-7 2.98023e-8 -6.75209e-8 1 0 0 0 0 1</matrix>
                              </node>
                            </node>
                          </node>
                        </node>
                      </node>
                    </node>
                  </node>
                  <node id="node-Bip01_R_Clavicle" name="Bip01_R_Clavicle">
                    <matrix sid="matrix">0.207393 -0.1669673 -0.9639035 8.67009e-4 0.5679266 -0.7817281 0.2576056 -0.01629043 -0.7965222 -0.600852 -0.06729974 -0.07212149 0 0 0 1</matrix>
                    <node id="node-Bip01_R_UpperArm" name="Bip01_R_UpperArm">
                      <matrix sid="matrix">0.3443666 0.9301512 -0.1273978 0.1824006 -0.8986173 0.3658575 0.2421474 -5.96046e-8 0.271843 0.03109435 0.9618391 1.19209e-7 0 0 0 1</matrix>
                      <node id="node-Bip01_R_Forearm" name="Bip01_R_Forearm">
                        <matrix sid="matrix">-0.07265088 0.9973572 -5.96046e-8 0.2843688 -0.9973574 -0.07265083 -2.23517e-8 0 -2.23517e-8 0 1 0 0 0 0 1</matrix>
                        <node id="node-Bip01_R_Hand" name="Bip01_R_Hand">
                          <matrix sid="matrix">0.92479 0.3771953 -0.04987315 0.2810681 0.2033494 -0.6007846 -0.7731151 1.19209e-7 -0.3215783 0.7048272 -0.632302 0 0 0 0 1</matrix>
                          <node id="node-Bip01_R_Finger0" name="Bip01_R_Finger0">
                            <matrix>0.5215105 0.269013 -0.8097275 0.02119678 0.7250717 0.3605265 0.5867638 -0.004734248 0.4497753 -0.893114 -0.007035486 0.02572203 0 0 0 1</matrix>
                            <node id="node-Bip01_R_Finger01" name="Bip01_R_Finger01">
                              <matrix>0.6423535 -0.7636235 0.06527573 0.04982847 0.7605615 0.6456372 0.06854744 0 -0.09448884 0.005614514 0.9955102 0 0 0 0 1</matrix>
                              <node id="node-Bip01_R_Finger02" name="Bip01_R_Finger02">
                                <matrix>0.9505157 -0.3106765 2.04891e-8 0.05202234 0.3106765 0.9505158 3.72529e-9 -1.19209e-7 2.23517e-8 -6.33299e-8 0.9999999 2.98023e-8 0 0 0 1</matrix>
                              </node>
                            </node>
                          </node>
                          <node id="node-Bip01_R_Finger1" name="Bip01_R_Finger1">
                            <matrix>0.9820224 -0.1733427 -0.07472672 0.1199946 0.1795577 0.9799358 0.08651493 -0.008367598 0.05823065 -0.09837732 0.9934441 0.04101384 0 0 0 1</matrix>
                            <node id="node-Bip01_R_Finger11" name="Bip01_R_Finger11">
                              <matrix>0.8240548 -0.5665103 3.72529e-9 0.03644168 0.5665103 0.8240548 0 0 9.31323e-9 2.23517e-8 1 0 0 0 0 1</matrix>
                              <node id="node-Bip01_R_Finger12" name="Bip01_R_Finger12">
                                <matrix>0.8146398 -0.579678 0.01831833 0.03117551 0.5799673 0.8142335 -0.02573049 0 0 0.0315851 0.9995011 1.19209e-7 0 0 0 1</matrix>
                              </node>
                            </node>
                          </node>
                          <node id="node-Bip01_R_Finger2" name="Bip01_R_Finger2">
                            <matrix>0.6754013 -0.7374503 -1.52119e-4 0.1229538 0.7368313 0.6748427 -0.04082685 -0.008802056 0.03021043 0.02746242 0.9991661 0.0132823 0 0 0 1</matrix>
                            <node id="node-Bip01_R_Finger21" name="Bip01_R_Finger21">
                              <matrix>0.5508358 -0.8338858 -0.03484871 0.03895518 0.832222 0.551937 -0.05265062 5.96046e-8 0.0631389 -1.25729e-8 0.9980047 1.19209e-7 0 0 0 1</matrix>
                              <node id="node-Bip01_R_Finger22" name="Bip01_R_Finger22">
                                <matrix>0.1984735 -0.9799246 0.01886613 0.03800544 0.9755274 0.199368 0.09272985 0 -0.09462958 -7.45058e-9 0.9955125 -2.38419e-7 0 0 0 1</matrix>
                              </node>
                            </node>
                          </node>
                          <node id="node-Bip01_R_Finger3" name="Bip01_R_Finger3">
                            <matrix>0.7159052 -0.6949216 0.06755453 0.1211881 0.6883787 0.6863562 -0.234627 -0.001191258 0.1166809 0.2144738 0.9697352 -0.01196849 0 0 0 1</matrix>
                            <node id="node-Bip01_R_Finger31" name="Bip01_R_Finger31">
                              <matrix>0.4441952 -0.8949344 0.04222353 0.03155845 0.8909185 0.4461976 0.08468729 -4.47035e-8 -0.09462959 -3.72529e-9 0.9955126 0 0 0 0 1</matrix>
                              <node id="node-Bip01_R_Finger32" name="Bip01_R_Finger32">
                                <matrix>0.1993681 -0.9794359 -0.03095102 0.03366598 0.9799248 0.1992686 0.006297078 2.98023e-8 -1.11759e-8 -0.03158513 0.9995011 0 0 0 0 1</matrix>
                              </node>
                            </node>
                          </node>
                          <node id="node-Bip01_R_Finger4" name="Bip01_R_Finger4">
                            <matrix>0.5925791 -0.789795 -0.1583476 0.1136796 0.7783521 0.6120423 -0.1399001 0.005147398 0.2074078 -0.04034829 0.9774221 -0.0388658 0 0 0 1</matrix>
                            <node id="node-Bip01_R_Finger41" name="Bip01_R_Finger41">
                              <matrix>0.4202556 -0.9064696 0.04120624 0.03661624 0.9068531 0.4211511 0.01578781 0 -0.03166523 0.03073303 0.9990261 0 0 0 0 1</matrix>
                              <node id="node-Bip01_R_Finger42" name="Bip01_R_Finger42">
                                <matrix>0.4024471 -0.9138247 -0.05441487 0.0177263 0.9154232 0.4021218 0.01728317 -2.98023e-8 0.006087586 -0.05676818 0.9983689 -1.19209e-7 0 0 0 1</matrix>
                              </node>
                            </node>
                          </node>
                          <node id="node-MOUNT0" name="MOUNT0">
                            <matrix>-6.32235e-7 1 3.25963e-9 0.109539 -0.9999999 -6.52797e-7 4.76837e-7 0.0251826 4.76837e-7 2.79397e-9 1 0.01321673 0 0 0 1</matrix>
                          </node>
                        </node>
                      </node>
                    </node>
                  </node>
                </node>
                <node id="node-Bip01_L_Pauldron_Upper" name="Bip01_L_Pauldron_Upper">
                  <matrix sid="matrix">0.9726267 0.1182923 0.2000106 0.1769029 0.1448455 -0.981683 -0.1237686 -0.03908369 0.1817061 0.1493513 -0.971945 0.2290199 0 0 0 1</matrix>
                </node>
                <node id="node-Bip01_R_Pauldron_Lower" name="Bip01_R_Pauldron_Lower">
                  <matrix sid="matrix">-0.1156724 -0.9403759 -0.3198653 0.1729059 0.909775 -0.2295502 0.3458563 -0.1133294 -0.3986599 -0.2509995 0.8820827 -0.2351094 0 0 0 1</matrix>
                </node>
                <node id="node-Bip01_L_Pauldron_Lower" name="Bip01_L_Pauldron_Lower">
                  <matrix sid="matrix">-0.2099967 -0.76872 0.6041284 0.1529202 0.4002343 -0.6313505 -0.6642357 -0.1054225 0.8920279 0.1023054 0.4402497 0.2344802 0 0 0 1</matrix>
                </node>
              </node>
            </node>
            <node id="node-Bip01_L_Thigh" name="Bip01_L_Thigh">
              <matrix>-0.4488795 0.8921273 -0.05115199 -0.1485698 0.5193909 0.307059 0.7974634 -4.51207e-4 0.7271454 0.331397 -0.6011952 0.1658256 0 0 0 1</matrix>
              <node id="node-Bip01_L_Calf" name="Bip01_L_Calf">
                <matrix>0.4034021 0.9150229 1.86265e-9 0.4629987 -0.9150227 0.4034022 7.45058e-9 -5.96046e-8 -3.35276e-8 1.49012e-8 1 7.45058e-9 0 0 0 1</matrix>
                <node id="node-Bip01_L_Foot" name="Bip01_L_Foot">
                  <matrix>0.9319378 -0.353634 -0.08022012 0.3610501 0.3615563 0.9231057 0.1309702 2.98023e-8 0.02773611 -0.1510601 0.9881355 -7.45058e-9 0 0 0 1</matrix>
                  <node id="node-Bip01_L_Toe0" name="Bip01_L_Toe0">
                    <matrix>2.35625e-7 -1 1.75182e-6 0.1486307 1 2.35857e-7 9.15476e-7 0.1543274 -9.14773e-7 1.75089e-6 1 7.45058e-9 0 0 0 1</matrix>
                  </node>
                </node>
              </node>
            </node>
            <node id="node-Bip01_R_Thigh" name="Bip01_R_Thigh">
              <matrix>-0.9150354 0.3601458 0.1816737 -0.2416654 0.4023435 0.8470566 0.3472966 0.01840352 -0.02881055 0.3908839 -0.919989 -0.07079415 0 0 0 1</matrix>
              <node id="node-Bip01_R_Calf" name="Bip01_R_Calf">
                <matrix>0.4439714 0.8960412 0 0.4629988 -0.896041 0.4439715 -3.72529e-9 -3.72529e-9 2.98023e-8 2.98023e-8 1 0 0 0 0 1</matrix>
                <node id="node-Bip01_R_Foot" name="Bip01_R_Foot">
                  <matrix sid="matrix">0.6470342 -0.7363964 0.1976542 0.3610502 0.7123588 0.676272 0.187619 0 -0.2718301 0.01940488 0.9621496 0 0 0 0 1</matrix>
                  <node id="node-Bip01_R_Toe0" name="Bip01_R_Toe0">
                    <matrix sid="matrix">-0.180581 -0.9786913 0.09774452 0.1486307 0.9833316 -0.1817881 -0.003513807 0.1543274 0.02120769 0.09548073 0.9952055 2.98023e-8 0 0 0 1</matrix>
                  </node>
                </node>
              </node>
            </node>
          </node>
          <node id="node-Bip01_FannyPack" name="Bip01_FannyPack">
            <matrix>-0.9629917 -0.2062316 0.1735378 0.2299506 -0.2083318 0.9780383 0.006227011 -0.1378937 -0.1710108 -0.0301569 -0.9848074 0.01013963 0 0 0 1</matrix>
          </node>
        </node>
        <node id="node-EYE" name="EYE">
          <matrix>0.7792374 0.6267183 -0.003663718 0.05939493 -0.6267179 0.7792448 0.001428381 0.07235023 0.003750126 0.001182891 0.999992 0.7713364 0 0 0 1</matrix>
          <node id="node-CAM" name="CAM">
            <matrix>1 -6.03104e-8 3.55271e-15 4.84288e-8 6.03104e-8 1 -2.32831e-9 -0.104 -3.55271e-15 2.32832e-9 1 0.3005601 0 0 0 1</matrix>
          </node>
        </node>
      </node>
      <node id="node-Bounds" name="Bounds">
        <matrix>0.9999915 0.001706907 0.003750479 0 -0.001711356 0.9999978 0.001183292 0.1035326 -0.003748452 -0.0011897 0.9999923 -8.93474e-5 0 0 0 1</matrix>
        <instance_geometry url="#geom-Bounds">
          <bind_material>
            <technique_common>
              <instance_material symbol="ShapeBounds" target="#ShapeBounds-material"/>
            </technique_common>
          </bind_material>
        </instance_geometry>
      </node>
    </visual_scene>
  </library_visual_scenes>
  <library_animations>
    <animation>
      <source id="node-Bip01_Spine1_matrix-input">
        <float_array id="node-Bip01_Spine1_matrix-input-array" count="91">62.66667 62.7 62.73333 62.76667 62.8 62.83333 62.86666 62.9 62.93333 62.96667 63 63.03333 63.06667 63.1 63.13334 63.16667 63.2 63.23333 63.26667 63.3 63.33333 63.36666 63.4 63.43333 63.46667 63.5 63.53333 63.56667 63.6 63.63334 63.66667 63.7 63.73333 63.76667 63.8 63.83333 63.86666 63.9 63.93333 63.96667 64 64.03333 64.06667 64.1 64.13333 64.16666 64.2 64.23333 64.26667 64.3 64.33334 64.36667 64.4 64.43333 64.46667 64.5 64.53333 64.56667 64.6 64.63333 64.66666 64.7 64.73333 64.76667 64.8 64.83334 64.86667 64.9 64.93333 64.96667 65 65.03333 65.06667 65.1 65.13333 65.16666 65.2 65.23333 65.26667 65.3 65.33334 65.36667 65.4 65.43333 65.46667 65.5 65.53333 65.56667 65.6 65.63333 65.66666</float_array>
        <technique_common>
          <accessor source="#node-Bip01_Spine1_matrix-input-array" count="91" stride="1">
            <param name="TIME" type="float"/>
          </accessor>
        </technique_common>
      </source>
      <source id="node-Bip01_Spine1_matrix-output">
        <float_array id="node-Bip01_Spine1_matrix-output-array" count="1456">0.9850425 0.02363073 -0.1706848 0.1022275 -0.01319324 0.9979874 0.06202852 -1.00851e-4 0.1718071 -0.05884885 0.9833716 5.91576e-6 0 0 0 1 0.9850454 0.0239287 -0.1706271 0.1022273 -0.01406377 0.9981713 0.05879169 -1.00851e-4 0.1717218 -0.05551278 0.9835802 5.58794e-6 0 0 0 1 0.9850492 0.02444797 -0.1705311 0.1022273 -0.01557642 0.9984643 0.05316859 -1.00881e-4 0.171569 -0.04971736 0.9839169 5.00679e-6 0 0 0 1 0.9850519 0.02505058 -0.1704273 0.1022272 -0.01732587 0.9987605 0.0466628 -1.00926e-4 0.171385 -0.04301249 0.9842649 4.33624e-6 0 0 0 1 0.9850531 0.0257005 -0.1703242 0.1022273 -0.01920717 0.9990287 0.03966253 -1.0097e-4 0.1711781 -0.03579825 0.9845897 3.59118e-6 0 0 0 1 0.985052 0.0263819 -0.1702263 0.1022271 -0.02117371 0.9992528 0.03233933 -1.0097e-4 0.1709522 -0.02825164 0.9848743 2.84612e-6 0 0 0 1 0.9850485 0.02708595 -0.1701356 0.1022271 -0.02319991 0.9994236 0.02478778 -1.01e-4 0.1707089 -0.02047008 0.985109 2.02656e-6 0 0 0 1 0.9850425 0.02780711 -0.170054 0.1022269 -0.02526986 0.9995351 0.01706671 -1.01e-4 0.1704495 -0.01251423 0.985287 1.2666e-6 0 0 0 1 0.9850338 0.02854174 -0.1699824 0.1022269 -0.02737283 0.999583 0.009216427 -1.00985e-4 0.1701746 -0.004425585 0.985404 4.47035e-7 0 0 0 1 0.9850225 0.02928709 -0.1699218 0.1022266 -0.02950108 0.9995641 0.001266062 -1.0097e-4 0.1698848 0.003765702 0.9854568 -3.57628e-7 0 0 0 1 0.9850082 0.03004115 -0.1698728 0.1022267 -0.03164863 0.9994764 -0.006762146 -1.01015e-4 0.1695806 0.01203697 0.9854429 -1.2517e-6 0 0 0 1 0.9849911 0.03080236 -0.1698356 0.1022267 -0.03381097 0.9993181 -0.01485031 -1.00985e-4 0.1692625 0.0203697 0.9853606 -2.10106e-6 0 0 0 1 0.9849709 0.03156954 -0.1698112 0.1022265 -0.03598445 0.9990881 -0.02298367 -1.0094e-4 0.1689307 0.02874881 0.9852086 -2.89083e-6 0 0 0 1 0.984948 0.03234159 -0.1697994 0.1022264 -0.03816598 0.998786 -0.0311495 -1.00911e-4 0.1685857 0.03716123 0.9849863 -3.74019e-6 0 0 0 1 0.9849219 0.03311771 -0.1698005 0.1022264 -0.04035288 0.9984109 -0.0393365 -1.00881e-4 0.168228 0.04559528 0.9846932 -4.61936e-6 0 0 0 1 0.9848929 0.0338971 -0.169815 0.1022264 -0.04254275 0.9979633 -0.04753398 -1.00836e-4 0.1678578 0.05404031 0.9843289 -5.46873e-6 0 0 0 1 0.984861 0.03467929 -0.1698427 0.1022261 -0.04473358 0.9974431 -0.05573219 -1.00762e-4 0.1674757 0.06248611 0.983894 -6.28829e-6 0 0 0 1 0.9848259 0.0354638 -0.1698839 0.1022261 -0.04692333 0.9968514 -0.06392121 -1.00732e-4 0.1670821 0.07092279 0.9833889 -7.16746e-6 0 0 0 1 0.9847878 0.03625017 -0.1699388 0.1022259 -0.04911017 0.9961884 -0.07209128 -1.00642e-4 0.1666777 0.07934027 0.9828143 -7.98702e-6 0 0 0 1 0.9847468 0.03703814 -0.1700071 0.102226 -0.05129218 0.9954558 -0.08023154 -1.00568e-4 0.1662629 0.08772778 0.9821712 -8.85129e-6 0 0 0 1 0.9847025 0.03782743 -0.1700891 0.102226 -0.05346727 0.9946552 -0.08833104 -1.00523e-4 0.1658387 0.09607392 0.981462 -9.73046e-6 0 0 0 1 0.9846553 0.03861802 -0.1701846 0.1022258 -0.05563366 0.993789 -0.09637677 -1.00404e-4 0.1654057 0.1043658 0.9806879 -1.05351e-5 0 0 0 1 0.984605 0.03940975 -0.1702937 0.1022258 -0.05778884 0.9928599 -0.104354 -1.00315e-4 0.1649652 0.1125886 0.9798521 -1.13696e-5 0 0 0 1 0.9845519 0.04020285 -0.1704161 0.1022257 -0.0599302 0.9918718 -0.1122449 -1.0021e-4 0.1645182 0.120724 0.9789585 -1.21891e-5 0 0 0 1 0.9844956 0.04099762 -0.1705516 0.1022258 -0.06205463 0.9908294 -0.1200272 -1.00136e-4 0.1640667 0.1287497 0.9780111 -1.30236e-5 0 0 0 1 0.9844363 0.04179453 -0.1707001 0.1022256 -0.06415778 0.9897394 -0.1276716 -1.00002e-4 0.1636126 0.1366363 0.9770166 -1.37985e-5 0 0 0 1 0.9843741 0.04259449 -0.1708611 0.1022256 -0.06623411 0.9886106 -0.1351378 -9.98825e-5 0.163159 0.144343 0.9759839 -1.45733e-5 0 0 0 1 0.9843088 0.04339903 -0.171034 0.1022253 -0.06827551 0.9874566 -0.1423667 -9.97484e-5 0.1627101 0.1518102 0.9749253 -1.53035e-5 0 0 0 1 0.984241 0.04421073 -0.1712179 0.1022252 -0.07026892 0.9862977 -0.1492634 -9.96441e-5 0.1622728 0.1589424 0.9738609 -1.60486e-5 0 0 0 1 0.98417 0.04503452 -0.171411 0.1022251 -0.07219052 0.9851702 -0.1556554 -9.95398e-5 0.1618592 0.1655656 0.9728256 -1.67191e-5 0 0 0 1 0.9840962 0.04588139 -0.1716095 0.1022251 -0.07398623 0.9841525 -0.1611523 -9.94503e-5 0.1614961 0.1712862 0.9718952 -1.73151e-5 0 0 0 1 0.9840201 0.04679363 -0.1717996 0.102225 -0.07544505 0.983531 -0.1642404 -9.93609e-5 0.1612847 0.1745772 0.9713445 -1.76132e-5 0 0 0 1 0.9839516 0.04768145 -0.1719477 0.1022248 -0.07633334 0.9834884 -0.1640852 -9.93609e-5 0.1612847 0.1745773 0.9713445 -1.76281e-5 0 0 0 1 0.9838969 0.0483815 -0.1720645 0.102225 -0.07703363 0.9834541 -0.1639629 -9.93907e-5 0.1612848 0.1745773 0.9713445 -1.76728e-5 0 0 0 1 0.9838533 0.04893684 -0.1721571 0.1022248 -0.07758927 0.9834267 -0.1638656 -9.93758e-5 0.1612847 0.1745772 0.9713445 -1.7643e-5 0 0 0 1 0.9838186 0.04937654 -0.1722303 0.1022248 -0.07802915 0.9834047 -0.1637887 -9.93907e-5 0.1612846 0.1745773 0.9713445 -1.76579e-5 0 0 0 1 0.9837911 0.04972141 -0.1722877 0.1022247 -0.07837414 0.9833874 -0.1637282 -9.93609e-5 0.1612847 0.1745774 0.9713445 -1.76281e-5 0 0 0 1 0.98377 0.04998677 -0.1723319 0.1022246 -0.07863968 0.983374 -0.1636816 -9.9346e-5 0.1612847 0.1745772 0.9713445 -1.75983e-5 0 0 0 1 0.9837542 0.05018466 -0.1723648 0.1022247 -0.07883757 0.9833638 -0.163647 -9.93609e-5 0.1612848 0.1745773 0.9713445 -1.7643e-5 0 0 0 1 0.983743 0.05032426 -0.172388 0.1022247 -0.07897722 0.9833567 -0.1636225 -9.93609e-5 0.1612847 0.1745772 0.9713445 -1.7643e-5 0 0 0 1 0.9837358 0.05041325 -0.1724029 0.1022246 -0.07906627 0.9833522 -0.163607 -9.9346e-5 0.1612848 0.1745772 0.9713445 -1.76281e-5 0 0 0 1 0.9837322 0.05045789 -0.1724103 0.1022246 -0.07911092 0.9833499 -0.1635991 -9.93609e-5 0.1612847 0.1745771 0.9713444 -1.76281e-5 0 0 0 1 0.9837318 0.05046343 -0.1724112 0.1022246 -0.07911652 0.9833495 -0.1635981 -9.9346e-5 0.1612847 0.1745772 0.9713445 -1.76132e-5 0 0 0 1 0.9837341 0.05043447 -0.1724064 0.1022246 -0.07908743 0.9833511 -0.1636032 -9.9346e-5 0.1612848 0.1745772 0.9713445 -1.76281e-5 0 0 0 1 0.9837389 0.05037474 -0.1723964 0.1022246 -0.07902771 0.9833542 -0.1636136 -9.9346e-5 0.1612847 0.1745772 0.9713445 -1.76132e-5 0 0 0 1 0.9837458 0.05028766 -0.1723819 0.1022247 -0.07894068 0.9833586 -0.1636289 -9.93609e-5 0.1612847 0.1745772 0.9713445 -1.7643e-5 0 0 0 1 0.9837549 0.0501765 -0.1723635 0.1022247 -0.07882934 0.9833643 -0.1636485 -9.93609e-5 0.1612847 0.1745772 0.9713445 -1.76579e-5 0 0 0 1 0.9837654 0.0500437 -0.1723414 0.1022246 -0.07869654 0.9833711 -0.1636717 -9.9346e-5 0.1612848 0.1745772 0.9713445 -1.76132e-5 0 0 0 1 0.9837775 0.049892 -0.1723161 0.1022247 -0.07854473 0.9833788 -0.1636983 -9.93609e-5 0.1612847 0.1745773 0.9713445 -1.7643e-5 0 0 0 1 0.983791 0.04972356 -0.1722881 0.1022248 -0.07837635 0.9833872 -0.1637278 -9.93609e-5 0.1612847 0.1745772 0.9713445 -1.76281e-5 0 0 0 1 0.9838056 0.04954081 -0.1722577 0.1022248 -0.07819348 0.9833965 -0.1637598 -9.93907e-5 0.1612847 0.1745772 0.9713445 -1.76579e-5 0 0 0 1 0.983821 0.04934585 -0.1722251 0.1022248 -0.07799839 0.9834064 -0.163794 -9.93609e-5 0.1612848 0.1745772 0.9713445 -1.76281e-5 0 0 0 1 0.9838373 0.04914057 -0.1721909 0.1022248 -0.07779306 0.9834165 -0.1638299 -9.93609e-5 0.1612848 0.1745772 0.9713445 -1.76281e-5 0 0 0 1 0.9838541 0.04892724 -0.1721554 0.1022248 -0.07757967 0.9834271 -0.1638672 -9.93758e-5 0.1612848 0.1745773 0.9713445 -1.7643e-5 0 0 0 1 0.9838714 0.04870796 -0.1721189 0.1022248 -0.07736027 0.9834382 -0.1639057 -9.93758e-5 0.1612848 0.1745772 0.9713445 -1.7643e-5 0 0 0 1 0.9838889 0.04848486 -0.1720817 0.1022248 -0.07713705 0.9834492 -0.1639447 -9.93609e-5 0.1612847 0.1745772 0.9713446 -1.76281e-5 0 0 0 1 0.9839065 0.04826027 -0.1720443 0.102225 -0.07691234 0.9834601 -0.163984 -9.93758e-5 0.1612848 0.1745773 0.9713445 -1.76579e-5 0 0 0 1 0.983924 0.04803681 -0.172007 0.1022248 -0.07668882 0.983471 -0.1640231 -9.93609e-5 0.1612847 0.1745773 0.9713445 -1.76281e-5 0 0 0 1 0.9839411 0.04781734 -0.1719704 0.1022248 -0.07646918 0.9834818 -0.1640614 -9.93609e-5 0.1612848 0.1745772 0.9713446 -1.76132e-5 0 0 0 1 0.9839574 0.04760503 -0.171935 0.1022248 -0.07625681 0.9834921 -0.1640985 -9.93609e-5 0.1612847 0.1745772 0.9713445 -1.76132e-5 0 0 0 1 0.9839731 0.04740399 -0.1719014 0.1022248 -0.0760557 0.9835019 -0.1641337 -9.93609e-5 0.1612848 0.1745772 0.9713445 -1.76132e-5 0 0 0 1 0.9839874 0.04721885 -0.1718705 0.1022248 -0.07587039 0.9835107 -0.1641661 -9.93609e-5 0.1612847 0.1745772 0.9713445 -1.75983e-5 0 0 0 1 0.9839999 0.0470556 -0.1718432 0.1022248 -0.07570707 0.9835186 -0.1641947 -9.9346e-5 0.1612848 0.1745774 0.9713446 -1.75983e-5 0 0 0 1 0.9840103 0.04692208 -0.1718209 0.102225 -0.07557356 0.9835248 -0.1642178 -9.93609e-5 0.1612847 0.1745772 0.9713445 -1.76132e-5 0 0 0 1 0.9840174 0.04682952 -0.1718055 0.102225 -0.07548087 0.9835293 -0.1642341 -9.93609e-5 0.1612848 0.1745773 0.9713445 -1.76281e-5 0 0 0 1 0.9840201 0.04679363 -0.1717996 0.102225 -0.07544505 0.983531 -0.1642404 -9.93609e-5 0.1612847 0.1745772 0.9713445 -1.76132e-5 0 0 0 1 0.9840745 0.04624044 -0.1716375 0.102225 -0.0739082 0.9845902 -0.1584928 -9.94653e-5 0.1616638 0.1686542 0.9723275 -1.70022e-5 0 0 0 1 0.9842018 0.04487395 -0.1712697 0.1022253 -0.07013159 0.9870308 -0.1444019 -9.97186e-5 0.1625686 0.154132 0.9745846 -1.55717e-5 0 0 0 1 0.9843627 0.04297143 -0.1708323 0.1022254 -0.0649144 0.9900292 -0.1250135 -1.00046e-4 0.163757 0.1341481 0.9773372 -1.3575e-5 0 0 0 1 0.9845308 0.04070258 -0.170419 0.1022256 -0.05874526 0.9930275 -0.1022053 -1.00315e-4 0.1650707 0.1106356 0.9800569 -1.1161e-5 0 0 0 1 0.9846878 0.03819185 -0.170093 0.1022258 -0.05197232 0.9956512 -0.07731491 -1.00583e-4 0.1664004 0.08497112 0.9823904 -8.55327e-6 0 0 0 1 0.9848216 0.03554517 -0.1698921 0.1022261 -0.04487925 0.9976683 -0.05141961 -1.00791e-4 0.1676682 0.05826371 0.9841204 -5.88596e-6 0 0 0 1 0.9849251 0.03286361 -0.1698325 0.1022264 -0.03772759 0.9989629 -0.02549153 -1.0094e-4 0.1688186 0.03151458 0.9851433 -3.17395e-6 0 0 0 1 0.9849953 0.03025358 -0.1699095 0.1022267 -0.03078746 0.9995259 -5.07489e-4 -1.01e-4 0.1698136 0.005730867 0.9854597 -6.10948e-7 0 0 0 1 0.9850342 0.02783668 -0.1700969 0.102227 -0.02436906 0.9994513 0.02244019 -1.0097e-4 0.1706283 -0.01795929 0.9851718 1.80304e-6 0 0 0 1 0.9850478 0.02576506 -0.1703452 0.1022272 -0.01886743 0.9989402 0.04198801 -1.0094e-4 0.1712464 -0.03814619 0.9844895 3.8296e-6 0 0 0 1 0.985046 0.02425056 -0.1705775 0.1022272 -0.01484191 0.9983083 0.05621832 -1.00851e-4 0.1716521 -0.05284595 0.9837393 5.33462e-6 0 0 0 1 0.9850425 0.02363073 -0.1706848 0.1022275 -0.01319324 0.9979874 0.06202852 -1.00851e-4 0.1718071 -0.05884885 0.9833716 5.91576e-6 0 0 0 1 0.9850425 0.02363073 -0.1706848 0.1022275 -0.01319324 0.9979874 0.06202852 -1.00851e-4 0.1718071 -0.05884885 0.9833716 5.91576e-6 0 0 0 1 0.9850425 0.02363073 -0.1706848 0.1022275 -0.01319324 0.9979874 0.06202852 -1.00851e-4 0.1718071 -0.05884885 0.9833716 5.91576e-6 0 0 0 1 0.9850425 0.02363073 -0.1706848 0.1022275 -0.01319324 0.9979874 0.06202852 -1.00851e-4 0.1718071 -0.05884885 0.9833716 5.91576e-6 0 0 0 1 0.9850425 0.02363073 -0.1706848 0.1022275 -0.01319324 0.9979874 0.06202852 -1.00851e-4 0.1718071 -0.05884885 0.9833716 5.91576e-6 0 0 0 1 0.9850425 0.02363073 -0.1706848 0.1022275 -0.01319324 0.9979874 0.06202852 -1.00851e-4 0.1718071 -0.05884885 0.9833716 5.91576e-6 0 0 0 1 0.9850425 0.02363073 -0.1706848 0.1022275 -0.01319324 0.9979874 0.06202852 -1.00851e-4 0.1718071 -0.05884885 0.9833716 5.91576e-6 0 0 0 1 0.9850425 0.02363073 -0.1706848 0.1022275 -0.01319324 0.9979874 0.06202852 -1.00851e-4 0.1718071 -0.05884885 0.9833716 5.91576e-6 0 0 0 1 0.9850425 0.02363073 -0.1706848 0.1022275 -0.01319324 0.9979874 0.06202852 -1.00851e-4 0.1718071 -0.05884885 0.9833716 5.91576e-6 0 0 0 1 0.9850425 0.02363073 -0.1706848 0.1022275 -0.01319324 0.9979874 0.06202852 -1.00851e-4 0.1718071 -0.05884885 0.9833716 5.91576e-6 0 0 0 1 0.9850425 0.02363073 -0.1706848 0.1022275 -0.01319324 0.9979874 0.06202852 -1.00851e-4 0.1718071 -0.05884885 0.9833716 5.91576e-6 0 0 0 1 0.9850425 0.02363073 -0.1706848 0.1022275 -0.01319324 0.9979874 0.06202852 -1.00851e-4 0.1718071 -0.05884885 0.9833716 5.91576e-6 0 0 0 1 0.9850425 0.02363073 -0.1706848 0.1022275 -0.01319324 0.9979874 0.06202852 -1.00851e-4 0.1718071 -0.05884885 0.9833716 5.91576e-6 0 0 0 1 0.9850425 0.02363073 -0.1706848 0.1022275 -0.01319324 0.9979874 0.06202852 -1.00851e-4 0.1718071 -0.05884885 0.9833716 5.91576e-6 0 0 0 1</float_array>
        <technique_common>
          <accessor source="#node-Bip01_Spine1_matrix-output-array" count="91" stride="16">
            <param name="TRANSFORM" type="float4x4"/>
          </accessor>
        </technique_common>
      </source>
      <source id="node-Bip01_Spine1_matrix-interpolation">
        <Name_array id="node-Bip01_Spine1_matrix-interpolation-array" count="91">LINEAR LINEAR LINEAR LINEAR LINEAR LINEAR LINEAR LINEAR LINEAR LINEAR LINEAR LINEAR LINEAR LINEAR LINEAR LINEAR LINEAR LINEAR LINEAR LINEAR LINEAR LINEAR LINEAR LINEAR LINEAR LINEAR LINEAR LINEAR LINEAR LINEAR LINEAR LINEAR LINEAR LINEAR LINEAR LINEAR LINEAR LINEAR LINEAR LINEAR LINEAR LINEAR LINEAR LINEAR LINEAR LINEAR LINEAR LINEAR LINEAR LINEAR LINEAR LINEAR LINEAR LINEAR LINEAR LINEAR LINEAR LINEAR LINEAR LINEAR LINEAR LINEAR LINEAR LINEAR LINEAR LINEAR LINEAR LINEAR LINEAR LINEAR LINEAR LINEAR LINEAR LINEAR LINEAR LINEAR LINEAR LINEAR LINEAR LINEAR LINEAR LINEAR LINEAR LINEAR LINEAR LINEAR LINEAR LINEAR LINEAR LINEAR LINEAR</Name_array>
        <technique_common>
          <accessor source="#node-Bip01_Spine1_matrix-interpolation-array" count="91" stride="1">
            <param name="INTERPOLATION" type="name"/>
          </accessor>
        </technique_common>
      </source>
      <source id="node-Bip01_Neck_matrix-input">
        <float_array id="node-Bip01_Neck_matrix-input-array" count="91">62.66667 62.7 62.73333 62.76667 62.8 62.83333 62.86666 62.9 62.93333 62.96667 63 63.03333 63.06667 63.1 63.13334 63.16667 63.2 63.23333 63.26667 63.3 63.33333 63.36666 63.4 63.43333 63.46667 63.5 63.53333 63.56667 63.6 63.63334 63.66667 63.7 63.73333 63.76667 63.8 63.83333 63.86666 63.9 63.93333 63.96667 64 64.03333 64.06667 64.1 64.13333 64.16666 64.2 64.23333 64.26667 64.3 64.33334 64.36667 64.4 64.43333 64.46667 64.5 64.53333 64.56667 64.6 64.63333 64.66666 64.7 64.73333 64.76667 64.8 64.83334 64.86667 64.9 64.93333 64.96667 65 65.03333 65.06667 65.1 65.13333 65.16666 65.2 65.23333 65.26667 65.3 65.33334 65.36667 65.4 65.43333 65.46667 65.5 65.53333 65.56667 65.6 65.63333 65.66666</float_array>
        <technique_common>
          <accessor source="#node-Bip01_Neck_matrix-input-array" count="91" stride="1">
            <param name="TIME" type="float"/>
          </accessor>
        </technique_common>
      </source>
      <source id="node-Bip01_Neck_matrix-output">
